-0.6296316385269165 -0.540635883808136 -0.4813940227031708 -0.30899786949157715 -0.3077261447906494 -0.3013837933540344 -0.2997679114341736 -0.2991556227207184 -0.2972439229488373 -0.28523412346839905 -0.28055116534233093 -0.26465466618537903 -0.2426358461380005 -0.2353917360305786 -0.22692687809467316 -0.22202779352664948 -0.22136190533638 -0.1883522868156433 -0.18440662324428558 -0.16848623752593994 -0.16529521346092224 -0.16494475305080414 -0.15131965279579163 -0.15005972981452942 -0.13264356553554535 -0.13072046637535095 -0.10504858195781708 -0.10362999886274338 -0.07414674013853073 -0.06844377517700195 -0.006719053722918034 -0.005291888490319252 -0.0048660533502697945 -0.003860123222693801 -0.003271251218393445 -0.0024812661577016115 -0.0021935561671853065 -0.002002311171963811 -0.0015697585185989738 -0.0015142576303333044 -0.00032089839805848897
-0.6296316385269165 -0.540635883808136 -0.4813940227031708 -0.30899786949157715 -0.3077261447906494 -0.3013837933540344 -0.2997679114341736 -0.2991556227207184 -0.2972439229488373 -0.28523412346839905 -0.28055116534233093 -0.26465466618537903 -0.2426358461380005 -0.2353917360305786 -0.22692687809467316 -0.22202779352664948 -0.22136190533638 -0.1883522868156433 -0.18440662324428558 -0.16848623752593994 -0.16529521346092224 -0.16494475305080414 -0.15131965279579163 -0.15005972981452942 -0.13264356553554535 -0.13072046637535095 -0.10504858195781708 -0.10362999886274338 -0.07414674013853073 -0.06844377517700195 -0.006719053722918034 -0.005291888490319252 -0.0048660533502697945 -0.003860123222693801 -0.003271251218393445 -0.0024812661577016115 -0.0021935561671853065 -0.002002311171963811 -0.0015697585185989738 -0.0015142576303333044 -0.00032089839805848897
-0.6296316385269165 -0.540635883808136 -0.4813940227031708 -0.30899786949157715 -0.3077261447906494 -0.3013837933540344 -0.2997679114341736 -0.2991556227207184 -0.2972439229488373 -0.28523412346839905 -0.28055116534233093 -0.26465466618537903 -0.2426358461380005 -0.2353917360305786 -0.22692687809467316 -0.22202779352664948 -0.22136190533638 -0.1883522868156433 -0.18440662324428558 -0.16848623752593994 -0.16529521346092224 -0.16494475305080414 -0.15131965279579163 -0.15005972981452942 -0.13264356553554535 -0.13072046637535095 -0.10504858195781708 -0.10362999886274338 -0.07414674013853073 -0.06844377517700195 -0.006719053722918034 -0.005291888490319252 -0.0048660533502697945 -0.003860123222693801 -0.003271251218393445 -0.0024812661577016115 -0.0021935561671853065 -0.002002311171963811 -0.0015697585185989738 -0.0015142576303333044 -0.00032089839805848897
-0.6296316385269165 -0.540635883808136 -0.4813940227031708 -0.30899786949157715 -0.3077261447906494 -0.3013837933540344 -0.2997679114341736 -0.2991556227207184 -0.2972439229488373 -0.28523412346839905 -0.28055116534233093 -0.26465466618537903 -0.2426358461380005 -0.2353917360305786 -0.22692687809467316 -0.22202779352664948 -0.22136190533638 -0.1883522868156433 -0.18440662324428558 -0.16848623752593994 -0.16529521346092224 -0.16494475305080414 -0.15131965279579163 -0.15005972981452942 -0.13264356553554535 -0.13072046637535095 -0.10504858195781708 -0.10362999886274338 -0.07414674013853073 -0.06844377517700195 -0.006719053722918034 -0.005291888490319252 -0.0048660533502697945 -0.003860123222693801 -0.003271251218393445 -0.0024812661577016115 -0.0021935561671853065 -0.002002311171963811 -0.0015697585185989738 -0.0015142576303333044 -0.00032089839805848897
-0.6296316385269165 -0.540635883808136 -0.4813940227031708 -0.30899786949157715 -0.3077261447906494 -0.3013837933540344 -0.2997679114341736 -0.2991556227207184 -0.2972439229488373 -0.28523412346839905 -0.28055116534233093 -0.26465466618537903 -0.2426358461380005 -0.2353917360305786 -0.22692687809467316 -0.22202779352664948 -0.22136190533638 -0.1883522868156433 -0.18440662324428558 -0.16848623752593994 -0.16529521346092224 -0.16494475305080414 -0.15131965279579163 -0.15005972981452942 -0.13264356553554535 -0.13072046637535095 -0.10504858195781708 -0.10362999886274338 -0.07414674013853073 -0.06844377517700195 -0.006719053722918034 -0.005291888490319252 -0.0048660533502697945 -0.003860123222693801 -0.003271251218393445 -0.0024812661577016115 -0.0021935561671853065 -0.002002311171963811 -0.0015697585185989738 -0.0015142576303333044 -0.00032089839805848897
-0.6296316385269165 -0.540635883808136 -0.4813940227031708 -0.30899786949157715 -0.3077261447906494 -0.3013837933540344 -0.2997679114341736 -0.2991556227207184 -0.2972439229488373 -0.28523412346839905 -0.28055116534233093 -0.26465466618537903 -0.2426358461380005 -0.2353917360305786 -0.22692687809467316 -0.22202779352664948 -0.22136190533638 -0.1883522868156433 -0.18440662324428558 -0.16848623752593994 -0.16529521346092224 -0.16494475305080414 -0.15131965279579163 -0.15005972981452942 -0.13264356553554535 -0.13072046637535095 -0.10504858195781708 -0.10362999886274338 -0.07414674013853073 -0.06844377517700195 -0.006719053722918034 -0.005291888490319252 -0.0048660533502697945 -0.003860123222693801 -0.003271251218393445 -0.0024812661577016115 -0.0021935561671853065 -0.002002311171963811 -0.0015697585185989738 -0.0015142576303333044 -0.00032089839805848897
-0.6296316385269165 -0.540635883808136 -0.4813940227031708 -0.30899786949157715 -0.3077261447906494 -0.3013837933540344 -0.2997679114341736 -0.2991556227207184 -0.2972439229488373 -0.28523412346839905 -0.28055116534233093 -0.26465466618537903 -0.2426358461380005 -0.2353917360305786 -0.22692687809467316 -0.22202779352664948 -0.22136190533638 -0.1883522868156433 -0.18440662324428558 -0.16848623752593994 -0.16529521346092224 -0.16494475305080414 -0.15131965279579163 -0.15005972981452942 -0.13264356553554535 -0.13072046637535095 -0.10504858195781708 -0.10362999886274338 -0.07414674013853073 -0.06844377517700195 -0.006719053722918034 -0.005291888490319252 -0.0048660533502697945 -0.003860123222693801 -0.003271251218393445 -0.0024812661577016115 -0.0021935561671853065 -0.002002311171963811 -0.0015697585185989738 -0.0015142576303333044 -0.00032089839805848897
-0.6296316385269165 -0.540635883808136 -0.4813940227031708 -0.30899786949157715 -0.3077261447906494 -0.3013837933540344 -0.2997679114341736 -0.2991556227207184 -0.2972439229488373 -0.28523412346839905 -0.28055116534233093 -0.26465466618537903 -0.2426358461380005 -0.2353917360305786 -0.22692687809467316 -0.22202779352664948 -0.22136190533638 -0.1883522868156433 -0.18440662324428558 -0.16848623752593994 -0.16529521346092224 -0.16494475305080414 -0.15131965279579163 -0.15005972981452942 -0.13264356553554535 -0.13072046637535095 -0.10504858195781708 -0.10362999886274338 -0.07414674013853073 -0.06844377517700195 -0.006719053722918034 -0.005291888490319252 -0.0048660533502697945 -0.003860123222693801 -0.003271251218393445 -0.0024812661577016115 -0.0021935561671853065 -0.002002311171963811 -0.0015697585185989738 -0.0015142576303333044 -0.00032089839805848897
-0.6296316385269165 -0.540635883808136 -0.4813940227031708 -0.30899786949157715 -0.3077261447906494 -0.3013837933540344 -0.2997679114341736 -0.2991556227207184 -0.2972439229488373 -0.28523412346839905 -0.28055116534233093 -0.26465466618537903 -0.2426358461380005 -0.2353917360305786 -0.22692687809467316 -0.22202779352664948 -0.22136190533638 -0.1883522868156433 -0.18440662324428558 -0.16848623752593994 -0.16529521346092224 -0.16494475305080414 -0.15131965279579163 -0.15005972981452942 -0.13264356553554535 -0.13072046637535095 -0.10504858195781708 -0.10362999886274338 -0.07414674013853073 -0.06844377517700195 -0.006719053722918034 -0.005291888490319252 -0.0048660533502697945 -0.003860123222693801 -0.003271251218393445 -0.0024812661577016115 -0.0021935561671853065 -0.002002311171963811 -0.0015697585185989738 -0.0015142576303333044 -0.00032089839805848897
-0.6296316385269165 -0.540635883808136 -0.4813940227031708 -0.30899786949157715 -0.3077261447906494 -0.3013837933540344 -0.2997679114341736 -0.2991556227207184 -0.2972439229488373 -0.28523412346839905 -0.28055116534233093 -0.26465466618537903 -0.2426358461380005 -0.2353917360305786 -0.22692687809467316 -0.22202779352664948 -0.22136190533638 -0.1883522868156433 -0.18440662324428558 -0.16848623752593994 -0.16529521346092224 -0.16494475305080414 -0.15131965279579163 -0.15005972981452942 -0.13264356553554535 -0.13072046637535095 -0.10504858195781708 -0.10362999886274338 -0.07414674013853073 -0.06844377517700195 -0.006719053722918034 -0.005291888490319252 -0.0048660533502697945 -0.003860123222693801 -0.003271251218393445 -0.0024812661577016115 -0.0021935561671853065 -0.002002311171963811 -0.0015697585185989738 -0.0015142576303333044 -0.00032089839805848897
-0.6296316385269165 -0.540635883808136 -0.4813940227031708 -0.30899786949157715 -0.3077261447906494 -0.3013837933540344 -0.2997679114341736 -0.2991556227207184 -0.2972439229488373 -0.28523412346839905 -0.28055116534233093 -0.26465466618537903 -0.2426358461380005 -0.2353917360305786 -0.22692687809467316 -0.22202779352664948 -0.22136190533638 -0.1883522868156433 -0.18440662324428558 -0.16848623752593994 -0.16529521346092224 -0.16494475305080414 -0.15131965279579163 -0.15005972981452942 -0.13264356553554535 -0.13072046637535095 -0.10504858195781708 -0.10362999886274338 -0.07414674013853073 -0.06844377517700195 -0.006719053722918034 -0.005291888490319252 -0.0048660533502697945 -0.003860123222693801 -0.003271251218393445 -0.0024812661577016115 -0.0021935561671853065 -0.002002311171963811 -0.0015697585185989738 -0.0015142576303333044 -0.00032089839805848897
-0.6296316385269165 -0.540635883808136 -0.4813940227031708 -0.30899786949157715 -0.3077261447906494 -0.3013837933540344 -0.2997679114341736 -0.2991556227207184 -0.2972439229488373 -0.28523412346839905 -0.28055116534233093 -0.26465466618537903 -0.2426358461380005 -0.2353917360305786 -0.22692687809467316 -0.22202779352664948 -0.22136190533638 -0.1883522868156433 -0.18440662324428558 -0.16848623752593994 -0.16529521346092224 -0.16494475305080414 -0.15131965279579163 -0.15005972981452942 -0.13264356553554535 -0.13072046637535095 -0.10504858195781708 -0.10362999886274338 -0.07414674013853073 -0.06844377517700195 -0.006719053722918034 -0.005291888490319252 -0.0048660533502697945 -0.003860123222693801 -0.003271251218393445 -0.0024812661577016115 -0.0021935561671853065 -0.002002311171963811 -0.0015697585185989738 -0.0015142576303333044 -0.00032089839805848897
-0.6296316385269165 -0.540635883808136 -0.4813940227031708 -0.30899786949157715 -0.3077261447906494 -0.3013837933540344 -0.2997679114341736 -0.2991556227207184 -0.2972439229488373 -0.28523412346839905 -0.28055116534233093 -0.26465466618537903 -0.2426358461380005 -0.2353917360305786 -0.22692687809467316 -0.22202779352664948 -0.22136190533638 -0.1883522868156433 -0.18440662324428558 -0.16848623752593994 -0.16529521346092224 -0.16494475305080414 -0.15131965279579163 -0.15005972981452942 -0.13264356553554535 -0.13072046637535095 -0.10504858195781708 -0.10362999886274338 -0.07414674013853073 -0.06844377517700195 -0.006719053722918034 -0.005291888490319252 -0.0048660533502697945 -0.003860123222693801 -0.003271251218393445 -0.0024812661577016115 -0.0021935561671853065 -0.002002311171963811 -0.0015697585185989738 -0.0015142576303333044 -0.00032089839805848897
-0.6296316385269165 -0.540635883808136 -0.4813940227031708 -0.30899786949157715 -0.3077261447906494 -0.3013837933540344 -0.2997679114341736 -0.2991556227207184 -0.2972439229488373 -0.28523412346839905 -0.28055116534233093 -0.26465466618537903 -0.2426358461380005 -0.2353917360305786 -0.22692687809467316 -0.22202779352664948 -0.22136190533638 -0.1883522868156433 -0.18440662324428558 -0.16848623752593994 -0.16529521346092224 -0.16494475305080414 -0.15131965279579163 -0.15005972981452942 -0.13264356553554535 -0.13072046637535095 -0.10504858195781708 -0.10362999886274338 -0.07414674013853073 -0.06844377517700195 -0.006719053722918034 -0.005291888490319252 -0.0048660533502697945 -0.003860123222693801 -0.003271251218393445 -0.0024812661577016115 -0.0021935561671853065 -0.002002311171963811 -0.0015697585185989738 -0.0015142576303333044 -0.00032089839805848897
-0.6296316385269165 -0.540635883808136 -0.4813940227031708 -0.30899786949157715 -0.3077261447906494 -0.3013837933540344 -0.2997679114341736 -0.2991556227207184 -0.2972439229488373 -0.28523412346839905 -0.28055116534233093 -0.26465466618537903 -0.2426358461380005 -0.2353917360305786 -0.22692687809467316 -0.22202779352664948 -0.22136190533638 -0.1883522868156433 -0.18440662324428558 -0.16848623752593994 -0.16529521346092224 -0.16494475305080414 -0.15131965279579163 -0.15005972981452942 -0.13264356553554535 -0.13072046637535095 -0.10504858195781708 -0.10362999886274338 -0.07414674013853073 -0.06844377517700195 -0.006719053722918034 -0.005291888490319252 -0.0048660533502697945 -0.003860123222693801 -0.003271251218393445 -0.0024812661577016115 -0.0021935561671853065 -0.002002311171963811 -0.0015697585185989738 -0.0015142576303333044 -0.00032089839805848897
-0.6296316385269165 -0.540635883808136 -0.4813940227031708 -0.30899786949157715 -0.3077261447906494 -0.3013837933540344 -0.2997679114341736 -0.2991556227207184 -0.2972439229488373 -0.28523412346839905 -0.28055116534233093 -0.26465466618537903 -0.2426358461380005 -0.2353917360305786 -0.22692687809467316 -0.22202779352664948 -0.22136190533638 -0.1883522868156433 -0.18440662324428558 -0.16848623752593994 -0.16529521346092224 -0.16494475305080414 -0.15131965279579163 -0.15005972981452942 -0.13264356553554535 -0.13072046637535095 -0.10504858195781708 -0.10362999886274338 -0.07414674013853073 -0.06844377517700195 -0.006719053722918034 -0.005291888490319252 -0.0048660533502697945 -0.003860123222693801 -0.003271251218393445 -0.0024812661577016115 -0.0021935561671853065 -0.002002311171963811 -0.0015697585185989738 -0.0015142576303333044 -0.00032089839805848897
-0.6296316385269165 -0.540635883808136 -0.4813940227031708 -0.30899786949157715 -0.3077261447906494 -0.3013837933540344 -0.2997679114341736 -0.2991556227207184 -0.2972439229488373 -0.28523412346839905 -0.28055116534233093 -0.26465466618537903 -0.2426358461380005 -0.2353917360305786 -0.22692687809467316 -0.22202779352664948 -0.22136190533638 -0.1883522868156433 -0.18440662324428558 -0.16848623752593994 -0.16529521346092224 -0.16494475305080414 -0.15131965279579163 -0.15005972981452942 -0.13264356553554535 -0.13072046637535095 -0.10504858195781708 -0.10362999886274338 -0.07414674013853073 -0.06844377517700195 -0.006719053722918034 -0.005291888490319252 -0.0048660533502697945 -0.003860123222693801 -0.003271251218393445 -0.0024812661577016115 -0.0021935561671853065 -0.002002311171963811 -0.0015697585185989738 -0.0015142576303333044 -0.00032089839805848897
-0.6296316385269165 -0.540635883808136 -0.4813940227031708 -0.30899786949157715 -0.3077261447906494 -0.3013837933540344 -0.2997679114341736 -0.2991556227207184 -0.2972439229488373 -0.28523412346839905 -0.28055116534233093 -0.26465466618537903 -0.2426358461380005 -0.2353917360305786 -0.22692687809467316 -0.22202779352664948 -0.22136190533638 -0.1883522868156433 -0.18440662324428558 -0.16848623752593994 -0.16529521346092224 -0.16494475305080414 -0.15131965279579163 -0.15005972981452942 -0.13264356553554535 -0.13072046637535095 -0.10504858195781708 -0.10362999886274338 -0.07414674013853073 -0.06844377517700195 -0.006719053722918034 -0.005291888490319252 -0.0048660533502697945 -0.003860123222693801 -0.003271251218393445 -0.0024812661577016115 -0.0021935561671853065 -0.002002311171963811 -0.0015697585185989738 -0.0015142576303333044 -0.00032089839805848897
-0.6296316385269165 -0.540635883808136 -0.4813940227031708 -0.30899786949157715 -0.3077261447906494 -0.3013837933540344 -0.2997679114341736 -0.2991556227207184 -0.2972439229488373 -0.28523412346839905 -0.28055116534233093 -0.26465466618537903 -0.2426358461380005 -0.2353917360305786 -0.22692687809467316 -0.22202779352664948 -0.22136190533638 -0.1883522868156433 -0.18440662324428558 -0.16848623752593994 -0.16529521346092224 -0.16494475305080414 -0.15131965279579163 -0.15005972981452942 -0.13264356553554535 -0.13072046637535095 -0.10504858195781708 -0.10362999886274338 -0.07414674013853073 -0.06844377517700195 -0.006719053722918034 -0.005291888490319252 -0.0048660533502697945 -0.003860123222693801 -0.003271251218393445 -0.0024812661577016115 -0.0021935561671853065 -0.002002311171963811 -0.0015697585185989738 -0.0015142576303333044 -0.00032089839805848897
-0.6296316385269165 -0.540635883808136 -0.4813940227031708 -0.30899786949157715 -0.3077261447906494 -0.3013837933540344 -0.2997679114341736 -0.2991556227207184 -0.2972439229488373 -0.28523412346839905 -0.28055116534233093 -0.26465466618537903 -0.2426358461380005 -0.2353917360305786 -0.22692687809467316 -0.22202779352664948 -0.22136190533638 -0.1883522868156433 -0.18440662324428558 -0.16848623752593994 -0.16529521346092224 -0.16494475305080414 -0.15131965279579163 -0.15005972981452942 -0.13264356553554535 -0.13072046637535095 -0.10504858195781708 -0.10362999886274338 -0.07414674013853073 -0.06844377517700195 -0.006719053722918034 -0.005291888490319252 -0.0048660533502697945 -0.003860123222693801 -0.003271251218393445 -0.0024812661577016115 -0.0021935561671853065 -0.002002311171963811 -0.0015697585185989738 -0.0015142576303333044 -0.00032089839805848897
-0.6296316385269165 -0.540635883808136 -0.4813940227031708 -0.30899786949157715 -0.3077261447906494 -0.3013837933540344 -0.2997679114341736 -0.2991556227207184 -0.2972439229488373 -0.28523412346839905 -0.28055116534233093 -0.26465466618537903 -0.2426358461380005 -0.2353917360305786 -0.22692687809467316 -0.22202779352664948 -0.22136190533638 -0.1883522868156433 -0.18440662324428558 -0.16848623752593994 -0.16529521346092224 -0.16494475305080414 -0.15131965279579163 -0.15005972981452942 -0.13264356553554535 -0.13072046637535095 -0.10504858195781708 -0.10362999886274338 -0.07414674013853073 -0.06844377517700195 -0.006719053722918034 -0.005291888490319252 -0.0048660533502697945 -0.003860123222693801 -0.003271251218393445 -0.0024812661577016115 -0.0021935561671853065 -0.002002311171963811 -0.0015697585185989738 -0.0015142576303333044 -0.00032089839805848897
-0.6296316385269165 -0.540635883808136 -0.4813940227031708 -0.30899786949157715 -0.3077261447906494 -0.3013837933540344 -0.2997679114341736 -0.2991556227207184 -0.2972439229488373 -0.28523412346839905 -0.28055116534233093 -0.26465466618537903 -0.2426358461380005 -0.2353917360305786 -0.22692687809467316 -0.22202779352664948 -0.22136190533638 -0.1883522868156433 -0.18440662324428558 -0.16848623752593994 -0.16529521346092224 -0.16494475305080414 -0.15131965279579163 -0.15005972981452942 -0.13264356553554535 -0.13072046637535095 -0.10504858195781708 -0.10362999886274338 -0.07414674013853073 -0.06844377517700195 -0.006719053722918034 -0.005291888490319252 -0.0048660533502697945 -0.003860123222693801 -0.003271251218393445 -0.0024812661577016115 -0.0021935561671853065 -0.002002311171963811 -0.0015697585185989738 -0.0015142576303333044 -0.00032089839805848897
-0.6296316385269165 -0.540635883808136 -0.4813940227031708 -0.30899786949157715 -0.3077261447906494 -0.3013837933540344 -0.2997679114341736 -0.2991556227207184 -0.2972439229488373 -0.28523412346839905 -0.28055116534233093 -0.26465466618537903 -0.2426358461380005 -0.2353917360305786 -0.22692687809467316 -0.22202779352664948 -0.22136190533638 -0.1883522868156433 -0.18440662324428558 -0.16848623752593994 -0.16529521346092224 -0.16494475305080414 -0.15131965279579163 -0.15005972981452942 -0.13264356553554535 -0.13072046637535095 -0.10504858195781708 -0.10362999886274338 -0.07414674013853073 -0.06844377517700195 -0.006719053722918034 -0.005291888490319252 -0.0048660533502697945 -0.003860123222693801 -0.003271251218393445 -0.0024812661577016115 -0.0021935561671853065 -0.002002311171963811 -0.0015697585185989738 -0.0015142576303333044 -0.00032089839805848897
-0.6296316385269165 -0.540635883808136 -0.4813940227031708 -0.30899786949157715 -0.3077261447906494 -0.3013837933540344 -0.2997679114341736 -0.2991556227207184 -0.2972439229488373 -0.28523412346839905 -0.28055116534233093 -0.26465466618537903 -0.2426358461380005 -0.2353917360305786 -0.22692687809467316 -0.22202779352664948 -0.22136190533638 -0.1883522868156433 -0.18440662324428558 -0.16848623752593994 -0.16529521346092224 -0.16494475305080414 -0.15131965279579163 -0.15005972981452942 -0.13264356553554535 -0.13072046637535095 -0.10504858195781708 -0.10362999886274338 -0.07414674013853073 -0.06844377517700195 -0.006719053722918034 -0.005291888490319252 -0.0048660533502697945 -0.003860123222693801 -0.003271251218393445 -0.0024812661577016115 -0.0021935561671853065 -0.002002311171963811 -0.0015697585185989738 -0.0015142576303333044 -0.00032089839805848897
-0.6296316385269165 -0.540635883808136 -0.4813940227031708 -0.30899786949157715 -0.3077261447906494 -0.3013837933540344 -0.2997679114341736 -0.2991556227207184 -0.2972439229488373 -0.28523412346839905 -0.28055116534233093 -0.26465466618537903 -0.2426358461380005 -0.2353917360305786 -0.22692687809467316 -0.22202779352664948 -0.22136190533638 -0.1883522868156433 -0.18440662324428558 -0.16848623752593994 -0.16529521346092224 -0.16494475305080414 -0.15131965279579163 -0.15005972981452942 -0.13264356553554535 -0.13072046637535095 -0.10504858195781708 -0.10362999886274338 -0.07414674013853073 -0.06844377517700195 -0.006719053722918034 -0.005291888490319252 -0.0048660533502697945 -0.003860123222693801 -0.003271251218393445 -0.0024812661577016115 -0.0021935561671853065 -0.002002311171963811 -0.0015697585185989738 -0.0015142576303333044 -0.00032089839805848897
-0.6296316385269165 -0.540635883808136 -0.4813940227031708 -0.30899786949157715 -0.3077261447906494 -0.3013837933540344 -0.2997679114341736 -0.2991556227207184 -0.2972439229488373 -0.28523412346839905 -0.28055116534233093 -0.26465466618537903 -0.2426358461380005 -0.2353917360305786 -0.22692687809467316 -0.22202779352664948 -0.22136190533638 -0.1883522868156433 -0.18440662324428558 -0.16848623752593994 -0.16529521346092224 -0.16494475305080414 -0.15131965279579163 -0.15005972981452942 -0.13264356553554535 -0.13072046637535095 -0.10504858195781708 -0.10362999886274338 -0.07414674013853073 -0.06844377517700195 -0.006719053722918034 -0.005291888490319252 -0.0048660533502697945 -0.003860123222693801 -0.003271251218393445 -0.0024812661577016115 -0.0021935561671853065 -0.002002311171963811 -0.0015697585185989738 -0.0015142576303333044 -0.00032089839805848897
-0.6296316385269165 -0.540635883808136 -0.4813940227031708 -0.30899786949157715 -0.3077261447906494 -0.3013837933540344 -0.2997679114341736 -0.2991556227207184 -0.2972439229488373 -0.28523412346839905 -0.28055116534233093 -0.26465466618537903 -0.2426358461380005 -0.2353917360305786 -0.22692687809467316 -0.22202779352664948 -0.22136190533638 -0.1883522868156433 -0.18440662324428558 -0.16848623752593994 -0.16529521346092224 -0.16494475305080414 -0.15131965279579163 -0.15005972981452942 -0.13264356553554535 -0.13072046637535095 -0.10504858195781708 -0.10362999886274338 -0.07414674013853073 -0.06844377517700195 -0.006719053722918034 -0.005291888490319252 -0.0048660533502697945 -0.003860123222693801 -0.003271251218393445 -0.0024812661577016115 -0.0021935561671853065 -0.002002311171963811 -0.0015697585185989738 -0.0015142576303333044 -0.00032089839805848897
-0.6296316385269165 -0.540635883808136 -0.4813940227031708 -0.30899786949157715 -0.3077261447906494 -0.3013837933540344 -0.2997679114341736 -0.2991556227207184 -0.2972439229488373 -0.28523412346839905 -0.28055116534233093 -0.26465466618537903 -0.2426358461380005 -0.2353917360305786 -0.22692687809467316 -0.22202779352664948 -0.22136190533638 -0.1883522868156433 -0.18440662324428558 -0.16848623752593994 -0.16529521346092224 -0.16494475305080414 -0.15131965279579163 -0.15005972981452942 -0.13264356553554535 -0.13072046637535095 -0.10504858195781708 -0.10362999886274338 -0.07414674013853073 -0.06844377517700195 -0.006719053722918034 -0.005291888490319252 -0.0048660533502697945 -0.003860123222693801 -0.003271251218393445 -0.0024812661577016115 -0.0021935561671853065 -0.002002311171963811 -0.0015697585185989738 -0.0015142576303333044 -0.00032089839805848897
-0.6296316385269165 -0.540635883808136 -0.4813940227031708 -0.30899786949157715 -0.3077261447906494 -0.3013837933540344 -0.2997679114341736 -0.2991556227207184 -0.2972439229488373 -0.28523412346839905 -0.28055116534233093 -0.26465466618537903 -0.2426358461380005 -0.2353917360305786 -0.22692687809467316 -0.22202779352664948 -0.22136190533638 -0.1883522868156433 -0.18440662324428558 -0.16848623752593994 -0.16529521346092224 -0.16494475305080414 -0.15131965279579163 -0.15005972981452942 -0.13264356553554535 -0.13072046637535095 -0.10504858195781708 -0.10362999886274338 -0.07414674013853073 -0.06844377517700195 -0.006719053722918034 -0.005291888490319252 -0.0048660533502697945 -0.003860123222693801 -0.003271251218393445 -0.0024812661577016115 -0.0021935561671853065 -0.002002311171963811 -0.0015697585185989738 -0.0015142576303333044 -0.00032089839805848897
-0.6296316385269165 -0.540635883808136 -0.4813940227031708 -0.30899786949157715 -0.3077261447906494 -0.3013837933540344 -0.2997679114341736 -0.2991556227207184 -0.2972439229488373 -0.28523412346839905 -0.28055116534233093 -0.26465466618537903 -0.2426358461380005 -0.2353917360305786 -0.22692687809467316 -0.22202779352664948 -0.22136190533638 -0.1883522868156433 -0.18440662324428558 -0.16848623752593994 -0.16529521346092224 -0.16494475305080414 -0.15131965279579163 -0.15005972981452942 -0.13264356553554535 -0.13072046637535095 -0.10504858195781708 -0.10362999886274338 -0.07414674013853073 -0.06844377517700195 -0.006719053722918034 -0.005291888490319252 -0.0048660533502697945 -0.003860123222693801 -0.003271251218393445 -0.0024812661577016115 -0.0021935561671853065 -0.002002311171963811 -0.0015697585185989738 -0.0015142576303333044 -0.00032089839805848897
-0.6296316385269165 -0.540635883808136 -0.4813940227031708 -0.30899786949157715 -0.3077261447906494 -0.3013837933540344 -0.2997679114341736 -0.2991556227207184 -0.2972439229488373 -0.28523412346839905 -0.28055116534233093 -0.26465466618537903 -0.2426358461380005 -0.2353917360305786 -0.22692687809467316 -0.22202779352664948 -0.22136190533638 -0.1883522868156433 -0.18440662324428558 -0.16848623752593994 -0.16529521346092224 -0.16494475305080414 -0.15131965279579163 -0.15005972981452942 -0.13264356553554535 -0.13072046637535095 -0.10504858195781708 -0.10362999886274338 -0.07414674013853073 -0.06844377517700195 -0.006719053722918034 -0.005291888490319252 -0.0048660533502697945 -0.003860123222693801 -0.003271251218393445 -0.0024812661577016115 -0.0021935561671853065 -0.002002311171963811 -0.0015697585185989738 -0.0015142576303333044 -0.00032089839805848897
-0.6296316385269165 -0.540635883808136 -0.4813940227031708 -0.30899786949157715 -0.3077261447906494 -0.3013837933540344 -0.2997679114341736 -0.2991556227207184 -0.2972439229488373 -0.28523412346839905 -0.28055116534233093 -0.26465466618537903 -0.2426358461380005 -0.2353917360305786 -0.22692687809467316 -0.22202779352664948 -0.22136190533638 -0.1883522868156433 -0.18440662324428558 -0.16848623752593994 -0.16529521346092224 -0.16494475305080414 -0.15131965279579163 -0.15005972981452942 -0.13264356553554535 -0.13072046637535095 -0.10504858195781708 -0.10362999886274338 -0.07414674013853073 -0.06844377517700195 -0.006719053722918034 -0.005291888490319252 -0.0048660533502697945 -0.003860123222693801 -0.003271251218393445 -0.0024812661577016115 -0.0021935561671853065 -0.002002311171963811 -0.0015697585185989738 -0.0015142576303333044 -0.00032089839805848897
-0.6296316385269165 -0.540635883808136 -0.4813940227031708 -0.30899786949157715 -0.3077261447906494 -0.3013837933540344 -0.2997679114341736 -0.2991556227207184 -0.2972439229488373 -0.28523412346839905 -0.28055116534233093 -0.26465466618537903 -0.2426358461380005 -0.2353917360305786 -0.22692687809467316 -0.22202779352664948 -0.22136190533638 -0.1883522868156433 -0.18440662324428558 -0.16848623752593994 -0.16529521346092224 -0.16494475305080414 -0.15131965279579163 -0.15005972981452942 -0.13264356553554535 -0.13072046637535095 -0.10504858195781708 -0.10362999886274338 -0.07414674013853073 -0.06844377517700195 -0.006719053722918034 -0.005291888490319252 -0.0048660533502697945 -0.003860123222693801 -0.003271251218393445 -0.0024812661577016115 -0.0021935561671853065 -0.002002311171963811 -0.0015697585185989738 -0.0015142576303333044 -0.00032089839805848897
-0.6296316385269165 -0.540635883808136 -0.4813940227031708 -0.30899786949157715 -0.3077261447906494 -0.3013837933540344 -0.2997679114341736 -0.2991556227207184 -0.2972439229488373 -0.28523412346839905 -0.28055116534233093 -0.26465466618537903 -0.2426358461380005 -0.2353917360305786 -0.22692687809467316 -0.22202779352664948 -0.22136190533638 -0.1883522868156433 -0.18440662324428558 -0.16848623752593994 -0.16529521346092224 -0.16494475305080414 -0.15131965279579163 -0.15005972981452942 -0.13264356553554535 -0.13072046637535095 -0.10504858195781708 -0.10362999886274338 -0.07414674013853073 -0.06844377517700195 -0.006719053722918034 -0.005291888490319252 -0.0048660533502697945 -0.003860123222693801 -0.003271251218393445 -0.0024812661577016115 -0.0021935561671853065 -0.002002311171963811 -0.0015697585185989738 -0.0015142576303333044 -0.00032089839805848897
-0.6296316385269165 -0.540635883808136 -0.4813940227031708 -0.30899786949157715 -0.3077261447906494 -0.3013837933540344 -0.2997679114341736 -0.2991556227207184 -0.2972439229488373 -0.28523412346839905 -0.28055116534233093 -0.26465466618537903 -0.2426358461380005 -0.2353917360305786 -0.22692687809467316 -0.22202779352664948 -0.22136190533638 -0.1883522868156433 -0.18440662324428558 -0.16848623752593994 -0.16529521346092224 -0.16494475305080414 -0.15131965279579163 -0.15005972981452942 -0.13264356553554535 -0.13072046637535095 -0.10504858195781708 -0.10362999886274338 -0.07414674013853073 -0.06844377517700195 -0.006719053722918034 -0.005291888490319252 -0.0048660533502697945 -0.003860123222693801 -0.003271251218393445 -0.0024812661577016115 -0.0021935561671853065 -0.002002311171963811 -0.0015697585185989738 -0.0015142576303333044 -0.00032089839805848897
-0.6296316385269165 -0.540635883808136 -0.4813940227031708 -0.30899786949157715 -0.3077261447906494 -0.3013837933540344 -0.2997679114341736 -0.2991556227207184 -0.2972439229488373 -0.28523412346839905 -0.28055116534233093 -0.26465466618537903 -0.2426358461380005 -0.2353917360305786 -0.22692687809467316 -0.22202779352664948 -0.22136190533638 -0.1883522868156433 -0.18440662324428558 -0.16848623752593994 -0.16529521346092224 -0.16494475305080414 -0.15131965279579163 -0.15005972981452942 -0.13264356553554535 -0.13072046637535095 -0.10504858195781708 -0.10362999886274338 -0.07414674013853073 -0.06844377517700195 -0.006719053722918034 -0.005291888490319252 -0.0048660533502697945 -0.003860123222693801 -0.003271251218393445 -0.0024812661577016115 -0.0021935561671853065 -0.002002311171963811 -0.0015697585185989738 -0.0015142576303333044 -0.00032089839805848897
-0.6296316385269165 -0.540635883808136 -0.4813940227031708 -0.30899786949157715 -0.3077261447906494 -0.3013837933540344 -0.2997679114341736 -0.2991556227207184 -0.2972439229488373 -0.28523412346839905 -0.28055116534233093 -0.26465466618537903 -0.2426358461380005 -0.2353917360305786 -0.22692687809467316 -0.22202779352664948 -0.22136190533638 -0.1883522868156433 -0.18440662324428558 -0.16848623752593994 -0.16529521346092224 -0.16494475305080414 -0.15131965279579163 -0.15005972981452942 -0.13264356553554535 -0.13072046637535095 -0.10504858195781708 -0.10362999886274338 -0.07414674013853073 -0.06844377517700195 -0.006719053722918034 -0.005291888490319252 -0.0048660533502697945 -0.003860123222693801 -0.003271251218393445 -0.0024812661577016115 -0.0021935561671853065 -0.002002311171963811 -0.0015697585185989738 -0.0015142576303333044 -0.00032089839805848897
-0.6296316385269165 -0.540635883808136 -0.4813940227031708 -0.30899786949157715 -0.3077261447906494 -0.3013837933540344 -0.2997679114341736 -0.2991556227207184 -0.2972439229488373 -0.28523412346839905 -0.28055116534233093 -0.26465466618537903 -0.2426358461380005 -0.2353917360305786 -0.22692687809467316 -0.22202779352664948 -0.22136190533638 -0.1883522868156433 -0.18440662324428558 -0.16848623752593994 -0.16529521346092224 -0.16494475305080414 -0.15131965279579163 -0.15005972981452942 -0.13264356553554535 -0.13072046637535095 -0.10504858195781708 -0.10362999886274338 -0.07414674013853073 -0.06844377517700195 -0.006719053722918034 -0.005291888490319252 -0.0048660533502697945 -0.003860123222693801 -0.003271251218393445 -0.0024812661577016115 -0.0021935561671853065 -0.002002311171963811 -0.0015697585185989738 -0.0015142576303333044 -0.00032089839805848897
-0.6296316385269165 -0.540635883808136 -0.4813940227031708 -0.30899786949157715 -0.3077261447906494 -0.3013837933540344 -0.2997679114341736 -0.2991556227207184 -0.2972439229488373 -0.28523412346839905 -0.28055116534233093 -0.26465466618537903 -0.2426358461380005 -0.2353917360305786 -0.22692687809467316 -0.22202779352664948 -0.22136190533638 -0.1883522868156433 -0.18440662324428558 -0.16848623752593994 -0.16529521346092224 -0.16494475305080414 -0.15131965279579163 -0.15005972981452942 -0.13264356553554535 -0.13072046637535095 -0.10504858195781708 -0.10362999886274338 -0.07414674013853073 -0.06844377517700195 -0.006719053722918034 -0.005291888490319252 -0.0048660533502697945 -0.003860123222693801 -0.003271251218393445 -0.0024812661577016115 -0.0021935561671853065 -0.002002311171963811 -0.0015697585185989738 -0.0015142576303333044 -0.00032089839805848897
-0.6296316385269165 -0.540635883808136 -0.4813940227031708 -0.30899786949157715 -0.3077261447906494 -0.3013837933540344 -0.2997679114341736 -0.2991556227207184 -0.2972439229488373 -0.28523412346839905 -0.28055116534233093 -0.26465466618537903 -0.2426358461380005 -0.2353917360305786 -0.22692687809467316 -0.22202779352664948 -0.22136190533638 -0.1883522868156433 -0.18440662324428558 -0.16848623752593994 -0.16529521346092224 -0.16494475305080414 -0.15131965279579163 -0.15005972981452942 -0.13264356553554535 -0.13072046637535095 -0.10504858195781708 -0.10362999886274338 -0.07414674013853073 -0.06844377517700195 -0.006719053722918034 -0.005291888490319252 -0.0048660533502697945 -0.003860123222693801 -0.003271251218393445 -0.0024812661577016115 -0.0021935561671853065 -0.002002311171963811 -0.0015697585185989738 -0.0015142576303333044 -0.00032089839805848897
-0.6296316385269165 -0.540635883808136 -0.4813940227031708 -0.30899786949157715 -0.3077261447906494 -0.3013837933540344 -0.2997679114341736 -0.2991556227207184 -0.2972439229488373 -0.28523412346839905 -0.28055116534233093 -0.26465466618537903 -0.2426358461380005 -0.2353917360305786 -0.22692687809467316 -0.22202779352664948 -0.22136190533638 -0.1883522868156433 -0.18440662324428558 -0.16848623752593994 -0.16529521346092224 -0.16494475305080414 -0.15131965279579163 -0.15005972981452942 -0.13264356553554535 -0.13072046637535095 -0.10504858195781708 -0.10362999886274338 -0.07414674013853073 -0.06844377517700195 -0.006719053722918034 -0.005291888490319252 -0.0048660533502697945 -0.003860123222693801 -0.003271251218393445 -0.0024812661577016115 -0.0021935561671853065 -0.002002311171963811 -0.0015697585185989738 -0.0015142576303333044 -0.00032089839805848897
-0.6296316385269165 -0.540635883808136 -0.4813940227031708 -0.30899786949157715 -0.3077261447906494 -0.3013837933540344 -0.2997679114341736 -0.2991556227207184 -0.2972439229488373 -0.28523412346839905 -0.28055116534233093 -0.26465466618537903 -0.2426358461380005 -0.2353917360305786 -0.22692687809467316 -0.22202779352664948 -0.22136190533638 -0.1883522868156433 -0.18440662324428558 -0.16848623752593994 -0.16529521346092224 -0.16494475305080414 -0.15131965279579163 -0.15005972981452942 -0.13264356553554535 -0.13072046637535095 -0.10504858195781708 -0.10362999886274338 -0.07414674013853073 -0.06844377517700195 -0.006719053722918034 -0.005291888490319252 -0.0048660533502697945 -0.003860123222693801 -0.003271251218393445 -0.0024812661577016115 -0.0021935561671853065 -0.002002311171963811 -0.0015697585185989738 -0.0015142576303333044 -0.00032089839805848897
-0.6296316385269165 -0.540635883808136 -0.4813940227031708 -0.30899786949157715 -0.3077261447906494 -0.3013837933540344 -0.2997679114341736 -0.2991556227207184 -0.2972439229488373 -0.28523412346839905 -0.28055116534233093 -0.26465466618537903 -0.2426358461380005 -0.2353917360305786 -0.22692687809467316 -0.22202779352664948 -0.22136190533638 -0.1883522868156433 -0.18440662324428558 -0.16848623752593994 -0.16529521346092224 -0.16494475305080414 -0.15131965279579163 -0.15005972981452942 -0.13264356553554535 -0.13072046637535095 -0.10504858195781708 -0.10362999886274338 -0.07414674013853073 -0.06844377517700195 -0.006719053722918034 -0.005291888490319252 -0.0048660533502697945 -0.003860123222693801 -0.003271251218393445 -0.0024812661577016115 -0.0021935561671853065 -0.002002311171963811 -0.0015697585185989738 -0.0015142576303333044 -0.00032089839805848897
-0.6296316385269165 -0.540635883808136 -0.4813940227031708 -0.30899786949157715 -0.3077261447906494 -0.3013837933540344 -0.2997679114341736 -0.2991556227207184 -0.2972439229488373 -0.28523412346839905 -0.28055116534233093 -0.26465466618537903 -0.2426358461380005 -0.2353917360305786 -0.22692687809467316 -0.22202779352664948 -0.22136190533638 -0.1883522868156433 -0.18440662324428558 -0.16848623752593994 -0.16529521346092224 -0.16494475305080414 -0.15131965279579163 -0.15005972981452942 -0.13264356553554535 -0.13072046637535095 -0.10504858195781708 -0.10362999886274338 -0.07414674013853073 -0.06844377517700195 -0.006719053722918034 -0.005291888490319252 -0.0048660533502697945 -0.003860123222693801 -0.003271251218393445 -0.0024812661577016115 -0.0021935561671853065 -0.002002311171963811 -0.0015697585185989738 -0.0015142576303333044 -0.00032089839805848897
-0.6296316385269165 -0.540635883808136 -0.4813940227031708 -0.30899786949157715 -0.3077261447906494 -0.3013837933540344 -0.2997679114341736 -0.2991556227207184 -0.2972439229488373 -0.28523412346839905 -0.28055116534233093 -0.26465466618537903 -0.2426358461380005 -0.2353917360305786 -0.22692687809467316 -0.22202779352664948 -0.22136190533638 -0.1883522868156433 -0.18440662324428558 -0.16848623752593994 -0.16529521346092224 -0.16494475305080414 -0.15131965279579163 -0.15005972981452942 -0.13264356553554535 -0.13072046637535095 -0.10504858195781708 -0.10362999886274338 -0.07414674013853073 -0.06844377517700195 -0.006719053722918034 -0.005291888490319252 -0.0048660533502697945 -0.003860123222693801 -0.003271251218393445 -0.0024812661577016115 -0.0021935561671853065 -0.002002311171963811 -0.0015697585185989738 -0.0015142576303333044 -0.00032089839805848897
-0.6296316385269165 -0.540635883808136 -0.4813940227031708 -0.30899786949157715 -0.3077261447906494 -0.3013837933540344 -0.2997679114341736 -0.2991556227207184 -0.2972439229488373 -0.28523412346839905 -0.28055116534233093 -0.26465466618537903 -0.2426358461380005 -0.2353917360305786 -0.22692687809467316 -0.22202779352664948 -0.22136190533638 -0.1883522868156433 -0.18440662324428558 -0.16848623752593994 -0.16529521346092224 -0.16494475305080414 -0.15131965279579163 -0.15005972981452942 -0.13264356553554535 -0.13072046637535095 -0.10504858195781708 -0.10362999886274338 -0.07414674013853073 -0.06844377517700195 -0.006719053722918034 -0.005291888490319252 -0.0048660533502697945 -0.003860123222693801 -0.003271251218393445 -0.0024812661577016115 -0.0021935561671853065 -0.002002311171963811 -0.0015697585185989738 -0.0015142576303333044 -0.00032089839805848897