-0.5795699954032898 -0.5051929950714111 -0.4930618107318878 -0.49245837330818176 -0.32995566725730896 -0.31698793172836304 -0.2933199405670166 -0.28485366702079773 -0.27545616030693054 -0.2433800846338272 -0.2433082014322281 -0.2360001802444458 -0.23170404136180878 -0.21329692006111145 -0.21318696439266205 -0.17596115171909332 -0.1661660373210907 -0.15391583740711212 -0.15255209803581238 -0.14647376537322998 -0.14435197412967682 -0.12991060316562653 -0.09958900511264801 -0.0800086185336113 -0.02853822149336338 -0.011334528215229511 -0.004828606732189655 -0.004449634347110987 -0.004005875904113054 -0.003464384702965617 -0.0030572356190532446 -0.002590784104540944 -0.0020032464526593685 -0.0019074664451181889 -0.0017876335186883807 -0.0017664264887571335 -0.00171227368991822 -0.0014281074982136488 -0.001355901942588389 -0.0013012466952204704
-0.5795699954032898 -0.5051929950714111 -0.4930618107318878 -0.49245837330818176 -0.32995566725730896 -0.31698793172836304 -0.2933199405670166 -0.28485366702079773 -0.27545616030693054 -0.2433800846338272 -0.2433082014322281 -0.2360001802444458 -0.23170404136180878 -0.21329692006111145 -0.21318696439266205 -0.17596115171909332 -0.1661660373210907 -0.15391583740711212 -0.15255209803581238 -0.14647376537322998 -0.14435197412967682 -0.12991060316562653 -0.09958900511264801 -0.0800086185336113 -0.02853822149336338 -0.011334528215229511 -0.004828606732189655 -0.004449634347110987 -0.004005875904113054 -0.003464384702965617 -0.0030572356190532446 -0.002590784104540944 -0.0020032464526593685 -0.0019074664451181889 -0.0017876335186883807 -0.0017664264887571335 -0.00171227368991822 -0.0014281074982136488 -0.001355901942588389 -0.0013012466952204704
-0.5795699954032898 -0.5051929950714111 -0.4930618107318878 -0.49245837330818176 -0.32995566725730896 -0.31698793172836304 -0.2933199405670166 -0.28485366702079773 -0.27545616030693054 -0.2433800846338272 -0.2433082014322281 -0.2360001802444458 -0.23170404136180878 -0.21329692006111145 -0.21318696439266205 -0.17596115171909332 -0.1661660373210907 -0.15391583740711212 -0.15255209803581238 -0.14647376537322998 -0.14435197412967682 -0.12991060316562653 -0.09958900511264801 -0.0800086185336113 -0.02853822149336338 -0.011334528215229511 -0.004828606732189655 -0.004449634347110987 -0.004005875904113054 -0.003464384702965617 -0.0030572356190532446 -0.002590784104540944 -0.0020032464526593685 -0.0019074664451181889 -0.0017876335186883807 -0.0017664264887571335 -0.00171227368991822 -0.0014281074982136488 -0.001355901942588389 -0.0013012466952204704
-0.5795699954032898 -0.5051929950714111 -0.4930618107318878 -0.49245837330818176 -0.32995566725730896 -0.31698793172836304 -0.2933199405670166 -0.28485366702079773 -0.27545616030693054 -0.2433800846338272 -0.2433082014322281 -0.2360001802444458 -0.23170404136180878 -0.21329692006111145 -0.21318696439266205 -0.17596115171909332 -0.1661660373210907 -0.15391583740711212 -0.15255209803581238 -0.14647376537322998 -0.14435197412967682 -0.12991060316562653 -0.09958900511264801 -0.0800086185336113 -0.02853822149336338 -0.011334528215229511 -0.004828606732189655 -0.004449634347110987 -0.004005875904113054 -0.003464384702965617 -0.0030572356190532446 -0.002590784104540944 -0.0020032464526593685 -0.0019074664451181889 -0.0017876335186883807 -0.0017664264887571335 -0.00171227368991822 -0.0014281074982136488 -0.001355901942588389 -0.0013012466952204704
-0.5795699954032898 -0.5051929950714111 -0.4930618107318878 -0.49245837330818176 -0.32995566725730896 -0.31698793172836304 -0.2933199405670166 -0.28485366702079773 -0.27545616030693054 -0.2433800846338272 -0.2433082014322281 -0.2360001802444458 -0.23170404136180878 -0.21329692006111145 -0.21318696439266205 -0.17596115171909332 -0.1661660373210907 -0.15391583740711212 -0.15255209803581238 -0.14647376537322998 -0.14435197412967682 -0.12991060316562653 -0.09958900511264801 -0.0800086185336113 -0.02853822149336338 -0.011334528215229511 -0.004828606732189655 -0.004449634347110987 -0.004005875904113054 -0.003464384702965617 -0.0030572356190532446 -0.002590784104540944 -0.0020032464526593685 -0.0019074664451181889 -0.0017876335186883807 -0.0017664264887571335 -0.00171227368991822 -0.0014281074982136488 -0.001355901942588389 -0.0013012466952204704
-0.5795699954032898 -0.5051929950714111 -0.4930618107318878 -0.49245837330818176 -0.32995566725730896 -0.31698793172836304 -0.2933199405670166 -0.28485366702079773 -0.27545616030693054 -0.2433800846338272 -0.2433082014322281 -0.2360001802444458 -0.23170404136180878 -0.21329692006111145 -0.21318696439266205 -0.17596115171909332 -0.1661660373210907 -0.15391583740711212 -0.15255209803581238 -0.14647376537322998 -0.14435197412967682 -0.12991060316562653 -0.09958900511264801 -0.0800086185336113 -0.02853822149336338 -0.011334528215229511 -0.004828606732189655 -0.004449634347110987 -0.004005875904113054 -0.003464384702965617 -0.0030572356190532446 -0.002590784104540944 -0.0020032464526593685 -0.0019074664451181889 -0.0017876335186883807 -0.0017664264887571335 -0.00171227368991822 -0.0014281074982136488 -0.001355901942588389 -0.0013012466952204704
-0.5795699954032898 -0.5051929950714111 -0.4930618107318878 -0.49245837330818176 -0.32995566725730896 -0.31698793172836304 -0.2933199405670166 -0.28485366702079773 -0.27545616030693054 -0.2433800846338272 -0.2433082014322281 -0.2360001802444458 -0.23170404136180878 -0.21329692006111145 -0.21318696439266205 -0.17596115171909332 -0.1661660373210907 -0.15391583740711212 -0.15255209803581238 -0.14647376537322998 -0.14435197412967682 -0.12991060316562653 -0.09958900511264801 -0.0800086185336113 -0.02853822149336338 -0.011334528215229511 -0.004828606732189655 -0.004449634347110987 -0.004005875904113054 -0.003464384702965617 -0.0030572356190532446 -0.002590784104540944 -0.0020032464526593685 -0.0019074664451181889 -0.0017876335186883807 -0.0017664264887571335 -0.00171227368991822 -0.0014281074982136488 -0.001355901942588389 -0.0013012466952204704
-0.5795699954032898 -0.5051929950714111 -0.4930618107318878 -0.49245837330818176 -0.32995566725730896 -0.31698793172836304 -0.2933199405670166 -0.28485366702079773 -0.27545616030693054 -0.2433800846338272 -0.2433082014322281 -0.2360001802444458 -0.23170404136180878 -0.21329692006111145 -0.21318696439266205 -0.17596115171909332 -0.1661660373210907 -0.15391583740711212 -0.15255209803581238 -0.14647376537322998 -0.14435197412967682 -0.12991060316562653 -0.09958900511264801 -0.0800086185336113 -0.02853822149336338 -0.011334528215229511 -0.004828606732189655 -0.004449634347110987 -0.004005875904113054 -0.003464384702965617 -0.0030572356190532446 -0.002590784104540944 -0.0020032464526593685 -0.0019074664451181889 -0.0017876335186883807 -0.0017664264887571335 -0.00171227368991822 -0.0014281074982136488 -0.001355901942588389 -0.0013012466952204704
-0.5795699954032898 -0.5051929950714111 -0.4930618107318878 -0.49245837330818176 -0.32995566725730896 -0.31698793172836304 -0.2933199405670166 -0.28485366702079773 -0.27545616030693054 -0.2433800846338272 -0.2433082014322281 -0.2360001802444458 -0.23170404136180878 -0.21329692006111145 -0.21318696439266205 -0.17596115171909332 -0.1661660373210907 -0.15391583740711212 -0.15255209803581238 -0.14647376537322998 -0.14435197412967682 -0.12991060316562653 -0.09958900511264801 -0.0800086185336113 -0.02853822149336338 -0.011334528215229511 -0.004828606732189655 -0.004449634347110987 -0.004005875904113054 -0.003464384702965617 -0.0030572356190532446 -0.002590784104540944 -0.0020032464526593685 -0.0019074664451181889 -0.0017876335186883807 -0.0017664264887571335 -0.00171227368991822 -0.0014281074982136488 -0.001355901942588389 -0.0013012466952204704
-0.5795699954032898 -0.5051929950714111 -0.4930618107318878 -0.49245837330818176 -0.32995566725730896 -0.31698793172836304 -0.2933199405670166 -0.28485366702079773 -0.27545616030693054 -0.2433800846338272 -0.2433082014322281 -0.2360001802444458 -0.23170404136180878 -0.21329692006111145 -0.21318696439266205 -0.17596115171909332 -0.1661660373210907 -0.15391583740711212 -0.15255209803581238 -0.14647376537322998 -0.14435197412967682 -0.12991060316562653 -0.09958900511264801 -0.0800086185336113 -0.02853822149336338 -0.011334528215229511 -0.004828606732189655 -0.004449634347110987 -0.004005875904113054 -0.003464384702965617 -0.0030572356190532446 -0.002590784104540944 -0.0020032464526593685 -0.0019074664451181889 -0.0017876335186883807 -0.0017664264887571335 -0.00171227368991822 -0.0014281074982136488 -0.001355901942588389 -0.0013012466952204704
-0.5795699954032898 -0.5051929950714111 -0.4930618107318878 -0.49245837330818176 -0.32995566725730896 -0.31698793172836304 -0.2933199405670166 -0.28485366702079773 -0.27545616030693054 -0.2433800846338272 -0.2433082014322281 -0.2360001802444458 -0.23170404136180878 -0.21329692006111145 -0.21318696439266205 -0.17596115171909332 -0.1661660373210907 -0.15391583740711212 -0.15255209803581238 -0.14647376537322998 -0.14435197412967682 -0.12991060316562653 -0.09958900511264801 -0.0800086185336113 -0.02853822149336338 -0.011334528215229511 -0.004828606732189655 -0.004449634347110987 -0.004005875904113054 -0.003464384702965617 -0.0030572356190532446 -0.002590784104540944 -0.0020032464526593685 -0.0019074664451181889 -0.0017876335186883807 -0.0017664264887571335 -0.00171227368991822 -0.0014281074982136488 -0.001355901942588389 -0.0013012466952204704
-0.5795699954032898 -0.5051929950714111 -0.4930618107318878 -0.49245837330818176 -0.32995566725730896 -0.31698793172836304 -0.2933199405670166 -0.28485366702079773 -0.27545616030693054 -0.2433800846338272 -0.2433082014322281 -0.2360001802444458 -0.23170404136180878 -0.21329692006111145 -0.21318696439266205 -0.17596115171909332 -0.1661660373210907 -0.15391583740711212 -0.15255209803581238 -0.14647376537322998 -0.14435197412967682 -0.12991060316562653 -0.09958900511264801 -0.0800086185336113 -0.02853822149336338 -0.011334528215229511 -0.004828606732189655 -0.004449634347110987 -0.004005875904113054 -0.003464384702965617 -0.0030572356190532446 -0.002590784104540944 -0.0020032464526593685 -0.0019074664451181889 -0.0017876335186883807 -0.0017664264887571335 -0.00171227368991822 -0.0014281074982136488 -0.001355901942588389 -0.0013012466952204704
-0.5795699954032898 -0.5051929950714111 -0.4930618107318878 -0.49245837330818176 -0.32995566725730896 -0.31698793172836304 -0.2933199405670166 -0.28485366702079773 -0.27545616030693054 -0.2433800846338272 -0.2433082014322281 -0.2360001802444458 -0.23170404136180878 -0.21329692006111145 -0.21318696439266205 -0.17596115171909332 -0.1661660373210907 -0.15391583740711212 -0.15255209803581238 -0.14647376537322998 -0.14435197412967682 -0.12991060316562653 -0.09958900511264801 -0.0800086185336113 -0.02853822149336338 -0.011334528215229511 -0.004828606732189655 -0.004449634347110987 -0.004005875904113054 -0.003464384702965617 -0.0030572356190532446 -0.002590784104540944 -0.0020032464526593685 -0.0019074664451181889 -0.0017876335186883807 -0.0017664264887571335 -0.00171227368991822 -0.0014281074982136488 -0.001355901942588389 -0.0013012466952204704
-0.5795699954032898 -0.5051929950714111 -0.4930618107318878 -0.49245837330818176 -0.32995566725730896 -0.31698793172836304 -0.2933199405670166 -0.28485366702079773 -0.27545616030693054 -0.2433800846338272 -0.2433082014322281 -0.2360001802444458 -0.23170404136180878 -0.21329692006111145 -0.21318696439266205 -0.17596115171909332 -0.1661660373210907 -0.15391583740711212 -0.15255209803581238 -0.14647376537322998 -0.14435197412967682 -0.12991060316562653 -0.09958900511264801 -0.0800086185336113 -0.02853822149336338 -0.011334528215229511 -0.004828606732189655 -0.004449634347110987 -0.004005875904113054 -0.003464384702965617 -0.0030572356190532446 -0.002590784104540944 -0.0020032464526593685 -0.0019074664451181889 -0.0017876335186883807 -0.0017664264887571335 -0.00171227368991822 -0.0014281074982136488 -0.001355901942588389 -0.0013012466952204704
-0.5795699954032898 -0.5051929950714111 -0.4930618107318878 -0.49245837330818176 -0.32995566725730896 -0.31698793172836304 -0.2933199405670166 -0.28485366702079773 -0.27545616030693054 -0.2433800846338272 -0.2433082014322281 -0.2360001802444458 -0.23170404136180878 -0.21329692006111145 -0.21318696439266205 -0.17596115171909332 -0.1661660373210907 -0.15391583740711212 -0.15255209803581238 -0.14647376537322998 -0.14435197412967682 -0.12991060316562653 -0.09958900511264801 -0.0800086185336113 -0.02853822149336338 -0.011334528215229511 -0.004828606732189655 -0.004449634347110987 -0.004005875904113054 -0.003464384702965617 -0.0030572356190532446 -0.002590784104540944 -0.0020032464526593685 -0.0019074664451181889 -0.0017876335186883807 -0.0017664264887571335 -0.00171227368991822 -0.0014281074982136488 -0.001355901942588389 -0.0013012466952204704
-0.5795699954032898 -0.5051929950714111 -0.4930618107318878 -0.49245837330818176 -0.32995566725730896 -0.31698793172836304 -0.2933199405670166 -0.28485366702079773 -0.27545616030693054 -0.2433800846338272 -0.2433082014322281 -0.2360001802444458 -0.23170404136180878 -0.21329692006111145 -0.21318696439266205 -0.17596115171909332 -0.1661660373210907 -0.15391583740711212 -0.15255209803581238 -0.14647376537322998 -0.14435197412967682 -0.12991060316562653 -0.09958900511264801 -0.0800086185336113 -0.02853822149336338 -0.011334528215229511 -0.004828606732189655 -0.004449634347110987 -0.004005875904113054 -0.003464384702965617 -0.0030572356190532446 -0.002590784104540944 -0.0020032464526593685 -0.0019074664451181889 -0.0017876335186883807 -0.0017664264887571335 -0.00171227368991822 -0.0014281074982136488 -0.001355901942588389 -0.0013012466952204704
-0.5795699954032898 -0.5051929950714111 -0.4930618107318878 -0.49245837330818176 -0.32995566725730896 -0.31698793172836304 -0.2933199405670166 -0.28485366702079773 -0.27545616030693054 -0.2433800846338272 -0.2433082014322281 -0.2360001802444458 -0.23170404136180878 -0.21329692006111145 -0.21318696439266205 -0.17596115171909332 -0.1661660373210907 -0.15391583740711212 -0.15255209803581238 -0.14647376537322998 -0.14435197412967682 -0.12991060316562653 -0.09958900511264801 -0.0800086185336113 -0.02853822149336338 -0.011334528215229511 -0.004828606732189655 -0.004449634347110987 -0.004005875904113054 -0.003464384702965617 -0.0030572356190532446 -0.002590784104540944 -0.0020032464526593685 -0.0019074664451181889 -0.0017876335186883807 -0.0017664264887571335 -0.00171227368991822 -0.0014281074982136488 -0.001355901942588389 -0.0013012466952204704
-0.5795699954032898 -0.5051929950714111 -0.4930618107318878 -0.49245837330818176 -0.32995566725730896 -0.31698793172836304 -0.2933199405670166 -0.28485366702079773 -0.27545616030693054 -0.2433800846338272 -0.2433082014322281 -0.2360001802444458 -0.23170404136180878 -0.21329692006111145 -0.21318696439266205 -0.17596115171909332 -0.1661660373210907 -0.15391583740711212 -0.15255209803581238 -0.14647376537322998 -0.14435197412967682 -0.12991060316562653 -0.09958900511264801 -0.0800086185336113 -0.02853822149336338 -0.011334528215229511 -0.004828606732189655 -0.004449634347110987 -0.004005875904113054 -0.003464384702965617 -0.0030572356190532446 -0.002590784104540944 -0.0020032464526593685 -0.0019074664451181889 -0.0017876335186883807 -0.0017664264887571335 -0.00171227368991822 -0.0014281074982136488 -0.001355901942588389 -0.0013012466952204704
-0.5795699954032898 -0.5051929950714111 -0.4930618107318878 -0.49245837330818176 -0.32995566725730896 -0.31698793172836304 -0.2933199405670166 -0.28485366702079773 -0.27545616030693054 -0.2433800846338272 -0.2433082014322281 -0.2360001802444458 -0.23170404136180878 -0.21329692006111145 -0.21318696439266205 -0.17596115171909332 -0.1661660373210907 -0.15391583740711212 -0.15255209803581238 -0.14647376537322998 -0.14435197412967682 -0.12991060316562653 -0.09958900511264801 -0.0800086185336113 -0.02853822149336338 -0.011334528215229511 -0.004828606732189655 -0.004449634347110987 -0.004005875904113054 -0.003464384702965617 -0.0030572356190532446 -0.002590784104540944 -0.0020032464526593685 -0.0019074664451181889 -0.0017876335186883807 -0.0017664264887571335 -0.00171227368991822 -0.0014281074982136488 -0.001355901942588389 -0.0013012466952204704
-0.5795699954032898 -0.5051929950714111 -0.4930618107318878 -0.49245837330818176 -0.32995566725730896 -0.31698793172836304 -0.2933199405670166 -0.28485366702079773 -0.27545616030693054 -0.2433800846338272 -0.2433082014322281 -0.2360001802444458 -0.23170404136180878 -0.21329692006111145 -0.21318696439266205 -0.17596115171909332 -0.1661660373210907 -0.15391583740711212 -0.15255209803581238 -0.14647376537322998 -0.14435197412967682 -0.12991060316562653 -0.09958900511264801 -0.0800086185336113 -0.02853822149336338 -0.011334528215229511 -0.004828606732189655 -0.004449634347110987 -0.004005875904113054 -0.003464384702965617 -0.0030572356190532446 -0.002590784104540944 -0.0020032464526593685 -0.0019074664451181889 -0.0017876335186883807 -0.0017664264887571335 -0.00171227368991822 -0.0014281074982136488 -0.001355901942588389 -0.0013012466952204704
-0.5795699954032898 -0.5051929950714111 -0.4930618107318878 -0.49245837330818176 -0.32995566725730896 -0.31698793172836304 -0.2933199405670166 -0.28485366702079773 -0.27545616030693054 -0.2433800846338272 -0.2433082014322281 -0.2360001802444458 -0.23170404136180878 -0.21329692006111145 -0.21318696439266205 -0.17596115171909332 -0.1661660373210907 -0.15391583740711212 -0.15255209803581238 -0.14647376537322998 -0.14435197412967682 -0.12991060316562653 -0.09958900511264801 -0.0800086185336113 -0.02853822149336338 -0.011334528215229511 -0.004828606732189655 -0.004449634347110987 -0.004005875904113054 -0.003464384702965617 -0.0030572356190532446 -0.002590784104540944 -0.0020032464526593685 -0.0019074664451181889 -0.0017876335186883807 -0.0017664264887571335 -0.00171227368991822 -0.0014281074982136488 -0.001355901942588389 -0.0013012466952204704
-0.5795699954032898 -0.5051929950714111 -0.4930618107318878 -0.49245837330818176 -0.32995566725730896 -0.31698793172836304 -0.2933199405670166 -0.28485366702079773 -0.27545616030693054 -0.2433800846338272 -0.2433082014322281 -0.2360001802444458 -0.23170404136180878 -0.21329692006111145 -0.21318696439266205 -0.17596115171909332 -0.1661660373210907 -0.15391583740711212 -0.15255209803581238 -0.14647376537322998 -0.14435197412967682 -0.12991060316562653 -0.09958900511264801 -0.0800086185336113 -0.02853822149336338 -0.011334528215229511 -0.004828606732189655 -0.004449634347110987 -0.004005875904113054 -0.003464384702965617 -0.0030572356190532446 -0.002590784104540944 -0.0020032464526593685 -0.0019074664451181889 -0.0017876335186883807 -0.0017664264887571335 -0.00171227368991822 -0.0014281074982136488 -0.001355901942588389 -0.0013012466952204704
-0.5795699954032898 -0.5051929950714111 -0.4930618107318878 -0.49245837330818176 -0.32995566725730896 -0.31698793172836304 -0.2933199405670166 -0.28485366702079773 -0.27545616030693054 -0.2433800846338272 -0.2433082014322281 -0.2360001802444458 -0.23170404136180878 -0.21329692006111145 -0.21318696439266205 -0.17596115171909332 -0.1661660373210907 -0.15391583740711212 -0.15255209803581238 -0.14647376537322998 -0.14435197412967682 -0.12991060316562653 -0.09958900511264801 -0.0800086185336113 -0.02853822149336338 -0.011334528215229511 -0.004828606732189655 -0.004449634347110987 -0.004005875904113054 -0.003464384702965617 -0.0030572356190532446 -0.002590784104540944 -0.0020032464526593685 -0.0019074664451181889 -0.0017876335186883807 -0.0017664264887571335 -0.00171227368991822 -0.0014281074982136488 -0.001355901942588389 -0.0013012466952204704
-0.5795699954032898 -0.5051929950714111 -0.4930618107318878 -0.49245837330818176 -0.32995566725730896 -0.31698793172836304 -0.2933199405670166 -0.28485366702079773 -0.27545616030693054 -0.2433800846338272 -0.2433082014322281 -0.2360001802444458 -0.23170404136180878 -0.21329692006111145 -0.21318696439266205 -0.17596115171909332 -0.1661660373210907 -0.15391583740711212 -0.15255209803581238 -0.14647376537322998 -0.14435197412967682 -0.12991060316562653 -0.09958900511264801 -0.0800086185336113 -0.02853822149336338 -0.011334528215229511 -0.004828606732189655 -0.004449634347110987 -0.004005875904113054 -0.003464384702965617 -0.0030572356190532446 -0.002590784104540944 -0.0020032464526593685 -0.0019074664451181889 -0.0017876335186883807 -0.0017664264887571335 -0.00171227368991822 -0.0014281074982136488 -0.001355901942588389 -0.0013012466952204704
-0.5795699954032898 -0.5051929950714111 -0.4930618107318878 -0.49245837330818176 -0.32995566725730896 -0.31698793172836304 -0.2933199405670166 -0.28485366702079773 -0.27545616030693054 -0.2433800846338272 -0.2433082014322281 -0.2360001802444458 -0.23170404136180878 -0.21329692006111145 -0.21318696439266205 -0.17596115171909332 -0.1661660373210907 -0.15391583740711212 -0.15255209803581238 -0.14647376537322998 -0.14435197412967682 -0.12991060316562653 -0.09958900511264801 -0.0800086185336113 -0.02853822149336338 -0.011334528215229511 -0.004828606732189655 -0.004449634347110987 -0.004005875904113054 -0.003464384702965617 -0.0030572356190532446 -0.002590784104540944 -0.0020032464526593685 -0.0019074664451181889 -0.0017876335186883807 -0.0017664264887571335 -0.00171227368991822 -0.0014281074982136488 -0.001355901942588389 -0.0013012466952204704
-0.5795699954032898 -0.5051929950714111 -0.4930618107318878 -0.49245837330818176 -0.32995566725730896 -0.31698793172836304 -0.2933199405670166 -0.28485366702079773 -0.27545616030693054 -0.2433800846338272 -0.2433082014322281 -0.2360001802444458 -0.23170404136180878 -0.21329692006111145 -0.21318696439266205 -0.17596115171909332 -0.1661660373210907 -0.15391583740711212 -0.15255209803581238 -0.14647376537322998 -0.14435197412967682 -0.12991060316562653 -0.09958900511264801 -0.0800086185336113 -0.02853822149336338 -0.011334528215229511 -0.004828606732189655 -0.004449634347110987 -0.004005875904113054 -0.003464384702965617 -0.0030572356190532446 -0.002590784104540944 -0.0020032464526593685 -0.0019074664451181889 -0.0017876335186883807 -0.0017664264887571335 -0.00171227368991822 -0.0014281074982136488 -0.001355901942588389 -0.0013012466952204704
-0.5795699954032898 -0.5051929950714111 -0.4930618107318878 -0.49245837330818176 -0.32995566725730896 -0.31698793172836304 -0.2933199405670166 -0.28485366702079773 -0.27545616030693054 -0.2433800846338272 -0.2433082014322281 -0.2360001802444458 -0.23170404136180878 -0.21329692006111145 -0.21318696439266205 -0.17596115171909332 -0.1661660373210907 -0.15391583740711212 -0.15255209803581238 -0.14647376537322998 -0.14435197412967682 -0.12991060316562653 -0.09958900511264801 -0.0800086185336113 -0.02853822149336338 -0.011334528215229511 -0.004828606732189655 -0.004449634347110987 -0.004005875904113054 -0.003464384702965617 -0.0030572356190532446 -0.002590784104540944 -0.0020032464526593685 -0.0019074664451181889 -0.0017876335186883807 -0.0017664264887571335 -0.00171227368991822 -0.0014281074982136488 -0.001355901942588389 -0.0013012466952204704
-0.5795699954032898 -0.5051929950714111 -0.4930618107318878 -0.49245837330818176 -0.32995566725730896 -0.31698793172836304 -0.2933199405670166 -0.28485366702079773 -0.27545616030693054 -0.2433800846338272 -0.2433082014322281 -0.2360001802444458 -0.23170404136180878 -0.21329692006111145 -0.21318696439266205 -0.17596115171909332 -0.1661660373210907 -0.15391583740711212 -0.15255209803581238 -0.14647376537322998 -0.14435197412967682 -0.12991060316562653 -0.09958900511264801 -0.0800086185336113 -0.02853822149336338 -0.011334528215229511 -0.004828606732189655 -0.004449634347110987 -0.004005875904113054 -0.003464384702965617 -0.0030572356190532446 -0.002590784104540944 -0.0020032464526593685 -0.0019074664451181889 -0.0017876335186883807 -0.0017664264887571335 -0.00171227368991822 -0.0014281074982136488 -0.001355901942588389 -0.0013012466952204704
-0.5795699954032898 -0.5051929950714111 -0.4930618107318878 -0.49245837330818176 -0.32995566725730896 -0.31698793172836304 -0.2933199405670166 -0.28485366702079773 -0.27545616030693054 -0.2433800846338272 -0.2433082014322281 -0.2360001802444458 -0.23170404136180878 -0.21329692006111145 -0.21318696439266205 -0.17596115171909332 -0.1661660373210907 -0.15391583740711212 -0.15255209803581238 -0.14647376537322998 -0.14435197412967682 -0.12991060316562653 -0.09958900511264801 -0.0800086185336113 -0.02853822149336338 -0.011334528215229511 -0.004828606732189655 -0.004449634347110987 -0.004005875904113054 -0.003464384702965617 -0.0030572356190532446 -0.002590784104540944 -0.0020032464526593685 -0.0019074664451181889 -0.0017876335186883807 -0.0017664264887571335 -0.00171227368991822 -0.0014281074982136488 -0.001355901942588389 -0.0013012466952204704
-0.5795699954032898 -0.5051929950714111 -0.4930618107318878 -0.49245837330818176 -0.32995566725730896 -0.31698793172836304 -0.2933199405670166 -0.28485366702079773 -0.27545616030693054 -0.2433800846338272 -0.2433082014322281 -0.2360001802444458 -0.23170404136180878 -0.21329692006111145 -0.21318696439266205 -0.17596115171909332 -0.1661660373210907 -0.15391583740711212 -0.15255209803581238 -0.14647376537322998 -0.14435197412967682 -0.12991060316562653 -0.09958900511264801 -0.0800086185336113 -0.02853822149336338 -0.011334528215229511 -0.004828606732189655 -0.004449634347110987 -0.004005875904113054 -0.003464384702965617 -0.0030572356190532446 -0.002590784104540944 -0.0020032464526593685 -0.0019074664451181889 -0.0017876335186883807 -0.0017664264887571335 -0.00171227368991822 -0.0014281074982136488 -0.001355901942588389 -0.0013012466952204704
-0.5795699954032898 -0.5051929950714111 -0.4930618107318878 -0.49245837330818176 -0.32995566725730896 -0.31698793172836304 -0.2933199405670166 -0.28485366702079773 -0.27545616030693054 -0.2433800846338272 -0.2433082014322281 -0.2360001802444458 -0.23170404136180878 -0.21329692006111145 -0.21318696439266205 -0.17596115171909332 -0.1661660373210907 -0.15391583740711212 -0.15255209803581238 -0.14647376537322998 -0.14435197412967682 -0.12991060316562653 -0.09958900511264801 -0.0800086185336113 -0.02853822149336338 -0.011334528215229511 -0.004828606732189655 -0.004449634347110987 -0.004005875904113054 -0.003464384702965617 -0.0030572356190532446 -0.002590784104540944 -0.0020032464526593685 -0.0019074664451181889 -0.0017876335186883807 -0.0017664264887571335 -0.00171227368991822 -0.0014281074982136488 -0.001355901942588389 -0.0013012466952204704
-0.5795699954032898 -0.5051929950714111 -0.4930618107318878 -0.49245837330818176 -0.32995566725730896 -0.31698793172836304 -0.2933199405670166 -0.28485366702079773 -0.27545616030693054 -0.2433800846338272 -0.2433082014322281 -0.2360001802444458 -0.23170404136180878 -0.21329692006111145 -0.21318696439266205 -0.17596115171909332 -0.1661660373210907 -0.15391583740711212 -0.15255209803581238 -0.14647376537322998 -0.14435197412967682 -0.12991060316562653 -0.09958900511264801 -0.0800086185336113 -0.02853822149336338 -0.011334528215229511 -0.004828606732189655 -0.004449634347110987 -0.004005875904113054 -0.003464384702965617 -0.0030572356190532446 -0.002590784104540944 -0.0020032464526593685 -0.0019074664451181889 -0.0017876335186883807 -0.0017664264887571335 -0.00171227368991822 -0.0014281074982136488 -0.001355901942588389 -0.0013012466952204704
-0.5795699954032898 -0.5051929950714111 -0.4930618107318878 -0.49245837330818176 -0.32995566725730896 -0.31698793172836304 -0.2933199405670166 -0.28485366702079773 -0.27545616030693054 -0.2433800846338272 -0.2433082014322281 -0.2360001802444458 -0.23170404136180878 -0.21329692006111145 -0.21318696439266205 -0.17596115171909332 -0.1661660373210907 -0.15391583740711212 -0.15255209803581238 -0.14647376537322998 -0.14435197412967682 -0.12991060316562653 -0.09958900511264801 -0.0800086185336113 -0.02853822149336338 -0.011334528215229511 -0.004828606732189655 -0.004449634347110987 -0.004005875904113054 -0.003464384702965617 -0.0030572356190532446 -0.002590784104540944 -0.0020032464526593685 -0.0019074664451181889 -0.0017876335186883807 -0.0017664264887571335 -0.00171227368991822 -0.0014281074982136488 -0.001355901942588389 -0.0013012466952204704
-0.5795699954032898 -0.5051929950714111 -0.4930618107318878 -0.49245837330818176 -0.32995566725730896 -0.31698793172836304 -0.2933199405670166 -0.28485366702079773 -0.27545616030693054 -0.2433800846338272 -0.2433082014322281 -0.2360001802444458 -0.23170404136180878 -0.21329692006111145 -0.21318696439266205 -0.17596115171909332 -0.1661660373210907 -0.15391583740711212 -0.15255209803581238 -0.14647376537322998 -0.14435197412967682 -0.12991060316562653 -0.09958900511264801 -0.0800086185336113 -0.02853822149336338 -0.011334528215229511 -0.004828606732189655 -0.004449634347110987 -0.004005875904113054 -0.003464384702965617 -0.0030572356190532446 -0.002590784104540944 -0.0020032464526593685 -0.0019074664451181889 -0.0017876335186883807 -0.0017664264887571335 -0.00171227368991822 -0.0014281074982136488 -0.001355901942588389 -0.0013012466952204704
-0.5795699954032898 -0.5051929950714111 -0.4930618107318878 -0.49245837330818176 -0.32995566725730896 -0.31698793172836304 -0.2933199405670166 -0.28485366702079773 -0.27545616030693054 -0.2433800846338272 -0.2433082014322281 -0.2360001802444458 -0.23170404136180878 -0.21329692006111145 -0.21318696439266205 -0.17596115171909332 -0.1661660373210907 -0.15391583740711212 -0.15255209803581238 -0.14647376537322998 -0.14435197412967682 -0.12991060316562653 -0.09958900511264801 -0.0800086185336113 -0.02853822149336338 -0.011334528215229511 -0.004828606732189655 -0.004449634347110987 -0.004005875904113054 -0.003464384702965617 -0.0030572356190532446 -0.002590784104540944 -0.0020032464526593685 -0.0019074664451181889 -0.0017876335186883807 -0.0017664264887571335 -0.00171227368991822 -0.0014281074982136488 -0.001355901942588389 -0.0013012466952204704
-0.5795699954032898 -0.5051929950714111 -0.4930618107318878 -0.49245837330818176 -0.32995566725730896 -0.31698793172836304 -0.2933199405670166 -0.28485366702079773 -0.27545616030693054 -0.2433800846338272 -0.2433082014322281 -0.2360001802444458 -0.23170404136180878 -0.21329692006111145 -0.21318696439266205 -0.17596115171909332 -0.1661660373210907 -0.15391583740711212 -0.15255209803581238 -0.14647376537322998 -0.14435197412967682 -0.12991060316562653 -0.09958900511264801 -0.0800086185336113 -0.02853822149336338 -0.011334528215229511 -0.004828606732189655 -0.004449634347110987 -0.004005875904113054 -0.003464384702965617 -0.0030572356190532446 -0.002590784104540944 -0.0020032464526593685 -0.0019074664451181889 -0.0017876335186883807 -0.0017664264887571335 -0.00171227368991822 -0.0014281074982136488 -0.001355901942588389 -0.0013012466952204704
-0.5795699954032898 -0.5051929950714111 -0.4930618107318878 -0.49245837330818176 -0.32995566725730896 -0.31698793172836304 -0.2933199405670166 -0.28485366702079773 -0.27545616030693054 -0.2433800846338272 -0.2433082014322281 -0.2360001802444458 -0.23170404136180878 -0.21329692006111145 -0.21318696439266205 -0.17596115171909332 -0.1661660373210907 -0.15391583740711212 -0.15255209803581238 -0.14647376537322998 -0.14435197412967682 -0.12991060316562653 -0.09958900511264801 -0.0800086185336113 -0.02853822149336338 -0.011334528215229511 -0.004828606732189655 -0.004449634347110987 -0.004005875904113054 -0.003464384702965617 -0.0030572356190532446 -0.002590784104540944 -0.0020032464526593685 -0.0019074664451181889 -0.0017876335186883807 -0.0017664264887571335 -0.00171227368991822 -0.0014281074982136488 -0.001355901942588389 -0.0013012466952204704
-0.5795699954032898 -0.5051929950714111 -0.4930618107318878 -0.49245837330818176 -0.32995566725730896 -0.31698793172836304 -0.2933199405670166 -0.28485366702079773 -0.27545616030693054 -0.2433800846338272 -0.2433082014322281 -0.2360001802444458 -0.23170404136180878 -0.21329692006111145 -0.21318696439266205 -0.17596115171909332 -0.1661660373210907 -0.15391583740711212 -0.15255209803581238 -0.14647376537322998 -0.14435197412967682 -0.12991060316562653 -0.09958900511264801 -0.0800086185336113 -0.02853822149336338 -0.011334528215229511 -0.004828606732189655 -0.004449634347110987 -0.004005875904113054 -0.003464384702965617 -0.0030572356190532446 -0.002590784104540944 -0.0020032464526593685 -0.0019074664451181889 -0.0017876335186883807 -0.0017664264887571335 -0.00171227368991822 -0.0014281074982136488 -0.001355901942588389 -0.0013012466952204704
-0.5795699954032898 -0.5051929950714111 -0.4930618107318878 -0.49245837330818176 -0.32995566725730896 -0.31698793172836304 -0.2933199405670166 -0.28485366702079773 -0.27545616030693054 -0.2433800846338272 -0.2433082014322281 -0.2360001802444458 -0.23170404136180878 -0.21329692006111145 -0.21318696439266205 -0.17596115171909332 -0.1661660373210907 -0.15391583740711212 -0.15255209803581238 -0.14647376537322998 -0.14435197412967682 -0.12991060316562653 -0.09958900511264801 -0.0800086185336113 -0.02853822149336338 -0.011334528215229511 -0.004828606732189655 -0.004449634347110987 -0.004005875904113054 -0.003464384702965617 -0.0030572356190532446 -0.002590784104540944 -0.0020032464526593685 -0.0019074664451181889 -0.0017876335186883807 -0.0017664264887571335 -0.00171227368991822 -0.0014281074982136488 -0.001355901942588389 -0.0013012466952204704