-0.6613038182258606 -0.5664968490600586 -0.5397888422012329 -0.5370664000511169 -0.4675371050834656 -0.4665048122406006 -0.4658795893192291 -0.4265546202659607 -0.40621188282966614 -0.3992580473423004 -0.3010554015636444 -0.30035901069641113 -0.29131799936294556 -0.29083529114723206 -0.24006681144237518 -0.2334882616996765 -0.22338610887527466 -0.22234123945236206 -0.18507742881774902 -0.18380200862884521 -0.17797116935253143 -0.17471781373023987 -0.1611829251050949 -0.11695349216461182 -0.08015865832567215 -0.06708177924156189 -0.05907215550541878 -0.05889364331960678 -0.0581037737429142 -0.05561671033501625 -0.054185956716537476 -0.020690811797976494 -0.019370628520846367 -0.01706777699291706 -0.010554410517215729 -0.007142449729144573 -0.005440166685730219 -0.003998737782239914 -0.0021474992390722036 -0.0013983335811644793 -0.001360844587907195 -0.0013595217606052756
-0.6613038182258606 -0.5664968490600586 -0.5397888422012329 -0.5370664000511169 -0.4675371050834656 -0.4665048122406006 -0.4658795893192291 -0.4265546202659607 -0.40621188282966614 -0.3992580473423004 -0.3010554015636444 -0.30035901069641113 -0.29131799936294556 -0.29083529114723206 -0.24006681144237518 -0.2334882616996765 -0.22338610887527466 -0.22234123945236206 -0.18507742881774902 -0.18380200862884521 -0.17797116935253143 -0.17471781373023987 -0.1611829251050949 -0.11695349216461182 -0.08015865832567215 -0.06708177924156189 -0.05907215550541878 -0.05889364331960678 -0.0581037737429142 -0.05561671033501625 -0.054185956716537476 -0.020690811797976494 -0.019370628520846367 -0.01706777699291706 -0.010554410517215729 -0.007142449729144573 -0.005440166685730219 -0.003998737782239914 -0.0021474992390722036 -0.0013983335811644793 -0.001360844587907195 -0.0013595217606052756
-0.6613038182258606 -0.5664968490600586 -0.5397888422012329 -0.5370664000511169 -0.4675371050834656 -0.4665048122406006 -0.4658795893192291 -0.4265546202659607 -0.40621188282966614 -0.3992580473423004 -0.3010554015636444 -0.30035901069641113 -0.29131799936294556 -0.29083529114723206 -0.24006681144237518 -0.2334882616996765 -0.22338610887527466 -0.22234123945236206 -0.18507742881774902 -0.18380200862884521 -0.17797116935253143 -0.17471781373023987 -0.1611829251050949 -0.11695349216461182 -0.08015865832567215 -0.06708177924156189 -0.05907215550541878 -0.05889364331960678 -0.0581037737429142 -0.05561671033501625 -0.054185956716537476 -0.020690811797976494 -0.019370628520846367 -0.01706777699291706 -0.010554410517215729 -0.007142449729144573 -0.005440166685730219 -0.003998737782239914 -0.0021474992390722036 -0.0013983335811644793 -0.001360844587907195 -0.0013595217606052756
-0.6613038182258606 -0.5664968490600586 -0.5397888422012329 -0.5370664000511169 -0.4675371050834656 -0.4665048122406006 -0.4658795893192291 -0.4265546202659607 -0.40621188282966614 -0.3992580473423004 -0.3010554015636444 -0.30035901069641113 -0.29131799936294556 -0.29083529114723206 -0.24006681144237518 -0.2334882616996765 -0.22338610887527466 -0.22234123945236206 -0.18507742881774902 -0.18380200862884521 -0.17797116935253143 -0.17471781373023987 -0.1611829251050949 -0.11695349216461182 -0.08015865832567215 -0.06708177924156189 -0.05907215550541878 -0.05889364331960678 -0.0581037737429142 -0.05561671033501625 -0.054185956716537476 -0.020690811797976494 -0.019370628520846367 -0.01706777699291706 -0.010554410517215729 -0.007142449729144573 -0.005440166685730219 -0.003998737782239914 -0.0021474992390722036 -0.0013983335811644793 -0.001360844587907195 -0.0013595217606052756
-0.6613038182258606 -0.5664968490600586 -0.5397888422012329 -0.5370664000511169 -0.4675371050834656 -0.4665048122406006 -0.4658795893192291 -0.4265546202659607 -0.40621188282966614 -0.3992580473423004 -0.3010554015636444 -0.30035901069641113 -0.29131799936294556 -0.29083529114723206 -0.24006681144237518 -0.2334882616996765 -0.22338610887527466 -0.22234123945236206 -0.18507742881774902 -0.18380200862884521 -0.17797116935253143 -0.17471781373023987 -0.1611829251050949 -0.11695349216461182 -0.08015865832567215 -0.06708177924156189 -0.05907215550541878 -0.05889364331960678 -0.0581037737429142 -0.05561671033501625 -0.054185956716537476 -0.020690811797976494 -0.019370628520846367 -0.01706777699291706 -0.010554410517215729 -0.007142449729144573 -0.005440166685730219 -0.003998737782239914 -0.0021474992390722036 -0.0013983335811644793 -0.001360844587907195 -0.0013595217606052756
-0.6613038182258606 -0.5664968490600586 -0.5397888422012329 -0.5370664000511169 -0.4675371050834656 -0.4665048122406006 -0.4658795893192291 -0.4265546202659607 -0.40621188282966614 -0.3992580473423004 -0.3010554015636444 -0.30035901069641113 -0.29131799936294556 -0.29083529114723206 -0.24006681144237518 -0.2334882616996765 -0.22338610887527466 -0.22234123945236206 -0.18507742881774902 -0.18380200862884521 -0.17797116935253143 -0.17471781373023987 -0.1611829251050949 -0.11695349216461182 -0.08015865832567215 -0.06708177924156189 -0.05907215550541878 -0.05889364331960678 -0.0581037737429142 -0.05561671033501625 -0.054185956716537476 -0.020690811797976494 -0.019370628520846367 -0.01706777699291706 -0.010554410517215729 -0.007142449729144573 -0.005440166685730219 -0.003998737782239914 -0.0021474992390722036 -0.0013983335811644793 -0.001360844587907195 -0.0013595217606052756
-0.6613038182258606 -0.5664968490600586 -0.5397888422012329 -0.5370664000511169 -0.4675371050834656 -0.4665048122406006 -0.4658795893192291 -0.4265546202659607 -0.40621188282966614 -0.3992580473423004 -0.3010554015636444 -0.30035901069641113 -0.29131799936294556 -0.29083529114723206 -0.24006681144237518 -0.2334882616996765 -0.22338610887527466 -0.22234123945236206 -0.18507742881774902 -0.18380200862884521 -0.17797116935253143 -0.17471781373023987 -0.1611829251050949 -0.11695349216461182 -0.08015865832567215 -0.06708177924156189 -0.05907215550541878 -0.05889364331960678 -0.0581037737429142 -0.05561671033501625 -0.054185956716537476 -0.020690811797976494 -0.019370628520846367 -0.01706777699291706 -0.010554410517215729 -0.007142449729144573 -0.005440166685730219 -0.003998737782239914 -0.0021474992390722036 -0.0013983335811644793 -0.001360844587907195 -0.0013595217606052756
-0.6613038182258606 -0.5664968490600586 -0.5397888422012329 -0.5370664000511169 -0.4675371050834656 -0.4665048122406006 -0.4658795893192291 -0.4265546202659607 -0.40621188282966614 -0.3992580473423004 -0.3010554015636444 -0.30035901069641113 -0.29131799936294556 -0.29083529114723206 -0.24006681144237518 -0.2334882616996765 -0.22338610887527466 -0.22234123945236206 -0.18507742881774902 -0.18380200862884521 -0.17797116935253143 -0.17471781373023987 -0.1611829251050949 -0.11695349216461182 -0.08015865832567215 -0.06708177924156189 -0.05907215550541878 -0.05889364331960678 -0.0581037737429142 -0.05561671033501625 -0.054185956716537476 -0.020690811797976494 -0.019370628520846367 -0.01706777699291706 -0.010554410517215729 -0.007142449729144573 -0.005440166685730219 -0.003998737782239914 -0.0021474992390722036 -0.0013983335811644793 -0.001360844587907195 -0.0013595217606052756
-0.6613038182258606 -0.5664968490600586 -0.5397888422012329 -0.5370664000511169 -0.4675371050834656 -0.4665048122406006 -0.4658795893192291 -0.4265546202659607 -0.40621188282966614 -0.3992580473423004 -0.3010554015636444 -0.30035901069641113 -0.29131799936294556 -0.29083529114723206 -0.24006681144237518 -0.2334882616996765 -0.22338610887527466 -0.22234123945236206 -0.18507742881774902 -0.18380200862884521 -0.17797116935253143 -0.17471781373023987 -0.1611829251050949 -0.11695349216461182 -0.08015865832567215 -0.06708177924156189 -0.05907215550541878 -0.05889364331960678 -0.0581037737429142 -0.05561671033501625 -0.054185956716537476 -0.020690811797976494 -0.019370628520846367 -0.01706777699291706 -0.010554410517215729 -0.007142449729144573 -0.005440166685730219 -0.003998737782239914 -0.0021474992390722036 -0.0013983335811644793 -0.001360844587907195 -0.0013595217606052756
-0.6613038182258606 -0.5664968490600586 -0.5397888422012329 -0.5370664000511169 -0.4675371050834656 -0.4665048122406006 -0.4658795893192291 -0.4265546202659607 -0.40621188282966614 -0.3992580473423004 -0.3010554015636444 -0.30035901069641113 -0.29131799936294556 -0.29083529114723206 -0.24006681144237518 -0.2334882616996765 -0.22338610887527466 -0.22234123945236206 -0.18507742881774902 -0.18380200862884521 -0.17797116935253143 -0.17471781373023987 -0.1611829251050949 -0.11695349216461182 -0.08015865832567215 -0.06708177924156189 -0.05907215550541878 -0.05889364331960678 -0.0581037737429142 -0.05561671033501625 -0.054185956716537476 -0.020690811797976494 -0.019370628520846367 -0.01706777699291706 -0.010554410517215729 -0.007142449729144573 -0.005440166685730219 -0.003998737782239914 -0.0021474992390722036 -0.0013983335811644793 -0.001360844587907195 -0.0013595217606052756
-0.6613038182258606 -0.5664968490600586 -0.5397888422012329 -0.5370664000511169 -0.4675371050834656 -0.4665048122406006 -0.4658795893192291 -0.4265546202659607 -0.40621188282966614 -0.3992580473423004 -0.3010554015636444 -0.30035901069641113 -0.29131799936294556 -0.29083529114723206 -0.24006681144237518 -0.2334882616996765 -0.22338610887527466 -0.22234123945236206 -0.18507742881774902 -0.18380200862884521 -0.17797116935253143 -0.17471781373023987 -0.1611829251050949 -0.11695349216461182 -0.08015865832567215 -0.06708177924156189 -0.05907215550541878 -0.05889364331960678 -0.0581037737429142 -0.05561671033501625 -0.054185956716537476 -0.020690811797976494 -0.019370628520846367 -0.01706777699291706 -0.010554410517215729 -0.007142449729144573 -0.005440166685730219 -0.003998737782239914 -0.0021474992390722036 -0.0013983335811644793 -0.001360844587907195 -0.0013595217606052756
-0.6613038182258606 -0.5664968490600586 -0.5397888422012329 -0.5370664000511169 -0.4675371050834656 -0.4665048122406006 -0.4658795893192291 -0.4265546202659607 -0.40621188282966614 -0.3992580473423004 -0.3010554015636444 -0.30035901069641113 -0.29131799936294556 -0.29083529114723206 -0.24006681144237518 -0.2334882616996765 -0.22338610887527466 -0.22234123945236206 -0.18507742881774902 -0.18380200862884521 -0.17797116935253143 -0.17471781373023987 -0.1611829251050949 -0.11695349216461182 -0.08015865832567215 -0.06708177924156189 -0.05907215550541878 -0.05889364331960678 -0.0581037737429142 -0.05561671033501625 -0.054185956716537476 -0.020690811797976494 -0.019370628520846367 -0.01706777699291706 -0.010554410517215729 -0.007142449729144573 -0.005440166685730219 -0.003998737782239914 -0.0021474992390722036 -0.0013983335811644793 -0.001360844587907195 -0.0013595217606052756
-0.6613038182258606 -0.5664968490600586 -0.5397888422012329 -0.5370664000511169 -0.4675371050834656 -0.4665048122406006 -0.4658795893192291 -0.4265546202659607 -0.40621188282966614 -0.3992580473423004 -0.3010554015636444 -0.30035901069641113 -0.29131799936294556 -0.29083529114723206 -0.24006681144237518 -0.2334882616996765 -0.22338610887527466 -0.22234123945236206 -0.18507742881774902 -0.18380200862884521 -0.17797116935253143 -0.17471781373023987 -0.1611829251050949 -0.11695349216461182 -0.08015865832567215 -0.06708177924156189 -0.05907215550541878 -0.05889364331960678 -0.0581037737429142 -0.05561671033501625 -0.054185956716537476 -0.020690811797976494 -0.019370628520846367 -0.01706777699291706 -0.010554410517215729 -0.007142449729144573 -0.005440166685730219 -0.003998737782239914 -0.0021474992390722036 -0.0013983335811644793 -0.001360844587907195 -0.0013595217606052756
-0.6613038182258606 -0.5664968490600586 -0.5397888422012329 -0.5370664000511169 -0.4675371050834656 -0.4665048122406006 -0.4658795893192291 -0.4265546202659607 -0.40621188282966614 -0.3992580473423004 -0.3010554015636444 -0.30035901069641113 -0.29131799936294556 -0.29083529114723206 -0.24006681144237518 -0.2334882616996765 -0.22338610887527466 -0.22234123945236206 -0.18507742881774902 -0.18380200862884521 -0.17797116935253143 -0.17471781373023987 -0.1611829251050949 -0.11695349216461182 -0.08015865832567215 -0.06708177924156189 -0.05907215550541878 -0.05889364331960678 -0.0581037737429142 -0.05561671033501625 -0.054185956716537476 -0.020690811797976494 -0.019370628520846367 -0.01706777699291706 -0.010554410517215729 -0.007142449729144573 -0.005440166685730219 -0.003998737782239914 -0.0021474992390722036 -0.0013983335811644793 -0.001360844587907195 -0.0013595217606052756
-0.6613038182258606 -0.5664968490600586 -0.5397888422012329 -0.5370664000511169 -0.4675371050834656 -0.4665048122406006 -0.4658795893192291 -0.4265546202659607 -0.40621188282966614 -0.3992580473423004 -0.3010554015636444 -0.30035901069641113 -0.29131799936294556 -0.29083529114723206 -0.24006681144237518 -0.2334882616996765 -0.22338610887527466 -0.22234123945236206 -0.18507742881774902 -0.18380200862884521 -0.17797116935253143 -0.17471781373023987 -0.1611829251050949 -0.11695349216461182 -0.08015865832567215 -0.06708177924156189 -0.05907215550541878 -0.05889364331960678 -0.0581037737429142 -0.05561671033501625 -0.054185956716537476 -0.020690811797976494 -0.019370628520846367 -0.01706777699291706 -0.010554410517215729 -0.007142449729144573 -0.005440166685730219 -0.003998737782239914 -0.0021474992390722036 -0.0013983335811644793 -0.001360844587907195 -0.0013595217606052756
-0.6613038182258606 -0.5664968490600586 -0.5397888422012329 -0.5370664000511169 -0.4675371050834656 -0.4665048122406006 -0.4658795893192291 -0.4265546202659607 -0.40621188282966614 -0.3992580473423004 -0.3010554015636444 -0.30035901069641113 -0.29131799936294556 -0.29083529114723206 -0.24006681144237518 -0.2334882616996765 -0.22338610887527466 -0.22234123945236206 -0.18507742881774902 -0.18380200862884521 -0.17797116935253143 -0.17471781373023987 -0.1611829251050949 -0.11695349216461182 -0.08015865832567215 -0.06708177924156189 -0.05907215550541878 -0.05889364331960678 -0.0581037737429142 -0.05561671033501625 -0.054185956716537476 -0.020690811797976494 -0.019370628520846367 -0.01706777699291706 -0.010554410517215729 -0.007142449729144573 -0.005440166685730219 -0.003998737782239914 -0.0021474992390722036 -0.0013983335811644793 -0.001360844587907195 -0.0013595217606052756
-0.6613038182258606 -0.5664968490600586 -0.5397888422012329 -0.5370664000511169 -0.4675371050834656 -0.4665048122406006 -0.4658795893192291 -0.4265546202659607 -0.40621188282966614 -0.3992580473423004 -0.3010554015636444 -0.30035901069641113 -0.29131799936294556 -0.29083529114723206 -0.24006681144237518 -0.2334882616996765 -0.22338610887527466 -0.22234123945236206 -0.18507742881774902 -0.18380200862884521 -0.17797116935253143 -0.17471781373023987 -0.1611829251050949 -0.11695349216461182 -0.08015865832567215 -0.06708177924156189 -0.05907215550541878 -0.05889364331960678 -0.0581037737429142 -0.05561671033501625 -0.054185956716537476 -0.020690811797976494 -0.019370628520846367 -0.01706777699291706 -0.010554410517215729 -0.007142449729144573 -0.005440166685730219 -0.003998737782239914 -0.0021474992390722036 -0.0013983335811644793 -0.001360844587907195 -0.0013595217606052756
-0.6613038182258606 -0.5664968490600586 -0.5397888422012329 -0.5370664000511169 -0.4675371050834656 -0.4665048122406006 -0.4658795893192291 -0.4265546202659607 -0.40621188282966614 -0.3992580473423004 -0.3010554015636444 -0.30035901069641113 -0.29131799936294556 -0.29083529114723206 -0.24006681144237518 -0.2334882616996765 -0.22338610887527466 -0.22234123945236206 -0.18507742881774902 -0.18380200862884521 -0.17797116935253143 -0.17471781373023987 -0.1611829251050949 -0.11695349216461182 -0.08015865832567215 -0.06708177924156189 -0.05907215550541878 -0.05889364331960678 -0.0581037737429142 -0.05561671033501625 -0.054185956716537476 -0.020690811797976494 -0.019370628520846367 -0.01706777699291706 -0.010554410517215729 -0.007142449729144573 -0.005440166685730219 -0.003998737782239914 -0.0021474992390722036 -0.0013983335811644793 -0.001360844587907195 -0.0013595217606052756
-0.6613038182258606 -0.5664968490600586 -0.5397888422012329 -0.5370664000511169 -0.4675371050834656 -0.4665048122406006 -0.4658795893192291 -0.4265546202659607 -0.40621188282966614 -0.3992580473423004 -0.3010554015636444 -0.30035901069641113 -0.29131799936294556 -0.29083529114723206 -0.24006681144237518 -0.2334882616996765 -0.22338610887527466 -0.22234123945236206 -0.18507742881774902 -0.18380200862884521 -0.17797116935253143 -0.17471781373023987 -0.1611829251050949 -0.11695349216461182 -0.08015865832567215 -0.06708177924156189 -0.05907215550541878 -0.05889364331960678 -0.0581037737429142 -0.05561671033501625 -0.054185956716537476 -0.020690811797976494 -0.019370628520846367 -0.01706777699291706 -0.010554410517215729 -0.007142449729144573 -0.005440166685730219 -0.003998737782239914 -0.0021474992390722036 -0.0013983335811644793 -0.001360844587907195 -0.0013595217606052756
-0.6613038182258606 -0.5664968490600586 -0.5397888422012329 -0.5370664000511169 -0.4675371050834656 -0.4665048122406006 -0.4658795893192291 -0.4265546202659607 -0.40621188282966614 -0.3992580473423004 -0.3010554015636444 -0.30035901069641113 -0.29131799936294556 -0.29083529114723206 -0.24006681144237518 -0.2334882616996765 -0.22338610887527466 -0.22234123945236206 -0.18507742881774902 -0.18380200862884521 -0.17797116935253143 -0.17471781373023987 -0.1611829251050949 -0.11695349216461182 -0.08015865832567215 -0.06708177924156189 -0.05907215550541878 -0.05889364331960678 -0.0581037737429142 -0.05561671033501625 -0.054185956716537476 -0.020690811797976494 -0.019370628520846367 -0.01706777699291706 -0.010554410517215729 -0.007142449729144573 -0.005440166685730219 -0.003998737782239914 -0.0021474992390722036 -0.0013983335811644793 -0.001360844587907195 -0.0013595217606052756
-0.6613038182258606 -0.5664968490600586 -0.5397888422012329 -0.5370664000511169 -0.4675371050834656 -0.4665048122406006 -0.4658795893192291 -0.4265546202659607 -0.40621188282966614 -0.3992580473423004 -0.3010554015636444 -0.30035901069641113 -0.29131799936294556 -0.29083529114723206 -0.24006681144237518 -0.2334882616996765 -0.22338610887527466 -0.22234123945236206 -0.18507742881774902 -0.18380200862884521 -0.17797116935253143 -0.17471781373023987 -0.1611829251050949 -0.11695349216461182 -0.08015865832567215 -0.06708177924156189 -0.05907215550541878 -0.05889364331960678 -0.0581037737429142 -0.05561671033501625 -0.054185956716537476 -0.020690811797976494 -0.019370628520846367 -0.01706777699291706 -0.010554410517215729 -0.007142449729144573 -0.005440166685730219 -0.003998737782239914 -0.0021474992390722036 -0.0013983335811644793 -0.001360844587907195 -0.0013595217606052756
-0.6613038182258606 -0.5664968490600586 -0.5397888422012329 -0.5370664000511169 -0.4675371050834656 -0.4665048122406006 -0.4658795893192291 -0.4265546202659607 -0.40621188282966614 -0.3992580473423004 -0.3010554015636444 -0.30035901069641113 -0.29131799936294556 -0.29083529114723206 -0.24006681144237518 -0.2334882616996765 -0.22338610887527466 -0.22234123945236206 -0.18507742881774902 -0.18380200862884521 -0.17797116935253143 -0.17471781373023987 -0.1611829251050949 -0.11695349216461182 -0.08015865832567215 -0.06708177924156189 -0.05907215550541878 -0.05889364331960678 -0.0581037737429142 -0.05561671033501625 -0.054185956716537476 -0.020690811797976494 -0.019370628520846367 -0.01706777699291706 -0.010554410517215729 -0.007142449729144573 -0.005440166685730219 -0.003998737782239914 -0.0021474992390722036 -0.0013983335811644793 -0.001360844587907195 -0.0013595217606052756
-0.6613038182258606 -0.5664968490600586 -0.5397888422012329 -0.5370664000511169 -0.4675371050834656 -0.4665048122406006 -0.4658795893192291 -0.4265546202659607 -0.40621188282966614 -0.3992580473423004 -0.3010554015636444 -0.30035901069641113 -0.29131799936294556 -0.29083529114723206 -0.24006681144237518 -0.2334882616996765 -0.22338610887527466 -0.22234123945236206 -0.18507742881774902 -0.18380200862884521 -0.17797116935253143 -0.17471781373023987 -0.1611829251050949 -0.11695349216461182 -0.08015865832567215 -0.06708177924156189 -0.05907215550541878 -0.05889364331960678 -0.0581037737429142 -0.05561671033501625 -0.054185956716537476 -0.020690811797976494 -0.019370628520846367 -0.01706777699291706 -0.010554410517215729 -0.007142449729144573 -0.005440166685730219 -0.003998737782239914 -0.0021474992390722036 -0.0013983335811644793 -0.001360844587907195 -0.0013595217606052756
-0.6613038182258606 -0.5664968490600586 -0.5397888422012329 -0.5370664000511169 -0.4675371050834656 -0.4665048122406006 -0.4658795893192291 -0.4265546202659607 -0.40621188282966614 -0.3992580473423004 -0.3010554015636444 -0.30035901069641113 -0.29131799936294556 -0.29083529114723206 -0.24006681144237518 -0.2334882616996765 -0.22338610887527466 -0.22234123945236206 -0.18507742881774902 -0.18380200862884521 -0.17797116935253143 -0.17471781373023987 -0.1611829251050949 -0.11695349216461182 -0.08015865832567215 -0.06708177924156189 -0.05907215550541878 -0.05889364331960678 -0.0581037737429142 -0.05561671033501625 -0.054185956716537476 -0.020690811797976494 -0.019370628520846367 -0.01706777699291706 -0.010554410517215729 -0.007142449729144573 -0.005440166685730219 -0.003998737782239914 -0.0021474992390722036 -0.0013983335811644793 -0.001360844587907195 -0.0013595217606052756
-0.6613038182258606 -0.5664968490600586 -0.5397888422012329 -0.5370664000511169 -0.4675371050834656 -0.4665048122406006 -0.4658795893192291 -0.4265546202659607 -0.40621188282966614 -0.3992580473423004 -0.3010554015636444 -0.30035901069641113 -0.29131799936294556 -0.29083529114723206 -0.24006681144237518 -0.2334882616996765 -0.22338610887527466 -0.22234123945236206 -0.18507742881774902 -0.18380200862884521 -0.17797116935253143 -0.17471781373023987 -0.1611829251050949 -0.11695349216461182 -0.08015865832567215 -0.06708177924156189 -0.05907215550541878 -0.05889364331960678 -0.0581037737429142 -0.05561671033501625 -0.054185956716537476 -0.020690811797976494 -0.019370628520846367 -0.01706777699291706 -0.010554410517215729 -0.007142449729144573 -0.005440166685730219 -0.003998737782239914 -0.0021474992390722036 -0.0013983335811644793 -0.001360844587907195 -0.0013595217606052756
-0.6613038182258606 -0.5664968490600586 -0.5397888422012329 -0.5370664000511169 -0.4675371050834656 -0.4665048122406006 -0.4658795893192291 -0.4265546202659607 -0.40621188282966614 -0.3992580473423004 -0.3010554015636444 -0.30035901069641113 -0.29131799936294556 -0.29083529114723206 -0.24006681144237518 -0.2334882616996765 -0.22338610887527466 -0.22234123945236206 -0.18507742881774902 -0.18380200862884521 -0.17797116935253143 -0.17471781373023987 -0.1611829251050949 -0.11695349216461182 -0.08015865832567215 -0.06708177924156189 -0.05907215550541878 -0.05889364331960678 -0.0581037737429142 -0.05561671033501625 -0.054185956716537476 -0.020690811797976494 -0.019370628520846367 -0.01706777699291706 -0.010554410517215729 -0.007142449729144573 -0.005440166685730219 -0.003998737782239914 -0.0021474992390722036 -0.0013983335811644793 -0.001360844587907195 -0.0013595217606052756
-0.6613038182258606 -0.5664968490600586 -0.5397888422012329 -0.5370664000511169 -0.4675371050834656 -0.4665048122406006 -0.4658795893192291 -0.4265546202659607 -0.40621188282966614 -0.3992580473423004 -0.3010554015636444 -0.30035901069641113 -0.29131799936294556 -0.29083529114723206 -0.24006681144237518 -0.2334882616996765 -0.22338610887527466 -0.22234123945236206 -0.18507742881774902 -0.18380200862884521 -0.17797116935253143 -0.17471781373023987 -0.1611829251050949 -0.11695349216461182 -0.08015865832567215 -0.06708177924156189 -0.05907215550541878 -0.05889364331960678 -0.0581037737429142 -0.05561671033501625 -0.054185956716537476 -0.020690811797976494 -0.019370628520846367 -0.01706777699291706 -0.010554410517215729 -0.007142449729144573 -0.005440166685730219 -0.003998737782239914 -0.0021474992390722036 -0.0013983335811644793 -0.001360844587907195 -0.0013595217606052756
-0.6613038182258606 -0.5664968490600586 -0.5397888422012329 -0.5370664000511169 -0.4675371050834656 -0.4665048122406006 -0.4658795893192291 -0.4265546202659607 -0.40621188282966614 -0.3992580473423004 -0.3010554015636444 -0.30035901069641113 -0.29131799936294556 -0.29083529114723206 -0.24006681144237518 -0.2334882616996765 -0.22338610887527466 -0.22234123945236206 -0.18507742881774902 -0.18380200862884521 -0.17797116935253143 -0.17471781373023987 -0.1611829251050949 -0.11695349216461182 -0.08015865832567215 -0.06708177924156189 -0.05907215550541878 -0.05889364331960678 -0.0581037737429142 -0.05561671033501625 -0.054185956716537476 -0.020690811797976494 -0.019370628520846367 -0.01706777699291706 -0.010554410517215729 -0.007142449729144573 -0.005440166685730219 -0.003998737782239914 -0.0021474992390722036 -0.0013983335811644793 -0.001360844587907195 -0.0013595217606052756
-0.6613038182258606 -0.5664968490600586 -0.5397888422012329 -0.5370664000511169 -0.4675371050834656 -0.4665048122406006 -0.4658795893192291 -0.4265546202659607 -0.40621188282966614 -0.3992580473423004 -0.3010554015636444 -0.30035901069641113 -0.29131799936294556 -0.29083529114723206 -0.24006681144237518 -0.2334882616996765 -0.22338610887527466 -0.22234123945236206 -0.18507742881774902 -0.18380200862884521 -0.17797116935253143 -0.17471781373023987 -0.1611829251050949 -0.11695349216461182 -0.08015865832567215 -0.06708177924156189 -0.05907215550541878 -0.05889364331960678 -0.0581037737429142 -0.05561671033501625 -0.054185956716537476 -0.020690811797976494 -0.019370628520846367 -0.01706777699291706 -0.010554410517215729 -0.007142449729144573 -0.005440166685730219 -0.003998737782239914 -0.0021474992390722036 -0.0013983335811644793 -0.001360844587907195 -0.0013595217606052756
-0.6613038182258606 -0.5664968490600586 -0.5397888422012329 -0.5370664000511169 -0.4675371050834656 -0.4665048122406006 -0.4658795893192291 -0.4265546202659607 -0.40621188282966614 -0.3992580473423004 -0.3010554015636444 -0.30035901069641113 -0.29131799936294556 -0.29083529114723206 -0.24006681144237518 -0.2334882616996765 -0.22338610887527466 -0.22234123945236206 -0.18507742881774902 -0.18380200862884521 -0.17797116935253143 -0.17471781373023987 -0.1611829251050949 -0.11695349216461182 -0.08015865832567215 -0.06708177924156189 -0.05907215550541878 -0.05889364331960678 -0.0581037737429142 -0.05561671033501625 -0.054185956716537476 -0.020690811797976494 -0.019370628520846367 -0.01706777699291706 -0.010554410517215729 -0.007142449729144573 -0.005440166685730219 -0.003998737782239914 -0.0021474992390722036 -0.0013983335811644793 -0.001360844587907195 -0.0013595217606052756
-0.6613038182258606 -0.5664968490600586 -0.5397888422012329 -0.5370664000511169 -0.4675371050834656 -0.4665048122406006 -0.4658795893192291 -0.4265546202659607 -0.40621188282966614 -0.3992580473423004 -0.3010554015636444 -0.30035901069641113 -0.29131799936294556 -0.29083529114723206 -0.24006681144237518 -0.2334882616996765 -0.22338610887527466 -0.22234123945236206 -0.18507742881774902 -0.18380200862884521 -0.17797116935253143 -0.17471781373023987 -0.1611829251050949 -0.11695349216461182 -0.08015865832567215 -0.06708177924156189 -0.05907215550541878 -0.05889364331960678 -0.0581037737429142 -0.05561671033501625 -0.054185956716537476 -0.020690811797976494 -0.019370628520846367 -0.01706777699291706 -0.010554410517215729 -0.007142449729144573 -0.005440166685730219 -0.003998737782239914 -0.0021474992390722036 -0.0013983335811644793 -0.001360844587907195 -0.0013595217606052756
-0.6613038182258606 -0.5664968490600586 -0.5397888422012329 -0.5370664000511169 -0.4675371050834656 -0.4665048122406006 -0.4658795893192291 -0.4265546202659607 -0.40621188282966614 -0.3992580473423004 -0.3010554015636444 -0.30035901069641113 -0.29131799936294556 -0.29083529114723206 -0.24006681144237518 -0.2334882616996765 -0.22338610887527466 -0.22234123945236206 -0.18507742881774902 -0.18380200862884521 -0.17797116935253143 -0.17471781373023987 -0.1611829251050949 -0.11695349216461182 -0.08015865832567215 -0.06708177924156189 -0.05907215550541878 -0.05889364331960678 -0.0581037737429142 -0.05561671033501625 -0.054185956716537476 -0.020690811797976494 -0.019370628520846367 -0.01706777699291706 -0.010554410517215729 -0.007142449729144573 -0.005440166685730219 -0.003998737782239914 -0.0021474992390722036 -0.0013983335811644793 -0.001360844587907195 -0.0013595217606052756
-0.6613038182258606 -0.5664968490600586 -0.5397888422012329 -0.5370664000511169 -0.4675371050834656 -0.4665048122406006 -0.4658795893192291 -0.4265546202659607 -0.40621188282966614 -0.3992580473423004 -0.3010554015636444 -0.30035901069641113 -0.29131799936294556 -0.29083529114723206 -0.24006681144237518 -0.2334882616996765 -0.22338610887527466 -0.22234123945236206 -0.18507742881774902 -0.18380200862884521 -0.17797116935253143 -0.17471781373023987 -0.1611829251050949 -0.11695349216461182 -0.08015865832567215 -0.06708177924156189 -0.05907215550541878 -0.05889364331960678 -0.0581037737429142 -0.05561671033501625 -0.054185956716537476 -0.020690811797976494 -0.019370628520846367 -0.01706777699291706 -0.010554410517215729 -0.007142449729144573 -0.005440166685730219 -0.003998737782239914 -0.0021474992390722036 -0.0013983335811644793 -0.001360844587907195 -0.0013595217606052756
-0.6613038182258606 -0.5664968490600586 -0.5397888422012329 -0.5370664000511169 -0.4675371050834656 -0.4665048122406006 -0.4658795893192291 -0.4265546202659607 -0.40621188282966614 -0.3992580473423004 -0.3010554015636444 -0.30035901069641113 -0.29131799936294556 -0.29083529114723206 -0.24006681144237518 -0.2334882616996765 -0.22338610887527466 -0.22234123945236206 -0.18507742881774902 -0.18380200862884521 -0.17797116935253143 -0.17471781373023987 -0.1611829251050949 -0.11695349216461182 -0.08015865832567215 -0.06708177924156189 -0.05907215550541878 -0.05889364331960678 -0.0581037737429142 -0.05561671033501625 -0.054185956716537476 -0.020690811797976494 -0.019370628520846367 -0.01706777699291706 -0.010554410517215729 -0.007142449729144573 -0.005440166685730219 -0.003998737782239914 -0.0021474992390722036 -0.0013983335811644793 -0.001360844587907195 -0.0013595217606052756
-0.6613038182258606 -0.5664968490600586 -0.5397888422012329 -0.5370664000511169 -0.4675371050834656 -0.4665048122406006 -0.4658795893192291 -0.4265546202659607 -0.40621188282966614 -0.3992580473423004 -0.3010554015636444 -0.30035901069641113 -0.29131799936294556 -0.29083529114723206 -0.24006681144237518 -0.2334882616996765 -0.22338610887527466 -0.22234123945236206 -0.18507742881774902 -0.18380200862884521 -0.17797116935253143 -0.17471781373023987 -0.1611829251050949 -0.11695349216461182 -0.08015865832567215 -0.06708177924156189 -0.05907215550541878 -0.05889364331960678 -0.0581037737429142 -0.05561671033501625 -0.054185956716537476 -0.020690811797976494 -0.019370628520846367 -0.01706777699291706 -0.010554410517215729 -0.007142449729144573 -0.005440166685730219 -0.003998737782239914 -0.0021474992390722036 -0.0013983335811644793 -0.001360844587907195 -0.0013595217606052756
-0.6613038182258606 -0.5664968490600586 -0.5397888422012329 -0.5370664000511169 -0.4675371050834656 -0.4665048122406006 -0.4658795893192291 -0.4265546202659607 -0.40621188282966614 -0.3992580473423004 -0.3010554015636444 -0.30035901069641113 -0.29131799936294556 -0.29083529114723206 -0.24006681144237518 -0.2334882616996765 -0.22338610887527466 -0.22234123945236206 -0.18507742881774902 -0.18380200862884521 -0.17797116935253143 -0.17471781373023987 -0.1611829251050949 -0.11695349216461182 -0.08015865832567215 -0.06708177924156189 -0.05907215550541878 -0.05889364331960678 -0.0581037737429142 -0.05561671033501625 -0.054185956716537476 -0.020690811797976494 -0.019370628520846367 -0.01706777699291706 -0.010554410517215729 -0.007142449729144573 -0.005440166685730219 -0.003998737782239914 -0.0021474992390722036 -0.0013983335811644793 -0.001360844587907195 -0.0013595217606052756
-0.6613038182258606 -0.5664968490600586 -0.5397888422012329 -0.5370664000511169 -0.4675371050834656 -0.4665048122406006 -0.4658795893192291 -0.4265546202659607 -0.40621188282966614 -0.3992580473423004 -0.3010554015636444 -0.30035901069641113 -0.29131799936294556 -0.29083529114723206 -0.24006681144237518 -0.2334882616996765 -0.22338610887527466 -0.22234123945236206 -0.18507742881774902 -0.18380200862884521 -0.17797116935253143 -0.17471781373023987 -0.1611829251050949 -0.11695349216461182 -0.08015865832567215 -0.06708177924156189 -0.05907215550541878 -0.05889364331960678 -0.0581037737429142 -0.05561671033501625 -0.054185956716537476 -0.020690811797976494 -0.019370628520846367 -0.01706777699291706 -0.010554410517215729 -0.007142449729144573 -0.005440166685730219 -0.003998737782239914 -0.0021474992390722036 -0.0013983335811644793 -0.001360844587907195 -0.0013595217606052756
-0.6613038182258606 -0.5664968490600586 -0.5397888422012329 -0.5370664000511169 -0.4675371050834656 -0.4665048122406006 -0.4658795893192291 -0.4265546202659607 -0.40621188282966614 -0.3992580473423004 -0.3010554015636444 -0.30035901069641113 -0.29131799936294556 -0.29083529114723206 -0.24006681144237518 -0.2334882616996765 -0.22338610887527466 -0.22234123945236206 -0.18507742881774902 -0.18380200862884521 -0.17797116935253143 -0.17471781373023987 -0.1611829251050949 -0.11695349216461182 -0.08015865832567215 -0.06708177924156189 -0.05907215550541878 -0.05889364331960678 -0.0581037737429142 -0.05561671033501625 -0.054185956716537476 -0.020690811797976494 -0.019370628520846367 -0.01706777699291706 -0.010554410517215729 -0.007142449729144573 -0.005440166685730219 -0.003998737782239914 -0.0021474992390722036 -0.0013983335811644793 -0.001360844587907195 -0.0013595217606052756
-0.6613038182258606 -0.5664968490600586 -0.5397888422012329 -0.5370664000511169 -0.4675371050834656 -0.4665048122406006 -0.4658795893192291 -0.4265546202659607 -0.40621188282966614 -0.3992580473423004 -0.3010554015636444 -0.30035901069641113 -0.29131799936294556 -0.29083529114723206 -0.24006681144237518 -0.2334882616996765 -0.22338610887527466 -0.22234123945236206 -0.18507742881774902 -0.18380200862884521 -0.17797116935253143 -0.17471781373023987 -0.1611829251050949 -0.11695349216461182 -0.08015865832567215 -0.06708177924156189 -0.05907215550541878 -0.05889364331960678 -0.0581037737429142 -0.05561671033501625 -0.054185956716537476 -0.020690811797976494 -0.019370628520846367 -0.01706777699291706 -0.010554410517215729 -0.007142449729144573 -0.005440166685730219 -0.003998737782239914 -0.0021474992390722036 -0.0013983335811644793 -0.001360844587907195 -0.0013595217606052756
-0.6613038182258606 -0.5664968490600586 -0.5397888422012329 -0.5370664000511169 -0.4675371050834656 -0.4665048122406006 -0.4658795893192291 -0.4265546202659607 -0.40621188282966614 -0.3992580473423004 -0.3010554015636444 -0.30035901069641113 -0.29131799936294556 -0.29083529114723206 -0.24006681144237518 -0.2334882616996765 -0.22338610887527466 -0.22234123945236206 -0.18507742881774902 -0.18380200862884521 -0.17797116935253143 -0.17471781373023987 -0.1611829251050949 -0.11695349216461182 -0.08015865832567215 -0.06708177924156189 -0.05907215550541878 -0.05889364331960678 -0.0581037737429142 -0.05561671033501625 -0.054185956716537476 -0.020690811797976494 -0.019370628520846367 -0.01706777699291706 -0.010554410517215729 -0.007142449729144573 -0.005440166685730219 -0.003998737782239914 -0.0021474992390722036 -0.0013983335811644793 -0.001360844587907195 -0.0013595217606052756
-0.6613038182258606 -0.5664968490600586 -0.5397888422012329 -0.5370664000511169 -0.4675371050834656 -0.4665048122406006 -0.4658795893192291 -0.4265546202659607 -0.40621188282966614 -0.3992580473423004 -0.3010554015636444 -0.30035901069641113 -0.29131799936294556 -0.29083529114723206 -0.24006681144237518 -0.2334882616996765 -0.22338610887527466 -0.22234123945236206 -0.18507742881774902 -0.18380200862884521 -0.17797116935253143 -0.17471781373023987 -0.1611829251050949 -0.11695349216461182 -0.08015865832567215 -0.06708177924156189 -0.05907215550541878 -0.05889364331960678 -0.0581037737429142 -0.05561671033501625 -0.054185956716537476 -0.020690811797976494 -0.019370628520846367 -0.01706777699291706 -0.010554410517215729 -0.007142449729144573 -0.005440166685730219 -0.003998737782239914 -0.0021474992390722036 -0.0013983335811644793 -0.001360844587907195 -0.0013595217606052756
-0.6613038182258606 -0.5664968490600586 -0.5397888422012329 -0.5370664000511169 -0.4675371050834656 -0.4665048122406006 -0.4658795893192291 -0.4265546202659607 -0.40621188282966614 -0.3992580473423004 -0.3010554015636444 -0.30035901069641113 -0.29131799936294556 -0.29083529114723206 -0.24006681144237518 -0.2334882616996765 -0.22338610887527466 -0.22234123945236206 -0.18507742881774902 -0.18380200862884521 -0.17797116935253143 -0.17471781373023987 -0.1611829251050949 -0.11695349216461182 -0.08015865832567215 -0.06708177924156189 -0.05907215550541878 -0.05889364331960678 -0.0581037737429142 -0.05561671033501625 -0.054185956716537476 -0.020690811797976494 -0.019370628520846367 -0.01706777699291706 -0.010554410517215729 -0.007142449729144573 -0.005440166685730219 -0.003998737782239914 -0.0021474992390722036 -0.0013983335811644793 -0.001360844587907195 -0.0013595217606052756