-0.6567639112472534 -0.52729731798172 -0.4656822681427002 -0.40918171405792236 -0.31714963912963867 -0.3159102201461792 -0.30066800117492676 -0.2923862040042877 -0.29114797711372375 -0.29103976488113403 -0.28741198778152466 -0.28642702102661133 -0.27680912613868713 -0.2759076654911041 -0.25160935521125793 -0.2512240707874298 -0.23302502930164337 -0.2226572036743164 -0.20893804728984833 -0.20645968616008759 -0.19477467238903046 -0.18234120309352875 -0.17526650428771973 -0.15304984152317047 -0.14962300658226013 -0.13998518884181976 -0.13923507928848267 -0.1318504363298416 -0.10226161777973175 -0.09917137026786804 -0.07352732867002487 -0.02099633403122425 -0.0052572512067854404 -0.004270800389349461 -0.004095420707017183 -0.003476206911727786 -0.0034637541975826025 -0.002694382332265377 -0.0024585872888565063 -0.0023659139405936003 -0.002277260646224022 -0.0020996173843741417 -0.002099212259054184 -0.0017466580029577017 -0.0012635678285732865 -0.0011443827534094453 -0.0010003636125475168 -0.0004603234410751611
-0.6567639112472534 -0.52729731798172 -0.4656822681427002 -0.40918171405792236 -0.31714963912963867 -0.3159102201461792 -0.30066800117492676 -0.2923862040042877 -0.29114797711372375 -0.29103976488113403 -0.28741198778152466 -0.28642702102661133 -0.27680912613868713 -0.2759076654911041 -0.25160935521125793 -0.2512240707874298 -0.23302502930164337 -0.2226572036743164 -0.20893804728984833 -0.20645968616008759 -0.19477467238903046 -0.18234120309352875 -0.17526650428771973 -0.15304984152317047 -0.14962300658226013 -0.13998518884181976 -0.13923507928848267 -0.1318504363298416 -0.10226161777973175 -0.09917137026786804 -0.07352732867002487 -0.02099633403122425 -0.0052572512067854404 -0.004270800389349461 -0.004095420707017183 -0.003476206911727786 -0.0034637541975826025 -0.002694382332265377 -0.0024585872888565063 -0.0023659139405936003 -0.002277260646224022 -0.0020996173843741417 -0.002099212259054184 -0.0017466580029577017 -0.0012635678285732865 -0.0011443827534094453 -0.0010003636125475168 -0.0004603234410751611
-0.6567639112472534 -0.52729731798172 -0.4656822681427002 -0.40918171405792236 -0.31714963912963867 -0.3159102201461792 -0.30066800117492676 -0.2923862040042877 -0.29114797711372375 -0.29103976488113403 -0.28741198778152466 -0.28642702102661133 -0.27680912613868713 -0.2759076654911041 -0.25160935521125793 -0.2512240707874298 -0.23302502930164337 -0.2226572036743164 -0.20893804728984833 -0.20645968616008759 -0.19477467238903046 -0.18234120309352875 -0.17526650428771973 -0.15304984152317047 -0.14962300658226013 -0.13998518884181976 -0.13923507928848267 -0.1318504363298416 -0.10226161777973175 -0.09917137026786804 -0.07352732867002487 -0.02099633403122425 -0.0052572512067854404 -0.004270800389349461 -0.004095420707017183 -0.003476206911727786 -0.0034637541975826025 -0.002694382332265377 -0.0024585872888565063 -0.0023659139405936003 -0.002277260646224022 -0.0020996173843741417 -0.002099212259054184 -0.0017466580029577017 -0.0012635678285732865 -0.0011443827534094453 -0.0010003636125475168 -0.0004603234410751611
-0.6567639112472534 -0.52729731798172 -0.4656822681427002 -0.40918171405792236 -0.31714963912963867 -0.3159102201461792 -0.30066800117492676 -0.2923862040042877 -0.29114797711372375 -0.29103976488113403 -0.28741198778152466 -0.28642702102661133 -0.27680912613868713 -0.2759076654911041 -0.25160935521125793 -0.2512240707874298 -0.23302502930164337 -0.2226572036743164 -0.20893804728984833 -0.20645968616008759 -0.19477467238903046 -0.18234120309352875 -0.17526650428771973 -0.15304984152317047 -0.14962300658226013 -0.13998518884181976 -0.13923507928848267 -0.1318504363298416 -0.10226161777973175 -0.09917137026786804 -0.07352732867002487 -0.02099633403122425 -0.0052572512067854404 -0.004270800389349461 -0.004095420707017183 -0.003476206911727786 -0.0034637541975826025 -0.002694382332265377 -0.0024585872888565063 -0.0023659139405936003 -0.002277260646224022 -0.0020996173843741417 -0.002099212259054184 -0.0017466580029577017 -0.0012635678285732865 -0.0011443827534094453 -0.0010003636125475168 -0.0004603234410751611
-0.6567639112472534 -0.52729731798172 -0.4656822681427002 -0.40918171405792236 -0.31714963912963867 -0.3159102201461792 -0.30066800117492676 -0.2923862040042877 -0.29114797711372375 -0.29103976488113403 -0.28741198778152466 -0.28642702102661133 -0.27680912613868713 -0.2759076654911041 -0.25160935521125793 -0.2512240707874298 -0.23302502930164337 -0.2226572036743164 -0.20893804728984833 -0.20645968616008759 -0.19477467238903046 -0.18234120309352875 -0.17526650428771973 -0.15304984152317047 -0.14962300658226013 -0.13998518884181976 -0.13923507928848267 -0.1318504363298416 -0.10226161777973175 -0.09917137026786804 -0.07352732867002487 -0.02099633403122425 -0.0052572512067854404 -0.004270800389349461 -0.004095420707017183 -0.003476206911727786 -0.0034637541975826025 -0.002694382332265377 -0.0024585872888565063 -0.0023659139405936003 -0.002277260646224022 -0.0020996173843741417 -0.002099212259054184 -0.0017466580029577017 -0.0012635678285732865 -0.0011443827534094453 -0.0010003636125475168 -0.0004603234410751611
-0.6567639112472534 -0.52729731798172 -0.4656822681427002 -0.40918171405792236 -0.31714963912963867 -0.3159102201461792 -0.30066800117492676 -0.2923862040042877 -0.29114797711372375 -0.29103976488113403 -0.28741198778152466 -0.28642702102661133 -0.27680912613868713 -0.2759076654911041 -0.25160935521125793 -0.2512240707874298 -0.23302502930164337 -0.2226572036743164 -0.20893804728984833 -0.20645968616008759 -0.19477467238903046 -0.18234120309352875 -0.17526650428771973 -0.15304984152317047 -0.14962300658226013 -0.13998518884181976 -0.13923507928848267 -0.1318504363298416 -0.10226161777973175 -0.09917137026786804 -0.07352732867002487 -0.02099633403122425 -0.0052572512067854404 -0.004270800389349461 -0.004095420707017183 -0.003476206911727786 -0.0034637541975826025 -0.002694382332265377 -0.0024585872888565063 -0.0023659139405936003 -0.002277260646224022 -0.0020996173843741417 -0.002099212259054184 -0.0017466580029577017 -0.0012635678285732865 -0.0011443827534094453 -0.0010003636125475168 -0.0004603234410751611
-0.6567639112472534 -0.52729731798172 -0.4656822681427002 -0.40918171405792236 -0.31714963912963867 -0.3159102201461792 -0.30066800117492676 -0.2923862040042877 -0.29114797711372375 -0.29103976488113403 -0.28741198778152466 -0.28642702102661133 -0.27680912613868713 -0.2759076654911041 -0.25160935521125793 -0.2512240707874298 -0.23302502930164337 -0.2226572036743164 -0.20893804728984833 -0.20645968616008759 -0.19477467238903046 -0.18234120309352875 -0.17526650428771973 -0.15304984152317047 -0.14962300658226013 -0.13998518884181976 -0.13923507928848267 -0.1318504363298416 -0.10226161777973175 -0.09917137026786804 -0.07352732867002487 -0.02099633403122425 -0.0052572512067854404 -0.004270800389349461 -0.004095420707017183 -0.003476206911727786 -0.0034637541975826025 -0.002694382332265377 -0.0024585872888565063 -0.0023659139405936003 -0.002277260646224022 -0.0020996173843741417 -0.002099212259054184 -0.0017466580029577017 -0.0012635678285732865 -0.0011443827534094453 -0.0010003636125475168 -0.0004603234410751611
-0.6567639112472534 -0.52729731798172 -0.4656822681427002 -0.40918171405792236 -0.31714963912963867 -0.3159102201461792 -0.30066800117492676 -0.2923862040042877 -0.29114797711372375 -0.29103976488113403 -0.28741198778152466 -0.28642702102661133 -0.27680912613868713 -0.2759076654911041 -0.25160935521125793 -0.2512240707874298 -0.23302502930164337 -0.2226572036743164 -0.20893804728984833 -0.20645968616008759 -0.19477467238903046 -0.18234120309352875 -0.17526650428771973 -0.15304984152317047 -0.14962300658226013 -0.13998518884181976 -0.13923507928848267 -0.1318504363298416 -0.10226161777973175 -0.09917137026786804 -0.07352732867002487 -0.02099633403122425 -0.0052572512067854404 -0.004270800389349461 -0.004095420707017183 -0.003476206911727786 -0.0034637541975826025 -0.002694382332265377 -0.0024585872888565063 -0.0023659139405936003 -0.002277260646224022 -0.0020996173843741417 -0.002099212259054184 -0.0017466580029577017 -0.0012635678285732865 -0.0011443827534094453 -0.0010003636125475168 -0.0004603234410751611
-0.6567639112472534 -0.52729731798172 -0.4656822681427002 -0.40918171405792236 -0.31714963912963867 -0.3159102201461792 -0.30066800117492676 -0.2923862040042877 -0.29114797711372375 -0.29103976488113403 -0.28741198778152466 -0.28642702102661133 -0.27680912613868713 -0.2759076654911041 -0.25160935521125793 -0.2512240707874298 -0.23302502930164337 -0.2226572036743164 -0.20893804728984833 -0.20645968616008759 -0.19477467238903046 -0.18234120309352875 -0.17526650428771973 -0.15304984152317047 -0.14962300658226013 -0.13998518884181976 -0.13923507928848267 -0.1318504363298416 -0.10226161777973175 -0.09917137026786804 -0.07352732867002487 -0.02099633403122425 -0.0052572512067854404 -0.004270800389349461 -0.004095420707017183 -0.003476206911727786 -0.0034637541975826025 -0.002694382332265377 -0.0024585872888565063 -0.0023659139405936003 -0.002277260646224022 -0.0020996173843741417 -0.002099212259054184 -0.0017466580029577017 -0.0012635678285732865 -0.0011443827534094453 -0.0010003636125475168 -0.0004603234410751611
-0.6567639112472534 -0.52729731798172 -0.4656822681427002 -0.40918171405792236 -0.31714963912963867 -0.3159102201461792 -0.30066800117492676 -0.2923862040042877 -0.29114797711372375 -0.29103976488113403 -0.28741198778152466 -0.28642702102661133 -0.27680912613868713 -0.2759076654911041 -0.25160935521125793 -0.2512240707874298 -0.23302502930164337 -0.2226572036743164 -0.20893804728984833 -0.20645968616008759 -0.19477467238903046 -0.18234120309352875 -0.17526650428771973 -0.15304984152317047 -0.14962300658226013 -0.13998518884181976 -0.13923507928848267 -0.1318504363298416 -0.10226161777973175 -0.09917137026786804 -0.07352732867002487 -0.02099633403122425 -0.0052572512067854404 -0.004270800389349461 -0.004095420707017183 -0.003476206911727786 -0.0034637541975826025 -0.002694382332265377 -0.0024585872888565063 -0.0023659139405936003 -0.002277260646224022 -0.0020996173843741417 -0.002099212259054184 -0.0017466580029577017 -0.0012635678285732865 -0.0011443827534094453 -0.0010003636125475168 -0.0004603234410751611
-0.6567639112472534 -0.52729731798172 -0.4656822681427002 -0.40918171405792236 -0.31714963912963867 -0.3159102201461792 -0.30066800117492676 -0.2923862040042877 -0.29114797711372375 -0.29103976488113403 -0.28741198778152466 -0.28642702102661133 -0.27680912613868713 -0.2759076654911041 -0.25160935521125793 -0.2512240707874298 -0.23302502930164337 -0.2226572036743164 -0.20893804728984833 -0.20645968616008759 -0.19477467238903046 -0.18234120309352875 -0.17526650428771973 -0.15304984152317047 -0.14962300658226013 -0.13998518884181976 -0.13923507928848267 -0.1318504363298416 -0.10226161777973175 -0.09917137026786804 -0.07352732867002487 -0.02099633403122425 -0.0052572512067854404 -0.004270800389349461 -0.004095420707017183 -0.003476206911727786 -0.0034637541975826025 -0.002694382332265377 -0.0024585872888565063 -0.0023659139405936003 -0.002277260646224022 -0.0020996173843741417 -0.002099212259054184 -0.0017466580029577017 -0.0012635678285732865 -0.0011443827534094453 -0.0010003636125475168 -0.0004603234410751611
-0.6567639112472534 -0.52729731798172 -0.4656822681427002 -0.40918171405792236 -0.31714963912963867 -0.3159102201461792 -0.30066800117492676 -0.2923862040042877 -0.29114797711372375 -0.29103976488113403 -0.28741198778152466 -0.28642702102661133 -0.27680912613868713 -0.2759076654911041 -0.25160935521125793 -0.2512240707874298 -0.23302502930164337 -0.2226572036743164 -0.20893804728984833 -0.20645968616008759 -0.19477467238903046 -0.18234120309352875 -0.17526650428771973 -0.15304984152317047 -0.14962300658226013 -0.13998518884181976 -0.13923507928848267 -0.1318504363298416 -0.10226161777973175 -0.09917137026786804 -0.07352732867002487 -0.02099633403122425 -0.0052572512067854404 -0.004270800389349461 -0.004095420707017183 -0.003476206911727786 -0.0034637541975826025 -0.002694382332265377 -0.0024585872888565063 -0.0023659139405936003 -0.002277260646224022 -0.0020996173843741417 -0.002099212259054184 -0.0017466580029577017 -0.0012635678285732865 -0.0011443827534094453 -0.0010003636125475168 -0.0004603234410751611
-0.6567639112472534 -0.52729731798172 -0.4656822681427002 -0.40918171405792236 -0.31714963912963867 -0.3159102201461792 -0.30066800117492676 -0.2923862040042877 -0.29114797711372375 -0.29103976488113403 -0.28741198778152466 -0.28642702102661133 -0.27680912613868713 -0.2759076654911041 -0.25160935521125793 -0.2512240707874298 -0.23302502930164337 -0.2226572036743164 -0.20893804728984833 -0.20645968616008759 -0.19477467238903046 -0.18234120309352875 -0.17526650428771973 -0.15304984152317047 -0.14962300658226013 -0.13998518884181976 -0.13923507928848267 -0.1318504363298416 -0.10226161777973175 -0.09917137026786804 -0.07352732867002487 -0.02099633403122425 -0.0052572512067854404 -0.004270800389349461 -0.004095420707017183 -0.003476206911727786 -0.0034637541975826025 -0.002694382332265377 -0.0024585872888565063 -0.0023659139405936003 -0.002277260646224022 -0.0020996173843741417 -0.002099212259054184 -0.0017466580029577017 -0.0012635678285732865 -0.0011443827534094453 -0.0010003636125475168 -0.0004603234410751611
-0.6567639112472534 -0.52729731798172 -0.4656822681427002 -0.40918171405792236 -0.31714963912963867 -0.3159102201461792 -0.30066800117492676 -0.2923862040042877 -0.29114797711372375 -0.29103976488113403 -0.28741198778152466 -0.28642702102661133 -0.27680912613868713 -0.2759076654911041 -0.25160935521125793 -0.2512240707874298 -0.23302502930164337 -0.2226572036743164 -0.20893804728984833 -0.20645968616008759 -0.19477467238903046 -0.18234120309352875 -0.17526650428771973 -0.15304984152317047 -0.14962300658226013 -0.13998518884181976 -0.13923507928848267 -0.1318504363298416 -0.10226161777973175 -0.09917137026786804 -0.07352732867002487 -0.02099633403122425 -0.0052572512067854404 -0.004270800389349461 -0.004095420707017183 -0.003476206911727786 -0.0034637541975826025 -0.002694382332265377 -0.0024585872888565063 -0.0023659139405936003 -0.002277260646224022 -0.0020996173843741417 -0.002099212259054184 -0.0017466580029577017 -0.0012635678285732865 -0.0011443827534094453 -0.0010003636125475168 -0.0004603234410751611
-0.6567639112472534 -0.52729731798172 -0.4656822681427002 -0.40918171405792236 -0.31714963912963867 -0.3159102201461792 -0.30066800117492676 -0.2923862040042877 -0.29114797711372375 -0.29103976488113403 -0.28741198778152466 -0.28642702102661133 -0.27680912613868713 -0.2759076654911041 -0.25160935521125793 -0.2512240707874298 -0.23302502930164337 -0.2226572036743164 -0.20893804728984833 -0.20645968616008759 -0.19477467238903046 -0.18234120309352875 -0.17526650428771973 -0.15304984152317047 -0.14962300658226013 -0.13998518884181976 -0.13923507928848267 -0.1318504363298416 -0.10226161777973175 -0.09917137026786804 -0.07352732867002487 -0.02099633403122425 -0.0052572512067854404 -0.004270800389349461 -0.004095420707017183 -0.003476206911727786 -0.0034637541975826025 -0.002694382332265377 -0.0024585872888565063 -0.0023659139405936003 -0.002277260646224022 -0.0020996173843741417 -0.002099212259054184 -0.0017466580029577017 -0.0012635678285732865 -0.0011443827534094453 -0.0010003636125475168 -0.0004603234410751611
-0.6567639112472534 -0.52729731798172 -0.4656822681427002 -0.40918171405792236 -0.31714963912963867 -0.3159102201461792 -0.30066800117492676 -0.2923862040042877 -0.29114797711372375 -0.29103976488113403 -0.28741198778152466 -0.28642702102661133 -0.27680912613868713 -0.2759076654911041 -0.25160935521125793 -0.2512240707874298 -0.23302502930164337 -0.2226572036743164 -0.20893804728984833 -0.20645968616008759 -0.19477467238903046 -0.18234120309352875 -0.17526650428771973 -0.15304984152317047 -0.14962300658226013 -0.13998518884181976 -0.13923507928848267 -0.1318504363298416 -0.10226161777973175 -0.09917137026786804 -0.07352732867002487 -0.02099633403122425 -0.0052572512067854404 -0.004270800389349461 -0.004095420707017183 -0.003476206911727786 -0.0034637541975826025 -0.002694382332265377 -0.0024585872888565063 -0.0023659139405936003 -0.002277260646224022 -0.0020996173843741417 -0.002099212259054184 -0.0017466580029577017 -0.0012635678285732865 -0.0011443827534094453 -0.0010003636125475168 -0.0004603234410751611
-0.6567639112472534 -0.52729731798172 -0.4656822681427002 -0.40918171405792236 -0.31714963912963867 -0.3159102201461792 -0.30066800117492676 -0.2923862040042877 -0.29114797711372375 -0.29103976488113403 -0.28741198778152466 -0.28642702102661133 -0.27680912613868713 -0.2759076654911041 -0.25160935521125793 -0.2512240707874298 -0.23302502930164337 -0.2226572036743164 -0.20893804728984833 -0.20645968616008759 -0.19477467238903046 -0.18234120309352875 -0.17526650428771973 -0.15304984152317047 -0.14962300658226013 -0.13998518884181976 -0.13923507928848267 -0.1318504363298416 -0.10226161777973175 -0.09917137026786804 -0.07352732867002487 -0.02099633403122425 -0.0052572512067854404 -0.004270800389349461 -0.004095420707017183 -0.003476206911727786 -0.0034637541975826025 -0.002694382332265377 -0.0024585872888565063 -0.0023659139405936003 -0.002277260646224022 -0.0020996173843741417 -0.002099212259054184 -0.0017466580029577017 -0.0012635678285732865 -0.0011443827534094453 -0.0010003636125475168 -0.0004603234410751611
-0.6567639112472534 -0.52729731798172 -0.4656822681427002 -0.40918171405792236 -0.31714963912963867 -0.3159102201461792 -0.30066800117492676 -0.2923862040042877 -0.29114797711372375 -0.29103976488113403 -0.28741198778152466 -0.28642702102661133 -0.27680912613868713 -0.2759076654911041 -0.25160935521125793 -0.2512240707874298 -0.23302502930164337 -0.2226572036743164 -0.20893804728984833 -0.20645968616008759 -0.19477467238903046 -0.18234120309352875 -0.17526650428771973 -0.15304984152317047 -0.14962300658226013 -0.13998518884181976 -0.13923507928848267 -0.1318504363298416 -0.10226161777973175 -0.09917137026786804 -0.07352732867002487 -0.02099633403122425 -0.0052572512067854404 -0.004270800389349461 -0.004095420707017183 -0.003476206911727786 -0.0034637541975826025 -0.002694382332265377 -0.0024585872888565063 -0.0023659139405936003 -0.002277260646224022 -0.0020996173843741417 -0.002099212259054184 -0.0017466580029577017 -0.0012635678285732865 -0.0011443827534094453 -0.0010003636125475168 -0.0004603234410751611
-0.6567639112472534 -0.52729731798172 -0.4656822681427002 -0.40918171405792236 -0.31714963912963867 -0.3159102201461792 -0.30066800117492676 -0.2923862040042877 -0.29114797711372375 -0.29103976488113403 -0.28741198778152466 -0.28642702102661133 -0.27680912613868713 -0.2759076654911041 -0.25160935521125793 -0.2512240707874298 -0.23302502930164337 -0.2226572036743164 -0.20893804728984833 -0.20645968616008759 -0.19477467238903046 -0.18234120309352875 -0.17526650428771973 -0.15304984152317047 -0.14962300658226013 -0.13998518884181976 -0.13923507928848267 -0.1318504363298416 -0.10226161777973175 -0.09917137026786804 -0.07352732867002487 -0.02099633403122425 -0.0052572512067854404 -0.004270800389349461 -0.004095420707017183 -0.003476206911727786 -0.0034637541975826025 -0.002694382332265377 -0.0024585872888565063 -0.0023659139405936003 -0.002277260646224022 -0.0020996173843741417 -0.002099212259054184 -0.0017466580029577017 -0.0012635678285732865 -0.0011443827534094453 -0.0010003636125475168 -0.0004603234410751611
-0.6567639112472534 -0.52729731798172 -0.4656822681427002 -0.40918171405792236 -0.31714963912963867 -0.3159102201461792 -0.30066800117492676 -0.2923862040042877 -0.29114797711372375 -0.29103976488113403 -0.28741198778152466 -0.28642702102661133 -0.27680912613868713 -0.2759076654911041 -0.25160935521125793 -0.2512240707874298 -0.23302502930164337 -0.2226572036743164 -0.20893804728984833 -0.20645968616008759 -0.19477467238903046 -0.18234120309352875 -0.17526650428771973 -0.15304984152317047 -0.14962300658226013 -0.13998518884181976 -0.13923507928848267 -0.1318504363298416 -0.10226161777973175 -0.09917137026786804 -0.07352732867002487 -0.02099633403122425 -0.0052572512067854404 -0.004270800389349461 -0.004095420707017183 -0.003476206911727786 -0.0034637541975826025 -0.002694382332265377 -0.0024585872888565063 -0.0023659139405936003 -0.002277260646224022 -0.0020996173843741417 -0.002099212259054184 -0.0017466580029577017 -0.0012635678285732865 -0.0011443827534094453 -0.0010003636125475168 -0.0004603234410751611
-0.6567639112472534 -0.52729731798172 -0.4656822681427002 -0.40918171405792236 -0.31714963912963867 -0.3159102201461792 -0.30066800117492676 -0.2923862040042877 -0.29114797711372375 -0.29103976488113403 -0.28741198778152466 -0.28642702102661133 -0.27680912613868713 -0.2759076654911041 -0.25160935521125793 -0.2512240707874298 -0.23302502930164337 -0.2226572036743164 -0.20893804728984833 -0.20645968616008759 -0.19477467238903046 -0.18234120309352875 -0.17526650428771973 -0.15304984152317047 -0.14962300658226013 -0.13998518884181976 -0.13923507928848267 -0.1318504363298416 -0.10226161777973175 -0.09917137026786804 -0.07352732867002487 -0.02099633403122425 -0.0052572512067854404 -0.004270800389349461 -0.004095420707017183 -0.003476206911727786 -0.0034637541975826025 -0.002694382332265377 -0.0024585872888565063 -0.0023659139405936003 -0.002277260646224022 -0.0020996173843741417 -0.002099212259054184 -0.0017466580029577017 -0.0012635678285732865 -0.0011443827534094453 -0.0010003636125475168 -0.0004603234410751611
-0.6567639112472534 -0.52729731798172 -0.4656822681427002 -0.40918171405792236 -0.31714963912963867 -0.3159102201461792 -0.30066800117492676 -0.2923862040042877 -0.29114797711372375 -0.29103976488113403 -0.28741198778152466 -0.28642702102661133 -0.27680912613868713 -0.2759076654911041 -0.25160935521125793 -0.2512240707874298 -0.23302502930164337 -0.2226572036743164 -0.20893804728984833 -0.20645968616008759 -0.19477467238903046 -0.18234120309352875 -0.17526650428771973 -0.15304984152317047 -0.14962300658226013 -0.13998518884181976 -0.13923507928848267 -0.1318504363298416 -0.10226161777973175 -0.09917137026786804 -0.07352732867002487 -0.02099633403122425 -0.0052572512067854404 -0.004270800389349461 -0.004095420707017183 -0.003476206911727786 -0.0034637541975826025 -0.002694382332265377 -0.0024585872888565063 -0.0023659139405936003 -0.002277260646224022 -0.0020996173843741417 -0.002099212259054184 -0.0017466580029577017 -0.0012635678285732865 -0.0011443827534094453 -0.0010003636125475168 -0.0004603234410751611
-0.6567639112472534 -0.52729731798172 -0.4656822681427002 -0.40918171405792236 -0.31714963912963867 -0.3159102201461792 -0.30066800117492676 -0.2923862040042877 -0.29114797711372375 -0.29103976488113403 -0.28741198778152466 -0.28642702102661133 -0.27680912613868713 -0.2759076654911041 -0.25160935521125793 -0.2512240707874298 -0.23302502930164337 -0.2226572036743164 -0.20893804728984833 -0.20645968616008759 -0.19477467238903046 -0.18234120309352875 -0.17526650428771973 -0.15304984152317047 -0.14962300658226013 -0.13998518884181976 -0.13923507928848267 -0.1318504363298416 -0.10226161777973175 -0.09917137026786804 -0.07352732867002487 -0.02099633403122425 -0.0052572512067854404 -0.004270800389349461 -0.004095420707017183 -0.003476206911727786 -0.0034637541975826025 -0.002694382332265377 -0.0024585872888565063 -0.0023659139405936003 -0.002277260646224022 -0.0020996173843741417 -0.002099212259054184 -0.0017466580029577017 -0.0012635678285732865 -0.0011443827534094453 -0.0010003636125475168 -0.0004603234410751611
-0.6567639112472534 -0.52729731798172 -0.4656822681427002 -0.40918171405792236 -0.31714963912963867 -0.3159102201461792 -0.30066800117492676 -0.2923862040042877 -0.29114797711372375 -0.29103976488113403 -0.28741198778152466 -0.28642702102661133 -0.27680912613868713 -0.2759076654911041 -0.25160935521125793 -0.2512240707874298 -0.23302502930164337 -0.2226572036743164 -0.20893804728984833 -0.20645968616008759 -0.19477467238903046 -0.18234120309352875 -0.17526650428771973 -0.15304984152317047 -0.14962300658226013 -0.13998518884181976 -0.13923507928848267 -0.1318504363298416 -0.10226161777973175 -0.09917137026786804 -0.07352732867002487 -0.02099633403122425 -0.0052572512067854404 -0.004270800389349461 -0.004095420707017183 -0.003476206911727786 -0.0034637541975826025 -0.002694382332265377 -0.0024585872888565063 -0.0023659139405936003 -0.002277260646224022 -0.0020996173843741417 -0.002099212259054184 -0.0017466580029577017 -0.0012635678285732865 -0.0011443827534094453 -0.0010003636125475168 -0.0004603234410751611
-0.6567639112472534 -0.52729731798172 -0.4656822681427002 -0.40918171405792236 -0.31714963912963867 -0.3159102201461792 -0.30066800117492676 -0.2923862040042877 -0.29114797711372375 -0.29103976488113403 -0.28741198778152466 -0.28642702102661133 -0.27680912613868713 -0.2759076654911041 -0.25160935521125793 -0.2512240707874298 -0.23302502930164337 -0.2226572036743164 -0.20893804728984833 -0.20645968616008759 -0.19477467238903046 -0.18234120309352875 -0.17526650428771973 -0.15304984152317047 -0.14962300658226013 -0.13998518884181976 -0.13923507928848267 -0.1318504363298416 -0.10226161777973175 -0.09917137026786804 -0.07352732867002487 -0.02099633403122425 -0.0052572512067854404 -0.004270800389349461 -0.004095420707017183 -0.003476206911727786 -0.0034637541975826025 -0.002694382332265377 -0.0024585872888565063 -0.0023659139405936003 -0.002277260646224022 -0.0020996173843741417 -0.002099212259054184 -0.0017466580029577017 -0.0012635678285732865 -0.0011443827534094453 -0.0010003636125475168 -0.0004603234410751611
-0.6567639112472534 -0.52729731798172 -0.4656822681427002 -0.40918171405792236 -0.31714963912963867 -0.3159102201461792 -0.30066800117492676 -0.2923862040042877 -0.29114797711372375 -0.29103976488113403 -0.28741198778152466 -0.28642702102661133 -0.27680912613868713 -0.2759076654911041 -0.25160935521125793 -0.2512240707874298 -0.23302502930164337 -0.2226572036743164 -0.20893804728984833 -0.20645968616008759 -0.19477467238903046 -0.18234120309352875 -0.17526650428771973 -0.15304984152317047 -0.14962300658226013 -0.13998518884181976 -0.13923507928848267 -0.1318504363298416 -0.10226161777973175 -0.09917137026786804 -0.07352732867002487 -0.02099633403122425 -0.0052572512067854404 -0.004270800389349461 -0.004095420707017183 -0.003476206911727786 -0.0034637541975826025 -0.002694382332265377 -0.0024585872888565063 -0.0023659139405936003 -0.002277260646224022 -0.0020996173843741417 -0.002099212259054184 -0.0017466580029577017 -0.0012635678285732865 -0.0011443827534094453 -0.0010003636125475168 -0.0004603234410751611
-0.6567639112472534 -0.52729731798172 -0.4656822681427002 -0.40918171405792236 -0.31714963912963867 -0.3159102201461792 -0.30066800117492676 -0.2923862040042877 -0.29114797711372375 -0.29103976488113403 -0.28741198778152466 -0.28642702102661133 -0.27680912613868713 -0.2759076654911041 -0.25160935521125793 -0.2512240707874298 -0.23302502930164337 -0.2226572036743164 -0.20893804728984833 -0.20645968616008759 -0.19477467238903046 -0.18234120309352875 -0.17526650428771973 -0.15304984152317047 -0.14962300658226013 -0.13998518884181976 -0.13923507928848267 -0.1318504363298416 -0.10226161777973175 -0.09917137026786804 -0.07352732867002487 -0.02099633403122425 -0.0052572512067854404 -0.004270800389349461 -0.004095420707017183 -0.003476206911727786 -0.0034637541975826025 -0.002694382332265377 -0.0024585872888565063 -0.0023659139405936003 -0.002277260646224022 -0.0020996173843741417 -0.002099212259054184 -0.0017466580029577017 -0.0012635678285732865 -0.0011443827534094453 -0.0010003636125475168 -0.0004603234410751611
-0.6567639112472534 -0.52729731798172 -0.4656822681427002 -0.40918171405792236 -0.31714963912963867 -0.3159102201461792 -0.30066800117492676 -0.2923862040042877 -0.29114797711372375 -0.29103976488113403 -0.28741198778152466 -0.28642702102661133 -0.27680912613868713 -0.2759076654911041 -0.25160935521125793 -0.2512240707874298 -0.23302502930164337 -0.2226572036743164 -0.20893804728984833 -0.20645968616008759 -0.19477467238903046 -0.18234120309352875 -0.17526650428771973 -0.15304984152317047 -0.14962300658226013 -0.13998518884181976 -0.13923507928848267 -0.1318504363298416 -0.10226161777973175 -0.09917137026786804 -0.07352732867002487 -0.02099633403122425 -0.0052572512067854404 -0.004270800389349461 -0.004095420707017183 -0.003476206911727786 -0.0034637541975826025 -0.002694382332265377 -0.0024585872888565063 -0.0023659139405936003 -0.002277260646224022 -0.0020996173843741417 -0.002099212259054184 -0.0017466580029577017 -0.0012635678285732865 -0.0011443827534094453 -0.0010003636125475168 -0.0004603234410751611
-0.6567639112472534 -0.52729731798172 -0.4656822681427002 -0.40918171405792236 -0.31714963912963867 -0.3159102201461792 -0.30066800117492676 -0.2923862040042877 -0.29114797711372375 -0.29103976488113403 -0.28741198778152466 -0.28642702102661133 -0.27680912613868713 -0.2759076654911041 -0.25160935521125793 -0.2512240707874298 -0.23302502930164337 -0.2226572036743164 -0.20893804728984833 -0.20645968616008759 -0.19477467238903046 -0.18234120309352875 -0.17526650428771973 -0.15304984152317047 -0.14962300658226013 -0.13998518884181976 -0.13923507928848267 -0.1318504363298416 -0.10226161777973175 -0.09917137026786804 -0.07352732867002487 -0.02099633403122425 -0.0052572512067854404 -0.004270800389349461 -0.004095420707017183 -0.003476206911727786 -0.0034637541975826025 -0.002694382332265377 -0.0024585872888565063 -0.0023659139405936003 -0.002277260646224022 -0.0020996173843741417 -0.002099212259054184 -0.0017466580029577017 -0.0012635678285732865 -0.0011443827534094453 -0.0010003636125475168 -0.0004603234410751611
-0.6567639112472534 -0.52729731798172 -0.4656822681427002 -0.40918171405792236 -0.31714963912963867 -0.3159102201461792 -0.30066800117492676 -0.2923862040042877 -0.29114797711372375 -0.29103976488113403 -0.28741198778152466 -0.28642702102661133 -0.27680912613868713 -0.2759076654911041 -0.25160935521125793 -0.2512240707874298 -0.23302502930164337 -0.2226572036743164 -0.20893804728984833 -0.20645968616008759 -0.19477467238903046 -0.18234120309352875 -0.17526650428771973 -0.15304984152317047 -0.14962300658226013 -0.13998518884181976 -0.13923507928848267 -0.1318504363298416 -0.10226161777973175 -0.09917137026786804 -0.07352732867002487 -0.02099633403122425 -0.0052572512067854404 -0.004270800389349461 -0.004095420707017183 -0.003476206911727786 -0.0034637541975826025 -0.002694382332265377 -0.0024585872888565063 -0.0023659139405936003 -0.002277260646224022 -0.0020996173843741417 -0.002099212259054184 -0.0017466580029577017 -0.0012635678285732865 -0.0011443827534094453 -0.0010003636125475168 -0.0004603234410751611
-0.6567639112472534 -0.52729731798172 -0.4656822681427002 -0.40918171405792236 -0.31714963912963867 -0.3159102201461792 -0.30066800117492676 -0.2923862040042877 -0.29114797711372375 -0.29103976488113403 -0.28741198778152466 -0.28642702102661133 -0.27680912613868713 -0.2759076654911041 -0.25160935521125793 -0.2512240707874298 -0.23302502930164337 -0.2226572036743164 -0.20893804728984833 -0.20645968616008759 -0.19477467238903046 -0.18234120309352875 -0.17526650428771973 -0.15304984152317047 -0.14962300658226013 -0.13998518884181976 -0.13923507928848267 -0.1318504363298416 -0.10226161777973175 -0.09917137026786804 -0.07352732867002487 -0.02099633403122425 -0.0052572512067854404 -0.004270800389349461 -0.004095420707017183 -0.003476206911727786 -0.0034637541975826025 -0.002694382332265377 -0.0024585872888565063 -0.0023659139405936003 -0.002277260646224022 -0.0020996173843741417 -0.002099212259054184 -0.0017466580029577017 -0.0012635678285732865 -0.0011443827534094453 -0.0010003636125475168 -0.0004603234410751611
-0.6567639112472534 -0.52729731798172 -0.4656822681427002 -0.40918171405792236 -0.31714963912963867 -0.3159102201461792 -0.30066800117492676 -0.2923862040042877 -0.29114797711372375 -0.29103976488113403 -0.28741198778152466 -0.28642702102661133 -0.27680912613868713 -0.2759076654911041 -0.25160935521125793 -0.2512240707874298 -0.23302502930164337 -0.2226572036743164 -0.20893804728984833 -0.20645968616008759 -0.19477467238903046 -0.18234120309352875 -0.17526650428771973 -0.15304984152317047 -0.14962300658226013 -0.13998518884181976 -0.13923507928848267 -0.1318504363298416 -0.10226161777973175 -0.09917137026786804 -0.07352732867002487 -0.02099633403122425 -0.0052572512067854404 -0.004270800389349461 -0.004095420707017183 -0.003476206911727786 -0.0034637541975826025 -0.002694382332265377 -0.0024585872888565063 -0.0023659139405936003 -0.002277260646224022 -0.0020996173843741417 -0.002099212259054184 -0.0017466580029577017 -0.0012635678285732865 -0.0011443827534094453 -0.0010003636125475168 -0.0004603234410751611
-0.6567639112472534 -0.52729731798172 -0.4656822681427002 -0.40918171405792236 -0.31714963912963867 -0.3159102201461792 -0.30066800117492676 -0.2923862040042877 -0.29114797711372375 -0.29103976488113403 -0.28741198778152466 -0.28642702102661133 -0.27680912613868713 -0.2759076654911041 -0.25160935521125793 -0.2512240707874298 -0.23302502930164337 -0.2226572036743164 -0.20893804728984833 -0.20645968616008759 -0.19477467238903046 -0.18234120309352875 -0.17526650428771973 -0.15304984152317047 -0.14962300658226013 -0.13998518884181976 -0.13923507928848267 -0.1318504363298416 -0.10226161777973175 -0.09917137026786804 -0.07352732867002487 -0.02099633403122425 -0.0052572512067854404 -0.004270800389349461 -0.004095420707017183 -0.003476206911727786 -0.0034637541975826025 -0.002694382332265377 -0.0024585872888565063 -0.0023659139405936003 -0.002277260646224022 -0.0020996173843741417 -0.002099212259054184 -0.0017466580029577017 -0.0012635678285732865 -0.0011443827534094453 -0.0010003636125475168 -0.0004603234410751611
-0.6567639112472534 -0.52729731798172 -0.4656822681427002 -0.40918171405792236 -0.31714963912963867 -0.3159102201461792 -0.30066800117492676 -0.2923862040042877 -0.29114797711372375 -0.29103976488113403 -0.28741198778152466 -0.28642702102661133 -0.27680912613868713 -0.2759076654911041 -0.25160935521125793 -0.2512240707874298 -0.23302502930164337 -0.2226572036743164 -0.20893804728984833 -0.20645968616008759 -0.19477467238903046 -0.18234120309352875 -0.17526650428771973 -0.15304984152317047 -0.14962300658226013 -0.13998518884181976 -0.13923507928848267 -0.1318504363298416 -0.10226161777973175 -0.09917137026786804 -0.07352732867002487 -0.02099633403122425 -0.0052572512067854404 -0.004270800389349461 -0.004095420707017183 -0.003476206911727786 -0.0034637541975826025 -0.002694382332265377 -0.0024585872888565063 -0.0023659139405936003 -0.002277260646224022 -0.0020996173843741417 -0.002099212259054184 -0.0017466580029577017 -0.0012635678285732865 -0.0011443827534094453 -0.0010003636125475168 -0.0004603234410751611
-0.6567639112472534 -0.52729731798172 -0.4656822681427002 -0.40918171405792236 -0.31714963912963867 -0.3159102201461792 -0.30066800117492676 -0.2923862040042877 -0.29114797711372375 -0.29103976488113403 -0.28741198778152466 -0.28642702102661133 -0.27680912613868713 -0.2759076654911041 -0.25160935521125793 -0.2512240707874298 -0.23302502930164337 -0.2226572036743164 -0.20893804728984833 -0.20645968616008759 -0.19477467238903046 -0.18234120309352875 -0.17526650428771973 -0.15304984152317047 -0.14962300658226013 -0.13998518884181976 -0.13923507928848267 -0.1318504363298416 -0.10226161777973175 -0.09917137026786804 -0.07352732867002487 -0.02099633403122425 -0.0052572512067854404 -0.004270800389349461 -0.004095420707017183 -0.003476206911727786 -0.0034637541975826025 -0.002694382332265377 -0.0024585872888565063 -0.0023659139405936003 -0.002277260646224022 -0.0020996173843741417 -0.002099212259054184 -0.0017466580029577017 -0.0012635678285732865 -0.0011443827534094453 -0.0010003636125475168 -0.0004603234410751611
-0.6567639112472534 -0.52729731798172 -0.4656822681427002 -0.40918171405792236 -0.31714963912963867 -0.3159102201461792 -0.30066800117492676 -0.2923862040042877 -0.29114797711372375 -0.29103976488113403 -0.28741198778152466 -0.28642702102661133 -0.27680912613868713 -0.2759076654911041 -0.25160935521125793 -0.2512240707874298 -0.23302502930164337 -0.2226572036743164 -0.20893804728984833 -0.20645968616008759 -0.19477467238903046 -0.18234120309352875 -0.17526650428771973 -0.15304984152317047 -0.14962300658226013 -0.13998518884181976 -0.13923507928848267 -0.1318504363298416 -0.10226161777973175 -0.09917137026786804 -0.07352732867002487 -0.02099633403122425 -0.0052572512067854404 -0.004270800389349461 -0.004095420707017183 -0.003476206911727786 -0.0034637541975826025 -0.002694382332265377 -0.0024585872888565063 -0.0023659139405936003 -0.002277260646224022 -0.0020996173843741417 -0.002099212259054184 -0.0017466580029577017 -0.0012635678285732865 -0.0011443827534094453 -0.0010003636125475168 -0.0004603234410751611
-0.6567639112472534 -0.52729731798172 -0.4656822681427002 -0.40918171405792236 -0.31714963912963867 -0.3159102201461792 -0.30066800117492676 -0.2923862040042877 -0.29114797711372375 -0.29103976488113403 -0.28741198778152466 -0.28642702102661133 -0.27680912613868713 -0.2759076654911041 -0.25160935521125793 -0.2512240707874298 -0.23302502930164337 -0.2226572036743164 -0.20893804728984833 -0.20645968616008759 -0.19477467238903046 -0.18234120309352875 -0.17526650428771973 -0.15304984152317047 -0.14962300658226013 -0.13998518884181976 -0.13923507928848267 -0.1318504363298416 -0.10226161777973175 -0.09917137026786804 -0.07352732867002487 -0.02099633403122425 -0.0052572512067854404 -0.004270800389349461 -0.004095420707017183 -0.003476206911727786 -0.0034637541975826025 -0.002694382332265377 -0.0024585872888565063 -0.0023659139405936003 -0.002277260646224022 -0.0020996173843741417 -0.002099212259054184 -0.0017466580029577017 -0.0012635678285732865 -0.0011443827534094453 -0.0010003636125475168 -0.0004603234410751611
-0.6567639112472534 -0.52729731798172 -0.4656822681427002 -0.40918171405792236 -0.31714963912963867 -0.3159102201461792 -0.30066800117492676 -0.2923862040042877 -0.29114797711372375 -0.29103976488113403 -0.28741198778152466 -0.28642702102661133 -0.27680912613868713 -0.2759076654911041 -0.25160935521125793 -0.2512240707874298 -0.23302502930164337 -0.2226572036743164 -0.20893804728984833 -0.20645968616008759 -0.19477467238903046 -0.18234120309352875 -0.17526650428771973 -0.15304984152317047 -0.14962300658226013 -0.13998518884181976 -0.13923507928848267 -0.1318504363298416 -0.10226161777973175 -0.09917137026786804 -0.07352732867002487 -0.02099633403122425 -0.0052572512067854404 -0.004270800389349461 -0.004095420707017183 -0.003476206911727786 -0.0034637541975826025 -0.002694382332265377 -0.0024585872888565063 -0.0023659139405936003 -0.002277260646224022 -0.0020996173843741417 -0.002099212259054184 -0.0017466580029577017 -0.0012635678285732865 -0.0011443827534094453 -0.0010003636125475168 -0.0004603234410751611
-0.6567639112472534 -0.52729731798172 -0.4656822681427002 -0.40918171405792236 -0.31714963912963867 -0.3159102201461792 -0.30066800117492676 -0.2923862040042877 -0.29114797711372375 -0.29103976488113403 -0.28741198778152466 -0.28642702102661133 -0.27680912613868713 -0.2759076654911041 -0.25160935521125793 -0.2512240707874298 -0.23302502930164337 -0.2226572036743164 -0.20893804728984833 -0.20645968616008759 -0.19477467238903046 -0.18234120309352875 -0.17526650428771973 -0.15304984152317047 -0.14962300658226013 -0.13998518884181976 -0.13923507928848267 -0.1318504363298416 -0.10226161777973175 -0.09917137026786804 -0.07352732867002487 -0.02099633403122425 -0.0052572512067854404 -0.004270800389349461 -0.004095420707017183 -0.003476206911727786 -0.0034637541975826025 -0.002694382332265377 -0.0024585872888565063 -0.0023659139405936003 -0.002277260646224022 -0.0020996173843741417 -0.002099212259054184 -0.0017466580029577017 -0.0012635678285732865 -0.0011443827534094453 -0.0010003636125475168 -0.0004603234410751611
-0.6567639112472534 -0.52729731798172 -0.4656822681427002 -0.40918171405792236 -0.31714963912963867 -0.3159102201461792 -0.30066800117492676 -0.2923862040042877 -0.29114797711372375 -0.29103976488113403 -0.28741198778152466 -0.28642702102661133 -0.27680912613868713 -0.2759076654911041 -0.25160935521125793 -0.2512240707874298 -0.23302502930164337 -0.2226572036743164 -0.20893804728984833 -0.20645968616008759 -0.19477467238903046 -0.18234120309352875 -0.17526650428771973 -0.15304984152317047 -0.14962300658226013 -0.13998518884181976 -0.13923507928848267 -0.1318504363298416 -0.10226161777973175 -0.09917137026786804 -0.07352732867002487 -0.02099633403122425 -0.0052572512067854404 -0.004270800389349461 -0.004095420707017183 -0.003476206911727786 -0.0034637541975826025 -0.002694382332265377 -0.0024585872888565063 -0.0023659139405936003 -0.002277260646224022 -0.0020996173843741417 -0.002099212259054184 -0.0017466580029577017 -0.0012635678285732865 -0.0011443827534094453 -0.0010003636125475168 -0.0004603234410751611
-0.6567639112472534 -0.52729731798172 -0.4656822681427002 -0.40918171405792236 -0.31714963912963867 -0.3159102201461792 -0.30066800117492676 -0.2923862040042877 -0.29114797711372375 -0.29103976488113403 -0.28741198778152466 -0.28642702102661133 -0.27680912613868713 -0.2759076654911041 -0.25160935521125793 -0.2512240707874298 -0.23302502930164337 -0.2226572036743164 -0.20893804728984833 -0.20645968616008759 -0.19477467238903046 -0.18234120309352875 -0.17526650428771973 -0.15304984152317047 -0.14962300658226013 -0.13998518884181976 -0.13923507928848267 -0.1318504363298416 -0.10226161777973175 -0.09917137026786804 -0.07352732867002487 -0.02099633403122425 -0.0052572512067854404 -0.004270800389349461 -0.004095420707017183 -0.003476206911727786 -0.0034637541975826025 -0.002694382332265377 -0.0024585872888565063 -0.0023659139405936003 -0.002277260646224022 -0.0020996173843741417 -0.002099212259054184 -0.0017466580029577017 -0.0012635678285732865 -0.0011443827534094453 -0.0010003636125475168 -0.0004603234410751611
-0.6567639112472534 -0.52729731798172 -0.4656822681427002 -0.40918171405792236 -0.31714963912963867 -0.3159102201461792 -0.30066800117492676 -0.2923862040042877 -0.29114797711372375 -0.29103976488113403 -0.28741198778152466 -0.28642702102661133 -0.27680912613868713 -0.2759076654911041 -0.25160935521125793 -0.2512240707874298 -0.23302502930164337 -0.2226572036743164 -0.20893804728984833 -0.20645968616008759 -0.19477467238903046 -0.18234120309352875 -0.17526650428771973 -0.15304984152317047 -0.14962300658226013 -0.13998518884181976 -0.13923507928848267 -0.1318504363298416 -0.10226161777973175 -0.09917137026786804 -0.07352732867002487 -0.02099633403122425 -0.0052572512067854404 -0.004270800389349461 -0.004095420707017183 -0.003476206911727786 -0.0034637541975826025 -0.002694382332265377 -0.0024585872888565063 -0.0023659139405936003 -0.002277260646224022 -0.0020996173843741417 -0.002099212259054184 -0.0017466580029577017 -0.0012635678285732865 -0.0011443827534094453 -0.0010003636125475168 -0.0004603234410751611