-0.41082775592803955 -0.540635883808136 -0.4813940227031708 -0.15014219284057617 -0.15014219284057617 -0.23135621845722198 -0.11140314489603043 -0.2673846483230591 -0.2673846483230591 -0.23135621845722198 -0.27162888646125793 -0.15014219284057617 -0.15014219284057617 -0.15014219284057617 -0.11140314489603043 -0.15014219284057617 -0.15014219284057617 -0.11574030667543411 -0.11140314489603043 -0.11140314489603043 -0.11140314489603043 -0.11140314489603043 -0.14827632904052734 -0.11140314489603043 -0.12295447289943695 -0.11440322548151016 -0.10330824553966522 -0.08327828347682953 -0.07100258767604828 -0.057324305176734924 -0.0021115578711032867 -0.004927592817693949 -0.0036565272603183985 -0.0036451583728194237 -0.002990358741953969 -0.0020504905842244625 -0.001073810737580061 -0.00173016800545156 -0.0014935905346646905 -0.0014501441037282348 -0.0002810426813084632
-0.41082775592803955 -0.540635883808136 -0.47807836532592773 -0.15014219284057617 -0.15014219284057617 -0.23135621845722198 -0.11140314489603043 -0.2673846483230591 -0.2673846483230591 -0.23135621845722198 -0.27162888646125793 -0.15014219284057617 -0.15014219284057617 -0.15014219284057617 -0.11140314489603043 -0.15014219284057617 -0.15014219284057617 -0.11574030667543411 -0.11140314489603043 -0.11140314489603043 -0.11140314489603043 -0.11140314489603043 -0.14827632904052734 -0.11140314489603043 -0.12295447289943695 -0.11440322548151016 -0.10330824553966522 -0.08327828347682953 -0.07100258767604828 -0.057324305176734924 -0.0021115578711032867 -0.004927592817693949 -0.0036565272603183985 -0.0036451583728194237 -0.002990358741953969 -0.0020504905842244625 -0.001073810737580061 -0.00173016800545156 -0.0014935905346646905 -0.0014501441037282348 -0.0002810426813084632
-0.41082775592803955 -0.41082775592803955 -0.41082775592803955 -0.15014219284057617 -0.15014219284057617 -0.23135621845722198 -0.11140314489603043 -0.2673846483230591 -0.2673846483230591 -0.23135621845722198 -0.27162888646125793 -0.15014219284057617 -0.15014219284057617 -0.15014219284057617 -0.11140314489603043 -0.15014219284057617 -0.15014219284057617 -0.11574030667543411 -0.11140314489603043 -0.11140314489603043 -0.11140314489603043 -0.11140314489603043 -0.14827632904052734 -0.11140314489603043 -0.12295447289943695 -0.11440322548151016 -0.10330824553966522 -0.08327828347682953 -0.07100258767604828 -0.057324305176734924 -0.0021115578711032867 -0.004927592817693949 -0.0036565272603183985 -0.0036451583728194237 -0.002990358741953969 -0.0020504905842244625 -0.001073810737580061 -0.00173016800545156 -0.0014935905346646905 -0.0014501441037282348 -0.0002810426813084632
-0.41082775592803955 -0.47807836532592773 -0.47807836532592773 -0.15014219284057617 -0.15014219284057617 -0.23135621845722198 -0.11140314489603043 -0.2673846483230591 -0.2673846483230591 -0.23135621845722198 -0.28055116534233093 -0.15014219284057617 -0.15014219284057617 -0.15014219284057617 -0.11140314489603043 -0.15014219284057617 -0.15014219284057617 -0.11574030667543411 -0.11140314489603043 -0.11140314489603043 -0.11140314489603043 -0.11140314489603043 -0.14827632904052734 -0.11140314489603043 -0.12295447289943695 -0.11440322548151016 -0.10330824553966522 -0.08327828347682953 -0.07100258767604828 -0.057324305176734924 -0.0021115578711032867 -0.004927592817693949 -0.0036565272603183985 -0.0036451583728194237 -0.002990358741953969 -0.0020504905842244625 -0.001073810737580061 -0.00173016800545156 -0.0014935905346646905 -0.0014501441037282348 -0.0002810426813084632
-0.41082775592803955 -0.41082775592803955 -0.41082775592803955 -0.15014219284057617 -0.15014219284057617 -0.23135621845722198 -0.11140314489603043 -0.2673846483230591 -0.2673846483230591 -0.23135621845722198 -0.27162888646125793 -0.15014219284057617 -0.15014219284057617 -0.15014219284057617 -0.11140314489603043 -0.15014219284057617 -0.15014219284057617 -0.11574030667543411 -0.11140314489603043 -0.11140314489603043 -0.11140314489603043 -0.11140314489603043 -0.14827632904052734 -0.11140314489603043 -0.12295447289943695 -0.11440322548151016 -0.10330824553966522 -0.08327828347682953 -0.07100258767604828 -0.057324305176734924 -0.0021115578711032867 -0.004927592817693949 -0.0036565272603183985 -0.0036451583728194237 -0.002990358741953969 -0.0020504905842244625 -0.001073810737580061 -0.00173016800545156 -0.0014935905346646905 -0.0014501441037282348 -0.0002810426813084632
-0.15014219284057617 -0.15014219284057617 -0.15014219284057617 -0.1707010269165039 -0.1707010269165039 -0.15014219284057617 -0.11140314489603043 -0.15014219284057617 -0.15014219284057617 -0.15014219284057617 -0.15014219284057617 -0.26465466618537903 -0.21133172512054443 -0.1707010269165039 -0.11140314489603043 -0.21133172512054443 -0.21133172512054443 -0.11574030667543411 -0.11140314489603043 -0.11140314489603043 -0.11140314489603043 -0.11140314489603043 -0.14827632904052734 -0.11140314489603043 -0.12295447289943695 -0.11440322548151016 -0.10330824553966522 -0.08327828347682953 -0.07100258767604828 -0.057324305176734924 -0.006719053722918034 -0.004927592817693949 -0.0036565272603183985 -0.0036451583728194237 -0.003271251218393445 -0.0024812661577016115 -0.001073810737580061 -0.002002311171963811 -0.0014935905346646905 -0.0014501441037282348 -0.0002810426813084632
-0.41082775592803955 -0.41082775592803955 -0.41082775592803955 -0.15014219284057617 -0.15014219284057617 -0.23135621845722198 -0.11140314489603043 -0.2673846483230591 -0.2673846483230591 -0.23135621845722198 -0.28055116534233093 -0.15014219284057617 -0.15014219284057617 -0.15014219284057617 -0.11140314489603043 -0.15014219284057617 -0.15014219284057617 -0.11574030667543411 -0.11140314489603043 -0.11140314489603043 -0.11140314489603043 -0.11140314489603043 -0.14827632904052734 -0.11140314489603043 -0.12295447289943695 -0.11440322548151016 -0.10330824553966522 -0.08327828347682953 -0.07100258767604828 -0.057324305176734924 -0.0021115578711032867 -0.004927592817693949 -0.0048660533502697945 -0.0036451583728194237 -0.002990358741953969 -0.0020504905842244625 -0.001073810737580061 -0.00173016800545156 -0.0014935905346646905 -0.0014501441037282348 -0.0002810426813084632
-0.23135621845722198 -0.23135621845722198 -0.23135621845722198 -0.15014219284057617 -0.15014219284057617 -0.3013837933540344 -0.11140314489603043 -0.23135621845722198 -0.23135621845722198 -0.2734315097332001 -0.23135621845722198 -0.15014219284057617 -0.15014219284057617 -0.15014219284057617 -0.11140314489603043 -0.15014219284057617 -0.15014219284057617 -0.11574030667543411 -0.11140314489603043 -0.11140314489603043 -0.11140314489603043 -0.11140314489603043 -0.14827632904052734 -0.11140314489603043 -0.12295447289943695 -0.11440322548151016 -0.10330824553966522 -0.08327828347682953 -0.07100258767604828 -0.057324305176734924 -0.0021115578711032867 -0.004927592817693949 -0.0036565272603183985 -0.0036451583728194237 -0.002990358741953969 -0.0020504905842244625 -0.001073810737580061 -0.00173016800545156 -0.0014935905346646905 -0.0014501441037282348 -0.0002810426813084632
-0.11140314489603043 -0.11140314489603043 -0.11140314489603043 -0.11140314489603043 -0.11140314489603043 -0.11140314489603043 -0.2997679114341736 -0.11140314489603043 -0.11140314489603043 -0.11140314489603043 -0.11140314489603043 -0.11140314489603043 -0.11140314489603043 -0.11140314489603043 -0.22692687809467316 -0.11140314489603043 -0.11140314489603043 -0.11140314489603043 -0.15963749587535858 -0.11870801448822021 -0.15963749587535858 -0.1634272187948227 -0.11140314489603043 -0.13456568121910095 -0.11140314489603043 -0.11140314489603043 -0.10330824553966522 -0.08327828347682953 -0.07100258767604828 -0.057324305176734924 -0.0021115578711032867 -0.004927592817693949 -0.0036565272603183985 -0.0036451583728194237 -0.002990358741953969 -0.0020504905842244625 -0.001073810737580061 -0.00173016800545156 -0.0014935905346646905 -0.0014501441037282348 -0.0002810426813084632
-0.15014219284057617 -0.15014219284057617 -0.15014219284057617 -0.30899786949157715 -0.3077261447906494 -0.15014219284057617 -0.11140314489603043 -0.15014219284057617 -0.15014219284057617 -0.15014219284057617 -0.15014219284057617 -0.1707010269165039 -0.1707010269165039 -0.21553868055343628 -0.11140314489603043 -0.1707010269165039 -0.1707010269165039 -0.11574030667543411 -0.11140314489603043 -0.11140314489603043 -0.11140314489603043 -0.11140314489603043 -0.14827632904052734 -0.11140314489603043 -0.12295447289943695 -0.11440322548151016 -0.10330824553966522 -0.08327828347682953 -0.07100258767604828 -0.057324305176734924 -0.0021115578711032867 -0.004927592817693949 -0.0036565272603183985 -0.0036451583728194237 -0.002990358741953969 -0.0020504905842244625 -0.001073810737580061 -0.00173016800545156 -0.0014935905346646905 -0.0014501441037282348 -0.0002810426813084632
-0.15014219284057617 -0.15014219284057617 -0.15014219284057617 -0.30705809593200684 -0.3077261447906494 -0.15014219284057617 -0.11140314489603043 -0.15014219284057617 -0.15014219284057617 -0.15014219284057617 -0.15014219284057617 -0.1707010269165039 -0.1707010269165039 -0.21553868055343628 -0.11140314489603043 -0.1707010269165039 -0.1707010269165039 -0.11574030667543411 -0.11140314489603043 -0.11140314489603043 -0.11140314489603043 -0.11140314489603043 -0.14827632904052734 -0.11140314489603043 -0.12295447289943695 -0.11440322548151016 -0.10330824553966522 -0.08327828347682953 -0.07100258767604828 -0.057324305176734924 -0.0021115578711032867 -0.004927592817693949 -0.0036565272603183985 -0.0036451583728194237 -0.002990358741953969 -0.0020504905842244625 -0.001073810737580061 -0.00173016800545156 -0.0014935905346646905 -0.0014501441037282348 -0.0002810426813084632
-0.15014219284057617 -0.15014219284057617 -0.15014219284057617 -0.30705809593200684 -0.30705809593200684 -0.15014219284057617 -0.11140314489603043 -0.15014219284057617 -0.15014219284057617 -0.15014219284057617 -0.15014219284057617 -0.1707010269165039 -0.1707010269165039 -0.21553868055343628 -0.11140314489603043 -0.1707010269165039 -0.1707010269165039 -0.11574030667543411 -0.11140314489603043 -0.11140314489603043 -0.11140314489603043 -0.11140314489603043 -0.14827632904052734 -0.11140314489603043 -0.12295447289943695 -0.11440322548151016 -0.10330824553966522 -0.08327828347682953 -0.07100258767604828 -0.057324305176734924 -0.0021115578711032867 -0.004927592817693949 -0.0036565272603183985 -0.0036451583728194237 -0.002990358741953969 -0.0020504905842244625 -0.001073810737580061 -0.00173016800545156 -0.0014935905346646905 -0.0014501441037282348 -0.0002810426813084632
-0.15014219284057617 -0.15014219284057617 -0.15014219284057617 -0.30705809593200684 -0.30705809593200684 -0.15014219284057617 -0.11140314489603043 -0.15014219284057617 -0.15014219284057617 -0.15014219284057617 -0.15014219284057617 -0.1707010269165039 -0.1707010269165039 -0.21553868055343628 -0.11140314489603043 -0.1707010269165039 -0.1707010269165039 -0.11574030667543411 -0.11140314489603043 -0.11140314489603043 -0.11140314489603043 -0.11140314489603043 -0.14827632904052734 -0.11140314489603043 -0.12295447289943695 -0.11440322548151016 -0.10330824553966522 -0.08327828347682953 -0.07100258767604828 -0.057324305176734924 -0.0021115578711032867 -0.004927592817693949 -0.0036565272603183985 -0.0036451583728194237 -0.002990358741953969 -0.0020504905842244625 -0.001073810737580061 -0.00173016800545156 -0.0014935905346646905 -0.0014501441037282348 -0.0002810426813084632
-0.11140314489603043 -0.11140314489603043 -0.11140314489603043 -0.11140314489603043 -0.11140314489603043 -0.11140314489603043 -0.2997679114341736 -0.11140314489603043 -0.11140314489603043 -0.11140314489603043 -0.11140314489603043 -0.11140314489603043 -0.11140314489603043 -0.11140314489603043 -0.22692687809467316 -0.11140314489603043 -0.11140314489603043 -0.11140314489603043 -0.15963749587535858 -0.11870801448822021 -0.15963749587535858 -0.1634272187948227 -0.11140314489603043 -0.13456568121910095 -0.11140314489603043 -0.11140314489603043 -0.10330824553966522 -0.08327828347682953 -0.07100258767604828 -0.057324305176734924 -0.0021115578711032867 -0.004927592817693949 -0.0036565272603183985 -0.0036451583728194237 -0.002990358741953969 -0.0020504905842244625 -0.001073810737580061 -0.00173016800545156 -0.0014935905346646905 -0.0014501441037282348 -0.0002810426813084632
-0.15014219284057617 -0.15014219284057617 -0.15014219284057617 -0.30899786949157715 -0.3077261447906494 -0.15014219284057617 -0.11140314489603043 -0.15014219284057617 -0.15014219284057617 -0.15014219284057617 -0.15014219284057617 -0.1707010269165039 -0.1707010269165039 -0.21553868055343628 -0.11140314489603043 -0.1707010269165039 -0.1707010269165039 -0.11574030667543411 -0.11140314489603043 -0.11140314489603043 -0.11140314489603043 -0.11140314489603043 -0.14827632904052734 -0.11140314489603043 -0.12295447289943695 -0.11440322548151016 -0.10330824553966522 -0.08327828347682953 -0.07100258767604828 -0.057324305176734924 -0.0021115578711032867 -0.004927592817693949 -0.0036565272603183985 -0.0036451583728194237 -0.002990358741953969 -0.0020504905842244625 -0.001073810737580061 -0.00173016800545156 -0.0014935905346646905 -0.0014501441037282348 -0.0002810426813084632
-0.15014219284057617 -0.15014219284057617 -0.15014219284057617 -0.1707010269165039 -0.1707010269165039 -0.15014219284057617 -0.11140314489603043 -0.15014219284057617 -0.15014219284057617 -0.15014219284057617 -0.15014219284057617 -0.2053440511226654 -0.2426358461380005 -0.1707010269165039 -0.11140314489603043 -0.22202779352664948 -0.22136190533638 -0.11574030667543411 -0.11140314489603043 -0.11140314489603043 -0.11140314489603043 -0.11140314489603043 -0.14827632904052734 -0.11140314489603043 -0.12295447289943695 -0.11440322548151016 -0.10330824553966522 -0.08327828347682953 -0.07100258767604828 -0.057324305176734924 -0.0021115578711032867 -0.004927592817693949 -0.0036565272603183985 -0.0036451583728194237 -0.002990358741953969 -0.0020504905842244625 -0.001073810737580061 -0.00173016800545156 -0.0014935905346646905 -0.0014501441037282348 -0.0002810426813084632
-0.15014219284057617 -0.15014219284057617 -0.15014219284057617 -0.30899786949157715 -0.3077261447906494 -0.15014219284057617 -0.11140314489603043 -0.15014219284057617 -0.15014219284057617 -0.15014219284057617 -0.15014219284057617 -0.1707010269165039 -0.1707010269165039 -0.21553868055343628 -0.11140314489603043 -0.1707010269165039 -0.1707010269165039 -0.11574030667543411 -0.11140314489603043 -0.11140314489603043 -0.11140314489603043 -0.11140314489603043 -0.14827632904052734 -0.11140314489603043 -0.12295447289943695 -0.11440322548151016 -0.10330824553966522 -0.08327828347682953 -0.07100258767604828 -0.057324305176734924 -0.0021115578711032867 -0.004927592817693949 -0.0036565272603183985 -0.0036451583728194237 -0.002990358741953969 -0.0020504905842244625 -0.001073810737580061 -0.00173016800545156 -0.0014935905346646905 -0.0014501441037282348 -0.0002810426813084632
-0.15014219284057617 -0.15014219284057617 -0.15014219284057617 -0.30899786949157715 -0.3077261447906494 -0.15014219284057617 -0.11140314489603043 -0.15014219284057617 -0.15014219284057617 -0.15014219284057617 -0.15014219284057617 -0.1707010269165039 -0.1707010269165039 -0.21553868055343628 -0.11140314489603043 -0.1707010269165039 -0.1707010269165039 -0.11574030667543411 -0.11140314489603043 -0.11140314489603043 -0.11140314489603043 -0.11140314489603043 -0.14827632904052734 -0.11140314489603043 -0.12295447289943695 -0.11440322548151016 -0.10330824553966522 -0.08327828347682953 -0.07100258767604828 -0.057324305176734924 -0.0021115578711032867 -0.004927592817693949 -0.0036565272603183985 -0.0036451583728194237 -0.002990358741953969 -0.0020504905842244625 -0.001073810737580061 -0.00173016800545156 -0.0014935905346646905 -0.0014501441037282348 -0.0002810426813084632
-0.15014219284057617 -0.15014219284057617 -0.15014219284057617 -0.30899786949157715 -0.3077261447906494 -0.15014219284057617 -0.11140314489603043 -0.15014219284057617 -0.15014219284057617 -0.15014219284057617 -0.15014219284057617 -0.1707010269165039 -0.1707010269165039 -0.21553868055343628 -0.11140314489603043 -0.1707010269165039 -0.1707010269165039 -0.11574030667543411 -0.11140314489603043 -0.11140314489603043 -0.11140314489603043 -0.11140314489603043 -0.14827632904052734 -0.11140314489603043 -0.12295447289943695 -0.11440322548151016 -0.10330824553966522 -0.08327828347682953 -0.07100258767604828 -0.057324305176734924 -0.0021115578711032867 -0.004927592817693949 -0.0036565272603183985 -0.0036451583728194237 -0.002990358741953969 -0.0020504905842244625 -0.001073810737580061 -0.00173016800545156 -0.0014935905346646905 -0.0014501441037282348 -0.0002810426813084632
-0.15014219284057617 -0.15014219284057617 -0.15014219284057617 -0.30899786949157715 -0.3077261447906494 -0.15014219284057617 -0.11140314489603043 -0.15014219284057617 -0.15014219284057617 -0.15014219284057617 -0.15014219284057617 -0.1707010269165039 -0.1707010269165039 -0.21553868055343628 -0.11140314489603043 -0.1707010269165039 -0.1707010269165039 -0.11574030667543411 -0.11140314489603043 -0.11140314489603043 -0.11140314489603043 -0.11140314489603043 -0.14827632904052734 -0.11140314489603043 -0.12295447289943695 -0.11440322548151016 -0.10330824553966522 -0.08327828347682953 -0.07100258767604828 -0.057324305176734924 -0.0021115578711032867 -0.004927592817693949 -0.0036565272603183985 -0.0036451583728194237 -0.002990358741953969 -0.0020504905842244625 -0.001073810737580061 -0.00173016800545156 -0.0014935905346646905 -0.0014501441037282348 -0.0002810426813084632
-0.15014219284057617 -0.15014219284057617 -0.15014219284057617 -0.30705809593200684 -0.30705809593200684 -0.15014219284057617 -0.11140314489603043 -0.15014219284057617 -0.15014219284057617 -0.15014219284057617 -0.15014219284057617 -0.2053440511226654 -0.2426358461380005 -0.21553868055343628 -0.11140314489603043 -0.21133172512054443 -0.21133172512054443 -0.11574030667543411 -0.11140314489603043 -0.11140314489603043 -0.11140314489603043 -0.11140314489603043 -0.14827632904052734 -0.11140314489603043 -0.12295447289943695 -0.11440322548151016 -0.10330824553966522 -0.08327828347682953 -0.07100258767604828 -0.057324305176734924 -0.0021115578711032867 -0.004927592817693949 -0.0036565272603183985 -0.0036451583728194237 -0.002990358741953969 -0.0020504905842244625 -0.001073810737580061 -0.00173016800545156 -0.0014935905346646905 -0.0014501441037282348 -0.0002810426813084632
-0.23135621845722198 -0.23135621845722198 -0.23135621845722198 -0.15014219284057617 -0.15014219284057617 -0.2734315097332001 -0.11140314489603043 -0.23135621845722198 -0.23135621845722198 -0.28523412346839905 -0.23135621845722198 -0.15014219284057617 -0.15014219284057617 -0.15014219284057617 -0.11140314489603043 -0.15014219284057617 -0.15014219284057617 -0.11574030667543411 -0.11140314489603043 -0.11140314489603043 -0.11140314489603043 -0.11140314489603043 -0.14827632904052734 -0.11140314489603043 -0.12295447289943695 -0.11440322548151016 -0.10330824553966522 -0.08327828347682953 -0.07100258767604828 -0.057324305176734924 -0.0021115578711032867 -0.004927592817693949 -0.0036565272603183985 -0.0036451583728194237 -0.002990358741953969 -0.0020504905842244625 -0.001073810737580061 -0.00173016800545156 -0.0014935905346646905 -0.0014501441037282348 -0.0002810426813084632
-0.3470469117164612 -0.3470469117164612 -0.3470469117164612 -0.15014219284057617 -0.15014219284057617 -0.23135621845722198 -0.11140314489603043 -0.2673846483230591 -0.2673846483230591 -0.23135621845722198 -0.28055116534233093 -0.15014219284057617 -0.15014219284057617 -0.15014219284057617 -0.11140314489603043 -0.15014219284057617 -0.15014219284057617 -0.11574030667543411 -0.11140314489603043 -0.11140314489603043 -0.11140314489603043 -0.11140314489603043 -0.14827632904052734 -0.11140314489603043 -0.12295447289943695 -0.11440322548151016 -0.10330824553966522 -0.08327828347682953 -0.07100258767604828 -0.057324305176734924 -0.0021115578711032867 -0.004927592817693949 -0.0048660533502697945 -0.0036451583728194237 -0.002990358741953969 -0.0020504905842244625 -0.001073810737580061 -0.00173016800545156 -0.0014935905346646905 -0.0014501441037282348 -0.0002810426813084632
-0.11140314489603043 -0.11140314489603043 -0.11140314489603043 -0.11140314489603043 -0.11140314489603043 -0.11140314489603043 -0.20339733362197876 -0.11140314489603043 -0.11140314489603043 -0.11140314489603043 -0.11140314489603043 -0.11140314489603043 -0.11140314489603043 -0.11140314489603043 -0.20339733362197876 -0.11140314489603043 -0.11140314489603043 -0.11140314489603043 -0.15963749587535858 -0.11870801448822021 -0.15963749587535858 -0.1634272187948227 -0.11140314489603043 -0.15005972981452942 -0.11140314489603043 -0.11140314489603043 -0.10504858195781708 -0.08327828347682953 -0.07100258767604828 -0.057324305176734924 -0.0021115578711032867 -0.004927592817693949 -0.0036565272603183985 -0.0036451583728194237 -0.002990358741953969 -0.0020504905842244625 -0.001073810737580061 -0.00173016800545156 -0.0014935905346646905 -0.0014501441037282348 -0.0002810426813084632
-0.2673846483230591 -0.2673846483230591 -0.2673846483230591 -0.15014219284057617 -0.15014219284057617 -0.2734315097332001 -0.11140314489603043 -0.29700276255607605 -0.29700276255607605 -0.2734315097332001 -0.2673846483230591 -0.15014219284057617 -0.15014219284057617 -0.15014219284057617 -0.11140314489603043 -0.15014219284057617 -0.15014219284057617 -0.11574030667543411 -0.11140314489603043 -0.11140314489603043 -0.11140314489603043 -0.11140314489603043 -0.14827632904052734 -0.11140314489603043 -0.12295447289943695 -0.11440322548151016 -0.10330824553966522 -0.08327828347682953 -0.07100258767604828 -0.057324305176734924 -0.0021115578711032867 -0.004927592817693949 -0.0036565272603183985 -0.0036451583728194237 -0.002990358741953969 -0.0020504905842244625 -0.001073810737580061 -0.00173016800545156 -0.0014935905346646905 -0.0014501441037282348 -0.0002810426813084632
-0.12295447289943695 -0.12295447289943695 -0.12295447289943695 -0.12295447289943695 -0.12295447289943695 -0.12295447289943695 -0.2929580807685852 -0.12295447289943695 -0.12295447289943695 -0.12295447289943695 -0.12295447289943695 -0.12295447289943695 -0.12295447289943695 -0.12295447289943695 -0.20339733362197876 -0.12295447289943695 -0.12295447289943695 -0.11574030667543411 -0.16490817070007324 -0.11870801448822021 -0.16529521346092224 -0.16494475305080414 -0.12295447289943695 -0.13456568121910095 -0.12295447289943695 -0.11440322548151016 -0.10330824553966522 -0.08327828347682953 -0.07100258767604828 -0.057324305176734924 -0.0021115578711032867 -0.004927592817693949 -0.0036565272603183985 -0.0036451583728194237 -0.002990358741953969 -0.0020504905842244625 -0.001073810737580061 -0.00173016800545156 -0.0014935905346646905 -0.0014501441037282348 -0.0002810426813084632
-0.14827632904052734 -0.14827632904052734 -0.14827632904052734 -0.14827632904052734 -0.14827632904052734 -0.14827632904052734 -0.262359619140625 -0.14827632904052734 -0.14827632904052734 -0.14827632904052734 -0.14827632904052734 -0.14827632904052734 -0.14827632904052734 -0.14827632904052734 -0.20339733362197876 -0.14827632904052734 -0.14827632904052734 -0.11574030667543411 -0.15963749587535858 -0.11870801448822021 -0.15963749587535858 -0.1634272187948227 -0.14827632904052734 -0.13456568121910095 -0.12295447289943695 -0.11440322548151016 -0.10330824553966522 -0.08327828347682953 -0.07100258767604828 -0.057324305176734924 -0.0021115578711032867 -0.004927592817693949 -0.0036565272603183985 -0.0036451583728194237 -0.002990358741953969 -0.0020504905842244625 -0.001073810737580061 -0.00173016800545156 -0.0014935905346646905 -0.0014501441037282348 -0.0002810426813084632
-0.23135621845722198 -0.23135621845722198 -0.23135621845722198 -0.15014219284057617 -0.15014219284057617 -0.25667616724967957 -0.11140314489603043 -0.23135621845722198 -0.23135621845722198 -0.25667616724967957 -0.23135621845722198 -0.15014219284057617 -0.15014219284057617 -0.15014219284057617 -0.11140314489603043 -0.15014219284057617 -0.15014219284057617 -0.11574030667543411 -0.11140314489603043 -0.11140314489603043 -0.11140314489603043 -0.11140314489603043 -0.15131965279579163 -0.11140314489603043 -0.12295447289943695 -0.11440322548151016 -0.10330824553966522 -0.08327828347682953 -0.07100258767604828 -0.057324305176734924 -0.0021115578711032867 -0.004927592817693949 -0.0036565272603183985 -0.0036451583728194237 -0.002990358741953969 -0.0020504905842244625 -0.001073810737580061 -0.00173016800545156 -0.0014935905346646905 -0.0014501441037282348 -0.0002810426813084632
-0.14827632904052734 -0.14827632904052734 -0.14827632904052734 -0.14827632904052734 -0.14827632904052734 -0.14827632904052734 -0.11140314489603043 -0.14827632904052734 -0.14827632904052734 -0.14827632904052734 -0.14827632904052734 -0.14827632904052734 -0.14827632904052734 -0.14827632904052734 -0.11140314489603043 -0.14827632904052734 -0.14827632904052734 -0.11574030667543411 -0.11140314489603043 -0.11140314489603043 -0.11140314489603043 -0.11140314489603043 -0.14827632904052734 -0.11140314489603043 -0.12295447289943695 -0.13072046637535095 -0.10330824553966522 -0.08327828347682953 -0.07100258767604828 -0.057324305176734924 -0.0021115578711032867 -0.004927592817693949 -0.0036565272603183985 -0.0036451583728194237 -0.002990358741953969 -0.0020504905842244625 -0.001073810737580061 -0.00173016800545156 -0.0014935905346646905 -0.0014501441037282348 -0.0002810426813084632
-0.2037632316350937 -0.2037632316350937 -0.2037632316350937 -0.15014219284057617 -0.15014219284057617 -0.2037632316350937 -0.11140314489603043 -0.2037632316350937 -0.2037632316350937 -0.2037632316350937 -0.2037632316350937 -0.15014219284057617 -0.15014219284057617 -0.15014219284057617 -0.11140314489603043 -0.15014219284057617 -0.15014219284057617 -0.11574030667543411 -0.11140314489603043 -0.11140314489603043 -0.11140314489603043 -0.11140314489603043 -0.15131965279579163 -0.11140314489603043 -0.12295447289943695 -0.11440322548151016 -0.10330824553966522 -0.08327828347682953 -0.07100258767604828 -0.057324305176734924 -0.0021115578711032867 -0.004927592817693949 -0.0036565272603183985 -0.0036451583728194237 -0.002990358741953969 -0.0020504905842244625 -0.001073810737580061 -0.00173016800545156 -0.0014935905346646905 -0.0014501441037282348 -0.0002810426813084632
-0.202580988407135 -0.202580988407135 -0.202580988407135 -0.15014219284057617 -0.15014219284057617 -0.202580988407135 -0.11140314489603043 -0.202580988407135 -0.202580988407135 -0.202580988407135 -0.202580988407135 -0.15014219284057617 -0.15014219284057617 -0.15014219284057617 -0.11140314489603043 -0.15014219284057617 -0.15014219284057617 -0.11574030667543411 -0.11140314489603043 -0.11140314489603043 -0.11140314489603043 -0.11140314489603043 -0.15131965279579163 -0.11140314489603043 -0.12295447289943695 -0.11440322548151016 -0.10330824553966522 -0.08327828347682953 -0.07100258767604828 -0.057324305176734924 -0.0021115578711032867 -0.004927592817693949 -0.0036565272603183985 -0.0036451583728194237 -0.002990358741953969 -0.0020504905842244625 -0.001073810737580061 -0.00173016800545156 -0.0014935905346646905 -0.0014501441037282348 -0.0002810426813084632
-0.20205511152744293 -0.20205511152744293 -0.20205511152744293 -0.15014219284057617 -0.15014219284057617 -0.20205511152744293 -0.11870801448822021 -0.20205511152744293 -0.20205511152744293 -0.20205511152744293 -0.20205511152744293 -0.15014219284057617 -0.15014219284057617 -0.15014219284057617 -0.11870801448822021 -0.15014219284057617 -0.15014219284057617 -0.11574030667543411 -0.11870801448822021 -0.16848623752593994 -0.11870801448822021 -0.11870801448822021 -0.15131965279579163 -0.11870801448822021 -0.12295447289943695 -0.11440322548151016 -0.10330824553966522 -0.08327828347682953 -0.07100258767604828 -0.057324305176734924 -0.0021115578711032867 -0.004927592817693949 -0.0036565272603183985 -0.0036451583728194237 -0.002990358741953969 -0.0020504905842244625 -0.001073810737580061 -0.00173016800545156 -0.0014935905346646905 -0.0014501441037282348 -0.0002810426813084632
-0.2016717493534088 -0.2016717493534088 -0.2016717493534088 -0.15014219284057617 -0.15014219284057617 -0.2016717493534088 -0.11140314489603043 -0.2016717493534088 -0.2016717493534088 -0.2016717493534088 -0.2016717493534088 -0.15014219284057617 -0.15014219284057617 -0.15014219284057617 -0.11140314489603043 -0.15014219284057617 -0.15014219284057617 -0.11574030667543411 -0.11140314489603043 -0.11140314489603043 -0.11140314489603043 -0.11140314489603043 -0.14827632904052734 -0.11140314489603043 -0.12295447289943695 -0.11440322548151016 -0.10330824553966522 -0.08327828347682953 -0.07100258767604828 -0.057324305176734924 -0.0021115578711032867 -0.004927592817693949 -0.0036565272603183985 -0.0036451583728194237 -0.002990358741953969 -0.0020504905842244625 -0.001073810737580061 -0.00173016800545156 -0.0014935905346646905 -0.0014501441037282348 -0.0002810426813084632
-0.20097264647483826 -0.20097264647483826 -0.20097264647483826 -0.15014219284057617 -0.15014219284057617 -0.20097264647483826 -0.11140314489603043 -0.20097264647483826 -0.20097264647483826 -0.20097264647483826 -0.20097264647483826 -0.15014219284057617 -0.15014219284057617 -0.15014219284057617 -0.11140314489603043 -0.15014219284057617 -0.15014219284057617 -0.11574030667543411 -0.11140314489603043 -0.11140314489603043 -0.11140314489603043 -0.11140314489603043 -0.15131965279579163 -0.11140314489603043 -0.12295447289943695 -0.11440322548151016 -0.10330824553966522 -0.08327828347682953 -0.07100258767604828 -0.057324305176734924 -0.0021115578711032867 -0.004927592817693949 -0.0036565272603183985 -0.0036451583728194237 -0.002990358741953969 -0.0020504905842244625 -0.001073810737580061 -0.00173016800545156 -0.0014935905346646905 -0.0014501441037282348 -0.0002810426813084632
-0.15014219284057617 -0.15014219284057617 -0.15014219284057617 -0.19809110462665558 -0.19809110462665558 -0.15014219284057617 -0.11140314489603043 -0.15014219284057617 -0.15014219284057617 -0.15014219284057617 -0.15014219284057617 -0.1707010269165039 -0.1707010269165039 -0.19809110462665558 -0.11140314489603043 -0.1707010269165039 -0.1707010269165039 -0.11574030667543411 -0.11140314489603043 -0.11140314489603043 -0.11140314489603043 -0.11140314489603043 -0.14827632904052734 -0.11140314489603043 -0.12295447289943695 -0.11440322548151016 -0.10330824553966522 -0.08327828347682953 -0.07100258767604828 -0.057324305176734924 -0.0021115578711032867 -0.004927592817693949 -0.0036565272603183985 -0.0036451583728194237 -0.002990358741953969 -0.0020504905842244625 -0.001073810737580061 -0.00173016800545156 -0.0014935905346646905 -0.0014501441037282348 -0.00032089839805848897
-0.19707633554935455 -0.19707633554935455 -0.19707633554935455 -0.15014219284057617 -0.15014219284057617 -0.19707633554935455 -0.11140314489603043 -0.19707633554935455 -0.19707633554935455 -0.19707633554935455 -0.19707633554935455 -0.15014219284057617 -0.15014219284057617 -0.15014219284057617 -0.11140314489603043 -0.15014219284057617 -0.15014219284057617 -0.1883522868156433 -0.11140314489603043 -0.11140314489603043 -0.11140314489603043 -0.11140314489603043 -0.14827632904052734 -0.11140314489603043 -0.12295447289943695 -0.13072046637535095 -0.10330824553966522 -0.08327828347682953 -0.07100258767604828 -0.057324305176734924 -0.0021115578711032867 -0.004927592817693949 -0.0036565272603183985 -0.0036451583728194237 -0.002990358741953969 -0.0020504905842244625 -0.001073810737580061 -0.00173016800545156 -0.0014935905346646905 -0.0014501441037282348 -0.0002810426813084632
-0.12295447289943695 -0.12295447289943695 -0.12295447289943695 -0.12295447289943695 -0.12295447289943695 -0.12295447289943695 -0.11140314489603043 -0.12295447289943695 -0.12295447289943695 -0.12295447289943695 -0.12295447289943695 -0.12295447289943695 -0.12295447289943695 -0.12295447289943695 -0.11140314489603043 -0.12295447289943695 -0.12295447289943695 -0.17747198045253754 -0.11140314489603043 -0.11140314489603043 -0.11140314489603043 -0.11140314489603043 -0.12295447289943695 -0.11140314489603043 -0.12295447289943695 -0.11440322548151016 -0.10330824553966522 -0.08327828347682953 -0.07100258767604828 -0.057324305176734924 -0.0021115578711032867 -0.004927592817693949 -0.0036565272603183985 -0.0036451583728194237 -0.002990358741953969 -0.0020504905842244625 -0.0021935561671853065 -0.002002311171963811 -0.0015697585185989738 -0.0015142576303333044 -0.0002810426813084632
-0.15014219284057617 -0.15014219284057617 -0.15014219284057617 -0.15730397403240204 -0.15730397403240204 -0.15014219284057617 -0.11140314489603043 -0.15014219284057617 -0.15014219284057617 -0.15014219284057617 -0.15014219284057617 -0.15730397403240204 -0.15730397403240204 -0.15730397403240204 -0.11140314489603043 -0.15730397403240204 -0.15730397403240204 -0.11574030667543411 -0.11140314489603043 -0.11140314489603043 -0.11140314489603043 -0.11140314489603043 -0.14827632904052734 -0.11140314489603043 -0.12295447289943695 -0.11440322548151016 -0.10330824553966522 -0.08327828347682953 -0.07100258767604828 -0.057324305176734924 -0.0021115578711032867 -0.005291888490319252 -0.0036565272603183985 -0.003860123222693801 -0.003271251218393445 -0.0020504905842244625 -0.001073810737580061 -0.00173016800545156 -0.0014935905346646905 -0.0014501441037282348 -0.0002810426813084632
-0.12295447289943695 -0.12295447289943695 -0.12295447289943695 -0.12295447289943695 -0.12295447289943695 -0.12295447289943695 -0.15147267282009125 -0.12295447289943695 -0.12295447289943695 -0.12295447289943695 -0.12295447289943695 -0.12295447289943695 -0.12295447289943695 -0.12295447289943695 -0.15147267282009125 -0.12295447289943695 -0.12295447289943695 -0.11574030667543411 -0.15147267282009125 -0.15147267282009125 -0.15147267282009125 -0.15147267282009125 -0.12295447289943695 -0.13456568121910095 -0.12295447289943695 -0.11440322548151016 -0.10330824553966522 -0.10362999886274338 -0.07100258767604828 -0.057324305176734924 -0.0021115578711032867 -0.004927592817693949 -0.0036565272603183985 -0.0036451583728194237 -0.002990358741953969 -0.0020504905842244625 -0.001073810737580061 -0.00173016800545156 -0.0014935905346646905 -0.0014501441037282348 -0.0002810426813084632
-0.14718672633171082 -0.14718672633171082 -0.14718672633171082 -0.14718672633171082 -0.14718672633171082 -0.14718672633171082 -0.11140314489603043 -0.14718672633171082 -0.14718672633171082 -0.14718672633171082 -0.14718672633171082 -0.14718672633171082 -0.14718672633171082 -0.14718672633171082 -0.11140314489603043 -0.14718672633171082 -0.14718672633171082 -0.11574030667543411 -0.11140314489603043 -0.11140314489603043 -0.11140314489603043 -0.11140314489603043 -0.14718672633171082 -0.11140314489603043 -0.12295447289943695 -0.13072046637535095 -0.10330824553966522 -0.08327828347682953 -0.07100258767604828 -0.057324305176734924 -0.0021115578711032867 -0.004927592817693949 -0.0036565272603183985 -0.0036451583728194237 -0.002990358741953969 -0.0020504905842244625 -0.001073810737580061 -0.00173016800545156 -0.0014935905346646905 -0.0014501441037282348 -0.0002810426813084632
-0.1305205523967743 -0.1305205523967743 -0.1305205523967743 -0.1305205523967743 -0.1305205523967743 -0.1305205523967743 -0.11140314489603043 -0.1305205523967743 -0.1305205523967743 -0.1305205523967743 -0.1305205523967743 -0.1305205523967743 -0.1305205523967743 -0.1305205523967743 -0.11140314489603043 -0.1305205523967743 -0.1305205523967743 -0.11574030667543411 -0.11140314489603043 -0.11140314489603043 -0.11140314489603043 -0.11140314489603043 -0.1305205523967743 -0.11140314489603043 -0.12295447289943695 -0.11440322548151016 -0.10330824553966522 -0.08327828347682953 -0.07100258767604828 -0.057324305176734924 -0.0021115578711032867 -0.004927592817693949 -0.0036565272603183985 -0.0036451583728194237 -0.002990358741953969 -0.0020504905842244625 -0.001073810737580061 -0.00173016800545156 -0.0014935905346646905 -0.0014501441037282348 -0.0002810426813084632
-0.11140314489603043 -0.11140314489603043 -0.11140314489603043 -0.11140314489603043 -0.11140314489603043 -0.11140314489603043 -0.12128473818302155 -0.11140314489603043 -0.11140314489603043 -0.11140314489603043 -0.11140314489603043 -0.11140314489603043 -0.11140314489603043 -0.11140314489603043 -0.12128473818302155 -0.11140314489603043 -0.11140314489603043 -0.11140314489603043 -0.12128473818302155 -0.11870801448822021 -0.12128473818302155 -0.12128473818302155 -0.11140314489603043 -0.12128473818302155 -0.11140314489603043 -0.11140314489603043 -0.10330824553966522 -0.08327828347682953 -0.07100258767604828 -0.057324305176734924 -0.0021115578711032867 -0.004927592817693949 -0.0036565272603183985 -0.0036451583728194237 -0.002990358741953969 -0.0020504905842244625 -0.001073810737580061 -0.00173016800545156 -0.0014935905346646905 -0.0014501441037282348 -0.0002810426813084632
-0.11140314489603043 -0.11140314489603043 -0.11140314489603043 -0.11140314489603043 -0.11140314489603043 -0.11140314489603043 -0.11683231592178345 -0.11140314489603043 -0.11140314489603043 -0.11140314489603043 -0.11140314489603043 -0.11140314489603043 -0.11140314489603043 -0.11140314489603043 -0.11683231592178345 -0.11140314489603043 -0.11140314489603043 -0.11140314489603043 -0.11683231592178345 -0.11683231592178345 -0.11683231592178345 -0.11683231592178345 -0.11140314489603043 -0.11683231592178345 -0.11140314489603043 -0.11140314489603043 -0.10330824553966522 -0.08327828347682953 -0.07100258767604828 -0.057324305176734924 -0.0021115578711032867 -0.004927592817693949 -0.0036565272603183985 -0.0036451583728194237 -0.002990358741953969 -0.0020504905842244625 -0.001073810737580061 -0.00173016800545156 -0.0014935905346646905 -0.0014501441037282348 -0.0002810426813084632
-0.11140314489603043 -0.11140314489603043 -0.11140314489603043 -0.11140314489603043 -0.11140314489603043 -0.11140314489603043 -0.11238750070333481 -0.11140314489603043 -0.11140314489603043 -0.11140314489603043 -0.11140314489603043 -0.11140314489603043 -0.11140314489603043 -0.11140314489603043 -0.11238750070333481 -0.11140314489603043 -0.11140314489603043 -0.11140314489603043 -0.11238750070333481 -0.11238750070333481 -0.11238750070333481 -0.11238750070333481 -0.11140314489603043 -0.11238750070333481 -0.11140314489603043 -0.11140314489603043 -0.10330824553966522 -0.08327828347682953 -0.07100258767604828 -0.057324305176734924 -0.0021115578711032867 -0.004927592817693949 -0.0036565272603183985 -0.0036451583728194237 -0.002990358741953969 -0.0020504905842244625 -0.001073810737580061 -0.00173016800545156 -0.0014935905346646905 -0.0014501441037282348 -0.0002810426813084632
-0.10641420632600784 -0.10641420632600784 -0.10641420632600784 -0.10641420632600784 -0.10641420632600784 -0.10641420632600784 -0.10641420632600784 -0.10641420632600784 -0.10641420632600784 -0.10641420632600784 -0.10641420632600784 -0.10641420632600784 -0.10641420632600784 -0.10641420632600784 -0.10641420632600784 -0.10641420632600784 -0.10641420632600784 -0.10641420632600784 -0.10641420632600784 -0.10641420632600784 -0.10641420632600784 -0.10641420632600784 -0.10641420632600784 -0.10641420632600784 -0.10641420632600784 -0.10641420632600784 -0.10330824553966522 -0.08327828347682953 -0.07100258767604828 -0.057324305176734924 -0.0021115578711032867 -0.004927592817693949 -0.0036565272603183985 -0.0036451583728194237 -0.002990358741953969 -0.0020504905842244625 -0.001073810737580061 -0.00173016800545156 -0.0014935905346646905 -0.0014501441037282348 -0.0002810426813084632
-0.10415442287921906 -0.10415442287921906 -0.10415442287921906 -0.10415442287921906 -0.10415442287921906 -0.10415442287921906 -0.10415442287921906 -0.10415442287921906 -0.10415442287921906 -0.10415442287921906 -0.10415442287921906 -0.10415442287921906 -0.10415442287921906 -0.10415442287921906 -0.10415442287921906 -0.10415442287921906 -0.10415442287921906 -0.10415442287921906 -0.10415442287921906 -0.10415442287921906 -0.10415442287921906 -0.10415442287921906 -0.10415442287921906 -0.10415442287921906 -0.10415442287921906 -0.10415442287921906 -0.10330824553966522 -0.08327828347682953 -0.07100258767604828 -0.057324305176734924 -0.0021115578711032867 -0.004927592817693949 -0.0036565272603183985 -0.0036451583728194237 -0.002990358741953969 -0.0020504905842244625 -0.001073810737580061 -0.00173016800545156 -0.0014935905346646905 -0.0014501441037282348 -0.0002810426813084632
-0.09934818744659424 -0.09934818744659424 -0.09934818744659424 -0.09934818744659424 -0.09934818744659424 -0.09934818744659424 -0.09934818744659424 -0.09934818744659424 -0.09934818744659424 -0.09934818744659424 -0.09934818744659424 -0.09934818744659424 -0.09934818744659424 -0.09934818744659424 -0.09934818744659424 -0.09934818744659424 -0.09934818744659424 -0.09934818744659424 -0.09934818744659424 -0.09934818744659424 -0.09934818744659424 -0.09934818744659424 -0.09934818744659424 -0.09934818744659424 -0.09934818744659424 -0.09934818744659424 -0.09934818744659424 -0.08327828347682953 -0.07100258767604828 -0.057324305176734924 -0.0021115578711032867 -0.004927592817693949 -0.0036565272603183985 -0.0036451583728194237 -0.002990358741953969 -0.0020504905842244625 -0.001073810737580061 -0.00173016800545156 -0.0014935905346646905 -0.0014501441037282348 -0.0002810426813084632
-0.05085587128996849 -0.05085587128996849 -0.05085587128996849 -0.05085587128996849 -0.05085587128996849 -0.05085587128996849 -0.05085587128996849 -0.05085587128996849 -0.05085587128996849 -0.05085587128996849 -0.05085587128996849 -0.05085587128996849 -0.05085587128996849 -0.05085587128996849 -0.05085587128996849 -0.05085587128996849 -0.05085587128996849 -0.05085587128996849 -0.05085587128996849 -0.05085587128996849 -0.05085587128996849 -0.05085587128996849 -0.05085587128996849 -0.05085587128996849 -0.05085587128996849 -0.05085587128996849 -0.05085587128996849 -0.05085587128996849 -0.05085587128996849 -0.05085587128996849 -0.0021115578711032867 -0.004927592817693949 -0.0036565272603183985 -0.0036451583728194237 -0.002990358741953969 -0.0020504905842244625 -0.001073810737580061 -0.00173016800545156 -0.0014935905346646905 -0.0014501441037282348 -0.0002810426813084632
-0.028714803978800774 -0.028714803978800774 -0.028714803978800774 -0.028714803978800774 -0.028714803978800774 -0.028714803978800774 -0.028714803978800774 -0.028714803978800774 -0.028714803978800774 -0.028714803978800774 -0.028714803978800774 -0.028714803978800774 -0.028714803978800774 -0.028714803978800774 -0.028714803978800774 -0.028714803978800774 -0.028714803978800774 -0.028714803978800774 -0.028714803978800774 -0.028714803978800774 -0.028714803978800774 -0.028714803978800774 -0.028714803978800774 -0.028714803978800774 -0.028714803978800774 -0.028714803978800774 -0.028714803978800774 -0.028714803978800774 -0.028714803978800774 -0.028714803978800774 -0.006719053722918034 -0.004927592817693949 -0.0036565272603183985 -0.003860123222693801 -0.003271251218393445 -0.0024812661577016115 -0.001073810737580061 -0.00173016800545156 -0.0014935905346646905 -0.0014501441037282348 -0.0002810426813084632
-0.026321642100811005 -0.026321642100811005 -0.026321642100811005 -0.026321642100811005 -0.026321642100811005 -0.026321642100811005 -0.026321642100811005 -0.026321642100811005 -0.026321642100811005 -0.026321642100811005 -0.026321642100811005 -0.026321642100811005 -0.026321642100811005 -0.026321642100811005 -0.026321642100811005 -0.026321642100811005 -0.026321642100811005 -0.026321642100811005 -0.026321642100811005 -0.026321642100811005 -0.026321642100811005 -0.026321642100811005 -0.026321642100811005 -0.026321642100811005 -0.026321642100811005 -0.026321642100811005 -0.026321642100811005 -0.026321642100811005 -0.026321642100811005 -0.026321642100811005 -0.006719053722918034 -0.004927592817693949 -0.0036565272603183985 -0.0036451583728194237 -0.002990358741953969 -0.0024812661577016115 -0.001073810737580061 -0.002002311171963811 -0.0015697585185989738 -0.0014501441037282348 -0.0002810426813084632
-0.010621215216815472 -0.010621215216815472 -0.010621215216815472 -0.010621215216815472 -0.010621215216815472 -0.010621215216815472 -0.010621215216815472 -0.010621215216815472 -0.010621215216815472 -0.010621215216815472 -0.010621215216815472 -0.010621215216815472 -0.010621215216815472 -0.010621215216815472 -0.010621215216815472 -0.010621215216815472 -0.010621215216815472 -0.010621215216815472 -0.010621215216815472 -0.010621215216815472 -0.010621215216815472 -0.010621215216815472 -0.010621215216815472 -0.010621215216815472 -0.010621215216815472 -0.010621215216815472 -0.010621215216815472 -0.010621215216815472 -0.010621215216815472 -0.010621215216815472 -0.0021115578711032867 -0.004927592817693949 -0.0036565272603183985 -0.0036451583728194237 -0.002990358741953969 -0.0020504905842244625 -0.0021935561671853065 -0.00173016800545156 -0.0014935905346646905 -0.0014501441037282348 -0.0002810426813084632
-0.00535994116216898 -0.00535994116216898 -0.00535994116216898 -0.00535994116216898 -0.00535994116216898 -0.00535994116216898 -0.00535994116216898 -0.00535994116216898 -0.00535994116216898 -0.00535994116216898 -0.00535994116216898 -0.00535994116216898 -0.00535994116216898 -0.00535994116216898 -0.00535994116216898 -0.00535994116216898 -0.00535994116216898 -0.00535994116216898 -0.00535994116216898 -0.00535994116216898 -0.00535994116216898 -0.00535994116216898 -0.00535994116216898 -0.00535994116216898 -0.00535994116216898 -0.00535994116216898 -0.00535994116216898 -0.00535994116216898 -0.00535994116216898 -0.00535994116216898 -0.0021115578711032867 -0.005291888490319252 -0.0036565272603183985 -0.003860123222693801 -0.003271251218393445 -0.0020504905842244625 -0.001073810737580061 -0.00173016800545156 -0.0014935905346646905 -0.0014501441037282348 -0.0002810426813084632
-0.004777716938406229 -0.004777716938406229 -0.004777716938406229 -0.004777716938406229 -0.004777716938406229 -0.004777716938406229 -0.004777716938406229 -0.004777716938406229 -0.004777716938406229 -0.004777716938406229 -0.004777716938406229 -0.004777716938406229 -0.004777716938406229 -0.004777716938406229 -0.004777716938406229 -0.004777716938406229 -0.004777716938406229 -0.004777716938406229 -0.004777716938406229 -0.004777716938406229 -0.004777716938406229 -0.004777716938406229 -0.004777716938406229 -0.004777716938406229 -0.004777716938406229 -0.004777716938406229 -0.004777716938406229 -0.004777716938406229 -0.004777716938406229 -0.004777716938406229 -0.0021115578711032867 -0.004777716938406229 -0.0036565272603183985 -0.003860123222693801 -0.003271251218393445 -0.0020504905842244625 -0.001073810737580061 -0.00173016800545156 -0.0014935905346646905 -0.0014501441037282348 -0.0002810426813084632
-0.004221034701913595 -0.004221034701913595 -0.004221034701913595 -0.004221034701913595 -0.004221034701913595 -0.004221034701913595 -0.004221034701913595 -0.004221034701913595 -0.004221034701913595 -0.004221034701913595 -0.004221034701913595 -0.004221034701913595 -0.004221034701913595 -0.004221034701913595 -0.004221034701913595 -0.004221034701913595 -0.004221034701913595 -0.004221034701913595 -0.004221034701913595 -0.004221034701913595 -0.004221034701913595 -0.004221034701913595 -0.004221034701913595 -0.004221034701913595 -0.004221034701913595 -0.004221034701913595 -0.004221034701913595 -0.004221034701913595 -0.004221034701913595 -0.004221034701913595 -0.0021115578711032867 -0.004221034701913595 -0.0036565272603183985 -0.003860123222693801 -0.003271251218393445 -0.0020504905842244625 -0.001073810737580061 -0.00173016800545156 -0.0014935905346646905 -0.0014501441037282348 -0.0002810426813084632
-0.0009202681831084192 -0.0009202681831084192 -0.0009202681831084192 -0.0009202681831084192 -0.0009202681831084192 -0.0009202681831084192 -0.0009202681831084192 -0.0009202681831084192 -0.0009202681831084192 -0.0009202681831084192 -0.0009202681831084192 -0.0009202681831084192 -0.0009202681831084192 -0.0009202681831084192 -0.0009202681831084192 -0.0009202681831084192 -0.0009202681831084192 -0.0009202681831084192 -0.0009202681831084192 -0.0009202681831084192 -0.0009202681831084192 -0.0009202681831084192 -0.0009202681831084192 -0.0009202681831084192 -0.0009202681831084192 -0.0009202681831084192 -0.0009202681831084192 -0.0009202681831084192 -0.0009202681831084192 -0.0009202681831084192 -0.0009202681831084192 -0.0009202681831084192 -0.0009202681831084192 -0.0009202681831084192 -0.0009202681831084192 -0.0009202681831084192 -0.0009202681831084192 -0.0009202681831084192 -0.0009202681831084192 -0.0009202681831084192 -0.00032089839805848897
-0.0009020885918289423 -0.0009020885918289423 -0.0009020885918289423 -0.0009020885918289423 -0.0009020885918289423 -0.0009020885918289423 -0.0009020885918289423 -0.0009020885918289423 -0.0009020885918289423 -0.0009020885918289423 -0.0009020885918289423 -0.0009020885918289423 -0.0009020885918289423 -0.0009020885918289423 -0.0009020885918289423 -0.0009020885918289423 -0.0009020885918289423 -0.0009020885918289423 -0.0009020885918289423 -0.0009020885918289423 -0.0009020885918289423 -0.0009020885918289423 -0.0009020885918289423 -0.0009020885918289423 -0.0009020885918289423 -0.0009020885918289423 -0.0009020885918289423 -0.0009020885918289423 -0.0009020885918289423 -0.0009020885918289423 -0.0009020885918289423 -0.0009020885918289423 -0.0009020885918289423 -0.0009020885918289423 -0.0009020885918289423 -0.0009020885918289423 -0.0009020885918289423 -0.0009020885918289423 -0.0009020885918289423 -0.0009020885918289423 -0.00032089839805848897
-0.0008342996588908136 -0.0008342996588908136 -0.0008342996588908136 -0.0008342996588908136 -0.0008342996588908136 -0.0008342996588908136 -0.0008342996588908136 -0.0008342996588908136 -0.0008342996588908136 -0.0008342996588908136 -0.0008342996588908136 -0.0008342996588908136 -0.0008342996588908136 -0.0008342996588908136 -0.0008342996588908136 -0.0008342996588908136 -0.0008342996588908136 -0.0008342996588908136 -0.0008342996588908136 -0.0008342996588908136 -0.0008342996588908136 -0.0008342996588908136 -0.0008342996588908136 -0.0008342996588908136 -0.0008342996588908136 -0.0008342996588908136 -0.0008342996588908136 -0.0008342996588908136 -0.0008342996588908136 -0.0008342996588908136 -0.0008342996588908136 -0.0008342996588908136 -0.0008342996588908136 -0.0008342996588908136 -0.0008342996588908136 -0.0008342996588908136 -0.0008342996588908136 -0.0008342996588908136 -0.0008342996588908136 -0.0008342996588908136 -0.00032089839805848897