-0.7090579867362976 -0.5346801280975342 -0.5048165917396545 -0.4804876744747162 -0.4804876744747162 -0.4812100827693939 -0.1778102070093155 -0.41605517268180847 -0.19353912770748138 -0.1778102070093155 -0.1778102070093155 -0.19353912770748138 -0.19353912770748138 -0.19422070682048798 -0.19422070682048798 -0.19422070682048798 -0.19422070682048798 -0.1778102070093155 -0.1778102070093155 -0.14266444742679596 -0.14056967198848724 -0.10900036990642548 -0.035541098564863205 -0.02736268937587738 -0.02235371433198452 -0.017530076205730438 -0.017530076205730438 -0.004611325450241566 -0.010385345667600632 -0.005099428351968527 -0.0038409049157053232 -0.004362544044852257 -0.0037704743444919586 -0.0031596627086400986 -0.0027066206093877554 -0.0020830328576266766 -0.0013653947971761227 -0.0013042058562859893 -0.0011908754240721464
-0.7090579867362976 -0.5346801280975342 -0.5048165917396545 -0.4804876744747162 -0.4804876744747162 -0.4812100827693939 -0.1778102070093155 -0.4161570370197296 -0.19353912770748138 -0.1778102070093155 -0.1778102070093155 -0.19353912770748138 -0.19353912770748138 -0.19422070682048798 -0.19422070682048798 -0.19422070682048798 -0.19422070682048798 -0.1778102070093155 -0.1778102070093155 -0.14266444742679596 -0.14056967198848724 -0.10900036990642548 -0.035541098564863205 -0.02736268937587738 -0.02235371433198452 -0.017530076205730438 -0.017530076205730438 -0.004611325450241566 -0.010385345667600632 -0.005099428351968527 -0.0038409049157053232 -0.004362544044852257 -0.0037704743444919586 -0.0031596627086400986 -0.0027066206093877554 -0.0020830328576266766 -0.0013653947971761227 -0.0013042058562859893 -0.0011908754240721464
-0.5048165917396545 -0.5048165917396545 -0.5048165917396545 -0.49677950143814087 -0.48145395517349243 -0.4812100827693939 -0.1778102070093155 -0.41605517268180847 -0.19353912770748138 -0.1778102070093155 -0.1778102070093155 -0.19353912770748138 -0.19353912770748138 -0.19422070682048798 -0.19422070682048798 -0.19422070682048798 -0.19422070682048798 -0.1778102070093155 -0.1778102070093155 -0.14266444742679596 -0.14056967198848724 -0.10900036990642548 -0.035541098564863205 -0.02736268937587738 -0.02235371433198452 -0.017530076205730438 -0.017530076205730438 -0.004611325450241566 -0.010385345667600632 -0.005099428351968527 -0.0038409049157053232 -0.004362544044852257 -0.0037704743444919586 -0.0031596627086400986 -0.0027066206093877554 -0.0020830328576266766 -0.0013653947971761227 -0.0013042058562859893 -0.0011908754240721464
-0.6453858613967896 -0.5712319612503052 -0.545497477054596 -0.4804876744747162 -0.4804876744747162 -0.4812100827693939 -0.1778102070093155 -0.41605517268180847 -0.19353912770748138 -0.1778102070093155 -0.1778102070093155 -0.19353912770748138 -0.19353912770748138 -0.19422070682048798 -0.19422070682048798 -0.19422070682048798 -0.19422070682048798 -0.1778102070093155 -0.1778102070093155 -0.14266444742679596 -0.14056967198848724 -0.10900036990642548 -0.035541098564863205 -0.02736268937587738 -0.02235371433198452 -0.017530076205730438 -0.017530076205730438 -0.004611325450241566 -0.010385345667600632 -0.005099428351968527 -0.0038409049157053232 -0.004362544044852257 -0.0037704743444919586 -0.0031596627086400986 -0.0027066206093877554 -0.0020830328576266766 -0.0013653947971761227 -0.0013042058562859893 -0.0011908754240721464
-0.5346801280975342 -0.5712319612503052 -0.5048165917396545 -0.49677950143814087 -0.4815588593482971 -0.48136961460113525 -0.1778102070093155 -0.41605517268180847 -0.19353912770748138 -0.1778102070093155 -0.1778102070093155 -0.19353912770748138 -0.19353912770748138 -0.19422070682048798 -0.19422070682048798 -0.19422070682048798 -0.19422070682048798 -0.1778102070093155 -0.1778102070093155 -0.14266444742679596 -0.14056967198848724 -0.10900036990642548 -0.035541098564863205 -0.02736268937587738 -0.02235371433198452 -0.017530076205730438 -0.017530076205730438 -0.004611325450241566 -0.010385345667600632 -0.005099428351968527 -0.0038409049157053232 -0.004362544044852257 -0.0037704743444919586 -0.0031596627086400986 -0.0027066206093877554 -0.0020830328576266766 -0.0013653947971761227 -0.0013042058562859893 -0.0011908754240721464
-0.1778102070093155 -0.1778102070093155 -0.1778102070093155 -0.1778102070093155 -0.1778102070093155 -0.1778102070093155 -0.4498273432254791 -0.1778102070093155 -0.1778102070093155 -0.23167838156223297 -0.31961295008659363 -0.1778102070093155 -0.1778102070093155 -0.1778102070093155 -0.1778102070093155 -0.1778102070093155 -0.1778102070093155 -0.1889672577381134 -0.18906523287296295 -0.14266444742679596 -0.14056967198848724 -0.10900036990642548 -0.035541098564863205 -0.02736268937587738 -0.02235371433198452 -0.017530076205730438 -0.017530076205730438 -0.011903726495802402 -0.010385345667600632 -0.005099428351968527 -0.0038409049157053232 -0.004362544044852257 -0.0038778625894337893 -0.0031596627086400986 -0.0030595543794333935 -0.002326847054064274 -0.0013653947971761227 -0.0013042058562859893 -0.0011908754240721464
-0.45451098680496216 -0.45451098680496216 -0.45451098680496216 -0.45451098680496216 -0.45451098680496216 -0.45451098680496216 -0.1778102070093155 -0.41605517268180847 -0.19353912770748138 -0.1778102070093155 -0.1778102070093155 -0.19353912770748138 -0.19353912770748138 -0.19422070682048798 -0.19422070682048798 -0.19422070682048798 -0.19422070682048798 -0.1778102070093155 -0.1778102070093155 -0.14266444742679596 -0.14056967198848724 -0.10900036990642548 -0.035541098564863205 -0.02736268937587738 -0.02235371433198452 -0.017530076205730438 -0.017530076205730438 -0.004611325450241566 -0.010385345667600632 -0.005099428351968527 -0.0038409049157053232 -0.004362544044852257 -0.0037704743444919586 -0.0031596627086400986 -0.0027066206093877554 -0.0020830328576266766 -0.0013653947971761227 -0.0013042058562859893 -0.0011908754240721464
-0.19353912770748138 -0.19353912770748138 -0.19353912770748138 -0.19353912770748138 -0.19353912770748138 -0.19353912770748138 -0.1778102070093155 -0.19353912770748138 -0.4048507511615753 -0.1778102070093155 -0.1778102070093155 -0.30921468138694763 -0.25229334831237793 -0.19353912770748138 -0.19353912770748138 -0.19353912770748138 -0.19353912770748138 -0.1778102070093155 -0.1778102070093155 -0.14266444742679596 -0.14056967198848724 -0.10900036990642548 -0.035541098564863205 -0.02736268937587738 -0.02235371433198452 -0.017530076205730438 -0.017530076205730438 -0.004611325450241566 -0.010385345667600632 -0.005099428351968527 -0.0038409049157053232 -0.004362544044852257 -0.0037704743444919586 -0.0031596627086400986 -0.0027066206093877554 -0.0020830328576266766 -0.0013653947971761227 -0.0013042058562859893 -0.0011908754240721464
-0.19422070682048798 -0.19422070682048798 -0.19422070682048798 -0.19422070682048798 -0.19422070682048798 -0.19422070682048798 -0.1778102070093155 -0.19422070682048798 -0.19353912770748138 -0.1778102070093155 -0.1778102070093155 -0.19353912770748138 -0.19353912770748138 -0.25279858708381653 -0.25268423557281494 -0.251110702753067 -0.24898019433021545 -0.1778102070093155 -0.1778102070093155 -0.14266444742679596 -0.14056967198848724 -0.10900036990642548 -0.035541098564863205 -0.02736268937587738 -0.02235371433198452 -0.017530076205730438 -0.017530076205730438 -0.004611325450241566 -0.010385345667600632 -0.005099428351968527 -0.0038409049157053232 -0.004362544044852257 -0.0037704743444919586 -0.0031596627086400986 -0.0027066206093877554 -0.0020830328576266766 -0.0013653947971761227 -0.0013042058562859893 -0.0011908754240721464
-0.1778102070093155 -0.1778102070093155 -0.1778102070093155 -0.1778102070093155 -0.1778102070093155 -0.1778102070093155 -0.23167838156223297 -0.1778102070093155 -0.1778102070093155 -0.3216857314109802 -0.23167838156223297 -0.1778102070093155 -0.1778102070093155 -0.1778102070093155 -0.1778102070093155 -0.1778102070093155 -0.1778102070093155 -0.1889672577381134 -0.18906523287296295 -0.14266444742679596 -0.14056967198848724 -0.10900036990642548 -0.035541098564863205 -0.02736268937587738 -0.02235371433198452 -0.017530076205730438 -0.017530076205730438 -0.004611325450241566 -0.010385345667600632 -0.005099428351968527 -0.0038409049157053232 -0.004362544044852257 -0.0037704743444919586 -0.0031596627086400986 -0.0027066206093877554 -0.0020830328576266766 -0.0013653947971761227 -0.0013042058562859893 -0.0011908754240721464
-0.1778102070093155 -0.1778102070093155 -0.1778102070093155 -0.1778102070093155 -0.1778102070093155 -0.1778102070093155 -0.23167838156223297 -0.1778102070093155 -0.1778102070093155 -0.3216857314109802 -0.23167838156223297 -0.1778102070093155 -0.1778102070093155 -0.1778102070093155 -0.1778102070093155 -0.1778102070093155 -0.1778102070093155 -0.1889672577381134 -0.18906523287296295 -0.14266444742679596 -0.14056967198848724 -0.10900036990642548 -0.035541098564863205 -0.02736268937587738 -0.02235371433198452 -0.017530076205730438 -0.017530076205730438 -0.004611325450241566 -0.010385345667600632 -0.005099428351968527 -0.0038409049157053232 -0.004362544044852257 -0.0037704743444919586 -0.0031596627086400986 -0.0027066206093877554 -0.0020830328576266766 -0.0013653947971761227 -0.0013042058562859893 -0.0011908754240721464
-0.1778102070093155 -0.1778102070093155 -0.1778102070093155 -0.1778102070093155 -0.1778102070093155 -0.1778102070093155 -0.23167838156223297 -0.1778102070093155 -0.1778102070093155 -0.3216857314109802 -0.23167838156223297 -0.1778102070093155 -0.1778102070093155 -0.1778102070093155 -0.1778102070093155 -0.1778102070093155 -0.1778102070093155 -0.1889672577381134 -0.18906523287296295 -0.14266444742679596 -0.14056967198848724 -0.10900036990642548 -0.035541098564863205 -0.02736268937587738 -0.02235371433198452 -0.017530076205730438 -0.017530076205730438 -0.004611325450241566 -0.010385345667600632 -0.005099428351968527 -0.0038409049157053232 -0.004362544044852257 -0.0037704743444919586 -0.0031596627086400986 -0.0027066206093877554 -0.0020830328576266766 -0.0013653947971761227 -0.0013042058562859893 -0.0011908754240721464
-0.1778102070093155 -0.1778102070093155 -0.1778102070093155 -0.1778102070093155 -0.1778102070093155 -0.1778102070093155 -0.23167838156223297 -0.1778102070093155 -0.1778102070093155 -0.3216857314109802 -0.23167838156223297 -0.1778102070093155 -0.1778102070093155 -0.1778102070093155 -0.1778102070093155 -0.1778102070093155 -0.1778102070093155 -0.1889672577381134 -0.18906523287296295 -0.14266444742679596 -0.14056967198848724 -0.10900036990642548 -0.035541098564863205 -0.02736268937587738 -0.02235371433198452 -0.017530076205730438 -0.017530076205730438 -0.004611325450241566 -0.010385345667600632 -0.005099428351968527 -0.0038409049157053232 -0.004362544044852257 -0.0037704743444919586 -0.0031596627086400986 -0.0027066206093877554 -0.0020830328576266766 -0.0013653947971761227 -0.0013042058562859893 -0.0011908754240721464
-0.19422070682048798 -0.19422070682048798 -0.19422070682048798 -0.19422070682048798 -0.19422070682048798 -0.19422070682048798 -0.1778102070093155 -0.19422070682048798 -0.25229334831237793 -0.1778102070093155 -0.1778102070093155 -0.25229334831237793 -0.25229334831237793 -0.25279858708381653 -0.25268423557281494 -0.251110702753067 -0.24898019433021545 -0.1778102070093155 -0.1778102070093155 -0.14266444742679596 -0.14056967198848724 -0.10900036990642548 -0.035541098564863205 -0.02736268937587738 -0.02235371433198452 -0.017530076205730438 -0.017530076205730438 -0.004611325450241566 -0.010385345667600632 -0.005099428351968527 -0.0038409049157053232 -0.004362544044852257 -0.0037704743444919586 -0.0031596627086400986 -0.0027066206093877554 -0.0020830328576266766 -0.0013653947971761227 -0.0013042058562859893 -0.0011908754240721464
-0.1778102070093155 -0.1778102070093155 -0.1778102070093155 -0.1778102070093155 -0.1778102070093155 -0.1778102070093155 -0.23167838156223297 -0.1778102070093155 -0.1778102070093155 -0.3216857314109802 -0.23167838156223297 -0.1778102070093155 -0.1778102070093155 -0.1778102070093155 -0.1778102070093155 -0.1778102070093155 -0.1778102070093155 -0.1889672577381134 -0.18906523287296295 -0.14266444742679596 -0.14056967198848724 -0.10900036990642548 -0.035541098564863205 -0.02736268937587738 -0.02235371433198452 -0.017530076205730438 -0.017530076205730438 -0.004611325450241566 -0.010385345667600632 -0.005099428351968527 -0.0038409049157053232 -0.004362544044852257 -0.0037704743444919586 -0.0031596627086400986 -0.0027066206093877554 -0.0020830328576266766 -0.0013653947971761227 -0.0013042058562859893 -0.0011908754240721464
-0.1778102070093155 -0.1778102070093155 -0.1778102070093155 -0.1778102070093155 -0.1778102070093155 -0.1778102070093155 -0.2930620312690735 -0.1778102070093155 -0.1778102070093155 -0.23167838156223297 -0.31961295008659363 -0.1778102070093155 -0.1778102070093155 -0.1778102070093155 -0.1778102070093155 -0.1778102070093155 -0.1778102070093155 -0.1889672577381134 -0.18906523287296295 -0.14266444742679596 -0.14056967198848724 -0.10900036990642548 -0.035541098564863205 -0.02736268937587738 -0.02235371433198452 -0.017530076205730438 -0.017530076205730438 -0.004611325450241566 -0.010385345667600632 -0.005099428351968527 -0.0038409049157053232 -0.004362544044852257 -0.0037704743444919586 -0.0031596627086400986 -0.0027066206093877554 -0.0020830328576266766 -0.0013653947971761227 -0.0013042058562859893 -0.0011908754240721464
-0.1778102070093155 -0.1778102070093155 -0.1778102070093155 -0.1778102070093155 -0.1778102070093155 -0.1778102070093155 -0.23167838156223297 -0.1778102070093155 -0.1778102070093155 -0.3216857314109802 -0.23167838156223297 -0.1778102070093155 -0.1778102070093155 -0.1778102070093155 -0.1778102070093155 -0.1778102070093155 -0.1778102070093155 -0.1889672577381134 -0.18906523287296295 -0.14266444742679596 -0.14056967198848724 -0.10900036990642548 -0.035541098564863205 -0.02736268937587738 -0.02235371433198452 -0.017530076205730438 -0.017530076205730438 -0.004611325450241566 -0.010385345667600632 -0.005099428351968527 -0.0038409049157053232 -0.004362544044852257 -0.0037704743444919586 -0.0031596627086400986 -0.0027066206093877554 -0.0020830328576266766 -0.0013653947971761227 -0.0013042058562859893 -0.0011908754240721464
-0.1778102070093155 -0.1778102070093155 -0.1778102070093155 -0.1778102070093155 -0.1778102070093155 -0.1778102070093155 -0.23167838156223297 -0.1778102070093155 -0.1778102070093155 -0.3216857314109802 -0.23167838156223297 -0.1778102070093155 -0.1778102070093155 -0.1778102070093155 -0.1778102070093155 -0.1778102070093155 -0.1778102070093155 -0.1889672577381134 -0.18906523287296295 -0.14266444742679596 -0.14056967198848724 -0.10900036990642548 -0.035541098564863205 -0.02736268937587738 -0.02235371433198452 -0.017530076205730438 -0.017530076205730438 -0.004611325450241566 -0.010385345667600632 -0.005099428351968527 -0.0038409049157053232 -0.004362544044852257 -0.0037704743444919586 -0.0031596627086400986 -0.0027066206093877554 -0.0020830328576266766 -0.0013653947971761227 -0.0013042058562859893 -0.0011908754240721464
-0.1778102070093155 -0.1778102070093155 -0.1778102070093155 -0.1778102070093155 -0.1778102070093155 -0.1778102070093155 -0.23167838156223297 -0.1778102070093155 -0.1778102070093155 -0.3216857314109802 -0.23167838156223297 -0.1778102070093155 -0.1778102070093155 -0.1778102070093155 -0.1778102070093155 -0.1778102070093155 -0.1778102070093155 -0.1889672577381134 -0.18906523287296295 -0.14266444742679596 -0.14056967198848724 -0.10900036990642548 -0.035541098564863205 -0.02736268937587738 -0.02235371433198452 -0.017530076205730438 -0.017530076205730438 -0.004611325450241566 -0.010385345667600632 -0.005099428351968527 -0.0038409049157053232 -0.004362544044852257 -0.0037704743444919586 -0.0031596627086400986 -0.0027066206093877554 -0.0020830328576266766 -0.0013653947971761227 -0.0013042058562859893 -0.0011908754240721464
-0.1778102070093155 -0.1778102070093155 -0.1778102070093155 -0.1778102070093155 -0.1778102070093155 -0.1778102070093155 -0.23167838156223297 -0.1778102070093155 -0.1778102070093155 -0.3216857314109802 -0.23167838156223297 -0.1778102070093155 -0.1778102070093155 -0.1778102070093155 -0.1778102070093155 -0.1778102070093155 -0.1778102070093155 -0.1889672577381134 -0.18906523287296295 -0.14266444742679596 -0.14056967198848724 -0.10900036990642548 -0.035541098564863205 -0.02736268937587738 -0.02235371433198452 -0.017530076205730438 -0.017530076205730438 -0.004611325450241566 -0.010385345667600632 -0.005099428351968527 -0.0038409049157053232 -0.004362544044852257 -0.0037704743444919586 -0.0031596627086400986 -0.0027066206093877554 -0.0020830328576266766 -0.0013653947971761227 -0.0013042058562859893 -0.0011908754240721464
-0.1778102070093155 -0.1778102070093155 -0.1778102070093155 -0.1778102070093155 -0.1778102070093155 -0.1778102070093155 -0.23167838156223297 -0.1778102070093155 -0.1778102070093155 -0.3216857314109802 -0.23167838156223297 -0.1778102070093155 -0.1778102070093155 -0.1778102070093155 -0.1778102070093155 -0.1778102070093155 -0.1778102070093155 -0.1889672577381134 -0.18906523287296295 -0.14266444742679596 -0.14056967198848724 -0.10900036990642548 -0.035541098564863205 -0.02736268937587738 -0.02235371433198452 -0.017530076205730438 -0.017530076205730438 -0.004611325450241566 -0.010385345667600632 -0.005099428351968527 -0.0038409049157053232 -0.004362544044852257 -0.0037704743444919586 -0.0031596627086400986 -0.0027066206093877554 -0.0020830328576266766 -0.0013653947971761227 -0.0013042058562859893 -0.0011908754240721464
-0.19353912770748138 -0.19353912770748138 -0.19353912770748138 -0.19353912770748138 -0.19353912770748138 -0.19353912770748138 -0.1778102070093155 -0.19353912770748138 -0.3515942394733429 -0.1778102070093155 -0.1778102070093155 -0.30277109146118164 -0.25229334831237793 -0.19353912770748138 -0.19353912770748138 -0.19353912770748138 -0.19353912770748138 -0.1778102070093155 -0.1778102070093155 -0.14266444742679596 -0.14056967198848724 -0.10900036990642548 -0.035541098564863205 -0.02736268937587738 -0.02235371433198452 -0.017530076205730438 -0.017530076205730438 -0.004611325450241566 -0.010385345667600632 -0.005099428351968527 -0.0038409049157053232 -0.004362544044852257 -0.0037704743444919586 -0.0031596627086400986 -0.0027066206093877554 -0.0020830328576266766 -0.0013653947971761227 -0.0013042058562859893 -0.0011908754240721464
-0.3470469117164612 -0.3470469117164612 -0.3470469117164612 -0.3470469117164612 -0.3470469117164612 -0.3470469117164612 -0.1778102070093155 -0.3470469117164612 -0.19353912770748138 -0.1778102070093155 -0.1778102070093155 -0.19353912770748138 -0.19353912770748138 -0.19422070682048798 -0.19422070682048798 -0.19422070682048798 -0.19422070682048798 -0.1778102070093155 -0.1778102070093155 -0.14266444742679596 -0.14056967198848724 -0.10900036990642548 -0.035541098564863205 -0.02736268937587738 -0.02235371433198452 -0.017530076205730438 -0.017530076205730438 -0.004611325450241566 -0.010385345667600632 -0.005099428351968527 -0.0038409049157053232 -0.004362544044852257 -0.0037704743444919586 -0.0031596627086400986 -0.0027066206093877554 -0.0020830328576266766 -0.0013653947971761227 -0.0013042058562859893 -0.0011908754240721464
-0.309731125831604 -0.309731125831604 -0.309731125831604 -0.309731125831604 -0.309731125831604 -0.309731125831604 -0.1778102070093155 -0.309731125831604 -0.19353912770748138 -0.1778102070093155 -0.1778102070093155 -0.19353912770748138 -0.19353912770748138 -0.22389622032642365 -0.2505480647087097 -0.2505480647087097 -0.23248109221458435 -0.1778102070093155 -0.1778102070093155 -0.14266444742679596 -0.14056967198848724 -0.10900036990642548 -0.035541098564863205 -0.02736268937587738 -0.02235371433198452 -0.017530076205730438 -0.017530076205730438 -0.004611325450241566 -0.010385345667600632 -0.005099428351968527 -0.0038409049157053232 -0.004362544044852257 -0.0037704743444919586 -0.0031596627086400986 -0.0027066206093877554 -0.0020830328576266766 -0.0013653947971761227 -0.0013042058562859893 -0.0011908754240721464
-0.19353912770748138 -0.19353912770748138 -0.19353912770748138 -0.19353912770748138 -0.19353912770748138 -0.19353912770748138 -0.1778102070093155 -0.19353912770748138 -0.29700276255607605 -0.1778102070093155 -0.1778102070093155 -0.29700276255607605 -0.2568877637386322 -0.19353912770748138 -0.19353912770748138 -0.19353912770748138 -0.19353912770748138 -0.1778102070093155 -0.1778102070093155 -0.14266444742679596 -0.14056967198848724 -0.10900036990642548 -0.035541098564863205 -0.02736268937587738 -0.02235371433198452 -0.017530076205730438 -0.017530076205730438 -0.004611325450241566 -0.010385345667600632 -0.005099428351968527 -0.0038409049157053232 -0.004362544044852257 -0.0037704743444919586 -0.0031596627086400986 -0.0027066206093877554 -0.0020830328576266766 -0.0013653947971761227 -0.0013042058562859893 -0.0011908754240721464
-0.19422070682048798 -0.19422070682048798 -0.19422070682048798 -0.19422070682048798 -0.19422070682048798 -0.19422070682048798 -0.1778102070093155 -0.19422070682048798 -0.25229334831237793 -0.1778102070093155 -0.1778102070093155 -0.25229334831237793 -0.25229334831237793 -0.25279858708381653 -0.25268423557281494 -0.251110702753067 -0.23248109221458435 -0.1778102070093155 -0.1778102070093155 -0.14266444742679596 -0.14056967198848724 -0.10900036990642548 -0.03581899777054787 -0.027669548988342285 -0.02235371433198452 -0.017530076205730438 -0.017530076205730438 -0.004611325450241566 -0.010385345667600632 -0.005099428351968527 -0.0038409049157053232 -0.004362544044852257 -0.0037704743444919586 -0.0031596627086400986 -0.0027066206093877554 -0.0020830328576266766 -0.0013653947971761227 -0.0013042058562859893 -0.0011908754240721464
-0.19422070682048798 -0.19422070682048798 -0.19422070682048798 -0.19422070682048798 -0.19422070682048798 -0.19422070682048798 -0.1778102070093155 -0.19422070682048798 -0.262359619140625 -0.1778102070093155 -0.1778102070093155 -0.262359619140625 -0.25229334831237793 -0.25279858708381653 -0.25268423557281494 -0.251110702753067 -0.23248109221458435 -0.1778102070093155 -0.1778102070093155 -0.14266444742679596 -0.14056967198848724 -0.10900036990642548 -0.035541098564863205 -0.02736268937587738 -0.02235371433198452 -0.017530076205730438 -0.017530076205730438 -0.004611325450241566 -0.010385345667600632 -0.005099428351968527 -0.0038409049157053232 -0.004362544044852257 -0.0037704743444919586 -0.0031596627086400986 -0.0027066206093877554 -0.0020830328576266766 -0.0013653947971761227 -0.0013042058562859893 -0.0011908754240721464
-0.19353912770748138 -0.19353912770748138 -0.19353912770748138 -0.19353912770748138 -0.19353912770748138 -0.19353912770748138 -0.1889672577381134 -0.19353912770748138 -0.25667616724967957 -0.1889672577381134 -0.1889672577381134 -0.25667616724967957 -0.25229334831237793 -0.19353912770748138 -0.19353912770748138 -0.19353912770748138 -0.19353912770748138 -0.20325231552124023 -0.1889672577381134 -0.14266444742679596 -0.14056967198848724 -0.10900036990642548 -0.035541098564863205 -0.02736268937587738 -0.02235371433198452 -0.017530076205730438 -0.017530076205730438 -0.004611325450241566 -0.010385345667600632 -0.005099428351968527 -0.0038409049157053232 -0.004362544044852257 -0.0037704743444919586 -0.0031596627086400986 -0.0027066206093877554 -0.0020830328576266766 -0.0013653947971761227 -0.0013042058562859893 -0.0011908754240721464
-0.1778102070093155 -0.1778102070093155 -0.1778102070093155 -0.1778102070093155 -0.1778102070093155 -0.1778102070093155 -0.1778102070093155 -0.1778102070093155 -0.1778102070093155 -0.1778102070093155 -0.1778102070093155 -0.1778102070093155 -0.1778102070093155 -0.1778102070093155 -0.1778102070093155 -0.1778102070093155 -0.1778102070093155 -0.1778102070093155 -0.1778102070093155 -0.14266444742679596 -0.14056967198848724 -0.10900036990642548 -0.035541098564863205 -0.02736268937587738 -0.02235371433198452 -0.020261822268366814 -0.019772179424762726 -0.004611325450241566 -0.010385345667600632 -0.005099428351968527 -0.0038409049157053232 -0.004362544044852257 -0.0037704743444919586 -0.0031596627086400986 -0.0027066206093877554 -0.0020830328576266766 -0.0013653947971761227 -0.0013042058562859893 -0.0011908754240721464
-0.1778102070093155 -0.1778102070093155 -0.1778102070093155 -0.1778102070093155 -0.1778102070093155 -0.1778102070093155 -0.2037632316350937 -0.1778102070093155 -0.1778102070093155 -0.2037632316350937 -0.2037632316350937 -0.1778102070093155 -0.1778102070093155 -0.1778102070093155 -0.1778102070093155 -0.1778102070093155 -0.1778102070093155 -0.20325231552124023 -0.18944048881530762 -0.14266444742679596 -0.14056967198848724 -0.10900036990642548 -0.035541098564863205 -0.02736268937587738 -0.02235371433198452 -0.017530076205730438 -0.017530076205730438 -0.004611325450241566 -0.010385345667600632 -0.005099428351968527 -0.0038409049157053232 -0.004362544044852257 -0.0037704743444919586 -0.0031596627086400986 -0.0027066206093877554 -0.0020830328576266766 -0.0013653947971761227 -0.0013042058562859893 -0.0011908754240721464
-0.19353912770748138 -0.19353912770748138 -0.19353912770748138 -0.19353912770748138 -0.19353912770748138 -0.19353912770748138 -0.202580988407135 -0.19353912770748138 -0.19353912770748138 -0.202580988407135 -0.202580988407135 -0.19353912770748138 -0.19353912770748138 -0.19353912770748138 -0.19353912770748138 -0.19353912770748138 -0.19353912770748138 -0.202580988407135 -0.18944048881530762 -0.14266444742679596 -0.14056967198848724 -0.10900036990642548 -0.035541098564863205 -0.02736268937587738 -0.02235371433198452 -0.017530076205730438 -0.017530076205730438 -0.004611325450241566 -0.010385345667600632 -0.005099428351968527 -0.0038409049157053232 -0.004362544044852257 -0.0037704743444919586 -0.0031596627086400986 -0.0027066206093877554 -0.0020830328576266766 -0.0013653947971761227 -0.0013042058562859893 -0.0011908754240721464
-0.1778102070093155 -0.1778102070093155 -0.1778102070093155 -0.1778102070093155 -0.1778102070093155 -0.1778102070093155 -0.20205511152744293 -0.1778102070093155 -0.1778102070093155 -0.20205511152744293 -0.20205511152744293 -0.1778102070093155 -0.1778102070093155 -0.1778102070093155 -0.1778102070093155 -0.1778102070093155 -0.1778102070093155 -0.20205511152744293 -0.18944048881530762 -0.14266444742679596 -0.14056967198848724 -0.10900036990642548 -0.035541098564863205 -0.02736268937587738 -0.02235371433198452 -0.017530076205730438 -0.017530076205730438 -0.004611325450241566 -0.010385345667600632 -0.005099428351968527 -0.0038409049157053232 -0.004362544044852257 -0.0037704743444919586 -0.0031596627086400986 -0.0027066206093877554 -0.0020830328576266766 -0.0013653947971761227 -0.0013042058562859893 -0.0011908754240721464
-0.19353912770748138 -0.19353912770748138 -0.19353912770748138 -0.19353912770748138 -0.19353912770748138 -0.19353912770748138 -0.2016717493534088 -0.19353912770748138 -0.19353912770748138 -0.2016717493534088 -0.2016717493534088 -0.19353912770748138 -0.19353912770748138 -0.19353912770748138 -0.19353912770748138 -0.19353912770748138 -0.19353912770748138 -0.2016717493534088 -0.18944048881530762 -0.14266444742679596 -0.14056967198848724 -0.10900036990642548 -0.035541098564863205 -0.02736268937587738 -0.02235371433198452 -0.017530076205730438 -0.017530076205730438 -0.004611325450241566 -0.010385345667600632 -0.005099428351968527 -0.0038409049157053232 -0.004362544044852257 -0.0037704743444919586 -0.0031596627086400986 -0.0027066206093877554 -0.0020830328576266766 -0.0013653947971761227 -0.0013042058562859893 -0.0011908754240721464
-0.19353912770748138 -0.19353912770748138 -0.19353912770748138 -0.19353912770748138 -0.19353912770748138 -0.19353912770748138 -0.20097264647483826 -0.19353912770748138 -0.19353912770748138 -0.20097264647483826 -0.20097264647483826 -0.19353912770748138 -0.19353912770748138 -0.19353912770748138 -0.19353912770748138 -0.19353912770748138 -0.19353912770748138 -0.20097264647483826 -0.18944048881530762 -0.14266444742679596 -0.14056967198848724 -0.10900036990642548 -0.035541098564863205 -0.02736268937587738 -0.02235371433198452 -0.017530076205730438 -0.017530076205730438 -0.004611325450241566 -0.010385345667600632 -0.005099428351968527 -0.0038409049157053232 -0.004362544044852257 -0.0037704743444919586 -0.0031596627086400986 -0.0027066206093877554 -0.0020830328576266766 -0.0013653947971761227 -0.0013042058562859893 -0.0011908754240721464
-0.1778102070093155 -0.1778102070093155 -0.1778102070093155 -0.1778102070093155 -0.1778102070093155 -0.1778102070093155 -0.19809110462665558 -0.1778102070093155 -0.1778102070093155 -0.19809110462665558 -0.19809110462665558 -0.1778102070093155 -0.1778102070093155 -0.1778102070093155 -0.1778102070093155 -0.1778102070093155 -0.1778102070093155 -0.1889672577381134 -0.18906523287296295 -0.14266444742679596 -0.14056967198848724 -0.11578278243541718 -0.035541098564863205 -0.02736268937587738 -0.02235371433198452 -0.017530076205730438 -0.017530076205730438 -0.004611325450241566 -0.010385345667600632 -0.005099428351968527 -0.0038409049157053232 -0.004362544044852257 -0.0037704743444919586 -0.0031596627086400986 -0.0027066206093877554 -0.0020830328576266766 -0.0013653947971761227 -0.0013042058562859893 -0.0012740357778966427
-0.19353912770748138 -0.19353912770748138 -0.19353912770748138 -0.19353912770748138 -0.19353912770748138 -0.19353912770748138 -0.1778102070093155 -0.19353912770748138 -0.19707633554935455 -0.1778102070093155 -0.1778102070093155 -0.19707633554935455 -0.19707633554935455 -0.19353912770748138 -0.19353912770748138 -0.19353912770748138 -0.19353912770748138 -0.1778102070093155 -0.1778102070093155 -0.14266444742679596 -0.14056967198848724 -0.10900036990642548 -0.035541098564863205 -0.02736268937587738 -0.02235371433198452 -0.020261822268366814 -0.019393440335989 -0.004611325450241566 -0.010385345667600632 -0.005099428351968527 -0.0038409049157053232 -0.004362544044852257 -0.0037704743444919586 -0.0031596627086400986 -0.0027066206093877554 -0.0020830328576266766 -0.0013653947971761227 -0.0013042058562859893 -0.0011908754240721464
-0.14056967198848724 -0.14056967198848724 -0.14056967198848724 -0.14056967198848724 -0.14056967198848724 -0.14056967198848724 -0.14056967198848724 -0.14056967198848724 -0.14056967198848724 -0.14056967198848724 -0.14056967198848724 -0.14056967198848724 -0.14056967198848724 -0.14056967198848724 -0.14056967198848724 -0.14056967198848724 -0.14056967198848724 -0.14056967198848724 -0.14056967198848724 -0.14056967198848724 -0.14056967198848724 -0.10900036990642548 -0.035541098564863205 -0.02736268937587738 -0.02235371433198452 -0.017530076205730438 -0.017530076205730438 -0.004611325450241566 -0.010385345667600632 -0.005099428351968527 -0.0038409049157053232 -0.004362544044852257 -0.0037704743444919586 -0.0031596627086400986 -0.0027066206093877554 -0.002326847054064274 -0.0016790005611255765 -0.0014981060521677136 -0.0011908754240721464
-0.15730397403240204 -0.15730397403240204 -0.15730397403240204 -0.15730397403240204 -0.15730397403240204 -0.15730397403240204 -0.15730397403240204 -0.15730397403240204 -0.15730397403240204 -0.15730397403240204 -0.15730397403240204 -0.15730397403240204 -0.15730397403240204 -0.15730397403240204 -0.15730397403240204 -0.15730397403240204 -0.15730397403240204 -0.15730397403240204 -0.15730397403240204 -0.14266444742679596 -0.14056967198848724 -0.10900036990642548 -0.035541098564863205 -0.02736268937587738 -0.02235371433198452 -0.017530076205730438 -0.017530076205730438 -0.004611325450241566 -0.010385345667600632 -0.005506837274879217 -0.0038409049157053232 -0.004593424499034882 -0.0038778625894337893 -0.0031596627086400986 -0.0027066206093877554 -0.0020830328576266766 -0.0013653947971761227 -0.0013042058562859893 -0.0011908754240721464
-0.15147267282009125 -0.15147267282009125 -0.15147267282009125 -0.15147267282009125 -0.15147267282009125 -0.15147267282009125 -0.15147267282009125 -0.15147267282009125 -0.15147267282009125 -0.15147267282009125 -0.15147267282009125 -0.15147267282009125 -0.15147267282009125 -0.15147267282009125 -0.15147267282009125 -0.15147267282009125 -0.15147267282009125 -0.15147267282009125 -0.15147267282009125 -0.14266444742679596 -0.14056967198848724 -0.10900036990642548 -0.035541098564863205 -0.02736268937587738 -0.02235371433198452 -0.017530076205730438 -0.017530076205730438 -0.004611325450241566 -0.010385345667600632 -0.005099428351968527 -0.0048507521860301495 -0.004362544044852257 -0.0037704743444919586 -0.0031596627086400986 -0.0027066206093877554 -0.0020830328576266766 -0.0013653947971761227 -0.0013042058562859893 -0.0011908754240721464
-0.14718672633171082 -0.14718672633171082 -0.14718672633171082 -0.14718672633171082 -0.14718672633171082 -0.14718672633171082 -0.14718672633171082 -0.14718672633171082 -0.14718672633171082 -0.14718672633171082 -0.14718672633171082 -0.14718672633171082 -0.14718672633171082 -0.14718672633171082 -0.14718672633171082 -0.14718672633171082 -0.14718672633171082 -0.14718672633171082 -0.14718672633171082 -0.14266444742679596 -0.14056967198848724 -0.10900036990642548 -0.035541098564863205 -0.02736268937587738 -0.02235371433198452 -0.017530076205730438 -0.017530076205730438 -0.004611325450241566 -0.010385345667600632 -0.005099428351968527 -0.0038409049157053232 -0.004362544044852257 -0.0037704743444919586 -0.0031596627086400986 -0.0027066206093877554 -0.0020830328576266766 -0.0013653947971761227 -0.0013042058562859893 -0.0011908754240721464
-0.1305205523967743 -0.1305205523967743 -0.1305205523967743 -0.1305205523967743 -0.1305205523967743 -0.1305205523967743 -0.1305205523967743 -0.1305205523967743 -0.1305205523967743 -0.1305205523967743 -0.1305205523967743 -0.1305205523967743 -0.1305205523967743 -0.1305205523967743 -0.1305205523967743 -0.1305205523967743 -0.1305205523967743 -0.1305205523967743 -0.1305205523967743 -0.1305205523967743 -0.1305205523967743 -0.10900036990642548 -0.035541098564863205 -0.02736268937587738 -0.02235371433198452 -0.017530076205730438 -0.017530076205730438 -0.004611325450241566 -0.010385345667600632 -0.005099428351968527 -0.0038409049157053232 -0.004362544044852257 -0.0037704743444919586 -0.0031596627086400986 -0.0027066206093877554 -0.0020830328576266766 -0.0013653947971761227 -0.0013042058562859893 -0.0011908754240721464
-0.12128473818302155 -0.12128473818302155 -0.12128473818302155 -0.12128473818302155 -0.12128473818302155 -0.12128473818302155 -0.12128473818302155 -0.12128473818302155 -0.12128473818302155 -0.12128473818302155 -0.12128473818302155 -0.12128473818302155 -0.12128473818302155 -0.12128473818302155 -0.12128473818302155 -0.12128473818302155 -0.12128473818302155 -0.12128473818302155 -0.12128473818302155 -0.12128473818302155 -0.12128473818302155 -0.10900036990642548 -0.03581899777054787 -0.027669548988342285 -0.02235371433198452 -0.017530076205730438 -0.017530076205730438 -0.004611325450241566 -0.010385345667600632 -0.005099428351968527 -0.0048507521860301495 -0.004362544044852257 -0.0037704743444919586 -0.003433086210861802 -0.0027066206093877554 -0.0020830328576266766 -0.0013653947971761227 -0.0013042058562859893 -0.0011908754240721464
-0.11683231592178345 -0.11683231592178345 -0.11683231592178345 -0.11683231592178345 -0.11683231592178345 -0.11683231592178345 -0.11683231592178345 -0.11683231592178345 -0.11683231592178345 -0.11683231592178345 -0.11683231592178345 -0.11683231592178345 -0.11683231592178345 -0.11683231592178345 -0.11683231592178345 -0.11683231592178345 -0.11683231592178345 -0.11683231592178345 -0.11683231592178345 -0.11683231592178345 -0.11683231592178345 -0.10900036990642548 -0.035541098564863205 -0.02736268937587738 -0.02235371433198452 -0.017530076205730438 -0.017530076205730438 -0.004611325450241566 -0.010385345667600632 -0.005099428351968527 -0.0048507521860301495 -0.004362544044852257 -0.0037704743444919586 -0.003433086210861802 -0.0027066206093877554 -0.0020830328576266766 -0.0013653947971761227 -0.0013042058562859893 -0.0011908754240721464
-0.11238750070333481 -0.11238750070333481 -0.11238750070333481 -0.11238750070333481 -0.11238750070333481 -0.11238750070333481 -0.11238750070333481 -0.11238750070333481 -0.11238750070333481 -0.11238750070333481 -0.11238750070333481 -0.11238750070333481 -0.11238750070333481 -0.11238750070333481 -0.11238750070333481 -0.11238750070333481 -0.11238750070333481 -0.11238750070333481 -0.11238750070333481 -0.11238750070333481 -0.11238750070333481 -0.10900036990642548 -0.035541098564863205 -0.027669548988342285 -0.02235371433198452 -0.017530076205730438 -0.017530076205730438 -0.004611325450241566 -0.010385345667600632 -0.005099428351968527 -0.0048507521860301495 -0.004362544044852257 -0.0037704743444919586 -0.003433086210861802 -0.0027066206093877554 -0.0020830328576266766 -0.0013653947971761227 -0.0013042058562859893 -0.0011908754240721464
-0.10641420632600784 -0.10641420632600784 -0.10641420632600784 -0.10641420632600784 -0.10641420632600784 -0.10641420632600784 -0.10641420632600784 -0.10641420632600784 -0.10641420632600784 -0.10641420632600784 -0.10641420632600784 -0.10641420632600784 -0.10641420632600784 -0.10641420632600784 -0.10641420632600784 -0.10641420632600784 -0.10641420632600784 -0.10641420632600784 -0.10641420632600784 -0.10641420632600784 -0.10641420632600784 -0.10641420632600784 -0.035541098564863205 -0.02736268937587738 -0.02235371433198452 -0.017530076205730438 -0.017530076205730438 -0.004611325450241566 -0.010385345667600632 -0.005099428351968527 -0.0048507521860301495 -0.004362544044852257 -0.0037704743444919586 -0.003433086210861802 -0.0027066206093877554 -0.0020830328576266766 -0.0013653947971761227 -0.0013042058562859893 -0.0011908754240721464
-0.10415442287921906 -0.10415442287921906 -0.10415442287921906 -0.10415442287921906 -0.10415442287921906 -0.10415442287921906 -0.10415442287921906 -0.10415442287921906 -0.10415442287921906 -0.10415442287921906 -0.10415442287921906 -0.10415442287921906 -0.10415442287921906 -0.10415442287921906 -0.10415442287921906 -0.10415442287921906 -0.10415442287921906 -0.10415442287921906 -0.10415442287921906 -0.10415442287921906 -0.10415442287921906 -0.10415442287921906 -0.03581899777054787 -0.027669548988342285 -0.02235371433198452 -0.017530076205730438 -0.017530076205730438 -0.004611325450241566 -0.010385345667600632 -0.005099428351968527 -0.0048507521860301495 -0.004362544044852257 -0.0037704743444919586 -0.003433086210861802 -0.0027066206093877554 -0.0020830328576266766 -0.0013653947971761227 -0.0013042058562859893 -0.0011908754240721464
-0.09934818744659424 -0.09934818744659424 -0.09934818744659424 -0.09934818744659424 -0.09934818744659424 -0.09934818744659424 -0.09934818744659424 -0.09934818744659424 -0.09934818744659424 -0.09934818744659424 -0.09934818744659424 -0.09934818744659424 -0.09934818744659424 -0.09934818744659424 -0.09934818744659424 -0.09934818744659424 -0.09934818744659424 -0.09934818744659424 -0.09934818744659424 -0.09934818744659424 -0.09934818744659424 -0.09934818744659424 -0.03581899777054787 -0.027669548988342285 -0.02235371433198452 -0.017530076205730438 -0.017530076205730438 -0.004611325450241566 -0.010385345667600632 -0.005099428351968527 -0.0038409049157053232 -0.004362544044852257 -0.0037704743444919586 -0.003433086210861802 -0.0027066206093877554 -0.0020830328576266766 -0.0013653947971761227 -0.0013042058562859893 -0.0011908754240721464
-0.05085587128996849 -0.05085587128996849 -0.05085587128996849 -0.05085587128996849 -0.05085587128996849 -0.05085587128996849 -0.05085587128996849 -0.05085587128996849 -0.05085587128996849 -0.05085587128996849 -0.05085587128996849 -0.05085587128996849 -0.05085587128996849 -0.05085587128996849 -0.05085587128996849 -0.05085587128996849 -0.05085587128996849 -0.05085587128996849 -0.05085587128996849 -0.05085587128996849 -0.05085587128996849 -0.05085587128996849 -0.035541098564863205 -0.02736268937587738 -0.02235371433198452 -0.017530076205730438 -0.017530076205730438 -0.004611325450241566 -0.010385345667600632 -0.005099428351968527 -0.0038409049157053232 -0.004362544044852257 -0.0037704743444919586 -0.0031596627086400986 -0.0027066206093877554 -0.0020830328576266766 -0.0013653947971761227 -0.0013042058562859893 -0.0011908754240721464
-0.028714803978800774 -0.028714803978800774 -0.028714803978800774 -0.028714803978800774 -0.028714803978800774 -0.028714803978800774 -0.028714803978800774 -0.028714803978800774 -0.028714803978800774 -0.028714803978800774 -0.028714803978800774 -0.028714803978800774 -0.028714803978800774 -0.028714803978800774 -0.028714803978800774 -0.028714803978800774 -0.028714803978800774 -0.028714803978800774 -0.028714803978800774 -0.028714803978800774 -0.028714803978800774 -0.028714803978800774 -0.028714803978800774 -0.02736268937587738 -0.02235371433198452 -0.017530076205730438 -0.017530076205730438 -0.011903726495802402 -0.010385345667600632 -0.005099428351968527 -0.0038409049157053232 -0.004593424499034882 -0.0038778625894337893 -0.0031596627086400986 -0.0030595543794333935 -0.0020830328576266766 -0.0013653947971761227 -0.0013042058562859893 -0.0011908754240721464
-0.026321642100811005 -0.026321642100811005 -0.026321642100811005 -0.026321642100811005 -0.026321642100811005 -0.026321642100811005 -0.026321642100811005 -0.026321642100811005 -0.026321642100811005 -0.026321642100811005 -0.026321642100811005 -0.026321642100811005 -0.026321642100811005 -0.026321642100811005 -0.026321642100811005 -0.026321642100811005 -0.026321642100811005 -0.026321642100811005 -0.026321642100811005 -0.026321642100811005 -0.026321642100811005 -0.026321642100811005 -0.026321642100811005 -0.026321642100811005 -0.02235371433198452 -0.017530076205730438 -0.017530076205730438 -0.011903726495802402 -0.010385345667600632 -0.005099428351968527 -0.0038409049157053232 -0.004362544044852257 -0.0037704743444919586 -0.0031596627086400986 -0.0030595543794333935 -0.002326847054064274 -0.0013653947971761227 -0.0014981060521677136 -0.0011908754240721464
-0.010621215216815472 -0.010621215216815472 -0.010621215216815472 -0.010621215216815472 -0.010621215216815472 -0.010621215216815472 -0.010621215216815472 -0.010621215216815472 -0.010621215216815472 -0.010621215216815472 -0.010621215216815472 -0.010621215216815472 -0.010621215216815472 -0.010621215216815472 -0.010621215216815472 -0.010621215216815472 -0.010621215216815472 -0.010621215216815472 -0.010621215216815472 -0.010621215216815472 -0.010621215216815472 -0.010621215216815472 -0.010621215216815472 -0.010621215216815472 -0.010621215216815472 -0.010621215216815472 -0.010621215216815472 -0.004611325450241566 -0.010621215216815472 -0.005099428351968527 -0.0038409049157053232 -0.004362544044852257 -0.0037704743444919586 -0.0031596627086400986 -0.0027066206093877554 -0.0020830328576266766 -0.0016790005611255765 -0.0013042058562859893 -0.0011908754240721464
-0.00535994116216898 -0.00535994116216898 -0.00535994116216898 -0.00535994116216898 -0.00535994116216898 -0.00535994116216898 -0.00535994116216898 -0.00535994116216898 -0.00535994116216898 -0.00535994116216898 -0.00535994116216898 -0.00535994116216898 -0.00535994116216898 -0.00535994116216898 -0.00535994116216898 -0.00535994116216898 -0.00535994116216898 -0.00535994116216898 -0.00535994116216898 -0.00535994116216898 -0.00535994116216898 -0.00535994116216898 -0.00535994116216898 -0.00535994116216898 -0.00535994116216898 -0.00535994116216898 -0.00535994116216898 -0.004611325450241566 -0.00535994116216898 -0.00535994116216898 -0.0038409049157053232 -0.004593424499034882 -0.0038778625894337893 -0.0031596627086400986 -0.0027066206093877554 -0.0020830328576266766 -0.0013653947971761227 -0.0013042058562859893 -0.0011908754240721464
-0.004777716938406229 -0.004777716938406229 -0.004777716938406229 -0.004777716938406229 -0.004777716938406229 -0.004777716938406229 -0.004777716938406229 -0.004777716938406229 -0.004777716938406229 -0.004777716938406229 -0.004777716938406229 -0.004777716938406229 -0.004777716938406229 -0.004777716938406229 -0.004777716938406229 -0.004777716938406229 -0.004777716938406229 -0.004777716938406229 -0.004777716938406229 -0.004777716938406229 -0.004777716938406229 -0.004777716938406229 -0.004777716938406229 -0.004777716938406229 -0.004777716938406229 -0.004777716938406229 -0.004777716938406229 -0.004611325450241566 -0.004777716938406229 -0.004777716938406229 -0.0038409049157053232 -0.004593424499034882 -0.0038778625894337893 -0.0031596627086400986 -0.0027066206093877554 -0.0020830328576266766 -0.0013653947971761227 -0.0013042058562859893 -0.0011908754240721464
-0.004221034701913595 -0.004221034701913595 -0.004221034701913595 -0.004221034701913595 -0.004221034701913595 -0.004221034701913595 -0.004221034701913595 -0.004221034701913595 -0.004221034701913595 -0.004221034701913595 -0.004221034701913595 -0.004221034701913595 -0.004221034701913595 -0.004221034701913595 -0.004221034701913595 -0.004221034701913595 -0.004221034701913595 -0.004221034701913595 -0.004221034701913595 -0.004221034701913595 -0.004221034701913595 -0.004221034701913595 -0.004221034701913595 -0.004221034701913595 -0.004221034701913595 -0.004221034701913595 -0.004221034701913595 -0.004221034701913595 -0.004221034701913595 -0.004221034701913595 -0.0038409049157053232 -0.004221034701913595 -0.0038778625894337893 -0.0031596627086400986 -0.0027066206093877554 -0.0020830328576266766 -0.0013653947971761227 -0.0013042058562859893 -0.0011908754240721464
-0.0009202681831084192 -0.0009202681831084192 -0.0009202681831084192 -0.0009202681831084192 -0.0009202681831084192 -0.0009202681831084192 -0.0009202681831084192 -0.0009202681831084192 -0.0009202681831084192 -0.0009202681831084192 -0.0009202681831084192 -0.0009202681831084192 -0.0009202681831084192 -0.0009202681831084192 -0.0009202681831084192 -0.0009202681831084192 -0.0009202681831084192 -0.0009202681831084192 -0.0009202681831084192 -0.0009202681831084192 -0.0009202681831084192 -0.0009202681831084192 -0.0009202681831084192 -0.0009202681831084192 -0.0009202681831084192 -0.0009202681831084192 -0.0009202681831084192 -0.0009202681831084192 -0.0009202681831084192 -0.0009202681831084192 -0.0009202681831084192 -0.0009202681831084192 -0.0009202681831084192 -0.0009202681831084192 -0.0009202681831084192 -0.0009202681831084192 -0.0009202681831084192 -0.0009202681831084192 -0.0009202681831084192
-0.0009020885918289423 -0.0009020885918289423 -0.0009020885918289423 -0.0009020885918289423 -0.0009020885918289423 -0.0009020885918289423 -0.0009020885918289423 -0.0009020885918289423 -0.0009020885918289423 -0.0009020885918289423 -0.0009020885918289423 -0.0009020885918289423 -0.0009020885918289423 -0.0009020885918289423 -0.0009020885918289423 -0.0009020885918289423 -0.0009020885918289423 -0.0009020885918289423 -0.0009020885918289423 -0.0009020885918289423 -0.0009020885918289423 -0.0009020885918289423 -0.0009020885918289423 -0.0009020885918289423 -0.0009020885918289423 -0.0009020885918289423 -0.0009020885918289423 -0.0009020885918289423 -0.0009020885918289423 -0.0009020885918289423 -0.0009020885918289423 -0.0009020885918289423 -0.0009020885918289423 -0.0009020885918289423 -0.0009020885918289423 -0.0009020885918289423 -0.0009020885918289423 -0.0009020885918289423 -0.0009020885918289423
-0.0008342996588908136 -0.0008342996588908136 -0.0008342996588908136 -0.0008342996588908136 -0.0008342996588908136 -0.0008342996588908136 -0.0008342996588908136 -0.0008342996588908136 -0.0008342996588908136 -0.0008342996588908136 -0.0008342996588908136 -0.0008342996588908136 -0.0008342996588908136 -0.0008342996588908136 -0.0008342996588908136 -0.0008342996588908136 -0.0008342996588908136 -0.0008342996588908136 -0.0008342996588908136 -0.0008342996588908136 -0.0008342996588908136 -0.0008342996588908136 -0.0008342996588908136 -0.0008342996588908136 -0.0008342996588908136 -0.0008342996588908136 -0.0008342996588908136 -0.0008342996588908136 -0.0008342996588908136 -0.0008342996588908136 -0.0008342996588908136 -0.0008342996588908136 -0.0008342996588908136 -0.0008342996588908136 -0.0008342996588908136 -0.0008342996588908136 -0.0008342996588908136 -0.0008342996588908136 -0.0008342996588908136