-0.8105283379554749 -0.5938486456871033 -0.580757200717926 -0.5822571516036987 -0.4895090162754059 -0.23392406105995178 -0.23392406105995178 -0.16856719553470612 -0.16856719553470612 -0.2573789954185486 -0.38460052013397217 -0.23392406105995178 -0.16856719553470612 -0.23392406105995178 -0.16856719553470612 -0.16856719553470612 -0.16856719553470612 -0.16856719553470612 -0.16856719553470612 -0.23392406105995178 -0.2252841740846634 -0.13302743434906006 -0.1142430379986763 -0.09400077164173126 -0.09021394699811935 -0.0711551159620285 -0.06821050494909286 -0.05950472876429558 -0.0624476857483387 -0.062208931893110275 -0.04935332387685776 -0.04226274788379669 -0.04077873378992081 -0.036103036254644394 -0.028324037790298462 -0.028324037790298462 -0.026725415140390396 -0.02264440804719925 -0.005367745645344257 -0.003245469881221652 -0.0009619990596547723 -0.0008308114483952522 -0.00033600424649193883 -0.0002664094208739698
-0.8105283379554749 -0.5938486456871033 -0.580757200717926 -0.5822571516036987 -0.4895090162754059 -0.23392406105995178 -0.23392406105995178 -0.16856719553470612 -0.16856719553470612 -0.2573789954185486 -0.38460052013397217 -0.23392406105995178 -0.16856719553470612 -0.23392406105995178 -0.16856719553470612 -0.16856719553470612 -0.16856719553470612 -0.16856719553470612 -0.16856719553470612 -0.23392406105995178 -0.2252841740846634 -0.13302743434906006 -0.1142430379986763 -0.09400077164173126 -0.09021394699811935 -0.0711551159620285 -0.06821050494909286 -0.05950472876429558 -0.0624476857483387 -0.062208931893110275 -0.04935332387685776 -0.04226274788379669 -0.04077873378992081 -0.036103036254644394 -0.028324037790298462 -0.028324037790298462 -0.026725415140390396 -0.02264440804719925 -0.005367745645344257 -0.003245469881221652 -0.0009619990596547723 -0.0008308114483952522 -0.00033600424649193883 -0.0002664094208739698
-0.580757200717926 -0.580757200717926 -0.6080069541931152 -0.580757200717926 -0.4895090162754059 -0.23392406105995178 -0.23392406105995178 -0.16856719553470612 -0.16856719553470612 -0.2573789954185486 -0.38460052013397217 -0.23392406105995178 -0.16856719553470612 -0.23392406105995178 -0.16856719553470612 -0.16856719553470612 -0.16856719553470612 -0.16856719553470612 -0.16856719553470612 -0.23392406105995178 -0.2252841740846634 -0.13302743434906006 -0.1142430379986763 -0.09400077164173126 -0.09021394699811935 -0.0711551159620285 -0.06821050494909286 -0.05950472876429558 -0.0624476857483387 -0.062208931893110275 -0.04935332387685776 -0.04226274788379669 -0.04077873378992081 -0.036103036254644394 -0.028324037790298462 -0.028324037790298462 -0.026725415140390396 -0.02264440804719925 -0.005367745645344257 -0.003245469881221652 -0.0009619990596547723 -0.0008308114483952522 -0.00033600424649193883 -0.0002664094208739698
-0.6453858613967896 -0.6361806392669678 -0.580757200717926 -0.5822571516036987 -0.5220178365707397 -0.23392406105995178 -0.23392406105995178 -0.16856719553470612 -0.16856719553470612 -0.2573789954185486 -0.38460052013397217 -0.23392406105995178 -0.16856719553470612 -0.23392406105995178 -0.16856719553470612 -0.16856719553470612 -0.16856719553470612 -0.16856719553470612 -0.16856719553470612 -0.23392406105995178 -0.2252841740846634 -0.13302743434906006 -0.1142430379986763 -0.09400077164173126 -0.09021394699811935 -0.0711551159620285 -0.06821050494909286 -0.05950472876429558 -0.0624476857483387 -0.062208931893110275 -0.04935332387685776 -0.04226274788379669 -0.04077873378992081 -0.036103036254644394 -0.028324037790298462 -0.028324037790298462 -0.026725415140390396 -0.02264440804719925 -0.005367745645344257 -0.003245469881221652 -0.0009619990596547723 -0.0008308114483952522 -0.00033600424649193883 -0.0002664094208739698
-0.5938486456871033 -0.6361806392669678 -0.6080069541931152 -0.5827341675758362 -0.4895090162754059 -0.23392406105995178 -0.23392406105995178 -0.16856719553470612 -0.16856719553470612 -0.2573789954185486 -0.38460052013397217 -0.23392406105995178 -0.16856719553470612 -0.23392406105995178 -0.16856719553470612 -0.16856719553470612 -0.16856719553470612 -0.16856719553470612 -0.16856719553470612 -0.23392406105995178 -0.2252841740846634 -0.13302743434906006 -0.1142430379986763 -0.09400077164173126 -0.09021394699811935 -0.0711551159620285 -0.06821050494909286 -0.05950472876429558 -0.0624476857483387 -0.062208931893110275 -0.04935332387685776 -0.04226274788379669 -0.04077873378992081 -0.036103036254644394 -0.028324037790298462 -0.028324037790298462 -0.026725415140390396 -0.02264440804719925 -0.005367745645344257 -0.003245469881221652 -0.0009619990596547723 -0.0008308114483952522 -0.00033600424649193883 -0.0002664094208739698
-0.16856719553470612 -0.16856719553470612 -0.16856719553470612 -0.16856719553470612 -0.16856719553470612 -0.16856719553470612 -0.16856719553470612 -0.40052148699760437 -0.3983027935028076 -0.16856719553470612 -0.16856719553470612 -0.16856719553470612 -0.35963159799575806 -0.16856719553470612 -0.28335458040237427 -0.28335458040237427 -0.28335458040237427 -0.28335458040237427 -0.28177571296691895 -0.16856719553470612 -0.16856719553470612 -0.13302743434906006 -0.1142430379986763 -0.09400077164173126 -0.09021394699811935 -0.0711551159620285 -0.06821050494909286 -0.05950472876429558 -0.0624476857483387 -0.062208931893110275 -0.04935332387685776 -0.04226274788379669 -0.04077873378992081 -0.036103036254644394 -0.028324037790298462 -0.028324037790298462 -0.026725415140390396 -0.02264440804719925 -0.014210824854671955 -0.003245469881221652 -0.0009619990596547723 -0.0008308114483952522 -0.00033600424649193883 -0.0002664094208739698
-0.45451098680496216 -0.45451098680496216 -0.45451098680496216 -0.45451098680496216 -0.45451098680496216 -0.23392406105995178 -0.23392406105995178 -0.16856719553470612 -0.16856719553470612 -0.2573789954185486 -0.3912236988544464 -0.23392406105995178 -0.16856719553470612 -0.23392406105995178 -0.16856719553470612 -0.16856719553470612 -0.16856719553470612 -0.16856719553470612 -0.16856719553470612 -0.23392406105995178 -0.2252841740846634 -0.13302743434906006 -0.1142430379986763 -0.09400077164173126 -0.09021394699811935 -0.0711551159620285 -0.06821050494909286 -0.05950472876429558 -0.0624476857483387 -0.062208931893110275 -0.04935332387685776 -0.04226274788379669 -0.04077873378992081 -0.036103036254644394 -0.028324037790298462 -0.028324037790298462 -0.026725415140390396 -0.02264440804719925 -0.005367745645344257 -0.003245469881221652 -0.0009619990596547723 -0.0008308114483952522 -0.00033600424649193883 -0.0002664094208739698
-0.23392406105995178 -0.23392406105995178 -0.23392406105995178 -0.23392406105995178 -0.23392406105995178 -0.3149811923503876 -0.3149811923503876 -0.16856719553470612 -0.16856719553470612 -0.23392406105995178 -0.23392406105995178 -0.3149811923503876 -0.16856719553470612 -0.3582318425178528 -0.16856719553470612 -0.16856719553470612 -0.16856719553470612 -0.16856719553470612 -0.16856719553470612 -0.2520134449005127 -0.2252841740846634 -0.13302743434906006 -0.1142430379986763 -0.09400077164173126 -0.09021394699811935 -0.0711551159620285 -0.06821050494909286 -0.05950472876429558 -0.0624476857483387 -0.062208931893110275 -0.04935332387685776 -0.04226274788379669 -0.04077873378992081 -0.036103036254644394 -0.028324037790298462 -0.028324037790298462 -0.026725415140390396 -0.02264440804719925 -0.005367745645344257 -0.003245469881221652 -0.0009619990596547723 -0.0008308114483952522 -0.00033600424649193883 -0.0002664094208739698
-0.2573789954185486 -0.2573789954185486 -0.2573789954185486 -0.2573789954185486 -0.2573789954185486 -0.23392406105995178 -0.23392406105995178 -0.16856719553470612 -0.16856719553470612 -0.3860190510749817 -0.2573789954185486 -0.23392406105995178 -0.16856719553470612 -0.23392406105995178 -0.16856719553470612 -0.16856719553470612 -0.16856719553470612 -0.16856719553470612 -0.16856719553470612 -0.23392406105995178 -0.2252841740846634 -0.13302743434906006 -0.1142430379986763 -0.09400077164173126 -0.09021394699811935 -0.0711551159620285 -0.06821050494909286 -0.05950472876429558 -0.0624476857483387 -0.062208931893110275 -0.04935332387685776 -0.04226274788379669 -0.04077873378992081 -0.036103036254644394 -0.028324037790298462 -0.028324037790298462 -0.026725415140390396 -0.02264440804719925 -0.005367745645344257 -0.003245469881221652 -0.0009619990596547723 -0.0008308114483952522 -0.00033600424649193883 -0.0002664094208739698
-0.16856719553470612 -0.16856719553470612 -0.16856719553470612 -0.16856719553470612 -0.16856719553470612 -0.16856719553470612 -0.16856719553470612 -0.28335458040237427 -0.28335458040237427 -0.16856719553470612 -0.16856719553470612 -0.16856719553470612 -0.28335458040237427 -0.16856719553470612 -0.3054013252258301 -0.30441537499427795 -0.3039133846759796 -0.2841779291629791 -0.28177571296691895 -0.16856719553470612 -0.16856719553470612 -0.13302743434906006 -0.1142430379986763 -0.09400077164173126 -0.09021394699811935 -0.0711551159620285 -0.06821050494909286 -0.05950472876429558 -0.0624476857483387 -0.062208931893110275 -0.04935332387685776 -0.04226274788379669 -0.04077873378992081 -0.036103036254644394 -0.028324037790298462 -0.028324037790298462 -0.026725415140390396 -0.02264440804719925 -0.005367745645344257 -0.003245469881221652 -0.0009619990596547723 -0.0008308114483952522 -0.00033600424649193883 -0.0002664094208739698
-0.16856719553470612 -0.16856719553470612 -0.16856719553470612 -0.16856719553470612 -0.16856719553470612 -0.16856719553470612 -0.16856719553470612 -0.28335458040237427 -0.28335458040237427 -0.16856719553470612 -0.16856719553470612 -0.16856719553470612 -0.28335458040237427 -0.16856719553470612 -0.3054013252258301 -0.30441537499427795 -0.3039133846759796 -0.2840903699398041 -0.28177571296691895 -0.16856719553470612 -0.16856719553470612 -0.13302743434906006 -0.1142430379986763 -0.09400077164173126 -0.09021394699811935 -0.0711551159620285 -0.06821050494909286 -0.05950472876429558 -0.0624476857483387 -0.062208931893110275 -0.04935332387685776 -0.04226274788379669 -0.04077873378992081 -0.036103036254644394 -0.028324037790298462 -0.028324037790298462 -0.026725415140390396 -0.02264440804719925 -0.005367745645344257 -0.003245469881221652 -0.0009619990596547723 -0.0008308114483952522 -0.00033600424649193883 -0.0002664094208739698
-0.16856719553470612 -0.16856719553470612 -0.16856719553470612 -0.16856719553470612 -0.16856719553470612 -0.16856719553470612 -0.16856719553470612 -0.28335458040237427 -0.28335458040237427 -0.16856719553470612 -0.16856719553470612 -0.16856719553470612 -0.28335458040237427 -0.16856719553470612 -0.30327078700065613 -0.30327078700065613 -0.3039133846759796 -0.2841779291629791 -0.28210216760635376 -0.16856719553470612 -0.16856719553470612 -0.13302743434906006 -0.1142430379986763 -0.09400077164173126 -0.09021394699811935 -0.0711551159620285 -0.06821050494909286 -0.05950472876429558 -0.0624476857483387 -0.062208931893110275 -0.04935332387685776 -0.04226274788379669 -0.04077873378992081 -0.036103036254644394 -0.028324037790298462 -0.028324037790298462 -0.026725415140390396 -0.02264440804719925 -0.005367745645344257 -0.003245469881221652 -0.0009619990596547723 -0.0008308114483952522 -0.00033600424649193883 -0.0002664094208739698
-0.16856719553470612 -0.16856719553470612 -0.16856719553470612 -0.16856719553470612 -0.16856719553470612 -0.16856719553470612 -0.16856719553470612 -0.28335458040237427 -0.28335458040237427 -0.16856719553470612 -0.16856719553470612 -0.16856719553470612 -0.28335458040237427 -0.16856719553470612 -0.3054013252258301 -0.30435916781425476 -0.3039133846759796 -0.2841779291629791 -0.28210216760635376 -0.16856719553470612 -0.16856719553470612 -0.13302743434906006 -0.1142430379986763 -0.09400077164173126 -0.09021394699811935 -0.0711551159620285 -0.06821050494909286 -0.05950472876429558 -0.0624476857483387 -0.062208931893110275 -0.04935332387685776 -0.04226274788379669 -0.04077873378992081 -0.036103036254644394 -0.028324037790298462 -0.028324037790298462 -0.026725415140390396 -0.02264440804719925 -0.005367745645344257 -0.003245469881221652 -0.0009619990596547723 -0.0008308114483952522 -0.00033600424649193883 -0.0002664094208739698
-0.2573789954185486 -0.2573789954185486 -0.2573789954185486 -0.2573789954185486 -0.2573789954185486 -0.23392406105995178 -0.23392406105995178 -0.16856719553470612 -0.16856719553470612 -0.3648120164871216 -0.2573789954185486 -0.23392406105995178 -0.16856719553470612 -0.23392406105995178 -0.16856719553470612 -0.16856719553470612 -0.16856719553470612 -0.16856719553470612 -0.16856719553470612 -0.23392406105995178 -0.2252841740846634 -0.13302743434906006 -0.1142430379986763 -0.09400077164173126 -0.09021394699811935 -0.0711551159620285 -0.06821050494909286 -0.05950472876429558 -0.0624476857483387 -0.062208931893110275 -0.04935332387685776 -0.04226274788379669 -0.04077873378992081 -0.036103036254644394 -0.028324037790298462 -0.028324037790298462 -0.026725415140390396 -0.02264440804719925 -0.005367745645344257 -0.003245469881221652 -0.0009619990596547723 -0.0008308114483952522 -0.00033600424649193883 -0.0002664094208739698
-0.16856719553470612 -0.16856719553470612 -0.16856719553470612 -0.16856719553470612 -0.16856719553470612 -0.16856719553470612 -0.16856719553470612 -0.28335458040237427 -0.28335458040237427 -0.16856719553470612 -0.16856719553470612 -0.16856719553470612 -0.28335458040237427 -0.16856719553470612 -0.3054013252258301 -0.30441537499427795 -0.3039133846759796 -0.2841779291629791 -0.28210216760635376 -0.16856719553470612 -0.16856719553470612 -0.13302743434906006 -0.1142430379986763 -0.09400077164173126 -0.09021394699811935 -0.0711551159620285 -0.06821050494909286 -0.05950472876429558 -0.0624476857483387 -0.062208931893110275 -0.04935332387685776 -0.04226274788379669 -0.04077873378992081 -0.036103036254644394 -0.028324037790298462 -0.028324037790298462 -0.026725415140390396 -0.02264440804719925 -0.005367745645344257 -0.003245469881221652 -0.0009619990596547723 -0.0008308114483952522 -0.00033600424649193883 -0.0002664094208739698
-0.16856719553470612 -0.16856719553470612 -0.16856719553470612 -0.16856719553470612 -0.16856719553470612 -0.16856719553470612 -0.16856719553470612 -0.29767927527427673 -0.29767927527427673 -0.16856719553470612 -0.16856719553470612 -0.16856719553470612 -0.35963159799575806 -0.16856719553470612 -0.28335458040237427 -0.28335458040237427 -0.28335458040237427 -0.28335458040237427 -0.28177571296691895 -0.16856719553470612 -0.16856719553470612 -0.13302743434906006 -0.1142430379986763 -0.09400077164173126 -0.09021394699811935 -0.0711551159620285 -0.06821050494909286 -0.05950472876429558 -0.0624476857483387 -0.062208931893110275 -0.04935332387685776 -0.04226274788379669 -0.04077873378992081 -0.036103036254644394 -0.028324037790298462 -0.028324037790298462 -0.026725415140390396 -0.02264440804719925 -0.005367745645344257 -0.003245469881221652 -0.0009619990596547723 -0.0008308114483952522 -0.00033600424649193883 -0.0002664094208739698
-0.16856719553470612 -0.16856719553470612 -0.16856719553470612 -0.16856719553470612 -0.16856719553470612 -0.16856719553470612 -0.16856719553470612 -0.28335458040237427 -0.28335458040237427 -0.16856719553470612 -0.16856719553470612 -0.16856719553470612 -0.28335458040237427 -0.16856719553470612 -0.3054013252258301 -0.30441537499427795 -0.3039133846759796 -0.2841779291629791 -0.28210216760635376 -0.16856719553470612 -0.16856719553470612 -0.13302743434906006 -0.1142430379986763 -0.09400077164173126 -0.09021394699811935 -0.0711551159620285 -0.06821050494909286 -0.05950472876429558 -0.0624476857483387 -0.062208931893110275 -0.04935332387685776 -0.04226274788379669 -0.04077873378992081 -0.036103036254644394 -0.028324037790298462 -0.028324037790298462 -0.026725415140390396 -0.02264440804719925 -0.005367745645344257 -0.003245469881221652 -0.0009619990596547723 -0.0008308114483952522 -0.00033600424649193883 -0.0002664094208739698
-0.16856719553470612 -0.16856719553470612 -0.16856719553470612 -0.16856719553470612 -0.16856719553470612 -0.16856719553470612 -0.16856719553470612 -0.28335458040237427 -0.28335458040237427 -0.16856719553470612 -0.16856719553470612 -0.16856719553470612 -0.28335458040237427 -0.16856719553470612 -0.3054013252258301 -0.30441537499427795 -0.3039133846759796 -0.2841779291629791 -0.28210216760635376 -0.16856719553470612 -0.16856719553470612 -0.13302743434906006 -0.1142430379986763 -0.09400077164173126 -0.09021394699811935 -0.0711551159620285 -0.06821050494909286 -0.05950472876429558 -0.0624476857483387 -0.062208931893110275 -0.04935332387685776 -0.04226274788379669 -0.04077873378992081 -0.036103036254644394 -0.028324037790298462 -0.028324037790298462 -0.026725415140390396 -0.02264440804719925 -0.005367745645344257 -0.003245469881221652 -0.0009619990596547723 -0.0008308114483952522 -0.00033600424649193883 -0.0002664094208739698
-0.16856719553470612 -0.16856719553470612 -0.16856719553470612 -0.16856719553470612 -0.16856719553470612 -0.16856719553470612 -0.16856719553470612 -0.28335458040237427 -0.28335458040237427 -0.16856719553470612 -0.16856719553470612 -0.16856719553470612 -0.28335458040237427 -0.16856719553470612 -0.3054013252258301 -0.30441537499427795 -0.3039133846759796 -0.2841779291629791 -0.28210216760635376 -0.16856719553470612 -0.16856719553470612 -0.13302743434906006 -0.1142430379986763 -0.09400077164173126 -0.09021394699811935 -0.0711551159620285 -0.06821050494909286 -0.05950472876429558 -0.0624476857483387 -0.062208931893110275 -0.04935332387685776 -0.04226274788379669 -0.04077873378992081 -0.036103036254644394 -0.028324037790298462 -0.028324037790298462 -0.026725415140390396 -0.02264440804719925 -0.005367745645344257 -0.003245469881221652 -0.0009619990596547723 -0.0008308114483952522 -0.00033600424649193883 -0.0002664094208739698
-0.16856719553470612 -0.16856719553470612 -0.16856719553470612 -0.16856719553470612 -0.16856719553470612 -0.16856719553470612 -0.16856719553470612 -0.28335458040237427 -0.28335458040237427 -0.16856719553470612 -0.16856719553470612 -0.16856719553470612 -0.28335458040237427 -0.16856719553470612 -0.3054013252258301 -0.30441537499427795 -0.3039133846759796 -0.2841779291629791 -0.28210216760635376 -0.16856719553470612 -0.16856719553470612 -0.13302743434906006 -0.1142430379986763 -0.09400077164173126 -0.09021394699811935 -0.0711551159620285 -0.06821050494909286 -0.05950472876429558 -0.0624476857483387 -0.062208931893110275 -0.04935332387685776 -0.04226274788379669 -0.04077873378992081 -0.036103036254644394 -0.028324037790298462 -0.028324037790298462 -0.026725415140390396 -0.02264440804719925 -0.005367745645344257 -0.003245469881221652 -0.0009619990596547723 -0.0008308114483952522 -0.00033600424649193883 -0.0002664094208739698
-0.16856719553470612 -0.16856719553470612 -0.16856719553470612 -0.16856719553470612 -0.16856719553470612 -0.16856719553470612 -0.16856719553470612 -0.28177571296691895 -0.28177571296691895 -0.16856719553470612 -0.16856719553470612 -0.16856719553470612 -0.28177571296691895 -0.16856719553470612 -0.28177571296691895 -0.28177571296691895 -0.28177571296691895 -0.28177571296691895 -0.28177571296691895 -0.16856719553470612 -0.16856719553470612 -0.13302743434906006 -0.1142430379986763 -0.09400077164173126 -0.09021394699811935 -0.0711551159620285 -0.06821050494909286 -0.05950472876429558 -0.0624476857483387 -0.062208931893110275 -0.04935332387685776 -0.04226274788379669 -0.04077873378992081 -0.036103036254644394 -0.028324037790298462 -0.028324037790298462 -0.026725415140390396 -0.02264440804719925 -0.005367745645344257 -0.003245469881221652 -0.0009619990596547723 -0.0008308114483952522 -0.00033600424649193883 -0.0002664094208739698
-0.23392406105995178 -0.23392406105995178 -0.23392406105995178 -0.23392406105995178 -0.23392406105995178 -0.3515942394733429 -0.3515942394733429 -0.16856719553470612 -0.16856719553470612 -0.23392406105995178 -0.23392406105995178 -0.3515942394733429 -0.16856719553470612 -0.3149811923503876 -0.16856719553470612 -0.16856719553470612 -0.16856719553470612 -0.16856719553470612 -0.16856719553470612 -0.2520134449005127 -0.2252841740846634 -0.13302743434906006 -0.1142430379986763 -0.09400077164173126 -0.09021394699811935 -0.0711551159620285 -0.06821050494909286 -0.05950472876429558 -0.0624476857483387 -0.062208931893110275 -0.04935332387685776 -0.04226274788379669 -0.04077873378992081 -0.036103036254644394 -0.028324037790298462 -0.028324037790298462 -0.026725415140390396 -0.02264440804719925 -0.005367745645344257 -0.003245469881221652 -0.0009619990596547723 -0.0008308114483952522 -0.00033600424649193883 -0.0002664094208739698
-0.3470469117164612 -0.3470469117164612 -0.3470469117164612 -0.3470469117164612 -0.3470469117164612 -0.23392406105995178 -0.23392406105995178 -0.16856719553470612 -0.16856719553470612 -0.2573789954185486 -0.3470469117164612 -0.23392406105995178 -0.16856719553470612 -0.23392406105995178 -0.16856719553470612 -0.16856719553470612 -0.16856719553470612 -0.16856719553470612 -0.16856719553470612 -0.23392406105995178 -0.2252841740846634 -0.13302743434906006 -0.1142430379986763 -0.09400077164173126 -0.09021394699811935 -0.0711551159620285 -0.06821050494909286 -0.05950472876429558 -0.0624476857483387 -0.062208931893110275 -0.04935332387685776 -0.04226274788379669 -0.04077873378992081 -0.036103036254644394 -0.028324037790298462 -0.028324037790298462 -0.026725415140390396 -0.02264440804719925 -0.005367745645344257 -0.003245469881221652 -0.0009619990596547723 -0.0008308114483952522 -0.00033600424649193883 -0.0002664094208739698
-0.309731125831604 -0.309731125831604 -0.309731125831604 -0.309731125831604 -0.309731125831604 -0.23392406105995178 -0.23392406105995178 -0.16856719553470612 -0.16856719553470612 -0.309731125831604 -0.309731125831604 -0.23392406105995178 -0.16856719553470612 -0.23392406105995178 -0.16856719553470612 -0.16856719553470612 -0.16856719553470612 -0.16856719553470612 -0.16856719553470612 -0.23392406105995178 -0.2252841740846634 -0.13302743434906006 -0.1142430379986763 -0.09400077164173126 -0.09021394699811935 -0.0711551159620285 -0.06821050494909286 -0.05950472876429558 -0.0624476857483387 -0.062208931893110275 -0.04935332387685776 -0.04226274788379669 -0.04077873378992081 -0.036103036254644394 -0.028324037790298462 -0.028324037790298462 -0.026725415140390396 -0.02264440804719925 -0.005367745645344257 -0.003245469881221652 -0.0009619990596547723 -0.0008308114483952522 -0.00033600424649193883 -0.0002664094208739698
-0.23392406105995178 -0.23392406105995178 -0.23392406105995178 -0.23392406105995178 -0.23392406105995178 -0.29700276255607605 -0.29700276255607605 -0.16856719553470612 -0.16856719553470612 -0.23392406105995178 -0.23392406105995178 -0.29700276255607605 -0.16856719553470612 -0.29700276255607605 -0.16856719553470612 -0.16856719553470612 -0.16856719553470612 -0.16856719553470612 -0.16856719553470612 -0.2520134449005127 -0.2252841740846634 -0.13302743434906006 -0.1142430379986763 -0.09400077164173126 -0.09021394699811935 -0.0711551159620285 -0.06821050494909286 -0.05950472876429558 -0.0624476857483387 -0.062208931893110275 -0.04935332387685776 -0.04226274788379669 -0.04077873378992081 -0.036103036254644394 -0.028324037790298462 -0.028324037790298462 -0.026725415140390396 -0.02264440804719925 -0.005367745645344257 -0.003245469881221652 -0.0009619990596547723 -0.0008308114483952522 -0.00033600424649193883 -0.0002664094208739698
-0.2573789954185486 -0.2573789954185486 -0.2573789954185486 -0.2573789954185486 -0.2573789954185486 -0.2520134449005127 -0.2520134449005127 -0.16856719553470612 -0.16856719553470612 -0.2929580807685852 -0.2573789954185486 -0.2520134449005127 -0.16856719553470612 -0.2520134449005127 -0.16856719553470612 -0.16856719553470612 -0.16856719553470612 -0.16856719553470612 -0.16856719553470612 -0.2520134449005127 -0.2252841740846634 -0.13302743434906006 -0.1142430379986763 -0.09400077164173126 -0.09373216331005096 -0.0711551159620285 -0.06821050494909286 -0.05950472876429558 -0.0624476857483387 -0.062208931893110275 -0.04935332387685776 -0.04226274788379669 -0.04077873378992081 -0.036103036254644394 -0.028324037790298462 -0.028324037790298462 -0.026725415140390396 -0.02264440804719925 -0.005367745645344257 -0.003245469881221652 -0.0009619990596547723 -0.0008308114483952522 -0.00033600424649193883 -0.0002664094208739698
-0.2573789954185486 -0.2573789954185486 -0.2573789954185486 -0.2573789954185486 -0.2573789954185486 -0.262359619140625 -0.262359619140625 -0.16856719553470612 -0.16856719553470612 -0.262359619140625 -0.2573789954185486 -0.262359619140625 -0.16856719553470612 -0.262359619140625 -0.16856719553470612 -0.16856719553470612 -0.16856719553470612 -0.16856719553470612 -0.16856719553470612 -0.2520134449005127 -0.2252841740846634 -0.13302743434906006 -0.1142430379986763 -0.09400077164173126 -0.09021394699811935 -0.0711551159620285 -0.06821050494909286 -0.05950472876429558 -0.0624476857483387 -0.062208931893110275 -0.04935332387685776 -0.04226274788379669 -0.04077873378992081 -0.036103036254644394 -0.028324037790298462 -0.028324037790298462 -0.026725415140390396 -0.02264440804719925 -0.005367745645344257 -0.003245469881221652 -0.0009619990596547723 -0.0008308114483952522 -0.00033600424649193883 -0.0002664094208739698
-0.23392406105995178 -0.23392406105995178 -0.23392406105995178 -0.23392406105995178 -0.23392406105995178 -0.25667616724967957 -0.25667616724967957 -0.25667616724967957 -0.25667616724967957 -0.23392406105995178 -0.23392406105995178 -0.25667616724967957 -0.25667616724967957 -0.25667616724967957 -0.25667616724967957 -0.25667616724967957 -0.25667616724967957 -0.25667616724967957 -0.25667616724967957 -0.2520134449005127 -0.2252841740846634 -0.13302743434906006 -0.1142430379986763 -0.09400077164173126 -0.09021394699811935 -0.0711551159620285 -0.06821050494909286 -0.05950472876429558 -0.0624476857483387 -0.062208931893110275 -0.04935332387685776 -0.04226274788379669 -0.04077873378992081 -0.036103036254644394 -0.028324037790298462 -0.028324037790298462 -0.026725415140390396 -0.02264440804719925 -0.005367745645344257 -0.003245469881221652 -0.0009619990596547723 -0.0008308114483952522 -0.00033600424649193883 -0.0002664094208739698
-0.16856719553470612 -0.16856719553470612 -0.16856719553470612 -0.16856719553470612 -0.16856719553470612 -0.16856719553470612 -0.16856719553470612 -0.16856719553470612 -0.16856719553470612 -0.16856719553470612 -0.16856719553470612 -0.16856719553470612 -0.16856719553470612 -0.16856719553470612 -0.16856719553470612 -0.16856719553470612 -0.16856719553470612 -0.16856719553470612 -0.16856719553470612 -0.16856719553470612 -0.16856719553470612 -0.13801051676273346 -0.1142430379986763 -0.09806552529335022 -0.09021394699811935 -0.0711551159620285 -0.06821050494909286 -0.05950472876429558 -0.06339956820011139 -0.062208931893110275 -0.04935332387685776 -0.04388311505317688 -0.04353869706392288 -0.036103036254644394 -0.028324037790298462 -0.028324037790298462 -0.026725415140390396 -0.02264440804719925 -0.005367745645344257 -0.003245469881221652 -0.0009619990596547723 -0.0008308114483952522 -0.00033600424649193883 -0.0002664094208739698
-0.2037632316350937 -0.2037632316350937 -0.2037632316350937 -0.2037632316350937 -0.2037632316350937 -0.2037632316350937 -0.2037632316350937 -0.2037632316350937 -0.2037632316350937 -0.2037632316350937 -0.2037632316350937 -0.2037632316350937 -0.2037632316350937 -0.2037632316350937 -0.2037632316350937 -0.2037632316350937 -0.2037632316350937 -0.2037632316350937 -0.2037632316350937 -0.2037632316350937 -0.2037632316350937 -0.13302743434906006 -0.1142430379986763 -0.09400077164173126 -0.09021394699811935 -0.0711551159620285 -0.06821050494909286 -0.05950472876429558 -0.0624476857483387 -0.062208931893110275 -0.04935332387685776 -0.04226274788379669 -0.04077873378992081 -0.036103036254644394 -0.028324037790298462 -0.028324037790298462 -0.026725415140390396 -0.02264440804719925 -0.005367745645344257 -0.003245469881221652 -0.0009619990596547723 -0.0008308114483952522 -0.00033600424649193883 -0.0002664094208739698
-0.202580988407135 -0.202580988407135 -0.202580988407135 -0.202580988407135 -0.202580988407135 -0.202580988407135 -0.202580988407135 -0.202580988407135 -0.202580988407135 -0.202580988407135 -0.202580988407135 -0.202580988407135 -0.202580988407135 -0.202580988407135 -0.202580988407135 -0.202580988407135 -0.202580988407135 -0.202580988407135 -0.202580988407135 -0.202580988407135 -0.202580988407135 -0.13302743434906006 -0.1142430379986763 -0.09400077164173126 -0.09021394699811935 -0.0711551159620285 -0.06821050494909286 -0.05950472876429558 -0.0624476857483387 -0.062208931893110275 -0.04935332387685776 -0.04226274788379669 -0.04077873378992081 -0.036103036254644394 -0.028324037790298462 -0.028324037790298462 -0.026725415140390396 -0.02264440804719925 -0.005367745645344257 -0.003245469881221652 -0.0009619990596547723 -0.0008308114483952522 -0.00033600424649193883 -0.0002664094208739698
-0.20205511152744293 -0.20205511152744293 -0.20205511152744293 -0.20205511152744293 -0.20205511152744293 -0.20205511152744293 -0.20205511152744293 -0.20205511152744293 -0.20205511152744293 -0.20205511152744293 -0.20205511152744293 -0.20205511152744293 -0.20205511152744293 -0.20205511152744293 -0.20205511152744293 -0.20205511152744293 -0.20205511152744293 -0.20205511152744293 -0.20205511152744293 -0.20205511152744293 -0.20205511152744293 -0.13302743434906006 -0.1142430379986763 -0.09400077164173126 -0.09021394699811935 -0.0711551159620285 -0.06821050494909286 -0.05950472876429558 -0.0624476857483387 -0.062208931893110275 -0.04935332387685776 -0.04226274788379669 -0.04077873378992081 -0.036103036254644394 -0.028324037790298462 -0.028324037790298462 -0.026725415140390396 -0.02264440804719925 -0.005367745645344257 -0.003245469881221652 -0.0009619990596547723 -0.0008308114483952522 -0.00033600424649193883 -0.0002664094208739698
-0.2016717493534088 -0.2016717493534088 -0.2016717493534088 -0.2016717493534088 -0.2016717493534088 -0.2016717493534088 -0.2016717493534088 -0.2016717493534088 -0.2016717493534088 -0.2016717493534088 -0.2016717493534088 -0.2016717493534088 -0.2016717493534088 -0.2016717493534088 -0.2016717493534088 -0.2016717493534088 -0.2016717493534088 -0.2016717493534088 -0.2016717493534088 -0.2016717493534088 -0.2016717493534088 -0.13302743434906006 -0.1142430379986763 -0.09400077164173126 -0.09021394699811935 -0.0711551159620285 -0.06821050494909286 -0.05950472876429558 -0.0624476857483387 -0.062208931893110275 -0.04935332387685776 -0.04226274788379669 -0.04077873378992081 -0.036103036254644394 -0.028324037790298462 -0.028324037790298462 -0.026725415140390396 -0.02264440804719925 -0.005367745645344257 -0.003245469881221652 -0.0009619990596547723 -0.0008308114483952522 -0.00033600424649193883 -0.0002664094208739698
-0.20097264647483826 -0.20097264647483826 -0.20097264647483826 -0.20097264647483826 -0.20097264647483826 -0.20097264647483826 -0.20097264647483826 -0.20097264647483826 -0.20097264647483826 -0.20097264647483826 -0.20097264647483826 -0.20097264647483826 -0.20097264647483826 -0.20097264647483826 -0.20097264647483826 -0.20097264647483826 -0.20097264647483826 -0.20097264647483826 -0.20097264647483826 -0.20097264647483826 -0.20097264647483826 -0.13302743434906006 -0.1142430379986763 -0.09400077164173126 -0.09021394699811935 -0.0711551159620285 -0.06821050494909286 -0.05950472876429558 -0.0624476857483387 -0.062208931893110275 -0.04935332387685776 -0.04226274788379669 -0.04077873378992081 -0.036103036254644394 -0.028324037790298462 -0.028324037790298462 -0.026725415140390396 -0.02264440804719925 -0.005367745645344257 -0.003245469881221652 -0.0009619990596547723 -0.0008308114483952522 -0.00033600424649193883 -0.0002664094208739698
-0.16856719553470612 -0.16856719553470612 -0.16856719553470612 -0.16856719553470612 -0.16856719553470612 -0.16856719553470612 -0.16856719553470612 -0.19809110462665558 -0.19809110462665558 -0.16856719553470612 -0.16856719553470612 -0.16856719553470612 -0.19809110462665558 -0.16856719553470612 -0.19809110462665558 -0.19809110462665558 -0.19809110462665558 -0.19809110462665558 -0.19809110462665558 -0.16856719553470612 -0.16856719553470612 -0.13302743434906006 -0.11975529789924622 -0.09400077164173126 -0.09021394699811935 -0.0711551159620285 -0.06821050494909286 -0.05950472876429558 -0.0624476857483387 -0.062208931893110275 -0.04935332387685776 -0.04226274788379669 -0.04077873378992081 -0.036103036254644394 -0.028324037790298462 -0.028324037790298462 -0.026725415140390396 -0.02264440804719925 -0.005367745645344257 -0.003245469881221652 -0.0009619990596547723 -0.0008308114483952522 -0.0003723319969139993 -0.0002664094208739698
-0.19707633554935455 -0.19707633554935455 -0.19707633554935455 -0.19707633554935455 -0.19707633554935455 -0.19707633554935455 -0.19707633554935455 -0.16856719553470612 -0.16856719553470612 -0.19707633554935455 -0.19707633554935455 -0.19707633554935455 -0.16856719553470612 -0.19707633554935455 -0.16856719553470612 -0.16856719553470612 -0.16856719553470612 -0.16856719553470612 -0.16856719553470612 -0.19707633554935455 -0.19707633554935455 -0.13302743434906006 -0.1142430379986763 -0.09400077164173126 -0.09021394699811935 -0.0711551159620285 -0.06821050494909286 -0.05950472876429558 -0.06339956820011139 -0.062208931893110275 -0.04935332387685776 -0.04388311505317688 -0.04077873378992081 -0.036103036254644394 -0.028324037790298462 -0.028324037790298462 -0.026725415140390396 -0.02264440804719925 -0.005367745645344257 -0.003245469881221652 -0.0009619990596547723 -0.0008308114483952522 -0.00033600424649193883 -0.0002664094208739698
-0.16856719553470612 -0.16856719553470612 -0.16856719553470612 -0.16856719553470612 -0.16856719553470612 -0.16856719553470612 -0.16856719553470612 -0.16856719553470612 -0.16856719553470612 -0.16856719553470612 -0.16856719553470612 -0.16856719553470612 -0.16856719553470612 -0.16856719553470612 -0.16856719553470612 -0.16856719553470612 -0.16856719553470612 -0.16856719553470612 -0.16856719553470612 -0.16856719553470612 -0.16856719553470612 -0.13302743434906006 -0.1142430379986763 -0.09400077164173126 -0.09021394699811935 -0.0711551159620285 -0.06821050494909286 -0.05950472876429558 -0.0624476857483387 -0.062208931893110275 -0.04935332387685776 -0.04226274788379669 -0.04077873378992081 -0.036103036254644394 -0.0287892185151577 -0.03192748501896858 -0.031462162733078 -0.0253803338855505 -0.005367745645344257 -0.003245469881221652 -0.000985178747214377 -0.0008634392870590091 -0.00033600424649193883 -0.0002664094208739698
-0.15730397403240204 -0.15730397403240204 -0.15730397403240204 -0.15730397403240204 -0.15730397403240204 -0.15730397403240204 -0.15730397403240204 -0.15730397403240204 -0.15730397403240204 -0.15730397403240204 -0.15730397403240204 -0.15730397403240204 -0.15730397403240204 -0.15730397403240204 -0.15730397403240204 -0.15730397403240204 -0.15730397403240204 -0.15730397403240204 -0.15730397403240204 -0.15730397403240204 -0.15730397403240204 -0.13302743434906006 -0.1142430379986763 -0.09400077164173126 -0.09021394699811935 -0.0711551159620285 -0.06821050494909286 -0.05950472876429558 -0.0624476857483387 -0.062208931893110275 -0.04935332387685776 -0.04226274788379669 -0.04077873378992081 -0.036103036254644394 -0.028324037790298462 -0.028324037790298462 -0.026725415140390396 -0.02264440804719925 -0.005367745645344257 -0.0032970283646136522 -0.0009619990596547723 -0.0008308114483952522 -0.00033600424649193883 -0.0002664094208739698
-0.13302743434906006 -0.13302743434906006 -0.13302743434906006 -0.13302743434906006 -0.13302743434906006 -0.13302743434906006 -0.13302743434906006 -0.13302743434906006 -0.13302743434906006 -0.13302743434906006 -0.13302743434906006 -0.13302743434906006 -0.13302743434906006 -0.13302743434906006 -0.13302743434906006 -0.13302743434906006 -0.13302743434906006 -0.13302743434906006 -0.13302743434906006 -0.13302743434906006 -0.13302743434906006 -0.13302743434906006 -0.1142430379986763 -0.09400077164173126 -0.09021394699811935 -0.0711551159620285 -0.06873224675655365 -0.06348293274641037 -0.0624476857483387 -0.062208931893110275 -0.05986380577087402 -0.04226274788379669 -0.04077873378992081 -0.036103036254644394 -0.028324037790298462 -0.028324037790298462 -0.026725415140390396 -0.02264440804719925 -0.005367745645344257 -0.003245469881221652 -0.0009619990596547723 -0.0008308114483952522 -0.00033600424649193883 -0.0002664094208739698
-0.14718672633171082 -0.14718672633171082 -0.14718672633171082 -0.14718672633171082 -0.14718672633171082 -0.14718672633171082 -0.14718672633171082 -0.14718672633171082 -0.14718672633171082 -0.14718672633171082 -0.14718672633171082 -0.14718672633171082 -0.14718672633171082 -0.14718672633171082 -0.14718672633171082 -0.14718672633171082 -0.14718672633171082 -0.14718672633171082 -0.14718672633171082 -0.14718672633171082 -0.14718672633171082 -0.13801051676273346 -0.1142430379986763 -0.09806552529335022 -0.09021394699811935 -0.0711551159620285 -0.06821050494909286 -0.05950472876429558 -0.06339956820011139 -0.062208931893110275 -0.04935332387685776 -0.04226274788379669 -0.04077873378992081 -0.036103036254644394 -0.028324037790298462 -0.028324037790298462 -0.026725415140390396 -0.02264440804719925 -0.005367745645344257 -0.003245469881221652 -0.0009619990596547723 -0.0008308114483952522 -0.00033600424649193883 -0.0002664094208739698
-0.1305205523967743 -0.1305205523967743 -0.1305205523967743 -0.1305205523967743 -0.1305205523967743 -0.1305205523967743 -0.1305205523967743 -0.1305205523967743 -0.1305205523967743 -0.1305205523967743 -0.1305205523967743 -0.1305205523967743 -0.1305205523967743 -0.1305205523967743 -0.1305205523967743 -0.1305205523967743 -0.1305205523967743 -0.1305205523967743 -0.1305205523967743 -0.1305205523967743 -0.1305205523967743 -0.1305205523967743 -0.1142430379986763 -0.09400077164173126 -0.09021394699811935 -0.0711551159620285 -0.06821050494909286 -0.05950472876429558 -0.0624476857483387 -0.062208931893110275 -0.04935332387685776 -0.04226274788379669 -0.04077873378992081 -0.036103036254644394 -0.028324037790298462 -0.028324037790298462 -0.026725415140390396 -0.02264440804719925 -0.005367745645344257 -0.003245469881221652 -0.0009619990596547723 -0.0008308114483952522 -0.00033600424649193883 -0.0002664094208739698
-0.12128473818302155 -0.12128473818302155 -0.12128473818302155 -0.12128473818302155 -0.12128473818302155 -0.12128473818302155 -0.12128473818302155 -0.12128473818302155 -0.12128473818302155 -0.12128473818302155 -0.12128473818302155 -0.12128473818302155 -0.12128473818302155 -0.12128473818302155 -0.12128473818302155 -0.12128473818302155 -0.12128473818302155 -0.12128473818302155 -0.12128473818302155 -0.12128473818302155 -0.12128473818302155 -0.12128473818302155 -0.1142430379986763 -0.09400077164173126 -0.09373216331005096 -0.0711551159620285 -0.06873224675655365 -0.05950472876429558 -0.0624476857483387 -0.062208931893110275 -0.04935332387685776 -0.04226274788379669 -0.04077873378992081 -0.036103036254644394 -0.028324037790298462 -0.028324037790298462 -0.026725415140390396 -0.02264440804719925 -0.005367745645344257 -0.003245469881221652 -0.0009619990596547723 -0.0008308114483952522 -0.00033600424649193883 -0.0002664094208739698
-0.09021394699811935 -0.09021394699811935 -0.09021394699811935 -0.09021394699811935 -0.09021394699811935 -0.09021394699811935 -0.09021394699811935 -0.09021394699811935 -0.09021394699811935 -0.09021394699811935 -0.09021394699811935 -0.09021394699811935 -0.09021394699811935 -0.09021394699811935 -0.09021394699811935 -0.09021394699811935 -0.09021394699811935 -0.09021394699811935 -0.09021394699811935 -0.09021394699811935 -0.09021394699811935 -0.09021394699811935 -0.09021394699811935 -0.09021394699811935 -0.09021394699811935 -0.0711551159620285 -0.06873224675655365 -0.06348293274641037 -0.0624476857483387 -0.062208931893110275 -0.05986380577087402 -0.04226274788379669 -0.04077873378992081 -0.036103036254644394 -0.028324037790298462 -0.028324037790298462 -0.026725415140390396 -0.02264440804719925 -0.005367745645344257 -0.003245469881221652 -0.0009619990596547723 -0.0008308114483952522 -0.00033600424649193883 -0.0002664094208739698
-0.11238750070333481 -0.11238750070333481 -0.11238750070333481 -0.11238750070333481 -0.11238750070333481 -0.11238750070333481 -0.11238750070333481 -0.11238750070333481 -0.11238750070333481 -0.11238750070333481 -0.11238750070333481 -0.11238750070333481 -0.11238750070333481 -0.11238750070333481 -0.11238750070333481 -0.11238750070333481 -0.11238750070333481 -0.11238750070333481 -0.11238750070333481 -0.11238750070333481 -0.11238750070333481 -0.11238750070333481 -0.11238750070333481 -0.09400077164173126 -0.09373216331005096 -0.0711551159620285 -0.06873224675655365 -0.06348293274641037 -0.0624476857483387 -0.062208931893110275 -0.04935332387685776 -0.04226274788379669 -0.04077873378992081 -0.036103036254644394 -0.028324037790298462 -0.028324037790298462 -0.026725415140390396 -0.02264440804719925 -0.005367745645344257 -0.003245469881221652 -0.0009619990596547723 -0.0008308114483952522 -0.00033600424649193883 -0.0002664094208739698
-0.09021394699811935 -0.09021394699811935 -0.09021394699811935 -0.09021394699811935 -0.09021394699811935 -0.09021394699811935 -0.09021394699811935 -0.09021394699811935 -0.09021394699811935 -0.09021394699811935 -0.09021394699811935 -0.09021394699811935 -0.09021394699811935 -0.09021394699811935 -0.09021394699811935 -0.09021394699811935 -0.09021394699811935 -0.09021394699811935 -0.09021394699811935 -0.09021394699811935 -0.09021394699811935 -0.09021394699811935 -0.09021394699811935 -0.09021394699811935 -0.09373216331005096 -0.0711551159620285 -0.06873224675655365 -0.06348293274641037 -0.0624476857483387 -0.062208931893110275 -0.05986380577087402 -0.04226274788379669 -0.04077873378992081 -0.036103036254644394 -0.028324037790298462 -0.028324037790298462 -0.026725415140390396 -0.02264440804719925 -0.005367745645344257 -0.003245469881221652 -0.0009619990596547723 -0.0008308114483952522 -0.00033600424649193883 -0.0002664094208739698
-0.10415442287921906 -0.10415442287921906 -0.10415442287921906 -0.10415442287921906 -0.10415442287921906 -0.10415442287921906 -0.10415442287921906 -0.10415442287921906 -0.10415442287921906 -0.10415442287921906 -0.10415442287921906 -0.10415442287921906 -0.10415442287921906 -0.10415442287921906 -0.10415442287921906 -0.10415442287921906 -0.10415442287921906 -0.10415442287921906 -0.10415442287921906 -0.10415442287921906 -0.10415442287921906 -0.10415442287921906 -0.10415442287921906 -0.09400077164173126 -0.09373216331005096 -0.0711551159620285 -0.06873224675655365 -0.05950472876429558 -0.0624476857483387 -0.062208931893110275 -0.04935332387685776 -0.04226274788379669 -0.04077873378992081 -0.036103036254644394 -0.028324037790298462 -0.028324037790298462 -0.026725415140390396 -0.02264440804719925 -0.005367745645344257 -0.003245469881221652 -0.0009619990596547723 -0.0008308114483952522 -0.00033600424649193883 -0.0002664094208739698
-0.09934818744659424 -0.09934818744659424 -0.09934818744659424 -0.09934818744659424 -0.09934818744659424 -0.09934818744659424 -0.09934818744659424 -0.09934818744659424 -0.09934818744659424 -0.09934818744659424 -0.09934818744659424 -0.09934818744659424 -0.09934818744659424 -0.09934818744659424 -0.09934818744659424 -0.09934818744659424 -0.09934818744659424 -0.09934818744659424 -0.09934818744659424 -0.09934818744659424 -0.09934818744659424 -0.09934818744659424 -0.09934818744659424 -0.09400077164173126 -0.09373216331005096 -0.0711551159620285 -0.06821050494909286 -0.05950472876429558 -0.0624476857483387 -0.062208931893110275 -0.04935332387685776 -0.04226274788379669 -0.04077873378992081 -0.036103036254644394 -0.028324037790298462 -0.028324037790298462 -0.026725415140390396 -0.02264440804719925 -0.005367745645344257 -0.003245469881221652 -0.0009619990596547723 -0.0008308114483952522 -0.00033600424649193883 -0.0002664094208739698
-0.05085587128996849 -0.05085587128996849 -0.05085587128996849 -0.05085587128996849 -0.05085587128996849 -0.05085587128996849 -0.05085587128996849 -0.05085587128996849 -0.05085587128996849 -0.05085587128996849 -0.05085587128996849 -0.05085587128996849 -0.05085587128996849 -0.05085587128996849 -0.05085587128996849 -0.05085587128996849 -0.05085587128996849 -0.05085587128996849 -0.05085587128996849 -0.05085587128996849 -0.05085587128996849 -0.05085587128996849 -0.05085587128996849 -0.05085587128996849 -0.05085587128996849 -0.05085587128996849 -0.05085587128996849 -0.05085587128996849 -0.05085587128996849 -0.05085587128996849 -0.05085587128996849 -0.04226274788379669 -0.04077873378992081 -0.036103036254644394 -0.028324037790298462 -0.028324037790298462 -0.026725415140390396 -0.02264440804719925 -0.005367745645344257 -0.003245469881221652 -0.0009619990596547723 -0.0008308114483952522 -0.00033600424649193883 -0.0002664094208739698
-0.028714803978800774 -0.028714803978800774 -0.028714803978800774 -0.028714803978800774 -0.028714803978800774 -0.028714803978800774 -0.028714803978800774 -0.028714803978800774 -0.028714803978800774 -0.028714803978800774 -0.028714803978800774 -0.028714803978800774 -0.028714803978800774 -0.028714803978800774 -0.028714803978800774 -0.028714803978800774 -0.028714803978800774 -0.028714803978800774 -0.028714803978800774 -0.028714803978800774 -0.028714803978800774 -0.028714803978800774 -0.028714803978800774 -0.028714803978800774 -0.028714803978800774 -0.028714803978800774 -0.028714803978800774 -0.028714803978800774 -0.028714803978800774 -0.028714803978800774 -0.028714803978800774 -0.028714803978800774 -0.028714803978800774 -0.028714803978800774 -0.028324037790298462 -0.028324037790298462 -0.026725415140390396 -0.02264440804719925 -0.014210824854671955 -0.003245469881221652 -0.0009619990596547723 -0.0008308114483952522 -0.00033600424649193883 -0.0002664094208739698
-0.026321642100811005 -0.026321642100811005 -0.026321642100811005 -0.026321642100811005 -0.026321642100811005 -0.026321642100811005 -0.026321642100811005 -0.026321642100811005 -0.026321642100811005 -0.026321642100811005 -0.026321642100811005 -0.026321642100811005 -0.026321642100811005 -0.026321642100811005 -0.026321642100811005 -0.026321642100811005 -0.026321642100811005 -0.026321642100811005 -0.026321642100811005 -0.026321642100811005 -0.026321642100811005 -0.026321642100811005 -0.026321642100811005 -0.026321642100811005 -0.026321642100811005 -0.026321642100811005 -0.026321642100811005 -0.026321642100811005 -0.026321642100811005 -0.026321642100811005 -0.026321642100811005 -0.026321642100811005 -0.026321642100811005 -0.026321642100811005 -0.026321642100811005 -0.026321642100811005 -0.026321642100811005 -0.02264440804719925 -0.014210824854671955 -0.003245469881221652 -0.0009619990596547723 -0.0008308114483952522 -0.00033600424649193883 -0.0002664094208739698
-0.010621215216815472 -0.010621215216815472 -0.010621215216815472 -0.010621215216815472 -0.010621215216815472 -0.010621215216815472 -0.010621215216815472 -0.010621215216815472 -0.010621215216815472 -0.010621215216815472 -0.010621215216815472 -0.010621215216815472 -0.010621215216815472 -0.010621215216815472 -0.010621215216815472 -0.010621215216815472 -0.010621215216815472 -0.010621215216815472 -0.010621215216815472 -0.010621215216815472 -0.010621215216815472 -0.010621215216815472 -0.010621215216815472 -0.010621215216815472 -0.010621215216815472 -0.010621215216815472 -0.010621215216815472 -0.010621215216815472 -0.010621215216815472 -0.010621215216815472 -0.010621215216815472 -0.010621215216815472 -0.010621215216815472 -0.010621215216815472 -0.010621215216815472 -0.010621215216815472 -0.010621215216815472 -0.010621215216815472 -0.005367745645344257 -0.003245469881221652 -0.000985178747214377 -0.0008308114483952522 -0.00033600424649193883 -0.0002664094208739698
-0.00535994116216898 -0.00535994116216898 -0.00535994116216898 -0.00535994116216898 -0.00535994116216898 -0.00535994116216898 -0.00535994116216898 -0.00535994116216898 -0.00535994116216898 -0.00535994116216898 -0.00535994116216898 -0.00535994116216898 -0.00535994116216898 -0.00535994116216898 -0.00535994116216898 -0.00535994116216898 -0.00535994116216898 -0.00535994116216898 -0.00535994116216898 -0.00535994116216898 -0.00535994116216898 -0.00535994116216898 -0.00535994116216898 -0.00535994116216898 -0.00535994116216898 -0.00535994116216898 -0.00535994116216898 -0.00535994116216898 -0.00535994116216898 -0.00535994116216898 -0.00535994116216898 -0.00535994116216898 -0.00535994116216898 -0.00535994116216898 -0.00535994116216898 -0.00535994116216898 -0.00535994116216898 -0.00535994116216898 -0.00535994116216898 -0.0032970283646136522 -0.0009619990596547723 -0.0008308114483952522 -0.00033600424649193883 -0.0002664094208739698
-0.004777716938406229 -0.004777716938406229 -0.004777716938406229 -0.004777716938406229 -0.004777716938406229 -0.004777716938406229 -0.004777716938406229 -0.004777716938406229 -0.004777716938406229 -0.004777716938406229 -0.004777716938406229 -0.004777716938406229 -0.004777716938406229 -0.004777716938406229 -0.004777716938406229 -0.004777716938406229 -0.004777716938406229 -0.004777716938406229 -0.004777716938406229 -0.004777716938406229 -0.004777716938406229 -0.004777716938406229 -0.004777716938406229 -0.004777716938406229 -0.004777716938406229 -0.004777716938406229 -0.004777716938406229 -0.004777716938406229 -0.004777716938406229 -0.004777716938406229 -0.004777716938406229 -0.004777716938406229 -0.004777716938406229 -0.004777716938406229 -0.004777716938406229 -0.004777716938406229 -0.004777716938406229 -0.004777716938406229 -0.004777716938406229 -0.0032970283646136522 -0.0009619990596547723 -0.0008308114483952522 -0.00033600424649193883 -0.0002664094208739698
-0.004221034701913595 -0.004221034701913595 -0.004221034701913595 -0.004221034701913595 -0.004221034701913595 -0.004221034701913595 -0.004221034701913595 -0.004221034701913595 -0.004221034701913595 -0.004221034701913595 -0.004221034701913595 -0.004221034701913595 -0.004221034701913595 -0.004221034701913595 -0.004221034701913595 -0.004221034701913595 -0.004221034701913595 -0.004221034701913595 -0.004221034701913595 -0.004221034701913595 -0.004221034701913595 -0.004221034701913595 -0.004221034701913595 -0.004221034701913595 -0.004221034701913595 -0.004221034701913595 -0.004221034701913595 -0.004221034701913595 -0.004221034701913595 -0.004221034701913595 -0.004221034701913595 -0.004221034701913595 -0.004221034701913595 -0.004221034701913595 -0.004221034701913595 -0.004221034701913595 -0.004221034701913595 -0.004221034701913595 -0.004221034701913595 -0.0032970283646136522 -0.0009619990596547723 -0.0008308114483952522 -0.00033600424649193883 -0.0002664094208739698
-0.0009202681831084192 -0.0009202681831084192 -0.0009202681831084192 -0.0009202681831084192 -0.0009202681831084192 -0.0009202681831084192 -0.0009202681831084192 -0.0009202681831084192 -0.0009202681831084192 -0.0009202681831084192 -0.0009202681831084192 -0.0009202681831084192 -0.0009202681831084192 -0.0009202681831084192 -0.0009202681831084192 -0.0009202681831084192 -0.0009202681831084192 -0.0009202681831084192 -0.0009202681831084192 -0.0009202681831084192 -0.0009202681831084192 -0.0009202681831084192 -0.0009202681831084192 -0.0009202681831084192 -0.0009202681831084192 -0.0009202681831084192 -0.0009202681831084192 -0.0009202681831084192 -0.0009202681831084192 -0.0009202681831084192 -0.0009202681831084192 -0.0009202681831084192 -0.0009202681831084192 -0.0009202681831084192 -0.0009202681831084192 -0.0009202681831084192 -0.0009202681831084192 -0.0009202681831084192 -0.0009202681831084192 -0.0009202681831084192 -0.0009202681831084192 -0.0008308114483952522 -0.0003723319969139993 -0.00027816317742690444
-0.0009020885918289423 -0.0009020885918289423 -0.0009020885918289423 -0.0009020885918289423 -0.0009020885918289423 -0.0009020885918289423 -0.0009020885918289423 -0.0009020885918289423 -0.0009020885918289423 -0.0009020885918289423 -0.0009020885918289423 -0.0009020885918289423 -0.0009020885918289423 -0.0009020885918289423 -0.0009020885918289423 -0.0009020885918289423 -0.0009020885918289423 -0.0009020885918289423 -0.0009020885918289423 -0.0009020885918289423 -0.0009020885918289423 -0.0009020885918289423 -0.0009020885918289423 -0.0009020885918289423 -0.0009020885918289423 -0.0009020885918289423 -0.0009020885918289423 -0.0009020885918289423 -0.0009020885918289423 -0.0009020885918289423 -0.0009020885918289423 -0.0009020885918289423 -0.0009020885918289423 -0.0009020885918289423 -0.0009020885918289423 -0.0009020885918289423 -0.0009020885918289423 -0.0009020885918289423 -0.0009020885918289423 -0.0009020885918289423 -0.0009020885918289423 -0.0008308114483952522 -0.0003723319969139993 -0.00027816317742690444
-0.0008342996588908136 -0.0008342996588908136 -0.0008342996588908136 -0.0008342996588908136 -0.0008342996588908136 -0.0008342996588908136 -0.0008342996588908136 -0.0008342996588908136 -0.0008342996588908136 -0.0008342996588908136 -0.0008342996588908136 -0.0008342996588908136 -0.0008342996588908136 -0.0008342996588908136 -0.0008342996588908136 -0.0008342996588908136 -0.0008342996588908136 -0.0008342996588908136 -0.0008342996588908136 -0.0008342996588908136 -0.0008342996588908136 -0.0008342996588908136 -0.0008342996588908136 -0.0008342996588908136 -0.0008342996588908136 -0.0008342996588908136 -0.0008342996588908136 -0.0008342996588908136 -0.0008342996588908136 -0.0008342996588908136 -0.0008342996588908136 -0.0008342996588908136 -0.0008342996588908136 -0.0008342996588908136 -0.0008342996588908136 -0.0008342996588908136 -0.0008342996588908136 -0.0008342996588908136 -0.0008342996588908136 -0.0008342996588908136 -0.0008342996588908136 -0.0008308114483952522 -0.0003723319969139993 -0.0002664094208739698