-0.5566901564598083 -0.5135712027549744 -0.5219770669937134 -0.5212392210960388 -0.3516891598701477 -0.18790216743946075 -0.18790216743946075 -0.1275186538696289 -0.1275186538696289 -0.1275186538696289 -0.1275186538696289 -0.1275186538696289 -0.2925999164581299 -0.1829623579978943 -0.18790216743946075 -0.1829623579978943 -0.18790216743946075 -0.1275186538696289 -0.1275186538696289 -0.1275186538696289 -0.18790216743946075 -0.11387056112289429 -0.11387056112289429 -0.14319483935832977 -0.1275186538696289 -0.12359347194433212 -0.08638069033622742 -0.08638069033622742 -0.0688323900103569 -0.07324295490980148 -0.04665679857134819 -0.004573935642838478 -0.0026207820046693087 -0.0011911147739738226 -0.0018653590232133865 -0.0018743579275906086 -0.0014714781427755952 -0.0009918218711391091 -0.000735043897293508 -0.0008998595294542611 -0.0006738962256349623 -0.0009918218711391091 -0.0009426274336874485 -0.0009517124854028225 -0.0008839037618599832 -0.0007633605855517089 -0.0005858420627191663
-0.45049214363098145 -0.45049214363098145 -0.45049214363098145 -0.45049214363098145 -0.3963709771633148 -0.18790216743946075 -0.18790216743946075 -0.1275186538696289 -0.1275186538696289 -0.1275186538696289 -0.1275186538696289 -0.1275186538696289 -0.2925999164581299 -0.1829623579978943 -0.18790216743946075 -0.1829623579978943 -0.18790216743946075 -0.1275186538696289 -0.1275186538696289 -0.1275186538696289 -0.18790216743946075 -0.11387056112289429 -0.11387056112289429 -0.14319483935832977 -0.1275186538696289 -0.12359347194433212 -0.08638069033622742 -0.08638069033622742 -0.0688323900103569 -0.07324295490980148 -0.04665679857134819 -0.004573935642838478 -0.0026207820046693087 -0.0011911147739738226 -0.0018653590232133865 -0.0018743579275906086 -0.0014714781427755952 -0.0009918218711391091 -0.000735043897293508 -0.0008998595294542611 -0.0006738962256349623 -0.0009918218711391091 -0.0009426274336874485 -0.0009517124854028225 -0.0008839037618599832 -0.0007633605855517089 -0.0005858420627191663
-0.45049214363098145 -0.45049214363098145 -0.5206067562103271 -0.5206067562103271 -0.3516891598701477 -0.18790216743946075 -0.18790216743946075 -0.1275186538696289 -0.1275186538696289 -0.1275186538696289 -0.1275186538696289 -0.1275186538696289 -0.29417937994003296 -0.1829623579978943 -0.18790216743946075 -0.1829623579978943 -0.18790216743946075 -0.1275186538696289 -0.1275186538696289 -0.1275186538696289 -0.18790216743946075 -0.11387056112289429 -0.11387056112289429 -0.14319483935832977 -0.1275186538696289 -0.12359347194433212 -0.08638069033622742 -0.08638069033622742 -0.0688323900103569 -0.07324295490980148 -0.04665679857134819 -0.004573935642838478 -0.0026207820046693087 -0.0011911147739738226 -0.0018653590232133865 -0.0018743579275906086 -0.0014714781427755952 -0.0009918218711391091 -0.000735043897293508 -0.0008998595294542611 -0.0006738962256349623 -0.0009918218711391091 -0.0009426274336874485 -0.0009517124854028225 -0.0008839037618599832 -0.0007633605855517089 -0.0005858420627191663
-0.45049214363098145 -0.45049214363098145 -0.45049214363098145 -0.45049214363098145 -0.3963709771633148 -0.18790216743946075 -0.18790216743946075 -0.1275186538696289 -0.1275186538696289 -0.1275186538696289 -0.1275186538696289 -0.1275186538696289 -0.2925999164581299 -0.1829623579978943 -0.18790216743946075 -0.1829623579978943 -0.18790216743946075 -0.1275186538696289 -0.1275186538696289 -0.1275186538696289 -0.18790216743946075 -0.11387056112289429 -0.11387056112289429 -0.14319483935832977 -0.1275186538696289 -0.12359347194433212 -0.08638069033622742 -0.08638069033622742 -0.0688323900103569 -0.07324295490980148 -0.04665679857134819 -0.004573935642838478 -0.0026207820046693087 -0.0011911147739738226 -0.0018653590232133865 -0.0018743579275906086 -0.0014714781427755952 -0.0009918218711391091 -0.000735043897293508 -0.0008998595294542611 -0.0006738962256349623 -0.0009918218711391091 -0.0009426274336874485 -0.0009517124854028225 -0.0008839037618599832 -0.0007633605855517089 -0.0005858420627191663
-0.45049214363098145 -0.45049214363098145 -0.45049214363098145 -0.45049214363098145 -0.3963709771633148 -0.18790216743946075 -0.18790216743946075 -0.1275186538696289 -0.1275186538696289 -0.1275186538696289 -0.1275186538696289 -0.1275186538696289 -0.2925999164581299 -0.1829623579978943 -0.18790216743946075 -0.1829623579978943 -0.18790216743946075 -0.1275186538696289 -0.1275186538696289 -0.1275186538696289 -0.18790216743946075 -0.11387056112289429 -0.11387056112289429 -0.14319483935832977 -0.1275186538696289 -0.12359347194433212 -0.08638069033622742 -0.08638069033622742 -0.0688323900103569 -0.07324295490980148 -0.04665679857134819 -0.004573935642838478 -0.0026207820046693087 -0.0011911147739738226 -0.0018653590232133865 -0.0018743579275906086 -0.0014714781427755952 -0.0009918218711391091 -0.000735043897293508 -0.0008998595294542611 -0.0006738962256349623 -0.0009918218711391091 -0.0009426274336874485 -0.0009517124854028225 -0.0008839037618599832 -0.0007633605855517089 -0.0005858420627191663
-0.45049214363098145 -0.45049214363098145 -0.45049214363098145 -0.45049214363098145 -0.3516891598701477 -0.18790216743946075 -0.18790216743946075 -0.1275186538696289 -0.1275186538696289 -0.1275186538696289 -0.1275186538696289 -0.1275186538696289 -0.29417937994003296 -0.1829623579978943 -0.18790216743946075 -0.1829623579978943 -0.18790216743946075 -0.1275186538696289 -0.1275186538696289 -0.1275186538696289 -0.18790216743946075 -0.11387056112289429 -0.11387056112289429 -0.15765830874443054 -0.1275186538696289 -0.12359347194433212 -0.08638069033622742 -0.08638069033622742 -0.0688323900103569 -0.07324295490980148 -0.04665679857134819 -0.004573935642838478 -0.0026207820046693087 -0.0011911147739738226 -0.0018653590232133865 -0.0018743579275906086 -0.0014714781427755952 -0.0009918218711391091 -0.0014283540658652782 -0.0008998595294542611 -0.0006738962256349623 -0.0009918218711391091 -0.0009426274336874485 -0.0009517124854028225 -0.0008839037618599832 -0.0007633605855517089 -0.0005858420627191663
-0.1829623579978943 -0.1829623579978943 -0.1829623579978943 -0.1829623579978943 -0.1829623579978943 -0.1829623579978943 -0.1829623579978943 -0.1275186538696289 -0.1275186538696289 -0.1275186538696289 -0.1275186538696289 -0.1275186538696289 -0.1829623579978943 -0.2869264483451843 -0.1829623579978943 -0.26893842220306396 -0.1829623579978943 -0.1275186538696289 -0.1275186538696289 -0.1275186538696289 -0.1829623579978943 -0.11387056112289429 -0.11387056112289429 -0.14319483935832977 -0.1275186538696289 -0.12359347194433212 -0.08638069033622742 -0.08638069033622742 -0.0688323900103569 -0.07324295490980148 -0.04665679857134819 -0.004573935642838478 -0.0026207820046693087 -0.0011911147739738226 -0.0018653590232133865 -0.0018743579275906086 -0.0014714781427755952 -0.0009918218711391091 -0.000735043897293508 -0.0008998595294542611 -0.0006738962256349623 -0.0009918218711391091 -0.0009426274336874485 -0.0009517124854028225 -0.0008839037618599832 -0.0007633605855517089 -0.0005858420627191663
-0.1829623579978943 -0.1829623579978943 -0.1829623579978943 -0.1829623579978943 -0.1829623579978943 -0.1829623579978943 -0.1829623579978943 -0.1275186538696289 -0.1275186538696289 -0.1275186538696289 -0.1275186538696289 -0.1275186538696289 -0.1829623579978943 -0.26893842220306396 -0.1829623579978943 -0.26893842220306396 -0.1829623579978943 -0.1275186538696289 -0.1275186538696289 -0.1275186538696289 -0.1829623579978943 -0.11387056112289429 -0.11387056112289429 -0.14319483935832977 -0.1275186538696289 -0.12359347194433212 -0.08638069033622742 -0.08638069033622742 -0.0688323900103569 -0.07324295490980148 -0.04665679857134819 -0.004573935642838478 -0.0026207820046693087 -0.0011911147739738226 -0.0018653590232133865 -0.0018743579275906086 -0.0014714781427755952 -0.0009918218711391091 -0.000735043897293508 -0.0008998595294542611 -0.0006738962256349623 -0.0009918218711391091 -0.0009426274336874485 -0.0009517124854028225 -0.0008839037618599832 -0.0007633605855517089 -0.0005858420627191663
-0.1829623579978943 -0.1829623579978943 -0.1829623579978943 -0.1829623579978943 -0.1829623579978943 -0.1829623579978943 -0.1829623579978943 -0.1275186538696289 -0.1275186538696289 -0.1275186538696289 -0.1275186538696289 -0.1275186538696289 -0.1829623579978943 -0.26893842220306396 -0.1829623579978943 -0.26893842220306396 -0.1829623579978943 -0.1275186538696289 -0.1275186538696289 -0.1275186538696289 -0.1829623579978943 -0.11387056112289429 -0.11387056112289429 -0.14319483935832977 -0.1275186538696289 -0.12359347194433212 -0.08638069033622742 -0.08638069033622742 -0.0688323900103569 -0.07324295490980148 -0.04665679857134819 -0.004573935642838478 -0.0026207820046693087 -0.0011911147739738226 -0.0018653590232133865 -0.0018743579275906086 -0.0014714781427755952 -0.0009918218711391091 -0.000735043897293508 -0.0008998595294542611 -0.0006738962256349623 -0.0009918218711391091 -0.0009426274336874485 -0.0009517124854028225 -0.0008839037618599832 -0.0007633605855517089 -0.0005858420627191663
-0.38370880484580994 -0.38370880484580994 -0.38370880484580994 -0.38370880484580994 -0.3516891598701477 -0.18790216743946075 -0.18790216743946075 -0.1275186538696289 -0.1275186538696289 -0.1275186538696289 -0.1275186538696289 -0.1275186538696289 -0.29417937994003296 -0.1829623579978943 -0.18790216743946075 -0.1829623579978943 -0.18790216743946075 -0.1275186538696289 -0.1275186538696289 -0.1275186538696289 -0.18790216743946075 -0.11387056112289429 -0.11387056112289429 -0.15765830874443054 -0.1275186538696289 -0.12359347194433212 -0.08638069033622742 -0.08638069033622742 -0.0688323900103569 -0.07324295490980148 -0.04665679857134819 -0.004573935642838478 -0.0026207820046693087 -0.0011911147739738226 -0.0018653590232133865 -0.0018743579275906086 -0.0014714781427755952 -0.0009918218711391091 -0.0014283540658652782 -0.0008998595294542611 -0.0006738962256349623 -0.0009918218711391091 -0.0009426274336874485 -0.0009517124854028225 -0.0008839037618599832 -0.0007633605855517089 -0.0005858420627191663
-0.1275186538696289 -0.1275186538696289 -0.1275186538696289 -0.1275186538696289 -0.1275186538696289 -0.1275186538696289 -0.1275186538696289 -0.19003649055957794 -0.19003649055957794 -0.19003649055957794 -0.19003649055957794 -0.19003649055957794 -0.1275186538696289 -0.1275186538696289 -0.1275186538696289 -0.1275186538696289 -0.1275186538696289 -0.2555549442768097 -0.19003649055957794 -0.21625451743602753 -0.1275186538696289 -0.11387056112289429 -0.11387056112289429 -0.1275186538696289 -0.1553960144519806 -0.12359347194433212 -0.08638069033622742 -0.08638069033622742 -0.0688323900103569 -0.07324295490980148 -0.04665679857134819 -0.004573935642838478 -0.0026207820046693087 -0.0011911147739738226 -0.0019288401817902923 -0.0018991358811035752 -0.0016798160504549742 -0.0009918218711391091 -0.000735043897293508 -0.0008998595294542611 -0.0006738962256349623 -0.0009918218711391091 -0.0009426274336874485 -0.0009517124854028225 -0.0008839037618599832 -0.0007633605855517089 -0.0005858420627191663
-0.1275186538696289 -0.1275186538696289 -0.1275186538696289 -0.1275186538696289 -0.1275186538696289 -0.1275186538696289 -0.1275186538696289 -0.19003649055957794 -0.19003649055957794 -0.19003649055957794 -0.19003649055957794 -0.19003649055957794 -0.1275186538696289 -0.1275186538696289 -0.1275186538696289 -0.1275186538696289 -0.1275186538696289 -0.2555549442768097 -0.19003649055957794 -0.21625451743602753 -0.1275186538696289 -0.11387056112289429 -0.11387056112289429 -0.1275186538696289 -0.1553960144519806 -0.12359347194433212 -0.08638069033622742 -0.08638069033622742 -0.0688323900103569 -0.07324295490980148 -0.04665679857134819 -0.004573935642838478 -0.0026207820046693087 -0.0011911147739738226 -0.0019288401817902923 -0.0018991358811035752 -0.0014714781427755952 -0.0009918218711391091 -0.000735043897293508 -0.0008998595294542611 -0.0006738962256349623 -0.0009918218711391091 -0.0009426274336874485 -0.0009517124854028225 -0.0008839037618599832 -0.0007633605855517089 -0.0005858420627191663
-0.1275186538696289 -0.1275186538696289 -0.1275186538696289 -0.1275186538696289 -0.1275186538696289 -0.1275186538696289 -0.1275186538696289 -0.19003649055957794 -0.19003649055957794 -0.19003649055957794 -0.19003649055957794 -0.19003649055957794 -0.1275186538696289 -0.1275186538696289 -0.1275186538696289 -0.1275186538696289 -0.1275186538696289 -0.2555549442768097 -0.19003649055957794 -0.20522645115852356 -0.1275186538696289 -0.11387056112289429 -0.11387056112289429 -0.1275186538696289 -0.1553960144519806 -0.12359347194433212 -0.08638069033622742 -0.08638069033622742 -0.0688323900103569 -0.07324295490980148 -0.04665679857134819 -0.004573935642838478 -0.0026207820046693087 -0.0011911147739738226 -0.0018653590232133865 -0.0018743579275906086 -0.0014714781427755952 -0.0009918218711391091 -0.000735043897293508 -0.0008998595294542611 -0.0006738962256349623 -0.0009918218711391091 -0.0009426274336874485 -0.0009517124854028225 -0.0008839037618599832 -0.0007633605855517089 -0.0005858420627191663
-0.1275186538696289 -0.1275186538696289 -0.1275186538696289 -0.1275186538696289 -0.1275186538696289 -0.1275186538696289 -0.1275186538696289 -0.3287648558616638 -0.3287648558616638 -0.3287648558616638 -0.3287648558616638 -0.3283228576183319 -0.1275186538696289 -0.1275186538696289 -0.1275186538696289 -0.1275186538696289 -0.1275186538696289 -0.19003649055957794 -0.22697097063064575 -0.19003649055957794 -0.1275186538696289 -0.11387056112289429 -0.11387056112289429 -0.1275186538696289 -0.1553960144519806 -0.12359347194433212 -0.08638069033622742 -0.08638069033622742 -0.0688323900103569 -0.07324295490980148 -0.04665679857134819 -0.004573935642838478 -0.0026207820046693087 -0.0011911147739738226 -0.0018653590232133865 -0.0018743579275906086 -0.0014714781427755952 -0.0009918218711391091 -0.000735043897293508 -0.0008998595294542611 -0.0006738962256349623 -0.0009918218711391091 -0.0009426274336874485 -0.0009517124854028225 -0.0008839037618599832 -0.0007633605855517089 -0.0005858420627191663
-0.1275186538696289 -0.1275186538696289 -0.1275186538696289 -0.1275186538696289 -0.1275186538696289 -0.1275186538696289 -0.1275186538696289 -0.32851094007492065 -0.32851094007492065 -0.32851094007492065 -0.32851094007492065 -0.3283228576183319 -0.1275186538696289 -0.1275186538696289 -0.1275186538696289 -0.1275186538696289 -0.1275186538696289 -0.19003649055957794 -0.22697097063064575 -0.19003649055957794 -0.1275186538696289 -0.11387056112289429 -0.11387056112289429 -0.1275186538696289 -0.1553960144519806 -0.12359347194433212 -0.08638069033622742 -0.08638069033622742 -0.0688323900103569 -0.07324295490980148 -0.04665679857134819 -0.004573935642838478 -0.0026207820046693087 -0.0011911147739738226 -0.0018653590232133865 -0.0018743579275906086 -0.0014714781427755952 -0.0009918218711391091 -0.000735043897293508 -0.0008998595294542611 -0.0006738962256349623 -0.0009918218711391091 -0.0009426274336874485 -0.0009517124854028225 -0.0008839037618599832 -0.0007633605855517089 -0.0005858420627191663
-0.18790216743946075 -0.18790216743946075 -0.18790216743946075 -0.18790216743946075 -0.18790216743946075 -0.32692110538482666 -0.32692110538482666 -0.1275186538696289 -0.1275186538696289 -0.1275186538696289 -0.1275186538696289 -0.1275186538696289 -0.18790216743946075 -0.1829623579978943 -0.28491273522377014 -0.1829623579978943 -0.2563033401966095 -0.1275186538696289 -0.1275186538696289 -0.1275186538696289 -0.18854258954524994 -0.11387056112289429 -0.11387056112289429 -0.14319483935832977 -0.1275186538696289 -0.12359347194433212 -0.08638069033622742 -0.08638069033622742 -0.0688323900103569 -0.07324295490980148 -0.04665679857134819 -0.004573935642838478 -0.0026207820046693087 -0.0011911147739738226 -0.0018653590232133865 -0.0018743579275906086 -0.0014714781427755952 -0.0009918218711391091 -0.000735043897293508 -0.0008998595294542611 -0.0006738962256349623 -0.0009918218711391091 -0.0009426274336874485 -0.0009517124854028225 -0.0008839037618599832 -0.0007633605855517089 -0.0005858420627191663
-0.1275186538696289 -0.1275186538696289 -0.1275186538696289 -0.1275186538696289 -0.1275186538696289 -0.1275186538696289 -0.1275186538696289 -0.3268089294433594 -0.3268089294433594 -0.3268089294433594 -0.3268089294433594 -0.3268089294433594 -0.1275186538696289 -0.1275186538696289 -0.1275186538696289 -0.1275186538696289 -0.1275186538696289 -0.19003649055957794 -0.22697097063064575 -0.19003649055957794 -0.1275186538696289 -0.11387056112289429 -0.11387056112289429 -0.1275186538696289 -0.1553960144519806 -0.12359347194433212 -0.08638069033622742 -0.08638069033622742 -0.0688323900103569 -0.07324295490980148 -0.04665679857134819 -0.004573935642838478 -0.0026207820046693087 -0.0011911147739738226 -0.0018653590232133865 -0.0018743579275906086 -0.0014714781427755952 -0.0009918218711391091 -0.000735043897293508 -0.0008998595294542611 -0.0006738962256349623 -0.0009918218711391091 -0.0009426274336874485 -0.0009517124854028225 -0.0008839037618599832 -0.0007633605855517089 -0.0005858420627191663
-0.1275186538696289 -0.1275186538696289 -0.1275186538696289 -0.1275186538696289 -0.1275186538696289 -0.1275186538696289 -0.1275186538696289 -0.3267683982849121 -0.3267683982849121 -0.3267683982849121 -0.3267683982849121 -0.3267683982849121 -0.1275186538696289 -0.1275186538696289 -0.1275186538696289 -0.1275186538696289 -0.1275186538696289 -0.20522645115852356 -0.22697097063064575 -0.21625451743602753 -0.1275186538696289 -0.11387056112289429 -0.11387056112289429 -0.1275186538696289 -0.1553960144519806 -0.12359347194433212 -0.08638069033622742 -0.08638069033622742 -0.0688323900103569 -0.07324295490980148 -0.04665679857134819 -0.004573935642838478 -0.0026207820046693087 -0.0011911147739738226 -0.0018653590232133865 -0.0018743579275906086 -0.0014714781427755952 -0.0009918218711391091 -0.000735043897293508 -0.0008998595294542611 -0.0006738962256349623 -0.0009918218711391091 -0.0009426274336874485 -0.0009517124854028225 -0.0008839037618599832 -0.0007633605855517089 -0.0005858420627191663
-0.1275186538696289 -0.1275186538696289 -0.1275186538696289 -0.1275186538696289 -0.1275186538696289 -0.1275186538696289 -0.1275186538696289 -0.3244975209236145 -0.3244975209236145 -0.3244975209236145 -0.3244975209236145 -0.3244975209236145 -0.1275186538696289 -0.1275186538696289 -0.1275186538696289 -0.1275186538696289 -0.1275186538696289 -0.19003649055957794 -0.22697097063064575 -0.19003649055957794 -0.1275186538696289 -0.11387056112289429 -0.11387056112289429 -0.1275186538696289 -0.1553960144519806 -0.12359347194433212 -0.08638069033622742 -0.08638069033622742 -0.0688323900103569 -0.07324295490980148 -0.04665679857134819 -0.004573935642838478 -0.0026207820046693087 -0.0011911147739738226 -0.0018653590232133865 -0.0018743579275906086 -0.0014714781427755952 -0.0009918218711391091 -0.000735043897293508 -0.0008998595294542611 -0.0006738962256349623 -0.0009918218711391091 -0.0009426274336874485 -0.0009517124854028225 -0.0008839037618599832 -0.0007633605855517089 -0.0005858420627191663
-0.1275186538696289 -0.1275186538696289 -0.1275186538696289 -0.1275186538696289 -0.1275186538696289 -0.1275186538696289 -0.1275186538696289 -0.32172510027885437 -0.32172510027885437 -0.32172510027885437 -0.32172510027885437 -0.32172510027885437 -0.1275186538696289 -0.1275186538696289 -0.1275186538696289 -0.1275186538696289 -0.1275186538696289 -0.19003649055957794 -0.22697097063064575 -0.19003649055957794 -0.1275186538696289 -0.11387056112289429 -0.11387056112289429 -0.1275186538696289 -0.1553960144519806 -0.12359347194433212 -0.08638069033622742 -0.08638069033622742 -0.0688323900103569 -0.07324295490980148 -0.04665679857134819 -0.004573935642838478 -0.0026207820046693087 -0.0011911147739738226 -0.0018653590232133865 -0.0018743579275906086 -0.0014714781427755952 -0.0009918218711391091 -0.000735043897293508 -0.0008998595294542611 -0.0006738962256349623 -0.0009918218711391091 -0.0009426274336874485 -0.0009517124854028225 -0.0008839037618599832 -0.0007633605855517089 -0.0005858420627191663
-0.2671950161457062 -0.2671950161457062 -0.2671950161457062 -0.2671950161457062 -0.2671950161457062 -0.18790216743946075 -0.18790216743946075 -0.1275186538696289 -0.1275186538696289 -0.1275186538696289 -0.1275186538696289 -0.1275186538696289 -0.2671950161457062 -0.1829623579978943 -0.18790216743946075 -0.1829623579978943 -0.18790216743946075 -0.1275186538696289 -0.1275186538696289 -0.1275186538696289 -0.18790216743946075 -0.11387056112289429 -0.11387056112289429 -0.14319483935832977 -0.1275186538696289 -0.12359347194433212 -0.08638069033622742 -0.08638069033622742 -0.0688323900103569 -0.07324295490980148 -0.04665679857134819 -0.004573935642838478 -0.0026207820046693087 -0.0011911147739738226 -0.0018653590232133865 -0.0018743579275906086 -0.0014714781427755952 -0.0009918218711391091 -0.000735043897293508 -0.0008998595294542611 -0.0006738962256349623 -0.0009918218711391091 -0.0009426274336874485 -0.0009517124854028225 -0.0008839037618599832 -0.0007633605855517089 -0.0005858420627191663
-0.1829623579978943 -0.1829623579978943 -0.1829623579978943 -0.1829623579978943 -0.1829623579978943 -0.1829623579978943 -0.1829623579978943 -0.1275186538696289 -0.1275186538696289 -0.1275186538696289 -0.1275186538696289 -0.1275186538696289 -0.1829623579978943 -0.22496671974658966 -0.1829623579978943 -0.22496671974658966 -0.1829623579978943 -0.1275186538696289 -0.1275186538696289 -0.1275186538696289 -0.1829623579978943 -0.11387056112289429 -0.11387056112289429 -0.14319483935832977 -0.1275186538696289 -0.12359347194433212 -0.08638069033622742 -0.08638069033622742 -0.0688323900103569 -0.07324295490980148 -0.04665679857134819 -0.004573935642838478 -0.0026207820046693087 -0.0011911147739738226 -0.0018653590232133865 -0.0018743579275906086 -0.0014714781427755952 -0.0009918218711391091 -0.000735043897293508 -0.0008998595294542611 -0.0006738962256349623 -0.0009918218711391091 -0.0009426274336874485 -0.0009517124854028225 -0.0008839037618599832 -0.0007633605855517089 -0.0005858420627191663
-0.21687984466552734 -0.21687984466552734 -0.21687984466552734 -0.21687984466552734 -0.21687984466552734 -0.18790216743946075 -0.18790216743946075 -0.1275186538696289 -0.1275186538696289 -0.1275186538696289 -0.1275186538696289 -0.1275186538696289 -0.21687984466552734 -0.1829623579978943 -0.18790216743946075 -0.1829623579978943 -0.18790216743946075 -0.1275186538696289 -0.1275186538696289 -0.1275186538696289 -0.18790216743946075 -0.11387056112289429 -0.11387056112289429 -0.14319483935832977 -0.1275186538696289 -0.12359347194433212 -0.08638069033622742 -0.08638069033622742 -0.0688323900103569 -0.07324295490980148 -0.04665679857134819 -0.004573935642838478 -0.0026207820046693087 -0.0011911147739738226 -0.0018653590232133865 -0.0018743579275906086 -0.0014714781427755952 -0.0009918218711391091 -0.000735043897293508 -0.0008998595294542611 -0.0006738962256349623 -0.0009918218711391091 -0.0009426274336874485 -0.0009517124854028225 -0.0008839037618599832 -0.0007633605855517089 -0.0005858420627191663
-0.17301955819129944 -0.17301955819129944 -0.17301955819129944 -0.17301955819129944 -0.17301955819129944 -0.17301955819129944 -0.17301955819129944 -0.1275186538696289 -0.1275186538696289 -0.1275186538696289 -0.1275186538696289 -0.1275186538696289 -0.17301955819129944 -0.17301955819129944 -0.17301955819129944 -0.17301955819129944 -0.17301955819129944 -0.1275186538696289 -0.1275186538696289 -0.1275186538696289 -0.17301955819129944 -0.17301955819129944 -0.17301955819129944 -0.14319483935832977 -0.1275186538696289 -0.12359347194433212 -0.10087157040834427 -0.09616377204656601 -0.0688323900103569 -0.07324295490980148 -0.04665679857134819 -0.004573935642838478 -0.0026207820046693087 -0.0011911147739738226 -0.0018653590232133865 -0.0018743579275906086 -0.0014714781427755952 -0.0009918218711391091 -0.000735043897293508 -0.0008998595294542611 -0.0006738962256349623 -0.0009918218711391091 -0.0009426274336874485 -0.0009517124854028225 -0.0008839037618599832 -0.0007633605855517089 -0.0005858420627191663
-0.17275021970272064 -0.17275021970272064 -0.17275021970272064 -0.17275021970272064 -0.17275021970272064 -0.17275021970272064 -0.17275021970272064 -0.1275186538696289 -0.1275186538696289 -0.1275186538696289 -0.1275186538696289 -0.1275186538696289 -0.17275021970272064 -0.17275021970272064 -0.17275021970272064 -0.17275021970272064 -0.17275021970272064 -0.1275186538696289 -0.1275186538696289 -0.1275186538696289 -0.17275021970272064 -0.11387056112289429 -0.11387056112289429 -0.14319483935832977 -0.1275186538696289 -0.12359347194433212 -0.08638069033622742 -0.08638069033622742 -0.0688323900103569 -0.07324295490980148 -0.04665679857134819 -0.004573935642838478 -0.0026207820046693087 -0.0011911147739738226 -0.0018653590232133865 -0.0018743579275906086 -0.0014714781427755952 -0.0009918218711391091 -0.000735043897293508 -0.0008998595294542611 -0.0006738962256349623 -0.0009918218711391091 -0.0009426274336874485 -0.0009517124854028225 -0.0008839037618599832 -0.0007633605855517089 -0.0005858420627191663
-0.17266657948493958 -0.17266657948493958 -0.17266657948493958 -0.17266657948493958 -0.17266657948493958 -0.17266657948493958 -0.17266657948493958 -0.1275186538696289 -0.1275186538696289 -0.1275186538696289 -0.1275186538696289 -0.1275186538696289 -0.17266657948493958 -0.17266657948493958 -0.17266657948493958 -0.17266657948493958 -0.17266657948493958 -0.1275186538696289 -0.1275186538696289 -0.1275186538696289 -0.17266657948493958 -0.11387056112289429 -0.11387056112289429 -0.14319483935832977 -0.1275186538696289 -0.12359347194433212 -0.08638069033622742 -0.08638069033622742 -0.0688323900103569 -0.07324295490980148 -0.04665679857134819 -0.004573935642838478 -0.0026207820046693087 -0.0011911147739738226 -0.0018653590232133865 -0.0018743579275906086 -0.0014714781427755952 -0.0009918218711391091 -0.000735043897293508 -0.0008998595294542611 -0.0006738962256349623 -0.0009918218711391091 -0.0009426274336874485 -0.0009517124854028225 -0.0008839037618599832 -0.0007633605855517089 -0.0005858420627191663
-0.16190744936466217 -0.16190744936466217 -0.16190744936466217 -0.16190744936466217 -0.16190744936466217 -0.16190744936466217 -0.16190744936466217 -0.1275186538696289 -0.1275186538696289 -0.1275186538696289 -0.1275186538696289 -0.1275186538696289 -0.16190744936466217 -0.16190744936466217 -0.16190744936466217 -0.16190744936466217 -0.16190744936466217 -0.1275186538696289 -0.1275186538696289 -0.1275186538696289 -0.16190744936466217 -0.11387056112289429 -0.11387056112289429 -0.14319483935832977 -0.1275186538696289 -0.12359347194433212 -0.08638069033622742 -0.08638069033622742 -0.0688323900103569 -0.07324295490980148 -0.04665679857134819 -0.004573935642838478 -0.0026207820046693087 -0.0011911147739738226 -0.0018653590232133865 -0.0018743579275906086 -0.0014714781427755952 -0.0009918218711391091 -0.000735043897293508 -0.0008998595294542611 -0.0006738962256349623 -0.0009918218711391091 -0.0009426274336874485 -0.0009517124854028225 -0.0008839037618599832 -0.0007633605855517089 -0.0005858420627191663
-0.1275186538696289 -0.1275186538696289 -0.1275186538696289 -0.1275186538696289 -0.1275186538696289 -0.1275186538696289 -0.1275186538696289 -0.1325797140598297 -0.1325797140598297 -0.1325797140598297 -0.1325797140598297 -0.1325797140598297 -0.1275186538696289 -0.1275186538696289 -0.1275186538696289 -0.1275186538696289 -0.1275186538696289 -0.1325797140598297 -0.1325797140598297 -0.1325797140598297 -0.1275186538696289 -0.11387056112289429 -0.11387056112289429 -0.1275186538696289 -0.1325797140598297 -0.12359347194433212 -0.08638069033622742 -0.08638069033622742 -0.0688323900103569 -0.07324295490980148 -0.04665679857134819 -0.004573935642838478 -0.0026207820046693087 -0.0011911147739738226 -0.0018653590232133865 -0.0018743579275906086 -0.0014714781427755952 -0.0009918218711391091 -0.000735043897293508 -0.001167216571047902 -0.0006738962256349623 -0.0009918218711391091 -0.0009426274336874485 -0.0010173635091632605 -0.0009796078084036708 -0.0007633605855517089 -0.0005858420627191663
-0.09682001918554306 -0.09682001918554306 -0.09682001918554306 -0.09682001918554306 -0.09682001918554306 -0.09682001918554306 -0.09682001918554306 -0.09682001918554306 -0.09682001918554306 -0.09682001918554306 -0.09682001918554306 -0.09682001918554306 -0.09682001918554306 -0.09682001918554306 -0.09682001918554306 -0.09682001918554306 -0.09682001918554306 -0.09682001918554306 -0.09682001918554306 -0.09682001918554306 -0.09682001918554306 -0.09682001918554306 -0.09682001918554306 -0.09682001918554306 -0.09682001918554306 -0.09682001918554306 -0.08638069033622742 -0.08638069033622742 -0.0688323900103569 -0.07324295490980148 -0.04665679857134819 -0.004573935642838478 -0.0026207820046693087 -0.0011911147739738226 -0.0018653590232133865 -0.0018743579275906086 -0.0014714781427755952 -0.0009918218711391091 -0.000735043897293508 -0.0008998595294542611 -0.0006738962256349623 -0.0009918218711391091 -0.0009426274336874485 -0.0009517124854028225 -0.0008839037618599832 -0.0007633605855517089 -0.0005858420627191663
-0.09114637970924377 -0.09114637970924377 -0.09114637970924377 -0.09114637970924377 -0.09114637970924377 -0.09114637970924377 -0.09114637970924377 -0.09114637970924377 -0.09114637970924377 -0.09114637970924377 -0.09114637970924377 -0.09114637970924377 -0.09114637970924377 -0.09114637970924377 -0.09114637970924377 -0.09114637970924377 -0.09114637970924377 -0.09114637970924377 -0.09114637970924377 -0.09114637970924377 -0.09114637970924377 -0.09114637970924377 -0.09114637970924377 -0.09114637970924377 -0.09114637970924377 -0.09114637970924377 -0.08638069033622742 -0.08638069033622742 -0.0688323900103569 -0.07324295490980148 -0.04665679857134819 -0.004573935642838478 -0.0026207820046693087 -0.0011911147739738226 -0.0018653590232133865 -0.0018743579275906086 -0.0014714781427755952 -0.0009918218711391091 -0.000735043897293508 -0.0008998595294542611 -0.0006738962256349623 -0.0009918218711391091 -0.0009426274336874485 -0.0009517124854028225 -0.0008839037618599832 -0.0007633605855517089 -0.0005858420627191663
-0.08711788058280945 -0.08711788058280945 -0.08711788058280945 -0.08711788058280945 -0.08711788058280945 -0.08711788058280945 -0.08711788058280945 -0.08711788058280945 -0.08711788058280945 -0.08711788058280945 -0.08711788058280945 -0.08711788058280945 -0.08711788058280945 -0.08711788058280945 -0.08711788058280945 -0.08711788058280945 -0.08711788058280945 -0.08711788058280945 -0.08711788058280945 -0.08711788058280945 -0.08711788058280945 -0.08711788058280945 -0.08711788058280945 -0.08711788058280945 -0.08711788058280945 -0.08711788058280945 -0.08638069033622742 -0.08638069033622742 -0.0688323900103569 -0.07324295490980148 -0.04665679857134819 -0.004614503122866154 -0.0026207820046693087 -0.0011911147739738226 -0.0018653590232133865 -0.0018743579275906086 -0.0014714781427755952 -0.0009918218711391091 -0.000735043897293508 -0.0008998595294542611 -0.0006738962256349623 -0.0009918218711391091 -0.0009426274336874485 -0.0009517124854028225 -0.0008839037618599832 -0.0007633605855517089 -0.0005858420627191663
-0.07049119472503662 -0.07049119472503662 -0.07049119472503662 -0.07049119472503662 -0.07049119472503662 -0.07049119472503662 -0.07049119472503662 -0.07049119472503662 -0.07049119472503662 -0.07049119472503662 -0.07049119472503662 -0.07049119472503662 -0.07049119472503662 -0.07049119472503662 -0.07049119472503662 -0.07049119472503662 -0.07049119472503662 -0.07049119472503662 -0.07049119472503662 -0.07049119472503662 -0.07049119472503662 -0.07049119472503662 -0.07049119472503662 -0.07049119472503662 -0.07049119472503662 -0.07049119472503662 -0.07049119472503662 -0.07049119472503662 -0.0688323900103569 -0.07049119472503662 -0.04665679857134819 -0.004573935642838478 -0.0026207820046693087 -0.0011911147739738226 -0.0018653590232133865 -0.0018743579275906086 -0.0014714781427755952 -0.0009918218711391091 -0.000735043897293508 -0.0008998595294542611 -0.0006738962256349623 -0.0009918218711391091 -0.0009426274336874485 -0.0009517124854028225 -0.0008839037618599832 -0.0007633605855517089 -0.0005858420627191663
-0.07029776275157928 -0.07029776275157928 -0.07029776275157928 -0.07029776275157928 -0.07029776275157928 -0.07029776275157928 -0.07029776275157928 -0.07029776275157928 -0.07029776275157928 -0.07029776275157928 -0.07029776275157928 -0.07029776275157928 -0.07029776275157928 -0.07029776275157928 -0.07029776275157928 -0.07029776275157928 -0.07029776275157928 -0.07029776275157928 -0.07029776275157928 -0.07029776275157928 -0.07029776275157928 -0.07029776275157928 -0.07029776275157928 -0.07029776275157928 -0.07029776275157928 -0.07029776275157928 -0.07029776275157928 -0.07029776275157928 -0.0688323900103569 -0.07029776275157928 -0.04665679857134819 -0.004614503122866154 -0.0026207820046693087 -0.0011911147739738226 -0.0018653590232133865 -0.0018743579275906086 -0.0014714781427755952 -0.0009918218711391091 -0.000735043897293508 -0.0008998595294542611 -0.0006738962256349623 -0.0009918218711391091 -0.0009426274336874485 -0.0009517124854028225 -0.0008839037618599832 -0.0007633605855517089 -0.0005858420627191663
-0.06883575767278671 -0.06883575767278671 -0.06883575767278671 -0.06883575767278671 -0.06883575767278671 -0.06883575767278671 -0.06883575767278671 -0.06883575767278671 -0.06883575767278671 -0.06883575767278671 -0.06883575767278671 -0.06883575767278671 -0.06883575767278671 -0.06883575767278671 -0.06883575767278671 -0.06883575767278671 -0.06883575767278671 -0.06883575767278671 -0.06883575767278671 -0.06883575767278671 -0.06883575767278671 -0.06883575767278671 -0.06883575767278671 -0.06883575767278671 -0.06883575767278671 -0.06883575767278671 -0.06883575767278671 -0.06883575767278671 -0.0688323900103569 -0.06883575767278671 -0.04665679857134819 -0.004573935642838478 -0.0026207820046693087 -0.0011911147739738226 -0.0018653590232133865 -0.0018743579275906086 -0.0014714781427755952 -0.0009918218711391091 -0.000735043897293508 -0.0008998595294542611 -0.0006738962256349623 -0.0009918218711391091 -0.0009426274336874485 -0.0009517124854028225 -0.0008839037618599832 -0.0007633605855517089 -0.0005858420627191663
-0.06690653413534164 -0.06690653413534164 -0.06690653413534164 -0.06690653413534164 -0.06690653413534164 -0.06690653413534164 -0.06690653413534164 -0.06690653413534164 -0.06690653413534164 -0.06690653413534164 -0.06690653413534164 -0.06690653413534164 -0.06690653413534164 -0.06690653413534164 -0.06690653413534164 -0.06690653413534164 -0.06690653413534164 -0.06690653413534164 -0.06690653413534164 -0.06690653413534164 -0.06690653413534164 -0.06690653413534164 -0.06690653413534164 -0.06690653413534164 -0.06690653413534164 -0.06690653413534164 -0.06690653413534164 -0.06690653413534164 -0.06690653413534164 -0.06690653413534164 -0.04665679857134819 -0.004573935642838478 -0.0026207820046693087 -0.0011911147739738226 -0.0018653590232133865 -0.0018743579275906086 -0.0014714781427755952 -0.0009918218711391091 -0.000735043897293508 -0.0008998595294542611 -0.0006738962256349623 -0.0009918218711391091 -0.0009426274336874485 -0.0009517124854028225 -0.0008839037618599832 -0.0007633605855517089 -0.0005858420627191663
-0.0474000982940197 -0.0474000982940197 -0.0474000982940197 -0.0474000982940197 -0.0474000982940197 -0.0474000982940197 -0.0474000982940197 -0.0474000982940197 -0.0474000982940197 -0.0474000982940197 -0.0474000982940197 -0.0474000982940197 -0.0474000982940197 -0.0474000982940197 -0.0474000982940197 -0.0474000982940197 -0.0474000982940197 -0.0474000982940197 -0.0474000982940197 -0.0474000982940197 -0.0474000982940197 -0.0474000982940197 -0.0474000982940197 -0.0474000982940197 -0.0474000982940197 -0.0474000982940197 -0.0474000982940197 -0.0474000982940197 -0.0474000982940197 -0.0474000982940197 -0.04665679857134819 -0.004573935642838478 -0.0026207820046693087 -0.0011911147739738226 -0.0018653590232133865 -0.0018743579275906086 -0.0014714781427755952 -0.0009918218711391091 -0.000735043897293508 -0.0008998595294542611 -0.0006738962256349623 -0.0009918218711391091 -0.0009426274336874485 -0.0009517124854028225 -0.0008839037618599832 -0.0007633605855517089 -0.0005858420627191663
-0.0211725402623415 -0.0211725402623415 -0.0211725402623415 -0.0211725402623415 -0.0211725402623415 -0.0211725402623415 -0.0211725402623415 -0.0211725402623415 -0.0211725402623415 -0.0211725402623415 -0.0211725402623415 -0.0211725402623415 -0.0211725402623415 -0.0211725402623415 -0.0211725402623415 -0.0211725402623415 -0.0211725402623415 -0.0211725402623415 -0.0211725402623415 -0.0211725402623415 -0.0211725402623415 -0.0211725402623415 -0.0211725402623415 -0.0211725402623415 -0.0211725402623415 -0.0211725402623415 -0.0211725402623415 -0.0211725402623415 -0.0211725402623415 -0.0211725402623415 -0.0211725402623415 -0.004573935642838478 -0.0026207820046693087 -0.0011911147739738226 -0.0018653590232133865 -0.0018743579275906086 -0.0014714781427755952 -0.0009918218711391091 -0.000735043897293508 -0.0008998595294542611 -0.0011666553327813745 -0.0009918218711391091 -0.0009426274336874485 -0.0009517124854028225 -0.0008839037618599832 -0.0007633605855517089 -0.0005858420627191663
-0.018220193684101105 -0.018220193684101105 -0.018220193684101105 -0.018220193684101105 -0.018220193684101105 -0.018220193684101105 -0.018220193684101105 -0.018220193684101105 -0.018220193684101105 -0.018220193684101105 -0.018220193684101105 -0.018220193684101105 -0.018220193684101105 -0.018220193684101105 -0.018220193684101105 -0.018220193684101105 -0.018220193684101105 -0.018220193684101105 -0.018220193684101105 -0.018220193684101105 -0.018220193684101105 -0.018220193684101105 -0.018220193684101105 -0.018220193684101105 -0.018220193684101105 -0.018220193684101105 -0.018220193684101105 -0.018220193684101105 -0.018220193684101105 -0.018220193684101105 -0.018220193684101105 -0.004573935642838478 -0.0026207820046693087 -0.0011911147739738226 -0.0018653590232133865 -0.0018743579275906086 -0.0014714781427755952 -0.0009918218711391091 -0.000735043897293508 -0.0008998595294542611 -0.0011666553327813745 -0.0009918218711391091 -0.0009426274336874485 -0.0009517124854028225 -0.0008839037618599832 -0.0007633605855517089 -0.0005858420627191663
-0.015627341344952583 -0.015627341344952583 -0.015627341344952583 -0.015627341344952583 -0.015627341344952583 -0.015627341344952583 -0.015627341344952583 -0.015627341344952583 -0.015627341344952583 -0.015627341344952583 -0.015627341344952583 -0.015627341344952583 -0.015627341344952583 -0.015627341344952583 -0.015627341344952583 -0.015627341344952583 -0.015627341344952583 -0.015627341344952583 -0.015627341344952583 -0.015627341344952583 -0.015627341344952583 -0.015627341344952583 -0.015627341344952583 -0.015627341344952583 -0.015627341344952583 -0.015627341344952583 -0.015627341344952583 -0.015627341344952583 -0.015627341344952583 -0.015627341344952583 -0.015627341344952583 -0.004573935642838478 -0.0026207820046693087 -0.0011911147739738226 -0.0018653590232133865 -0.0018743579275906086 -0.0014714781427755952 -0.0009918218711391091 -0.000735043897293508 -0.0008998595294542611 -0.0006738962256349623 -0.0009918218711391091 -0.0009426274336874485 -0.0009517124854028225 -0.0008839037618599832 -0.0007633605855517089 -0.0005858420627191663
-0.008852184750139713 -0.008852184750139713 -0.008852184750139713 -0.008852184750139713 -0.008852184750139713 -0.008852184750139713 -0.008852184750139713 -0.008852184750139713 -0.008852184750139713 -0.008852184750139713 -0.008852184750139713 -0.008852184750139713 -0.008852184750139713 -0.008852184750139713 -0.008852184750139713 -0.008852184750139713 -0.008852184750139713 -0.008852184750139713 -0.008852184750139713 -0.008852184750139713 -0.008852184750139713 -0.008852184750139713 -0.008852184750139713 -0.008852184750139713 -0.008852184750139713 -0.008852184750139713 -0.008852184750139713 -0.008852184750139713 -0.008852184750139713 -0.008852184750139713 -0.008852184750139713 -0.004573935642838478 -0.0026207820046693087 -0.0025496550370007753 -0.0018653590232133865 -0.0018743579275906086 -0.0014714781427755952 -0.0015304737025871873 -0.000735043897293508 -0.0008998595294542611 -0.0006738962256349623 -0.0011269166134297848 -0.0009426274336874485 -0.0009517124854028225 -0.0008839037618599832 -0.0007633605855517089 -0.0007566274143755436
-0.002026689238846302 -0.002026689238846302 -0.002026689238846302 -0.002026689238846302 -0.002026689238846302 -0.002026689238846302 -0.002026689238846302 -0.002026689238846302 -0.002026689238846302 -0.002026689238846302 -0.002026689238846302 -0.002026689238846302 -0.002026689238846302 -0.002026689238846302 -0.002026689238846302 -0.002026689238846302 -0.002026689238846302 -0.002026689238846302 -0.002026689238846302 -0.002026689238846302 -0.002026689238846302 -0.002026689238846302 -0.002026689238846302 -0.002026689238846302 -0.002026689238846302 -0.002026689238846302 -0.002026689238846302 -0.002026689238846302 -0.002026689238846302 -0.002026689238846302 -0.002026689238846302 -0.002026689238846302 -0.002026689238846302 -0.0011911147739738226 -0.0018653590232133865 -0.0018743579275906086 -0.0014714781427755952 -0.0009918218711391091 -0.000735043897293508 -0.0008998595294542611 -0.0011666553327813745 -0.0009918218711391091 -0.0009426274336874485 -0.0009517124854028225 -0.0008839037618599832 -0.0007633605855517089 -0.0007566274143755436
-0.001939344801940024 -0.001939344801940024 -0.001939344801940024 -0.001939344801940024 -0.001939344801940024 -0.001939344801940024 -0.001939344801940024 -0.001939344801940024 -0.001939344801940024 -0.001939344801940024 -0.001939344801940024 -0.001939344801940024 -0.001939344801940024 -0.001939344801940024 -0.001939344801940024 -0.001939344801940024 -0.001939344801940024 -0.001939344801940024 -0.001939344801940024 -0.001939344801940024 -0.001939344801940024 -0.001939344801940024 -0.001939344801940024 -0.001939344801940024 -0.001939344801940024 -0.001939344801940024 -0.001939344801940024 -0.001939344801940024 -0.001939344801940024 -0.001939344801940024 -0.001939344801940024 -0.001939344801940024 -0.001939344801940024 -0.0011911147739738226 -0.0018653590232133865 -0.0018743579275906086 -0.0014714781427755952 -0.0009918218711391091 -0.000735043897293508 -0.0008998595294542611 -0.0011666553327813745 -0.0009918218711391091 -0.0009426274336874485 -0.0009517124854028225 -0.0008839037618599832 -0.0007633605855517089 -0.0007566274143755436
-0.0018650523852556944 -0.0018650523852556944 -0.0018650523852556944 -0.0018650523852556944 -0.0018650523852556944 -0.0018650523852556944 -0.0018650523852556944 -0.0018650523852556944 -0.0018650523852556944 -0.0018650523852556944 -0.0018650523852556944 -0.0018650523852556944 -0.0018650523852556944 -0.0018650523852556944 -0.0018650523852556944 -0.0018650523852556944 -0.0018650523852556944 -0.0018650523852556944 -0.0018650523852556944 -0.0018650523852556944 -0.0018650523852556944 -0.0018650523852556944 -0.0018650523852556944 -0.0018650523852556944 -0.0018650523852556944 -0.0018650523852556944 -0.0018650523852556944 -0.0018650523852556944 -0.0018650523852556944 -0.0018650523852556944 -0.0018650523852556944 -0.0018650523852556944 -0.0018650523852556944 -0.0011911147739738226 -0.0018650523852556944 -0.0018650523852556944 -0.0014714781427755952 -0.0009918218711391091 -0.000735043897293508 -0.0008998595294542611 -0.0006738962256349623 -0.0009918218711391091 -0.0009426274336874485 -0.0009517124854028225 -0.0008839037618599832 -0.0007633605855517089 -0.0005858420627191663
-0.0018127565272152424 -0.0018127565272152424 -0.0018127565272152424 -0.0018127565272152424 -0.0018127565272152424 -0.0018127565272152424 -0.0018127565272152424 -0.0018127565272152424 -0.0018127565272152424 -0.0018127565272152424 -0.0018127565272152424 -0.0018127565272152424 -0.0018127565272152424 -0.0018127565272152424 -0.0018127565272152424 -0.0018127565272152424 -0.0018127565272152424 -0.0018127565272152424 -0.0018127565272152424 -0.0018127565272152424 -0.0018127565272152424 -0.0018127565272152424 -0.0018127565272152424 -0.0018127565272152424 -0.0018127565272152424 -0.0018127565272152424 -0.0018127565272152424 -0.0018127565272152424 -0.0018127565272152424 -0.0018127565272152424 -0.0018127565272152424 -0.0018127565272152424 -0.0018127565272152424 -0.0011911147739738226 -0.0018127565272152424 -0.0018127565272152424 -0.0016798160504549742 -0.0015304737025871873 -0.000735043897293508 -0.0008998595294542611 -0.0006738962256349623 -0.0010115758050233126 -0.0009426274336874485 -0.0009517124854028225 -0.0008839037618599832 -0.0007633605855517089 -0.0005858420627191663
-0.0014217965072020888 -0.0014217965072020888 -0.0014217965072020888 -0.0014217965072020888 -0.0014217965072020888 -0.0014217965072020888 -0.0014217965072020888 -0.0014217965072020888 -0.0014217965072020888 -0.0014217965072020888 -0.0014217965072020888 -0.0014217965072020888 -0.0014217965072020888 -0.0014217965072020888 -0.0014217965072020888 -0.0014217965072020888 -0.0014217965072020888 -0.0014217965072020888 -0.0014217965072020888 -0.0014217965072020888 -0.0014217965072020888 -0.0014217965072020888 -0.0014217965072020888 -0.0014217965072020888 -0.0014217965072020888 -0.0014217965072020888 -0.0014217965072020888 -0.0014217965072020888 -0.0014217965072020888 -0.0014217965072020888 -0.0014217965072020888 -0.0014217965072020888 -0.0014217965072020888 -0.0014217965072020888 -0.0014217965072020888 -0.0014217965072020888 -0.0014217965072020888 -0.0014217965072020888 -0.000735043897293508 -0.0008998595294542611 -0.0006738962256349623 -0.0011269166134297848 -0.0009426274336874485 -0.0009517124854028225 -0.0008839037618599832 -0.0007633605855517089 -0.0005858420627191663
-0.0007992660393938422 -0.0007992660393938422 -0.0007992660393938422 -0.0007992660393938422 -0.0007992660393938422 -0.0007992660393938422 -0.0007992660393938422 -0.0007992660393938422 -0.0007992660393938422 -0.0007992660393938422 -0.0007992660393938422 -0.0007992660393938422 -0.0007992660393938422 -0.0007992660393938422 -0.0007992660393938422 -0.0007992660393938422 -0.0007992660393938422 -0.0007992660393938422 -0.0007992660393938422 -0.0007992660393938422 -0.0007992660393938422 -0.0007992660393938422 -0.0007992660393938422 -0.0007992660393938422 -0.0007992660393938422 -0.0007992660393938422 -0.0007992660393938422 -0.0007992660393938422 -0.0007992660393938422 -0.0007992660393938422 -0.0007992660393938422 -0.0007992660393938422 -0.0007992660393938422 -0.0007992660393938422 -0.0007992660393938422 -0.0007992660393938422 -0.0007992660393938422 -0.0007992660393938422 -0.000735043897293508 -0.0007992660393938422 -0.0006738962256349623 -0.0007992660393938422 -0.0007992660393938422 -0.0007992660393938422 -0.0007992660393938422 -0.0007992660393938422 -0.0005858420627191663