-0.5672623515129089 -0.5547893047332764 -0.5450852513313293 -0.4335419237613678 -0.3938695192337036 -0.13077637553215027 -0.13077637553215027 -0.13077637553215027 -0.3938695192337036 -0.13077637553215027 -0.13077637553215027 -0.35045677423477173 -0.19065213203430176 -0.19065213203430176 -0.19065213203430176 -0.19065213203430176 -0.13077637553215027 -0.19065213203430176 -0.13077637553215027 -0.19065213203430176 -0.13077637553215027 -0.13077637553215027 -0.19065213203430176 -0.19065213203430176 -0.19065213203430176 -0.18431222438812256 -0.16774003207683563 -0.13077637553215027 -0.18709281086921692 -0.18431222438812256 -0.12920399010181427 -0.17301736772060394 -0.12920399010181427 -0.17542514204978943 -0.15052007138729095 -0.08348725736141205 -0.08348725736141205 -0.062675841152668 -0.035062845796346664 -0.0029575892258435488 -0.0023774292785674334 -0.001963019371032715 -0.0012783055426552892 -0.000990282162092626 -0.000990282162092626 -0.0010826551588252187 -0.000794630846939981 -0.000990282162092626 -0.0006941705360077322 -0.0007446265080943704 -0.0007446265080943704 -0.000712122127879411
-0.4277589023113251 -0.4277589023113251 -0.4277589023113251 -0.4277589023113251 -0.4234939217567444 -0.13077637553215027 -0.13077637553215027 -0.13077637553215027 -0.3955306112766266 -0.13077637553215027 -0.13077637553215027 -0.35045677423477173 -0.19065213203430176 -0.19065213203430176 -0.19065213203430176 -0.19065213203430176 -0.13077637553215027 -0.19065213203430176 -0.13077637553215027 -0.19065213203430176 -0.13077637553215027 -0.13077637553215027 -0.19065213203430176 -0.19065213203430176 -0.19065213203430176 -0.18431222438812256 -0.16774003207683563 -0.13077637553215027 -0.18709281086921692 -0.18431222438812256 -0.12920399010181427 -0.17301736772060394 -0.12920399010181427 -0.17542514204978943 -0.15052007138729095 -0.08348725736141205 -0.08348725736141205 -0.062675841152668 -0.035062845796346664 -0.0029575892258435488 -0.0023774292785674334 -0.001963019371032715 -0.0012783055426552892 -0.000990282162092626 -0.000990282162092626 -0.0010826551588252187 -0.000794630846939981 -0.000990282162092626 -0.0006941705360077322 -0.0007446265080943704 -0.0007446265080943704 -0.000712122127879411
-0.4277589023113251 -0.5547893047332764 -0.5444208383560181 -0.4390336871147156 -0.3938695192337036 -0.13077637553215027 -0.13077637553215027 -0.13077637553215027 -0.3938695192337036 -0.13077637553215027 -0.13077637553215027 -0.36418938636779785 -0.19065213203430176 -0.19065213203430176 -0.19065213203430176 -0.19065213203430176 -0.13077637553215027 -0.19065213203430176 -0.13077637553215027 -0.19065213203430176 -0.13077637553215027 -0.13077637553215027 -0.19065213203430176 -0.19065213203430176 -0.19065213203430176 -0.18431222438812256 -0.16774003207683563 -0.13077637553215027 -0.18709281086921692 -0.18431222438812256 -0.12920399010181427 -0.17301736772060394 -0.12920399010181427 -0.17542514204978943 -0.15052007138729095 -0.08348725736141205 -0.08348725736141205 -0.062675841152668 -0.035062845796346664 -0.0029575892258435488 -0.0023774292785674334 -0.001963019371032715 -0.0012783055426552892 -0.000990282162092626 -0.000990282162092626 -0.0010826551588252187 -0.000794630846939981 -0.000990282162092626 -0.0006941705360077322 -0.0007446265080943704 -0.0007446265080943704 -0.000712122127879411
-0.4277589023113251 -0.4277589023113251 -0.4277589023113251 -0.4277589023113251 -0.4234939217567444 -0.13077637553215027 -0.13077637553215027 -0.13077637553215027 -0.3959192931652069 -0.13077637553215027 -0.13077637553215027 -0.35045677423477173 -0.19065213203430176 -0.19065213203430176 -0.19065213203430176 -0.19065213203430176 -0.13077637553215027 -0.19065213203430176 -0.13077637553215027 -0.19065213203430176 -0.13077637553215027 -0.13077637553215027 -0.19065213203430176 -0.19065213203430176 -0.19065213203430176 -0.18431222438812256 -0.16774003207683563 -0.13077637553215027 -0.18709281086921692 -0.18431222438812256 -0.12920399010181427 -0.17301736772060394 -0.12920399010181427 -0.17542514204978943 -0.15052007138729095 -0.08348725736141205 -0.08348725736141205 -0.062675841152668 -0.035062845796346664 -0.0029575892258435488 -0.0023774292785674334 -0.001963019371032715 -0.0012783055426552892 -0.000990282162092626 -0.000990282162092626 -0.0010826551588252187 -0.000794630846939981 -0.000990282162092626 -0.0006941705360077322 -0.0007446265080943704 -0.0007446265080943704 -0.000712122127879411
-0.4277589023113251 -0.4277589023113251 -0.4277589023113251 -0.4277589023113251 -0.4234939217567444 -0.13077637553215027 -0.13077637553215027 -0.13077637553215027 -0.3959192931652069 -0.13077637553215027 -0.13077637553215027 -0.35045677423477173 -0.19065213203430176 -0.19065213203430176 -0.19065213203430176 -0.19065213203430176 -0.13077637553215027 -0.19065213203430176 -0.13077637553215027 -0.19065213203430176 -0.13077637553215027 -0.13077637553215027 -0.19065213203430176 -0.19065213203430176 -0.19065213203430176 -0.18431222438812256 -0.16774003207683563 -0.13077637553215027 -0.18709281086921692 -0.18431222438812256 -0.12920399010181427 -0.17301736772060394 -0.12920399010181427 -0.17542514204978943 -0.15052007138729095 -0.08348725736141205 -0.08348725736141205 -0.062675841152668 -0.035062845796346664 -0.0029575892258435488 -0.0023774292785674334 -0.001963019371032715 -0.0012783055426552892 -0.000990282162092626 -0.000990282162092626 -0.0010826551588252187 -0.000794630846939981 -0.000990282162092626 -0.0006941705360077322 -0.0007446265080943704 -0.0007446265080943704 -0.000712122127879411
-0.4277589023113251 -0.5421857833862305 -0.5421857833862305 -0.4390336871147156 -0.3938695192337036 -0.13077637553215027 -0.13077637553215027 -0.13077637553215027 -0.3938695192337036 -0.13077637553215027 -0.13077637553215027 -0.36418938636779785 -0.19065213203430176 -0.19065213203430176 -0.19065213203430176 -0.19065213203430176 -0.13077637553215027 -0.19065213203430176 -0.13077637553215027 -0.19065213203430176 -0.13077637553215027 -0.13077637553215027 -0.19065213203430176 -0.19065213203430176 -0.19065213203430176 -0.18431222438812256 -0.16774003207683563 -0.13077637553215027 -0.18709281086921692 -0.18431222438812256 -0.12920399010181427 -0.17301736772060394 -0.12920399010181427 -0.17542514204978943 -0.15052007138729095 -0.08348725736141205 -0.08348725736141205 -0.062675841152668 -0.035062845796346664 -0.0029575892258435488 -0.003002873854711652 -0.001963019371032715 -0.0012783055426552892 -0.000990282162092626 -0.000990282162092626 -0.0010826551588252187 -0.000794630846939981 -0.000990282162092626 -0.0006941705360077322 -0.0007446265080943704 -0.0007446265080943704 -0.000712122127879411
-0.19065213203430176 -0.19065213203430176 -0.19065213203430176 -0.19065213203430176 -0.19065213203430176 -0.13077637553215027 -0.13077637553215027 -0.13077637553215027 -0.19065213203430176 -0.13077637553215027 -0.13077637553215027 -0.19065213203430176 -0.20553210377693176 -0.20553210377693176 -0.20553210377693176 -0.20553210377693176 -0.13077637553215027 -0.28342708945274353 -0.13077637553215027 -0.29310670495033264 -0.13077637553215027 -0.13077637553215027 -0.20553210377693176 -0.23878709971904755 -0.20553210377693176 -0.18431222438812256 -0.16774003207683563 -0.13077637553215027 -0.18709281086921692 -0.18431222438812256 -0.12920399010181427 -0.17301736772060394 -0.12920399010181427 -0.17542514204978943 -0.15052007138729095 -0.08348725736141205 -0.08348725736141205 -0.062675841152668 -0.035062845796346664 -0.0029575892258435488 -0.0023774292785674334 -0.001963019371032715 -0.0012783055426552892 -0.000990282162092626 -0.000990282162092626 -0.0010826551588252187 -0.000794630846939981 -0.000990282162092626 -0.0006941705360077322 -0.0007446265080943704 -0.0007446265080943704 -0.000712122127879411
-0.19065213203430176 -0.19065213203430176 -0.19065213203430176 -0.19065213203430176 -0.19065213203430176 -0.13077637553215027 -0.13077637553215027 -0.13077637553215027 -0.19065213203430176 -0.13077637553215027 -0.13077637553215027 -0.19065213203430176 -0.20553210377693176 -0.20553210377693176 -0.20553210377693176 -0.20553210377693176 -0.13077637553215027 -0.3010440468788147 -0.13077637553215027 -0.28342708945274353 -0.13077637553215027 -0.13077637553215027 -0.20553210377693176 -0.23878709971904755 -0.20553210377693176 -0.18431222438812256 -0.16774003207683563 -0.13077637553215027 -0.18709281086921692 -0.18431222438812256 -0.12920399010181427 -0.17301736772060394 -0.12920399010181427 -0.17542514204978943 -0.15052007138729095 -0.08348725736141205 -0.08348725736141205 -0.062675841152668 -0.035062845796346664 -0.0029575892258435488 -0.0023774292785674334 -0.001963019371032715 -0.0012783055426552892 -0.000990282162092626 -0.000990282162092626 -0.0010826551588252187 -0.000794630846939981 -0.000990282162092626 -0.0006941705360077322 -0.0007446265080943704 -0.0007446265080943704 -0.000712122127879411
-0.19065213203430176 -0.19065213203430176 -0.19065213203430176 -0.19065213203430176 -0.19065213203430176 -0.13077637553215027 -0.13077637553215027 -0.13077637553215027 -0.19065213203430176 -0.13077637553215027 -0.13077637553215027 -0.19065213203430176 -0.20553210377693176 -0.20553210377693176 -0.20553210377693176 -0.20553210377693176 -0.13077637553215027 -0.28342708945274353 -0.13077637553215027 -0.28342708945274353 -0.13077637553215027 -0.13077637553215027 -0.20553210377693176 -0.24165035784244537 -0.20553210377693176 -0.18431222438812256 -0.16774003207683563 -0.13077637553215027 -0.18709281086921692 -0.18431222438812256 -0.12920399010181427 -0.17301736772060394 -0.12920399010181427 -0.17542514204978943 -0.15052007138729095 -0.08348725736141205 -0.08348725736141205 -0.062675841152668 -0.035062845796346664 -0.0029575892258435488 -0.0023774292785674334 -0.001963019371032715 -0.0012783055426552892 -0.000990282162092626 -0.000990282162092626 -0.0010826551588252187 -0.000794630846939981 -0.000990282162092626 -0.0006941705360077322 -0.0007446265080943704 -0.0007446265080943704 -0.000712122127879411
-0.38370880484580994 -0.38370880484580994 -0.38370880484580994 -0.38370880484580994 -0.38370880484580994 -0.13077637553215027 -0.13077637553215027 -0.13077637553215027 -0.38370880484580994 -0.13077637553215027 -0.13077637553215027 -0.36418938636779785 -0.19065213203430176 -0.19065213203430176 -0.19065213203430176 -0.19065213203430176 -0.13077637553215027 -0.19065213203430176 -0.13077637553215027 -0.19065213203430176 -0.13077637553215027 -0.13077637553215027 -0.19065213203430176 -0.19065213203430176 -0.19065213203430176 -0.18431222438812256 -0.16774003207683563 -0.13077637553215027 -0.18709281086921692 -0.18431222438812256 -0.12920399010181427 -0.17301736772060394 -0.12920399010181427 -0.17542514204978943 -0.15052007138729095 -0.08348725736141205 -0.08348725736141205 -0.062675841152668 -0.035062845796346664 -0.0029575892258435488 -0.003002873854711652 -0.001963019371032715 -0.0012783055426552892 -0.000990282162092626 -0.000990282162092626 -0.0010826551588252187 -0.000794630846939981 -0.000990282162092626 -0.0006941705360077322 -0.0007446265080943704 -0.0007446265080943704 -0.000712122127879411
-0.13077637553215027 -0.13077637553215027 -0.13077637553215027 -0.13077637553215027 -0.13077637553215027 -0.19213305413722992 -0.19213305413722992 -0.19213305413722992 -0.13077637553215027 -0.19213305413722992 -0.19213305413722992 -0.13077637553215027 -0.13077637553215027 -0.13077637553215027 -0.13077637553215027 -0.13077637553215027 -0.19213305413722992 -0.13077637553215027 -0.29613935947418213 -0.13077637553215027 -0.27256616950035095 -0.19213305413722992 -0.13077637553215027 -0.13077637553215027 -0.13077637553215027 -0.13077637553215027 -0.13077637553215027 -0.17186638712882996 -0.13077637553215027 -0.13077637553215027 -0.12920399010181427 -0.13077637553215027 -0.12920399010181427 -0.13077637553215027 -0.13077637553215027 -0.08348725736141205 -0.08348725736141205 -0.062675841152668 -0.035062845796346664 -0.0029575892258435488 -0.0023774292785674334 -0.0020055174827575684 -0.0012783055426552892 -0.000990282162092626 -0.000990282162092626 -0.0010826551588252187 -0.000794630846939981 -0.000990282162092626 -0.0006941705360077322 -0.0007446265080943704 -0.0007446265080943704 -0.000712122127879411
-0.13077637553215027 -0.13077637553215027 -0.13077637553215027 -0.13077637553215027 -0.13077637553215027 -0.19213305413722992 -0.19213305413722992 -0.19213305413722992 -0.13077637553215027 -0.19213305413722992 -0.19213305413722992 -0.13077637553215027 -0.13077637553215027 -0.13077637553215027 -0.13077637553215027 -0.13077637553215027 -0.19213305413722992 -0.13077637553215027 -0.29613935947418213 -0.13077637553215027 -0.27256616950035095 -0.19213305413722992 -0.13077637553215027 -0.13077637553215027 -0.13077637553215027 -0.13077637553215027 -0.13077637553215027 -0.17186638712882996 -0.13077637553215027 -0.13077637553215027 -0.12920399010181427 -0.13077637553215027 -0.12920399010181427 -0.13077637553215027 -0.13077637553215027 -0.08348725736141205 -0.08348725736141205 -0.062675841152668 -0.035062845796346664 -0.0029575892258435488 -0.0023774292785674334 -0.0020055174827575684 -0.0012783055426552892 -0.000990282162092626 -0.000990282162092626 -0.0010826551588252187 -0.000794630846939981 -0.000990282162092626 -0.0006941705360077322 -0.0007446265080943704 -0.0007446265080943704 -0.000712122127879411
-0.13077637553215027 -0.13077637553215027 -0.13077637553215027 -0.13077637553215027 -0.13077637553215027 -0.19213305413722992 -0.19213305413722992 -0.19213305413722992 -0.13077637553215027 -0.19213305413722992 -0.19213305413722992 -0.13077637553215027 -0.13077637553215027 -0.13077637553215027 -0.13077637553215027 -0.13077637553215027 -0.19213305413722992 -0.13077637553215027 -0.23856127262115479 -0.13077637553215027 -0.27256616950035095 -0.19213305413722992 -0.13077637553215027 -0.13077637553215027 -0.13077637553215027 -0.13077637553215027 -0.13077637553215027 -0.17186638712882996 -0.13077637553215027 -0.13077637553215027 -0.12920399010181427 -0.13077637553215027 -0.12920399010181427 -0.13077637553215027 -0.13077637553215027 -0.08348725736141205 -0.08348725736141205 -0.062675841152668 -0.035062845796346664 -0.0029575892258435488 -0.0023774292785674334 -0.001963019371032715 -0.0012783055426552892 -0.000990282162092626 -0.000990282162092626 -0.0010826551588252187 -0.000794630846939981 -0.000990282162092626 -0.0006941705360077322 -0.0007446265080943704 -0.0007446265080943704 -0.000712122127879411
-0.13077637553215027 -0.13077637553215027 -0.13077637553215027 -0.13077637553215027 -0.13077637553215027 -0.3287648558616638 -0.3287648558616638 -0.3287648558616638 -0.13077637553215027 -0.3287648558616638 -0.3287648558616638 -0.13077637553215027 -0.13077637553215027 -0.13077637553215027 -0.13077637553215027 -0.13077637553215027 -0.29517120122909546 -0.13077637553215027 -0.19213305413722992 -0.13077637553215027 -0.19213305413722992 -0.24219420552253723 -0.13077637553215027 -0.13077637553215027 -0.13077637553215027 -0.13077637553215027 -0.13077637553215027 -0.17186638712882996 -0.13077637553215027 -0.13077637553215027 -0.12920399010181427 -0.13077637553215027 -0.12920399010181427 -0.13077637553215027 -0.13077637553215027 -0.08348725736141205 -0.08348725736141205 -0.062675841152668 -0.035062845796346664 -0.0029575892258435488 -0.0023774292785674334 -0.001963019371032715 -0.0012783055426552892 -0.000990282162092626 -0.000990282162092626 -0.0010826551588252187 -0.000794630846939981 -0.000990282162092626 -0.0006941705360077322 -0.0007446265080943704 -0.0007446265080943704 -0.000712122127879411
-0.13077637553215027 -0.13077637553215027 -0.13077637553215027 -0.13077637553215027 -0.13077637553215027 -0.32851094007492065 -0.32851094007492065 -0.32851094007492065 -0.13077637553215027 -0.32851094007492065 -0.32851094007492065 -0.13077637553215027 -0.13077637553215027 -0.13077637553215027 -0.13077637553215027 -0.13077637553215027 -0.29517120122909546 -0.13077637553215027 -0.19213305413722992 -0.13077637553215027 -0.19213305413722992 -0.24219420552253723 -0.13077637553215027 -0.13077637553215027 -0.13077637553215027 -0.13077637553215027 -0.13077637553215027 -0.17186638712882996 -0.13077637553215027 -0.13077637553215027 -0.12920399010181427 -0.13077637553215027 -0.12920399010181427 -0.13077637553215027 -0.13077637553215027 -0.08348725736141205 -0.08348725736141205 -0.062675841152668 -0.035062845796346664 -0.0029575892258435488 -0.0023774292785674334 -0.001963019371032715 -0.0012783055426552892 -0.000990282162092626 -0.000990282162092626 -0.0010826551588252187 -0.000794630846939981 -0.000990282162092626 -0.0006941705360077322 -0.0007446265080943704 -0.0007446265080943704 -0.000712122127879411
-0.19065213203430176 -0.19065213203430176 -0.19065213203430176 -0.19065213203430176 -0.19065213203430176 -0.13077637553215027 -0.13077637553215027 -0.13077637553215027 -0.19065213203430176 -0.13077637553215027 -0.13077637553215027 -0.19065213203430176 -0.32692110538482666 -0.32692110538482666 -0.32692110538482666 -0.326842725276947 -0.13077637553215027 -0.20553210377693176 -0.13077637553215027 -0.20553210377693176 -0.13077637553215027 -0.13077637553215027 -0.2445184886455536 -0.20553210377693176 -0.23616959154605865 -0.18431222438812256 -0.16774003207683563 -0.13077637553215027 -0.18709281086921692 -0.18431222438812256 -0.12920399010181427 -0.17301736772060394 -0.12920399010181427 -0.17542514204978943 -0.15052007138729095 -0.08348725736141205 -0.08348725736141205 -0.062675841152668 -0.035062845796346664 -0.0029575892258435488 -0.0023774292785674334 -0.001963019371032715 -0.0012783055426552892 -0.000990282162092626 -0.000990282162092626 -0.0010826551588252187 -0.000794630846939981 -0.000990282162092626 -0.0006941705360077322 -0.0007446265080943704 -0.0007446265080943704 -0.000712122127879411
-0.13077637553215027 -0.13077637553215027 -0.13077637553215027 -0.13077637553215027 -0.13077637553215027 -0.3268089294433594 -0.3268089294433594 -0.3268089294433594 -0.13077637553215027 -0.3268089294433594 -0.3268089294433594 -0.13077637553215027 -0.13077637553215027 -0.13077637553215027 -0.13077637553215027 -0.13077637553215027 -0.29517120122909546 -0.13077637553215027 -0.19213305413722992 -0.13077637553215027 -0.19213305413722992 -0.24219420552253723 -0.13077637553215027 -0.13077637553215027 -0.13077637553215027 -0.13077637553215027 -0.13077637553215027 -0.17186638712882996 -0.13077637553215027 -0.13077637553215027 -0.12920399010181427 -0.13077637553215027 -0.12920399010181427 -0.13077637553215027 -0.13077637553215027 -0.08348725736141205 -0.08348725736141205 -0.062675841152668 -0.035062845796346664 -0.0029575892258435488 -0.0023774292785674334 -0.001963019371032715 -0.0012783055426552892 -0.000990282162092626 -0.000990282162092626 -0.0010826551588252187 -0.000794630846939981 -0.000990282162092626 -0.0006941705360077322 -0.0007446265080943704 -0.0007446265080943704 -0.000712122127879411
-0.13077637553215027 -0.13077637553215027 -0.13077637553215027 -0.13077637553215027 -0.13077637553215027 -0.3267683982849121 -0.3267683982849121 -0.3267683982849121 -0.13077637553215027 -0.3267683982849121 -0.3267683982849121 -0.13077637553215027 -0.13077637553215027 -0.13077637553215027 -0.13077637553215027 -0.13077637553215027 -0.29517120122909546 -0.13077637553215027 -0.29613935947418213 -0.13077637553215027 -0.23856127262115479 -0.24219420552253723 -0.13077637553215027 -0.13077637553215027 -0.13077637553215027 -0.13077637553215027 -0.13077637553215027 -0.17186638712882996 -0.13077637553215027 -0.13077637553215027 -0.12920399010181427 -0.13077637553215027 -0.12920399010181427 -0.13077637553215027 -0.13077637553215027 -0.08348725736141205 -0.08348725736141205 -0.062675841152668 -0.035062845796346664 -0.0029575892258435488 -0.0023774292785674334 -0.001963019371032715 -0.0012783055426552892 -0.000990282162092626 -0.000990282162092626 -0.0010826551588252187 -0.000794630846939981 -0.000990282162092626 -0.0006941705360077322 -0.0007446265080943704 -0.0007446265080943704 -0.000712122127879411
-0.13077637553215027 -0.13077637553215027 -0.13077637553215027 -0.13077637553215027 -0.13077637553215027 -0.3244975209236145 -0.3244975209236145 -0.3244975209236145 -0.13077637553215027 -0.3244975209236145 -0.3244975209236145 -0.13077637553215027 -0.13077637553215027 -0.13077637553215027 -0.13077637553215027 -0.13077637553215027 -0.29517120122909546 -0.13077637553215027 -0.19213305413722992 -0.13077637553215027 -0.19213305413722992 -0.24219420552253723 -0.13077637553215027 -0.13077637553215027 -0.13077637553215027 -0.13077637553215027 -0.13077637553215027 -0.17186638712882996 -0.13077637553215027 -0.13077637553215027 -0.12920399010181427 -0.13077637553215027 -0.12920399010181427 -0.13077637553215027 -0.13077637553215027 -0.08348725736141205 -0.08348725736141205 -0.062675841152668 -0.035062845796346664 -0.0029575892258435488 -0.0023774292785674334 -0.001963019371032715 -0.0012783055426552892 -0.000990282162092626 -0.000990282162092626 -0.0010826551588252187 -0.000794630846939981 -0.000990282162092626 -0.0006941705360077322 -0.0007446265080943704 -0.0007446265080943704 -0.000712122127879411
-0.13077637553215027 -0.13077637553215027 -0.13077637553215027 -0.13077637553215027 -0.13077637553215027 -0.32172510027885437 -0.32172510027885437 -0.32172510027885437 -0.13077637553215027 -0.32172510027885437 -0.32172510027885437 -0.13077637553215027 -0.13077637553215027 -0.13077637553215027 -0.13077637553215027 -0.13077637553215027 -0.29517120122909546 -0.13077637553215027 -0.19213305413722992 -0.13077637553215027 -0.19213305413722992 -0.24219420552253723 -0.13077637553215027 -0.13077637553215027 -0.13077637553215027 -0.13077637553215027 -0.13077637553215027 -0.17186638712882996 -0.13077637553215027 -0.13077637553215027 -0.12920399010181427 -0.13077637553215027 -0.12920399010181427 -0.13077637553215027 -0.13077637553215027 -0.08348725736141205 -0.08348725736141205 -0.062675841152668 -0.035062845796346664 -0.0029575892258435488 -0.0023774292785674334 -0.001963019371032715 -0.0012783055426552892 -0.000990282162092626 -0.000990282162092626 -0.0010826551588252187 -0.000794630846939981 -0.000990282162092626 -0.0006941705360077322 -0.0007446265080943704 -0.0007446265080943704 -0.000712122127879411
-0.2671950161457062 -0.2671950161457062 -0.2671950161457062 -0.2671950161457062 -0.2671950161457062 -0.13077637553215027 -0.13077637553215027 -0.13077637553215027 -0.2671950161457062 -0.13077637553215027 -0.13077637553215027 -0.2671950161457062 -0.19065213203430176 -0.19065213203430176 -0.19065213203430176 -0.19065213203430176 -0.13077637553215027 -0.19065213203430176 -0.13077637553215027 -0.19065213203430176 -0.13077637553215027 -0.13077637553215027 -0.19065213203430176 -0.19065213203430176 -0.19065213203430176 -0.18431222438812256 -0.16774003207683563 -0.13077637553215027 -0.18709281086921692 -0.18431222438812256 -0.12920399010181427 -0.17301736772060394 -0.12920399010181427 -0.17542514204978943 -0.15052007138729095 -0.08348725736141205 -0.08348725736141205 -0.062675841152668 -0.035062845796346664 -0.0029575892258435488 -0.0023774292785674334 -0.001963019371032715 -0.0012783055426552892 -0.000990282162092626 -0.000990282162092626 -0.0010826551588252187 -0.000794630846939981 -0.000990282162092626 -0.0006941705360077322 -0.0007446265080943704 -0.0007446265080943704 -0.000712122127879411
-0.19065213203430176 -0.19065213203430176 -0.19065213203430176 -0.19065213203430176 -0.19065213203430176 -0.13077637553215027 -0.13077637553215027 -0.13077637553215027 -0.19065213203430176 -0.13077637553215027 -0.13077637553215027 -0.19065213203430176 -0.20553210377693176 -0.20553210377693176 -0.20553210377693176 -0.20553210377693176 -0.13077637553215027 -0.22496671974658966 -0.13077637553215027 -0.22496671974658966 -0.13077637553215027 -0.13077637553215027 -0.20553210377693176 -0.22496671974658966 -0.20553210377693176 -0.18431222438812256 -0.16774003207683563 -0.13077637553215027 -0.18709281086921692 -0.18431222438812256 -0.12920399010181427 -0.17301736772060394 -0.12920399010181427 -0.17542514204978943 -0.15052007138729095 -0.08348725736141205 -0.08348725736141205 -0.062675841152668 -0.035062845796346664 -0.0029575892258435488 -0.0023774292785674334 -0.001963019371032715 -0.0012783055426552892 -0.000990282162092626 -0.000990282162092626 -0.0010826551588252187 -0.000794630846939981 -0.000990282162092626 -0.0006941705360077322 -0.0007446265080943704 -0.0007446265080943704 -0.000712122127879411
-0.21687984466552734 -0.21687984466552734 -0.21687984466552734 -0.21687984466552734 -0.21687984466552734 -0.13077637553215027 -0.13077637553215027 -0.13077637553215027 -0.21687984466552734 -0.13077637553215027 -0.13077637553215027 -0.21687984466552734 -0.19065213203430176 -0.19065213203430176 -0.19065213203430176 -0.19065213203430176 -0.13077637553215027 -0.19065213203430176 -0.13077637553215027 -0.19065213203430176 -0.13077637553215027 -0.13077637553215027 -0.19065213203430176 -0.19065213203430176 -0.19065213203430176 -0.18431222438812256 -0.16774003207683563 -0.13077637553215027 -0.18709281086921692 -0.18431222438812256 -0.12920399010181427 -0.17301736772060394 -0.12920399010181427 -0.17542514204978943 -0.15052007138729095 -0.08348725736141205 -0.08348725736141205 -0.062675841152668 -0.035062845796346664 -0.0029575892258435488 -0.0023774292785674334 -0.001963019371032715 -0.0012783055426552892 -0.000990282162092626 -0.000990282162092626 -0.0010826551588252187 -0.000794630846939981 -0.000990282162092626 -0.0006941705360077322 -0.0007446265080943704 -0.0007446265080943704 -0.000712122127879411
-0.16774003207683563 -0.16774003207683563 -0.16774003207683563 -0.16774003207683563 -0.16774003207683563 -0.13077637553215027 -0.13077637553215027 -0.13077637553215027 -0.16774003207683563 -0.13077637553215027 -0.13077637553215027 -0.16774003207683563 -0.16774003207683563 -0.16774003207683563 -0.16774003207683563 -0.16774003207683563 -0.13077637553215027 -0.16774003207683563 -0.13077637553215027 -0.16774003207683563 -0.13077637553215027 -0.13077637553215027 -0.16774003207683563 -0.16774003207683563 -0.16774003207683563 -0.16774003207683563 -0.16774003207683563 -0.13077637553215027 -0.16774003207683563 -0.16774003207683563 -0.12920399010181427 -0.16774003207683563 -0.12920399010181427 -0.16774003207683563 -0.15052007138729095 -0.09443574398756027 -0.09327024966478348 -0.062675841152668 -0.035062845796346664 -0.0029575892258435488 -0.0023774292785674334 -0.001963019371032715 -0.0012783055426552892 -0.000990282162092626 -0.000990282162092626 -0.0010826551588252187 -0.000794630846939981 -0.000990282162092626 -0.0006941705360077322 -0.0007446265080943704 -0.0007446265080943704 -0.000712122127879411
-0.17275021970272064 -0.17275021970272064 -0.17275021970272064 -0.17275021970272064 -0.17275021970272064 -0.13077637553215027 -0.13077637553215027 -0.13077637553215027 -0.17275021970272064 -0.13077637553215027 -0.13077637553215027 -0.17275021970272064 -0.17275021970272064 -0.17275021970272064 -0.17275021970272064 -0.17275021970272064 -0.13077637553215027 -0.17275021970272064 -0.13077637553215027 -0.17275021970272064 -0.13077637553215027 -0.13077637553215027 -0.17275021970272064 -0.17275021970272064 -0.17275021970272064 -0.17275021970272064 -0.16774003207683563 -0.13077637553215027 -0.17275021970272064 -0.17275021970272064 -0.12920399010181427 -0.17275021970272064 -0.12920399010181427 -0.17275021970272064 -0.15052007138729095 -0.08348725736141205 -0.08348725736141205 -0.062675841152668 -0.035062845796346664 -0.0029575892258435488 -0.0023774292785674334 -0.001963019371032715 -0.0012783055426552892 -0.000990282162092626 -0.000990282162092626 -0.0010826551588252187 -0.000794630846939981 -0.000990282162092626 -0.0006941705360077322 -0.0007446265080943704 -0.0007446265080943704 -0.000712122127879411
-0.17266657948493958 -0.17266657948493958 -0.17266657948493958 -0.17266657948493958 -0.17266657948493958 -0.13077637553215027 -0.13077637553215027 -0.13077637553215027 -0.17266657948493958 -0.13077637553215027 -0.13077637553215027 -0.17266657948493958 -0.17266657948493958 -0.17266657948493958 -0.17266657948493958 -0.17266657948493958 -0.13077637553215027 -0.17266657948493958 -0.13077637553215027 -0.17266657948493958 -0.13077637553215027 -0.13077637553215027 -0.17266657948493958 -0.17266657948493958 -0.17266657948493958 -0.17266657948493958 -0.16774003207683563 -0.13077637553215027 -0.17266657948493958 -0.17266657948493958 -0.12920399010181427 -0.17266657948493958 -0.12920399010181427 -0.17266657948493958 -0.15052007138729095 -0.08348725736141205 -0.08348725736141205 -0.062675841152668 -0.035062845796346664 -0.0029575892258435488 -0.0023774292785674334 -0.001963019371032715 -0.0012783055426552892 -0.000990282162092626 -0.000990282162092626 -0.0010826551588252187 -0.000794630846939981 -0.000990282162092626 -0.0006941705360077322 -0.0007446265080943704 -0.0007446265080943704 -0.000712122127879411
-0.16190744936466217 -0.16190744936466217 -0.16190744936466217 -0.16190744936466217 -0.16190744936466217 -0.13077637553215027 -0.13077637553215027 -0.13077637553215027 -0.16190744936466217 -0.13077637553215027 -0.13077637553215027 -0.16190744936466217 -0.16190744936466217 -0.16190744936466217 -0.16190744936466217 -0.16190744936466217 -0.13077637553215027 -0.16190744936466217 -0.13077637553215027 -0.16190744936466217 -0.13077637553215027 -0.13077637553215027 -0.16190744936466217 -0.16190744936466217 -0.16190744936466217 -0.16190744936466217 -0.16190744936466217 -0.13077637553215027 -0.16190744936466217 -0.16190744936466217 -0.12920399010181427 -0.16190744936466217 -0.12920399010181427 -0.16190744936466217 -0.15052007138729095 -0.08348725736141205 -0.08348725736141205 -0.062675841152668 -0.035062845796346664 -0.0029575892258435488 -0.0023774292785674334 -0.001963019371032715 -0.0012783055426552892 -0.000990282162092626 -0.000990282162092626 -0.0010826551588252187 -0.000794630846939981 -0.000990282162092626 -0.0006941705360077322 -0.0007446265080943704 -0.0007446265080943704 -0.000712122127879411
-0.13077637553215027 -0.13077637553215027 -0.13077637553215027 -0.13077637553215027 -0.13077637553215027 -0.1325797140598297 -0.1325797140598297 -0.1325797140598297 -0.13077637553215027 -0.1325797140598297 -0.1325797140598297 -0.13077637553215027 -0.13077637553215027 -0.13077637553215027 -0.13077637553215027 -0.13077637553215027 -0.1325797140598297 -0.13077637553215027 -0.1325797140598297 -0.13077637553215027 -0.1325797140598297 -0.1325797140598297 -0.13077637553215027 -0.13077637553215027 -0.13077637553215027 -0.13077637553215027 -0.13077637553215027 -0.1325797140598297 -0.13077637553215027 -0.13077637553215027 -0.12920399010181427 -0.13077637553215027 -0.12920399010181427 -0.13077637553215027 -0.13077637553215027 -0.08348725736141205 -0.08348725736141205 -0.062675841152668 -0.035062845796346664 -0.0029575892258435488 -0.0023774292785674334 -0.001963019371032715 -0.0012783055426552892 -0.001263063633814454 -0.001152997137978673 -0.0010826551588252187 -0.000794630846939981 -0.0011011005844920874 -0.0006941705360077322 -0.0007446265080943704 -0.0007446265080943704 -0.000712122127879411
-0.09682001918554306 -0.09682001918554306 -0.09682001918554306 -0.09682001918554306 -0.09682001918554306 -0.09682001918554306 -0.09682001918554306 -0.09682001918554306 -0.09682001918554306 -0.09682001918554306 -0.09682001918554306 -0.09682001918554306 -0.09682001918554306 -0.09682001918554306 -0.09682001918554306 -0.09682001918554306 -0.09682001918554306 -0.09682001918554306 -0.09682001918554306 -0.09682001918554306 -0.09682001918554306 -0.09682001918554306 -0.09682001918554306 -0.09682001918554306 -0.09682001918554306 -0.09682001918554306 -0.09682001918554306 -0.09682001918554306 -0.09682001918554306 -0.09682001918554306 -0.09682001918554306 -0.09682001918554306 -0.09682001918554306 -0.09682001918554306 -0.09682001918554306 -0.08348725736141205 -0.08348725736141205 -0.062675841152668 -0.035062845796346664 -0.0029575892258435488 -0.0023774292785674334 -0.001963019371032715 -0.0012783055426552892 -0.000990282162092626 -0.000990282162092626 -0.0010826551588252187 -0.000794630846939981 -0.000990282162092626 -0.0006941705360077322 -0.0007446265080943704 -0.0007446265080943704 -0.000712122127879411
-0.09114637970924377 -0.09114637970924377 -0.09114637970924377 -0.09114637970924377 -0.09114637970924377 -0.09114637970924377 -0.09114637970924377 -0.09114637970924377 -0.09114637970924377 -0.09114637970924377 -0.09114637970924377 -0.09114637970924377 -0.09114637970924377 -0.09114637970924377 -0.09114637970924377 -0.09114637970924377 -0.09114637970924377 -0.09114637970924377 -0.09114637970924377 -0.09114637970924377 -0.09114637970924377 -0.09114637970924377 -0.09114637970924377 -0.09114637970924377 -0.09114637970924377 -0.09114637970924377 -0.09114637970924377 -0.09114637970924377 -0.09114637970924377 -0.09114637970924377 -0.09114637970924377 -0.09114637970924377 -0.09114637970924377 -0.09114637970924377 -0.09114637970924377 -0.08348725736141205 -0.08348725736141205 -0.062675841152668 -0.035062845796346664 -0.0029575892258435488 -0.0023774292785674334 -0.001963019371032715 -0.0012783055426552892 -0.000990282162092626 -0.000990282162092626 -0.0010826551588252187 -0.000794630846939981 -0.000990282162092626 -0.0006941705360077322 -0.0007446265080943704 -0.0007446265080943704 -0.000712122127879411
-0.08711788058280945 -0.08711788058280945 -0.08711788058280945 -0.08711788058280945 -0.08711788058280945 -0.08711788058280945 -0.08711788058280945 -0.08711788058280945 -0.08711788058280945 -0.08711788058280945 -0.08711788058280945 -0.08711788058280945 -0.08711788058280945 -0.08711788058280945 -0.08711788058280945 -0.08711788058280945 -0.08711788058280945 -0.08711788058280945 -0.08711788058280945 -0.08711788058280945 -0.08711788058280945 -0.08711788058280945 -0.08711788058280945 -0.08711788058280945 -0.08711788058280945 -0.08711788058280945 -0.08711788058280945 -0.08711788058280945 -0.08711788058280945 -0.08711788058280945 -0.08711788058280945 -0.08711788058280945 -0.08711788058280945 -0.08711788058280945 -0.08711788058280945 -0.08348725736141205 -0.08348725736141205 -0.062675841152668 -0.035062845796346664 -0.0029575892258435488 -0.0023774292785674334 -0.001963019371032715 -0.0012783055426552892 -0.000990282162092626 -0.000990282162092626 -0.0010826551588252187 -0.000794630846939981 -0.000990282162092626 -0.0006941705360077322 -0.0007446265080943704 -0.0007446265080943704 -0.000712122127879411
-0.07049119472503662 -0.07049119472503662 -0.07049119472503662 -0.07049119472503662 -0.07049119472503662 -0.07049119472503662 -0.07049119472503662 -0.07049119472503662 -0.07049119472503662 -0.07049119472503662 -0.07049119472503662 -0.07049119472503662 -0.07049119472503662 -0.07049119472503662 -0.07049119472503662 -0.07049119472503662 -0.07049119472503662 -0.07049119472503662 -0.07049119472503662 -0.07049119472503662 -0.07049119472503662 -0.07049119472503662 -0.07049119472503662 -0.07049119472503662 -0.07049119472503662 -0.07049119472503662 -0.07049119472503662 -0.07049119472503662 -0.07049119472503662 -0.07049119472503662 -0.07049119472503662 -0.07049119472503662 -0.07049119472503662 -0.07049119472503662 -0.07049119472503662 -0.07049119472503662 -0.07049119472503662 -0.062675841152668 -0.035062845796346664 -0.0029575892258435488 -0.0023774292785674334 -0.001963019371032715 -0.0012783055426552892 -0.000990282162092626 -0.000990282162092626 -0.0010826551588252187 -0.000794630846939981 -0.000990282162092626 -0.0006941705360077322 -0.0007446265080943704 -0.0007446265080943704 -0.000712122127879411
-0.07029776275157928 -0.07029776275157928 -0.07029776275157928 -0.07029776275157928 -0.07029776275157928 -0.07029776275157928 -0.07029776275157928 -0.07029776275157928 -0.07029776275157928 -0.07029776275157928 -0.07029776275157928 -0.07029776275157928 -0.07029776275157928 -0.07029776275157928 -0.07029776275157928 -0.07029776275157928 -0.07029776275157928 -0.07029776275157928 -0.07029776275157928 -0.07029776275157928 -0.07029776275157928 -0.07029776275157928 -0.07029776275157928 -0.07029776275157928 -0.07029776275157928 -0.07029776275157928 -0.07029776275157928 -0.07029776275157928 -0.07029776275157928 -0.07029776275157928 -0.07029776275157928 -0.07029776275157928 -0.07029776275157928 -0.07029776275157928 -0.07029776275157928 -0.07029776275157928 -0.07029776275157928 -0.062675841152668 -0.035062845796346664 -0.0029575892258435488 -0.0023774292785674334 -0.001963019371032715 -0.0012783055426552892 -0.000990282162092626 -0.000990282162092626 -0.0010826551588252187 -0.000794630846939981 -0.000990282162092626 -0.0006941705360077322 -0.0007446265080943704 -0.0007446265080943704 -0.000712122127879411
-0.06883575767278671 -0.06883575767278671 -0.06883575767278671 -0.06883575767278671 -0.06883575767278671 -0.06883575767278671 -0.06883575767278671 -0.06883575767278671 -0.06883575767278671 -0.06883575767278671 -0.06883575767278671 -0.06883575767278671 -0.06883575767278671 -0.06883575767278671 -0.06883575767278671 -0.06883575767278671 -0.06883575767278671 -0.06883575767278671 -0.06883575767278671 -0.06883575767278671 -0.06883575767278671 -0.06883575767278671 -0.06883575767278671 -0.06883575767278671 -0.06883575767278671 -0.06883575767278671 -0.06883575767278671 -0.06883575767278671 -0.06883575767278671 -0.06883575767278671 -0.06883575767278671 -0.06883575767278671 -0.06883575767278671 -0.06883575767278671 -0.06883575767278671 -0.06883575767278671 -0.06883575767278671 -0.062675841152668 -0.035062845796346664 -0.0029575892258435488 -0.0023774292785674334 -0.001963019371032715 -0.0012783055426552892 -0.000990282162092626 -0.000990282162092626 -0.0010826551588252187 -0.000794630846939981 -0.000990282162092626 -0.0006941705360077322 -0.0007446265080943704 -0.0007446265080943704 -0.000712122127879411
-0.06690653413534164 -0.06690653413534164 -0.06690653413534164 -0.06690653413534164 -0.06690653413534164 -0.06690653413534164 -0.06690653413534164 -0.06690653413534164 -0.06690653413534164 -0.06690653413534164 -0.06690653413534164 -0.06690653413534164 -0.06690653413534164 -0.06690653413534164 -0.06690653413534164 -0.06690653413534164 -0.06690653413534164 -0.06690653413534164 -0.06690653413534164 -0.06690653413534164 -0.06690653413534164 -0.06690653413534164 -0.06690653413534164 -0.06690653413534164 -0.06690653413534164 -0.06690653413534164 -0.06690653413534164 -0.06690653413534164 -0.06690653413534164 -0.06690653413534164 -0.06690653413534164 -0.06690653413534164 -0.06690653413534164 -0.06690653413534164 -0.06690653413534164 -0.06690653413534164 -0.06690653413534164 -0.062675841152668 -0.035062845796346664 -0.0029575892258435488 -0.0023774292785674334 -0.001963019371032715 -0.0012783055426552892 -0.000990282162092626 -0.000990282162092626 -0.0010826551588252187 -0.000794630846939981 -0.000990282162092626 -0.0006941705360077322 -0.0007446265080943704 -0.0007446265080943704 -0.000712122127879411
-0.0474000982940197 -0.0474000982940197 -0.0474000982940197 -0.0474000982940197 -0.0474000982940197 -0.0474000982940197 -0.0474000982940197 -0.0474000982940197 -0.0474000982940197 -0.0474000982940197 -0.0474000982940197 -0.0474000982940197 -0.0474000982940197 -0.0474000982940197 -0.0474000982940197 -0.0474000982940197 -0.0474000982940197 -0.0474000982940197 -0.0474000982940197 -0.0474000982940197 -0.0474000982940197 -0.0474000982940197 -0.0474000982940197 -0.0474000982940197 -0.0474000982940197 -0.0474000982940197 -0.0474000982940197 -0.0474000982940197 -0.0474000982940197 -0.0474000982940197 -0.0474000982940197 -0.0474000982940197 -0.0474000982940197 -0.0474000982940197 -0.0474000982940197 -0.0474000982940197 -0.0474000982940197 -0.0474000982940197 -0.035062845796346664 -0.0029575892258435488 -0.0023774292785674334 -0.001963019371032715 -0.0012783055426552892 -0.000990282162092626 -0.000990282162092626 -0.0010826551588252187 -0.000794630846939981 -0.000990282162092626 -0.0006941705360077322 -0.0007446265080943704 -0.0007446265080943704 -0.000712122127879411
-0.0211725402623415 -0.0211725402623415 -0.0211725402623415 -0.0211725402623415 -0.0211725402623415 -0.0211725402623415 -0.0211725402623415 -0.0211725402623415 -0.0211725402623415 -0.0211725402623415 -0.0211725402623415 -0.0211725402623415 -0.0211725402623415 -0.0211725402623415 -0.0211725402623415 -0.0211725402623415 -0.0211725402623415 -0.0211725402623415 -0.0211725402623415 -0.0211725402623415 -0.0211725402623415 -0.0211725402623415 -0.0211725402623415 -0.0211725402623415 -0.0211725402623415 -0.0211725402623415 -0.0211725402623415 -0.0211725402623415 -0.0211725402623415 -0.0211725402623415 -0.0211725402623415 -0.0211725402623415 -0.0211725402623415 -0.0211725402623415 -0.0211725402623415 -0.0211725402623415 -0.0211725402623415 -0.0211725402623415 -0.0211725402623415 -0.0029575892258435488 -0.0023774292785674334 -0.001963019371032715 -0.0012783055426552892 -0.000990282162092626 -0.000990282162092626 -0.0010826551588252187 -0.000794630846939981 -0.000990282162092626 -0.0006941705360077322 -0.0007883887737989426 -0.000782817485742271 -0.000712122127879411
-0.018220193684101105 -0.018220193684101105 -0.018220193684101105 -0.018220193684101105 -0.018220193684101105 -0.018220193684101105 -0.018220193684101105 -0.018220193684101105 -0.018220193684101105 -0.018220193684101105 -0.018220193684101105 -0.018220193684101105 -0.018220193684101105 -0.018220193684101105 -0.018220193684101105 -0.018220193684101105 -0.018220193684101105 -0.018220193684101105 -0.018220193684101105 -0.018220193684101105 -0.018220193684101105 -0.018220193684101105 -0.018220193684101105 -0.018220193684101105 -0.018220193684101105 -0.018220193684101105 -0.018220193684101105 -0.018220193684101105 -0.018220193684101105 -0.018220193684101105 -0.018220193684101105 -0.018220193684101105 -0.018220193684101105 -0.018220193684101105 -0.018220193684101105 -0.018220193684101105 -0.018220193684101105 -0.018220193684101105 -0.018220193684101105 -0.0029575892258435488 -0.0023774292785674334 -0.001963019371032715 -0.0012783055426552892 -0.000990282162092626 -0.000990282162092626 -0.0010826551588252187 -0.000794630846939981 -0.000990282162092626 -0.0006941705360077322 -0.0007446265080943704 -0.0007446265080943704 -0.000712122127879411
-0.015627341344952583 -0.015627341344952583 -0.015627341344952583 -0.015627341344952583 -0.015627341344952583 -0.015627341344952583 -0.015627341344952583 -0.015627341344952583 -0.015627341344952583 -0.015627341344952583 -0.015627341344952583 -0.015627341344952583 -0.015627341344952583 -0.015627341344952583 -0.015627341344952583 -0.015627341344952583 -0.015627341344952583 -0.015627341344952583 -0.015627341344952583 -0.015627341344952583 -0.015627341344952583 -0.015627341344952583 -0.015627341344952583 -0.015627341344952583 -0.015627341344952583 -0.015627341344952583 -0.015627341344952583 -0.015627341344952583 -0.015627341344952583 -0.015627341344952583 -0.015627341344952583 -0.015627341344952583 -0.015627341344952583 -0.015627341344952583 -0.015627341344952583 -0.015627341344952583 -0.015627341344952583 -0.015627341344952583 -0.015627341344952583 -0.0029575892258435488 -0.0023774292785674334 -0.001963019371032715 -0.0012783055426552892 -0.000990282162092626 -0.000990282162092626 -0.0010826551588252187 -0.000794630846939981 -0.000990282162092626 -0.0006941705360077322 -0.0007446265080943704 -0.0007446265080943704 -0.000712122127879411
-0.008852184750139713 -0.008852184750139713 -0.008852184750139713 -0.008852184750139713 -0.008852184750139713 -0.008852184750139713 -0.008852184750139713 -0.008852184750139713 -0.008852184750139713 -0.008852184750139713 -0.008852184750139713 -0.008852184750139713 -0.008852184750139713 -0.008852184750139713 -0.008852184750139713 -0.008852184750139713 -0.008852184750139713 -0.008852184750139713 -0.008852184750139713 -0.008852184750139713 -0.008852184750139713 -0.008852184750139713 -0.008852184750139713 -0.008852184750139713 -0.008852184750139713 -0.008852184750139713 -0.008852184750139713 -0.008852184750139713 -0.008852184750139713 -0.008852184750139713 -0.008852184750139713 -0.008852184750139713 -0.008852184750139713 -0.008852184750139713 -0.008852184750139713 -0.008852184750139713 -0.008852184750139713 -0.008852184750139713 -0.008852184750139713 -0.0029575892258435488 -0.0023774292785674334 -0.001963019371032715 -0.0012844307348132133 -0.000990282162092626 -0.000990282162092626 -0.0011325725354254246 -0.000794630846939981 -0.000990282162092626 -0.0006941705360077322 -0.0007446265080943704 -0.0007446265080943704 -0.000712122127879411
-0.002026689238846302 -0.002026689238846302 -0.002026689238846302 -0.002026689238846302 -0.002026689238846302 -0.002026689238846302 -0.002026689238846302 -0.002026689238846302 -0.002026689238846302 -0.002026689238846302 -0.002026689238846302 -0.002026689238846302 -0.002026689238846302 -0.002026689238846302 -0.002026689238846302 -0.002026689238846302 -0.002026689238846302 -0.002026689238846302 -0.002026689238846302 -0.002026689238846302 -0.002026689238846302 -0.002026689238846302 -0.002026689238846302 -0.002026689238846302 -0.002026689238846302 -0.002026689238846302 -0.002026689238846302 -0.002026689238846302 -0.002026689238846302 -0.002026689238846302 -0.002026689238846302 -0.002026689238846302 -0.002026689238846302 -0.002026689238846302 -0.002026689238846302 -0.002026689238846302 -0.002026689238846302 -0.002026689238846302 -0.002026689238846302 -0.002026689238846302 -0.002026689238846302 -0.001963019371032715 -0.0012783055426552892 -0.000990282162092626 -0.000990282162092626 -0.0010826551588252187 -0.000794630846939981 -0.000990282162092626 -0.0006941705360077322 -0.0007883887737989426 -0.000782817485742271 -0.0007333061657845974
-0.001939344801940024 -0.001939344801940024 -0.001939344801940024 -0.001939344801940024 -0.001939344801940024 -0.001939344801940024 -0.001939344801940024 -0.001939344801940024 -0.001939344801940024 -0.001939344801940024 -0.001939344801940024 -0.001939344801940024 -0.001939344801940024 -0.001939344801940024 -0.001939344801940024 -0.001939344801940024 -0.001939344801940024 -0.001939344801940024 -0.001939344801940024 -0.001939344801940024 -0.001939344801940024 -0.001939344801940024 -0.001939344801940024 -0.001939344801940024 -0.001939344801940024 -0.001939344801940024 -0.001939344801940024 -0.001939344801940024 -0.001939344801940024 -0.001939344801940024 -0.001939344801940024 -0.001939344801940024 -0.001939344801940024 -0.001939344801940024 -0.001939344801940024 -0.001939344801940024 -0.001939344801940024 -0.001939344801940024 -0.001939344801940024 -0.001939344801940024 -0.001939344801940024 -0.001939344801940024 -0.0012783055426552892 -0.000990282162092626 -0.000990282162092626 -0.0010826551588252187 -0.000794630846939981 -0.000990282162092626 -0.0006941705360077322 -0.0007883887737989426 -0.000782817485742271 -0.0007333061657845974
-0.0018650523852556944 -0.0018650523852556944 -0.0018650523852556944 -0.0018650523852556944 -0.0018650523852556944 -0.0018650523852556944 -0.0018650523852556944 -0.0018650523852556944 -0.0018650523852556944 -0.0018650523852556944 -0.0018650523852556944 -0.0018650523852556944 -0.0018650523852556944 -0.0018650523852556944 -0.0018650523852556944 -0.0018650523852556944 -0.0018650523852556944 -0.0018650523852556944 -0.0018650523852556944 -0.0018650523852556944 -0.0018650523852556944 -0.0018650523852556944 -0.0018650523852556944 -0.0018650523852556944 -0.0018650523852556944 -0.0018650523852556944 -0.0018650523852556944 -0.0018650523852556944 -0.0018650523852556944 -0.0018650523852556944 -0.0018650523852556944 -0.0018650523852556944 -0.0018650523852556944 -0.0018650523852556944 -0.0018650523852556944 -0.0018650523852556944 -0.0018650523852556944 -0.0018650523852556944 -0.0018650523852556944 -0.0018650523852556944 -0.0018650523852556944 -0.0018650523852556944 -0.0012783055426552892 -0.000990282162092626 -0.000990282162092626 -0.0010826551588252187 -0.000794630846939981 -0.000990282162092626 -0.0006941705360077322 -0.0007446265080943704 -0.0007446265080943704 -0.000712122127879411
-0.0018127565272152424 -0.0018127565272152424 -0.0018127565272152424 -0.0018127565272152424 -0.0018127565272152424 -0.0018127565272152424 -0.0018127565272152424 -0.0018127565272152424 -0.0018127565272152424 -0.0018127565272152424 -0.0018127565272152424 -0.0018127565272152424 -0.0018127565272152424 -0.0018127565272152424 -0.0018127565272152424 -0.0018127565272152424 -0.0018127565272152424 -0.0018127565272152424 -0.0018127565272152424 -0.0018127565272152424 -0.0018127565272152424 -0.0018127565272152424 -0.0018127565272152424 -0.0018127565272152424 -0.0018127565272152424 -0.0018127565272152424 -0.0018127565272152424 -0.0018127565272152424 -0.0018127565272152424 -0.0018127565272152424 -0.0018127565272152424 -0.0018127565272152424 -0.0018127565272152424 -0.0018127565272152424 -0.0018127565272152424 -0.0018127565272152424 -0.0018127565272152424 -0.0018127565272152424 -0.0018127565272152424 -0.0018127565272152424 -0.0018127565272152424 -0.0018127565272152424 -0.0012844307348132133 -0.000990282162092626 -0.000990282162092626 -0.0010826551588252187 -0.000794630846939981 -0.000990282162092626 -0.0006941705360077322 -0.0007446265080943704 -0.0007446265080943704 -0.000712122127879411
-0.0014217965072020888 -0.0014217965072020888 -0.0014217965072020888 -0.0014217965072020888 -0.0014217965072020888 -0.0014217965072020888 -0.0014217965072020888 -0.0014217965072020888 -0.0014217965072020888 -0.0014217965072020888 -0.0014217965072020888 -0.0014217965072020888 -0.0014217965072020888 -0.0014217965072020888 -0.0014217965072020888 -0.0014217965072020888 -0.0014217965072020888 -0.0014217965072020888 -0.0014217965072020888 -0.0014217965072020888 -0.0014217965072020888 -0.0014217965072020888 -0.0014217965072020888 -0.0014217965072020888 -0.0014217965072020888 -0.0014217965072020888 -0.0014217965072020888 -0.0014217965072020888 -0.0014217965072020888 -0.0014217965072020888 -0.0014217965072020888 -0.0014217965072020888 -0.0014217965072020888 -0.0014217965072020888 -0.0014217965072020888 -0.0014217965072020888 -0.0014217965072020888 -0.0014217965072020888 -0.0014217965072020888 -0.0014217965072020888 -0.0014217965072020888 -0.0014217965072020888 -0.0012844307348132133 -0.000990282162092626 -0.000990282162092626 -0.0011325725354254246 -0.000794630846939981 -0.000990282162092626 -0.0006941705360077322 -0.0007446265080943704 -0.0007446265080943704 -0.000712122127879411
-0.0007992660393938422 -0.0007992660393938422 -0.0007992660393938422 -0.0007992660393938422 -0.0007992660393938422 -0.0007992660393938422 -0.0007992660393938422 -0.0007992660393938422 -0.0007992660393938422 -0.0007992660393938422 -0.0007992660393938422 -0.0007992660393938422 -0.0007992660393938422 -0.0007992660393938422 -0.0007992660393938422 -0.0007992660393938422 -0.0007992660393938422 -0.0007992660393938422 -0.0007992660393938422 -0.0007992660393938422 -0.0007992660393938422 -0.0007992660393938422 -0.0007992660393938422 -0.0007992660393938422 -0.0007992660393938422 -0.0007992660393938422 -0.0007992660393938422 -0.0007992660393938422 -0.0007992660393938422 -0.0007992660393938422 -0.0007992660393938422 -0.0007992660393938422 -0.0007992660393938422 -0.0007992660393938422 -0.0007992660393938422 -0.0007992660393938422 -0.0007992660393938422 -0.0007992660393938422 -0.0007992660393938422 -0.0007992660393938422 -0.0007992660393938422 -0.0007992660393938422 -0.0007992660393938422 -0.0007992660393938422 -0.0007992660393938422 -0.0007992660393938422 -0.0007992660393938422 -0.0007992660393938422 -0.0007992660393938422 -0.0007446265080943704 -0.0007446265080943704 -0.000712122127879411