-0.4164305627346039 -0.52729731798172 -0.4656822681427002 -0.13870640099048615 -0.11909510940313339 -0.11909510940313339 -0.24309398233890533 -0.24309398233890533 -0.13870640099048615 -0.2878563404083252 -0.13870640099048615 -0.11909510940313339 -0.11909510940313339 -0.11909510940313339 -0.13870640099048615 -0.13870640099048615 -0.13870640099048615 -0.11909510940313339 -0.13870640099048615 -0.11909510940313339 -0.11909510940313339 -0.137908473610878 -0.17015136778354645 -0.11909510940313339 -0.1490073800086975 -0.11909510940313339 -0.13909131288528442 -0.09469714760780334 -0.0958484560251236 -0.097232885658741 -0.06503166258335114 -0.01744312047958374 -0.003064436838030815 -0.004268617369234562 -0.0026078352238982916 -0.0032423590309917927 -0.003440634813159704 -0.0025670339819043875 -0.002427223604172468 -0.0023635639809072018 -0.0020986662711948156 -0.0014561560237780213 -0.0014561560237780213 -0.0014561560237780213 -0.0011018209625035524 -0.0011018209625035524 -0.0009636748000048101 -0.00025940098566934466
-0.24309398233890533 -0.24309398233890533 -0.24309398233890533 -0.13870640099048615 -0.11909510940313339 -0.11909510940313339 -0.24309398233890533 -0.24309398233890533 -0.13870640099048615 -0.24309398233890533 -0.13870640099048615 -0.11909510940313339 -0.11909510940313339 -0.11909510940313339 -0.13870640099048615 -0.13870640099048615 -0.13870640099048615 -0.11909510940313339 -0.13870640099048615 -0.11909510940313339 -0.11909510940313339 -0.137908473610878 -0.17015136778354645 -0.11909510940313339 -0.1490073800086975 -0.11909510940313339 -0.13909131288528442 -0.09469714760780334 -0.0958484560251236 -0.097232885658741 -0.06503166258335114 -0.01744312047958374 -0.003064436838030815 -0.004268617369234562 -0.0026078352238982916 -0.0032423590309917927 -0.003440634813159704 -0.0025670339819043875 -0.002427223604172468 -0.0023635639809072018 -0.0020986662711948156 -0.0014561560237780213 -0.0014561560237780213 -0.0014561560237780213 -0.0011018209625035524 -0.0011018209625035524 -0.0009636748000048101 -0.00025940098566934466
-0.4164305627346039 -0.4649922549724579 -0.4649922549724579 -0.13870640099048615 -0.11909510940313339 -0.11909510940313339 -0.24309398233890533 -0.24309398233890533 -0.13870640099048615 -0.2878563404083252 -0.13870640099048615 -0.11909510940313339 -0.11909510940313339 -0.11909510940313339 -0.13870640099048615 -0.13870640099048615 -0.13870640099048615 -0.11909510940313339 -0.13870640099048615 -0.11909510940313339 -0.11909510940313339 -0.137908473610878 -0.17015136778354645 -0.11909510940313339 -0.1490073800086975 -0.11909510940313339 -0.13923507928848267 -0.09469714760780334 -0.0958484560251236 -0.097232885658741 -0.06503166258335114 -0.01744312047958374 -0.003064436838030815 -0.004268617369234562 -0.0026078352238982916 -0.0032423590309917927 -0.003440634813159704 -0.0025670339819043875 -0.002427223604172468 -0.0023635639809072018 -0.0020986662711948156 -0.0014561560237780213 -0.0014561560237780213 -0.0014561560237780213 -0.0011018209625035524 -0.0011018209625035524 -0.0009636748000048101 -0.00025940098566934466
-0.4164305627346039 -0.4164305627346039 -0.4164305627346039 -0.13870640099048615 -0.11909510940313339 -0.11909510940313339 -0.24309398233890533 -0.24309398233890533 -0.13870640099048615 -0.2878563404083252 -0.13870640099048615 -0.11909510940313339 -0.11909510940313339 -0.11909510940313339 -0.13870640099048615 -0.13870640099048615 -0.13870640099048615 -0.11909510940313339 -0.13870640099048615 -0.11909510940313339 -0.11909510940313339 -0.137908473610878 -0.17015136778354645 -0.11909510940313339 -0.1490073800086975 -0.11909510940313339 -0.13909131288528442 -0.09469714760780334 -0.0958484560251236 -0.097232885658741 -0.06503166258335114 -0.01744312047958374 -0.003064436838030815 -0.004268617369234562 -0.0026078352238982916 -0.0032423590309917927 -0.003440634813159704 -0.0025670339819043875 -0.002427223604172468 -0.0023635639809072018 -0.0020986662711948156 -0.0014561560237780213 -0.0014561560237780213 -0.0014561560237780213 -0.0011018209625035524 -0.0011018209625035524 -0.0009636748000048101 -0.00025940098566934466
-0.4164305627346039 -0.4164305627346039 -0.4164305627346039 -0.13870640099048615 -0.11909510940313339 -0.11909510940313339 -0.24309398233890533 -0.24309398233890533 -0.13870640099048615 -0.2878563404083252 -0.13870640099048615 -0.11909510940313339 -0.11909510940313339 -0.11909510940313339 -0.13870640099048615 -0.13870640099048615 -0.13870640099048615 -0.11909510940313339 -0.13870640099048615 -0.11909510940313339 -0.11909510940313339 -0.137908473610878 -0.17015136778354645 -0.11909510940313339 -0.1490073800086975 -0.11909510940313339 -0.13909131288528442 -0.09469714760780334 -0.0958484560251236 -0.097232885658741 -0.06503166258335114 -0.01744312047958374 -0.003064436838030815 -0.004268617369234562 -0.0026078352238982916 -0.0032423590309917927 -0.003440634813159704 -0.0025670339819043875 -0.002427223604172468 -0.0023635639809072018 -0.0020986662711948156 -0.0014561560237780213 -0.0014561560237780213 -0.0014561560237780213 -0.0011018209625035524 -0.0011018209625035524 -0.0009636748000048101 -0.00025940098566934466
-0.2878563404083252 -0.2878563404083252 -0.2878563404083252 -0.13870640099048615 -0.11909510940313339 -0.11909510940313339 -0.24309398233890533 -0.24309398233890533 -0.13870640099048615 -0.2878563404083252 -0.13870640099048615 -0.11909510940313339 -0.11909510940313339 -0.11909510940313339 -0.13870640099048615 -0.13870640099048615 -0.13870640099048615 -0.11909510940313339 -0.13870640099048615 -0.11909510940313339 -0.11909510940313339 -0.137908473610878 -0.17526650428771973 -0.11909510940313339 -0.1490073800086975 -0.11909510940313339 -0.13923507928848267 -0.09469714760780334 -0.0958484560251236 -0.097232885658741 -0.06503166258335114 -0.01744312047958374 -0.003064436838030815 -0.004268617369234562 -0.004095420707017183 -0.0032423590309917927 -0.003440634813159704 -0.0025670339819043875 -0.002427223604172468 -0.0023635639809072018 -0.0020986662711948156 -0.0014561560237780213 -0.0014561560237780213 -0.0014561560237780213 -0.0011018209625035524 -0.0011018209625035524 -0.0009636748000048101 -0.00025940098566934466
-0.24309398233890533 -0.24309398233890533 -0.24309398233890533 -0.13870640099048615 -0.11909510940313339 -0.11909510940313339 -0.30066800117492676 -0.26135507225990295 -0.13870640099048615 -0.24309398233890533 -0.13870640099048615 -0.11909510940313339 -0.11909510940313339 -0.11909510940313339 -0.13870640099048615 -0.13870640099048615 -0.13870640099048615 -0.11909510940313339 -0.13870640099048615 -0.11909510940313339 -0.11909510940313339 -0.137908473610878 -0.17015136778354645 -0.11909510940313339 -0.1490073800086975 -0.11909510940313339 -0.13909131288528442 -0.09469714760780334 -0.0958484560251236 -0.097232885658741 -0.06503166258335114 -0.01744312047958374 -0.003064436838030815 -0.004268617369234562 -0.0026078352238982916 -0.0032423590309917927 -0.003440634813159704 -0.0025670339819043875 -0.002427223604172468 -0.0023635639809072018 -0.0020986662711948156 -0.0014561560237780213 -0.0014561560237780213 -0.0014561560237780213 -0.0011018209625035524 -0.0011018209625035524 -0.0009636748000048101 -0.00025940098566934466
-0.2878563404083252 -0.2878563404083252 -0.2878563404083252 -0.13870640099048615 -0.11909510940313339 -0.11909510940313339 -0.26135507225990295 -0.2923862040042877 -0.13870640099048615 -0.2878563404083252 -0.13870640099048615 -0.11909510940313339 -0.11909510940313339 -0.11909510940313339 -0.13870640099048615 -0.13870640099048615 -0.13870640099048615 -0.11909510940313339 -0.13870640099048615 -0.11909510940313339 -0.11909510940313339 -0.137908473610878 -0.17015136778354645 -0.11909510940313339 -0.1490073800086975 -0.11909510940313339 -0.13909131288528442 -0.09469714760780334 -0.0958484560251236 -0.097232885658741 -0.06503166258335114 -0.01744312047958374 -0.003064436838030815 -0.004268617369234562 -0.0026078352238982916 -0.0032423590309917927 -0.003440634813159704 -0.0025670339819043875 -0.002427223604172468 -0.0023635639809072018 -0.0020986662711948156 -0.0014561560237780213 -0.0014561560237780213 -0.0014561560237780213 -0.0011018209625035524 -0.0011018209625035524 -0.0009636748000048101 -0.00025940098566934466
-0.3978683650493622 -0.3978683650493622 -0.3978683650493622 -0.13870640099048615 -0.11909510940313339 -0.11909510940313339 -0.24309398233890533 -0.24309398233890533 -0.13870640099048615 -0.29103976488113403 -0.13870640099048615 -0.11909510940313339 -0.11909510940313339 -0.11909510940313339 -0.13870640099048615 -0.13870640099048615 -0.13870640099048615 -0.11909510940313339 -0.13870640099048615 -0.11909510940313339 -0.11909510940313339 -0.137908473610878 -0.17015136778354645 -0.11909510940313339 -0.1490073800086975 -0.11909510940313339 -0.13909131288528442 -0.09469714760780334 -0.0958484560251236 -0.097232885658741 -0.06503166258335114 -0.01744312047958374 -0.003064436838030815 -0.004268617369234562 -0.0026078352238982916 -0.0032423590309917927 -0.003440634813159704 -0.0025670339819043875 -0.002427223604172468 -0.0023635639809072018 -0.0020986662711948156 -0.0014561560237780213 -0.0014561560237780213 -0.0014561560237780213 -0.0011018209625035524 -0.0011018209625035524 -0.0009636748000048101 -0.00025940098566934466
-0.38370880484580994 -0.38370880484580994 -0.38370880484580994 -0.13870640099048615 -0.11909510940313339 -0.11909510940313339 -0.24309398233890533 -0.24309398233890533 -0.13870640099048615 -0.2878563404083252 -0.13870640099048615 -0.11909510940313339 -0.11909510940313339 -0.11909510940313339 -0.13870640099048615 -0.13870640099048615 -0.13870640099048615 -0.11909510940313339 -0.13870640099048615 -0.11909510940313339 -0.11909510940313339 -0.137908473610878 -0.17526650428771973 -0.11909510940313339 -0.1490073800086975 -0.11909510940313339 -0.13923507928848267 -0.09469714760780334 -0.0958484560251236 -0.097232885658741 -0.06503166258335114 -0.01744312047958374 -0.003064436838030815 -0.004268617369234562 -0.004095420707017183 -0.0032423590309917927 -0.003440634813159704 -0.0025670339819043875 -0.002427223604172468 -0.0023635639809072018 -0.0020986662711948156 -0.0014561560237780213 -0.0014561560237780213 -0.0014561560237780213 -0.0011018209625035524 -0.0011018209625035524 -0.0009636748000048101 -0.00025940098566934466
-0.11909510940313339 -0.11909510940313339 -0.11909510940313339 -0.11909510940313339 -0.15420587360858917 -0.15420587360858917 -0.11909510940313339 -0.11909510940313339 -0.11909510940313339 -0.11909510940313339 -0.11909510940313339 -0.15420587360858917 -0.15420587360858917 -0.15420587360858917 -0.11909510940313339 -0.11909510940313339 -0.11909510940313339 -0.2226572036743164 -0.11909510940313339 -0.20645968616008759 -0.15420587360858917 -0.11909510940313339 -0.11909510940313339 -0.12625432014465332 -0.11909510940313339 -0.1347985863685608 -0.11909510940313339 -0.09469714760780334 -0.0958484560251236 -0.097232885658741 -0.06503166258335114 -0.01744312047958374 -0.003064436838030815 -0.004268617369234562 -0.0026078352238982916 -0.003476206911727786 -0.0034637541975826025 -0.0025670339819043875 -0.002427223604172468 -0.0023635639809072018 -0.0020986662711948156 -0.0014561560237780213 -0.0014561560237780213 -0.0014561560237780213 -0.0011018209625035524 -0.0011018209625035524 -0.0009636748000048101 -0.00025940098566934466
-0.11909510940313339 -0.11909510940313339 -0.11909510940313339 -0.11909510940313339 -0.15420587360858917 -0.15420587360858917 -0.11909510940313339 -0.11909510940313339 -0.11909510940313339 -0.11909510940313339 -0.11909510940313339 -0.15420587360858917 -0.15420587360858917 -0.15420587360858917 -0.11909510940313339 -0.11909510940313339 -0.11909510940313339 -0.2226572036743164 -0.11909510940313339 -0.20645968616008759 -0.15420587360858917 -0.11909510940313339 -0.11909510940313339 -0.12625432014465332 -0.11909510940313339 -0.1347985863685608 -0.11909510940313339 -0.09469714760780334 -0.0958484560251236 -0.097232885658741 -0.06503166258335114 -0.01744312047958374 -0.003064436838030815 -0.004268617369234562 -0.0026078352238982916 -0.003476206911727786 -0.0034637541975826025 -0.0025670339819043875 -0.002427223604172468 -0.0023635639809072018 -0.0020986662711948156 -0.0014561560237780213 -0.0014561560237780213 -0.0014561560237780213 -0.0011018209625035524 -0.0011018209625035524 -0.0009636748000048101 -0.00025940098566934466
-0.11909510940313339 -0.11909510940313339 -0.11909510940313339 -0.11909510940313339 -0.15420587360858917 -0.15420587360858917 -0.11909510940313339 -0.11909510940313339 -0.11909510940313339 -0.11909510940313339 -0.11909510940313339 -0.15420587360858917 -0.15420587360858917 -0.15420587360858917 -0.11909510940313339 -0.11909510940313339 -0.11909510940313339 -0.1890641152858734 -0.11909510940313339 -0.20645968616008759 -0.15420587360858917 -0.11909510940313339 -0.11909510940313339 -0.12625432014465332 -0.11909510940313339 -0.1347985863685608 -0.11909510940313339 -0.09469714760780334 -0.0958484560251236 -0.097232885658741 -0.06503166258335114 -0.01744312047958374 -0.003064436838030815 -0.004268617369234562 -0.0026078352238982916 -0.0032423590309917927 -0.003440634813159704 -0.0025670339819043875 -0.002427223604172468 -0.0023635639809072018 -0.0020986662711948156 -0.0014561560237780213 -0.0014561560237780213 -0.0014561560237780213 -0.0011018209625035524 -0.0011018209625035524 -0.0009636748000048101 -0.00025940098566934466
-0.11909510940313339 -0.11909510940313339 -0.11909510940313339 -0.11909510940313339 -0.31714963912963867 -0.3159102201461792 -0.11909510940313339 -0.11909510940313339 -0.11909510940313339 -0.11909510940313339 -0.11909510940313339 -0.25980862975120544 -0.2757350504398346 -0.27559393644332886 -0.11909510940313339 -0.11909510940313339 -0.11909510940313339 -0.15420587360858917 -0.11909510940313339 -0.15420587360858917 -0.18569016456604004 -0.11909510940313339 -0.11909510940313339 -0.12625432014465332 -0.11909510940313339 -0.1347985863685608 -0.11909510940313339 -0.09469714760780334 -0.0958484560251236 -0.097232885658741 -0.06503166258335114 -0.01744312047958374 -0.003064436838030815 -0.004268617369234562 -0.0026078352238982916 -0.0032423590309917927 -0.003440634813159704 -0.0025670339819043875 -0.002427223604172468 -0.0023635639809072018 -0.0020986662711948156 -0.0014561560237780213 -0.0014561560237780213 -0.0014561560237780213 -0.0011018209625035524 -0.0011018209625035524 -0.0009636748000048101 -0.00025940098566934466
-0.11909510940313339 -0.11909510940313339 -0.11909510940313339 -0.11909510940313339 -0.31714963912963867 -0.3159102201461792 -0.11909510940313339 -0.11909510940313339 -0.11909510940313339 -0.11909510940313339 -0.11909510940313339 -0.25980862975120544 -0.2757350504398346 -0.27559393644332886 -0.11909510940313339 -0.11909510940313339 -0.11909510940313339 -0.15420587360858917 -0.11909510940313339 -0.15420587360858917 -0.18569016456604004 -0.11909510940313339 -0.11909510940313339 -0.12625432014465332 -0.11909510940313339 -0.1347985863685608 -0.11909510940313339 -0.09469714760780334 -0.0958484560251236 -0.097232885658741 -0.06503166258335114 -0.01744312047958374 -0.003064436838030815 -0.004268617369234562 -0.0026078352238982916 -0.0032423590309917927 -0.003440634813159704 -0.0025670339819043875 -0.002427223604172468 -0.0023635639809072018 -0.0020986662711948156 -0.0014561560237780213 -0.0014561560237780213 -0.0014561560237780213 -0.0011018209625035524 -0.0011018209625035524 -0.0009636748000048101 -0.00025940098566934466
-0.13870640099048615 -0.13870640099048615 -0.13870640099048615 -0.32692110538482666 -0.11909510940313339 -0.11909510940313339 -0.13870640099048615 -0.13870640099048615 -0.29114797711372375 -0.13870640099048615 -0.24362193048000336 -0.11909510940313339 -0.11909510940313339 -0.11909510940313339 -0.24362193048000336 -0.20147503912448883 -0.17976684868335724 -0.11909510940313339 -0.1996425837278366 -0.11909510940313339 -0.11909510940313339 -0.137908473610878 -0.13870640099048615 -0.11909510940313339 -0.13870640099048615 -0.11909510940313339 -0.13870640099048615 -0.09469714760780334 -0.0958484560251236 -0.097232885658741 -0.06503166258335114 -0.01744312047958374 -0.003064436838030815 -0.004268617369234562 -0.0026078352238982916 -0.0032423590309917927 -0.003440634813159704 -0.0025670339819043875 -0.002427223604172468 -0.0023635639809072018 -0.0020986662711948156 -0.0014561560237780213 -0.0014561560237780213 -0.0014561560237780213 -0.0011018209625035524 -0.0011018209625035524 -0.0009636748000048101 -0.00025940098566934466
-0.11909510940313339 -0.11909510940313339 -0.11909510940313339 -0.11909510940313339 -0.31714963912963867 -0.3159102201461792 -0.11909510940313339 -0.11909510940313339 -0.11909510940313339 -0.11909510940313339 -0.11909510940313339 -0.25980862975120544 -0.2757350504398346 -0.27559393644332886 -0.11909510940313339 -0.11909510940313339 -0.11909510940313339 -0.15420587360858917 -0.11909510940313339 -0.15420587360858917 -0.18569016456604004 -0.11909510940313339 -0.11909510940313339 -0.12625432014465332 -0.11909510940313339 -0.1347985863685608 -0.11909510940313339 -0.09469714760780334 -0.0958484560251236 -0.097232885658741 -0.06503166258335114 -0.01744312047958374 -0.003064436838030815 -0.004268617369234562 -0.0026078352238982916 -0.0032423590309917927 -0.003440634813159704 -0.0025670339819043875 -0.002427223604172468 -0.0023635639809072018 -0.0020986662711948156 -0.0014561560237780213 -0.0014561560237780213 -0.0014561560237780213 -0.0011018209625035524 -0.0011018209625035524 -0.0009636748000048101 -0.00025940098566934466
-0.11909510940313339 -0.11909510940313339 -0.11909510940313339 -0.11909510940313339 -0.27559393644332886 -0.27559393644332886 -0.11909510940313339 -0.11909510940313339 -0.11909510940313339 -0.11909510940313339 -0.11909510940313339 -0.25980862975120544 -0.27559393644332886 -0.27559393644332886 -0.11909510940313339 -0.11909510940313339 -0.11909510940313339 -0.2226572036743164 -0.11909510940313339 -0.1890641152858734 -0.18569016456604004 -0.11909510940313339 -0.11909510940313339 -0.12625432014465332 -0.11909510940313339 -0.1347985863685608 -0.11909510940313339 -0.09469714760780334 -0.0958484560251236 -0.097232885658741 -0.06503166258335114 -0.01744312047958374 -0.003064436838030815 -0.004268617369234562 -0.0026078352238982916 -0.0032423590309917927 -0.003440634813159704 -0.0025670339819043875 -0.002427223604172468 -0.0023635639809072018 -0.0020986662711948156 -0.0014561560237780213 -0.0014561560237780213 -0.0014561560237780213 -0.0011018209625035524 -0.0011018209625035524 -0.0009636748000048101 -0.00025940098566934466
-0.11909510940313339 -0.11909510940313339 -0.11909510940313339 -0.11909510940313339 -0.31714963912963867 -0.3159102201461792 -0.11909510940313339 -0.11909510940313339 -0.11909510940313339 -0.11909510940313339 -0.11909510940313339 -0.25980862975120544 -0.2757350504398346 -0.27559393644332886 -0.11909510940313339 -0.11909510940313339 -0.11909510940313339 -0.15420587360858917 -0.11909510940313339 -0.15420587360858917 -0.18569016456604004 -0.11909510940313339 -0.11909510940313339 -0.12625432014465332 -0.11909510940313339 -0.1347985863685608 -0.11909510940313339 -0.09469714760780334 -0.0958484560251236 -0.097232885658741 -0.06503166258335114 -0.01744312047958374 -0.003064436838030815 -0.004268617369234562 -0.0026078352238982916 -0.0032423590309917927 -0.003440634813159704 -0.0025670339819043875 -0.002427223604172468 -0.0023635639809072018 -0.0020986662711948156 -0.0014561560237780213 -0.0014561560237780213 -0.0014561560237780213 -0.0011018209625035524 -0.0011018209625035524 -0.0009636748000048101 -0.00025940098566934466
-0.11909510940313339 -0.11909510940313339 -0.11909510940313339 -0.11909510940313339 -0.31714963912963867 -0.3159102201461792 -0.11909510940313339 -0.11909510940313339 -0.11909510940313339 -0.11909510940313339 -0.11909510940313339 -0.25980862975120544 -0.27680912613868713 -0.27559393644332886 -0.11909510940313339 -0.11909510940313339 -0.11909510940313339 -0.15420587360858917 -0.11909510940313339 -0.15420587360858917 -0.18569016456604004 -0.11909510940313339 -0.11909510940313339 -0.12625432014465332 -0.11909510940313339 -0.1347985863685608 -0.11909510940313339 -0.09469714760780334 -0.0958484560251236 -0.097232885658741 -0.06503166258335114 -0.01744312047958374 -0.003064436838030815 -0.004268617369234562 -0.0026078352238982916 -0.0032423590309917927 -0.003440634813159704 -0.0025670339819043875 -0.002427223604172468 -0.0023635639809072018 -0.0020986662711948156 -0.0014561560237780213 -0.0014561560237780213 -0.0014561560237780213 -0.0011018209625035524 -0.0011018209625035524 -0.0009636748000048101 -0.00025940098566934466
-0.2671950161457062 -0.2671950161457062 -0.2671950161457062 -0.13870640099048615 -0.11909510940313339 -0.11909510940313339 -0.24309398233890533 -0.24309398233890533 -0.13870640099048615 -0.2671950161457062 -0.13870640099048615 -0.11909510940313339 -0.11909510940313339 -0.11909510940313339 -0.13870640099048615 -0.13870640099048615 -0.13870640099048615 -0.11909510940313339 -0.13870640099048615 -0.11909510940313339 -0.11909510940313339 -0.137908473610878 -0.17015136778354645 -0.11909510940313339 -0.1490073800086975 -0.11909510940313339 -0.13909131288528442 -0.09469714760780334 -0.0958484560251236 -0.097232885658741 -0.06503166258335114 -0.01744312047958374 -0.003064436838030815 -0.004268617369234562 -0.0026078352238982916 -0.0032423590309917927 -0.003440634813159704 -0.0025670339819043875 -0.002427223604172468 -0.0023635639809072018 -0.0020986662711948156 -0.0014561560237780213 -0.0014561560237780213 -0.0014561560237780213 -0.0011018209625035524 -0.0011018209625035524 -0.0009636748000048101 -0.00025940098566934466
-0.22496671974658966 -0.22496671974658966 -0.22496671974658966 -0.13870640099048615 -0.11909510940313339 -0.11909510940313339 -0.22496671974658966 -0.22496671974658966 -0.13870640099048615 -0.22496671974658966 -0.13870640099048615 -0.11909510940313339 -0.11909510940313339 -0.11909510940313339 -0.13870640099048615 -0.13870640099048615 -0.13870640099048615 -0.11909510940313339 -0.13870640099048615 -0.11909510940313339 -0.11909510940313339 -0.137908473610878 -0.17015136778354645 -0.11909510940313339 -0.14962300658226013 -0.11909510940313339 -0.13909131288528442 -0.09469714760780334 -0.0958484560251236 -0.097232885658741 -0.06503166258335114 -0.01744312047958374 -0.003064436838030815 -0.004268617369234562 -0.0026078352238982916 -0.0032423590309917927 -0.003440634813159704 -0.0025670339819043875 -0.002427223604172468 -0.0023635639809072018 -0.0020986662711948156 -0.0014561560237780213 -0.0014561560237780213 -0.0014561560237780213 -0.0011018209625035524 -0.0011018209625035524 -0.0009636748000048101 -0.00025940098566934466
-0.21687984466552734 -0.21687984466552734 -0.21687984466552734 -0.13870640099048615 -0.11909510940313339 -0.11909510940313339 -0.21687984466552734 -0.21687984466552734 -0.13870640099048615 -0.21687984466552734 -0.13870640099048615 -0.11909510940313339 -0.11909510940313339 -0.11909510940313339 -0.13870640099048615 -0.13870640099048615 -0.13870640099048615 -0.11909510940313339 -0.13870640099048615 -0.11909510940313339 -0.11909510940313339 -0.137908473610878 -0.17015136778354645 -0.11909510940313339 -0.1490073800086975 -0.11909510940313339 -0.13909131288528442 -0.09469714760780334 -0.0958484560251236 -0.097232885658741 -0.06503166258335114 -0.01744312047958374 -0.003064436838030815 -0.004268617369234562 -0.0026078352238982916 -0.0032423590309917927 -0.003440634813159704 -0.0025670339819043875 -0.002427223604172468 -0.0023635639809072018 -0.0020986662711948156 -0.0014561560237780213 -0.0014561560237780213 -0.0014561560237780213 -0.0011018209625035524 -0.0011018209625035524 -0.0009636748000048101 -0.00025940098566934466
-0.17301955819129944 -0.17301955819129944 -0.17301955819129944 -0.13870640099048615 -0.11909510940313339 -0.11909510940313339 -0.17301955819129944 -0.17301955819129944 -0.13870640099048615 -0.17301955819129944 -0.13870640099048615 -0.11909510940313339 -0.11909510940313339 -0.11909510940313339 -0.13870640099048615 -0.13870640099048615 -0.13870640099048615 -0.11909510940313339 -0.13870640099048615 -0.11909510940313339 -0.11909510940313339 -0.137908473610878 -0.17015136778354645 -0.11909510940313339 -0.1490073800086975 -0.11909510940313339 -0.13909131288528442 -0.1318504363298416 -0.0958484560251236 -0.097232885658741 -0.06503166258335114 -0.01744312047958374 -0.003064436838030815 -0.004268617369234562 -0.0026078352238982916 -0.0032423590309917927 -0.003440634813159704 -0.0025670339819043875 -0.002427223604172468 -0.0023635639809072018 -0.0020986662711948156 -0.0014561560237780213 -0.0014561560237780213 -0.0014561560237780213 -0.0011018209625035524 -0.0011018209625035524 -0.0009636748000048101 -0.00025940098566934466
-0.17275021970272064 -0.17275021970272064 -0.17275021970272064 -0.13870640099048615 -0.11909510940313339 -0.11909510940313339 -0.17275021970272064 -0.17275021970272064 -0.13870640099048615 -0.17275021970272064 -0.13870640099048615 -0.11909510940313339 -0.11909510940313339 -0.11909510940313339 -0.13870640099048615 -0.13870640099048615 -0.13870640099048615 -0.11909510940313339 -0.13870640099048615 -0.11909510940313339 -0.11909510940313339 -0.137908473610878 -0.17015136778354645 -0.11909510940313339 -0.1490073800086975 -0.11909510940313339 -0.13909131288528442 -0.09469714760780334 -0.0958484560251236 -0.097232885658741 -0.06503166258335114 -0.01744312047958374 -0.003064436838030815 -0.004268617369234562 -0.0026078352238982916 -0.0032423590309917927 -0.003440634813159704 -0.0025670339819043875 -0.002427223604172468 -0.0023635639809072018 -0.0020986662711948156 -0.0014561560237780213 -0.0014561560237780213 -0.0014561560237780213 -0.0011018209625035524 -0.0011018209625035524 -0.0009636748000048101 -0.00025940098566934466
-0.17266657948493958 -0.17266657948493958 -0.17266657948493958 -0.13870640099048615 -0.11909510940313339 -0.11909510940313339 -0.17266657948493958 -0.17266657948493958 -0.13870640099048615 -0.17266657948493958 -0.13870640099048615 -0.11909510940313339 -0.11909510940313339 -0.11909510940313339 -0.13870640099048615 -0.13870640099048615 -0.13870640099048615 -0.11909510940313339 -0.13870640099048615 -0.11909510940313339 -0.11909510940313339 -0.137908473610878 -0.17015136778354645 -0.11909510940313339 -0.1490073800086975 -0.11909510940313339 -0.13909131288528442 -0.09469714760780334 -0.0958484560251236 -0.097232885658741 -0.06503166258335114 -0.01744312047958374 -0.003064436838030815 -0.004268617369234562 -0.0026078352238982916 -0.0032423590309917927 -0.003440634813159704 -0.0025670339819043875 -0.002427223604172468 -0.0023635639809072018 -0.0020986662711948156 -0.0014561560237780213 -0.0014561560237780213 -0.0014561560237780213 -0.0011018209625035524 -0.0011018209625035524 -0.0009636748000048101 -0.00025940098566934466
-0.16190744936466217 -0.16190744936466217 -0.16190744936466217 -0.13870640099048615 -0.11909510940313339 -0.11909510940313339 -0.16190744936466217 -0.16190744936466217 -0.13870640099048615 -0.16190744936466217 -0.13870640099048615 -0.11909510940313339 -0.11909510940313339 -0.11909510940313339 -0.13870640099048615 -0.13870640099048615 -0.13870640099048615 -0.11909510940313339 -0.13870640099048615 -0.11909510940313339 -0.11909510940313339 -0.137908473610878 -0.16190744936466217 -0.11909510940313339 -0.1490073800086975 -0.11909510940313339 -0.13909131288528442 -0.09469714760780334 -0.0958484560251236 -0.097232885658741 -0.06503166258335114 -0.01744312047958374 -0.003064436838030815 -0.004268617369234562 -0.0026078352238982916 -0.0032423590309917927 -0.003440634813159704 -0.0025670339819043875 -0.002427223604172468 -0.0023635639809072018 -0.0020986662711948156 -0.0014561560237780213 -0.0014561560237780213 -0.0014561560237780213 -0.0011018209625035524 -0.0011018209625035524 -0.0009636748000048101 -0.00025940098566934466
-0.11909510940313339 -0.11909510940313339 -0.11909510940313339 -0.11909510940313339 -0.1325797140598297 -0.1325797140598297 -0.11909510940313339 -0.11909510940313339 -0.11909510940313339 -0.11909510940313339 -0.11909510940313339 -0.1325797140598297 -0.1325797140598297 -0.1325797140598297 -0.11909510940313339 -0.11909510940313339 -0.11909510940313339 -0.1325797140598297 -0.11909510940313339 -0.1325797140598297 -0.1325797140598297 -0.11909510940313339 -0.11909510940313339 -0.12625432014465332 -0.11909510940313339 -0.1325797140598297 -0.11909510940313339 -0.09469714760780334 -0.0958484560251236 -0.097232885658741 -0.06503166258335114 -0.01744312047958374 -0.003064436838030815 -0.004268617369234562 -0.0026078352238982916 -0.0032423590309917927 -0.003440634813159704 -0.0025670339819043875 -0.002427223604172468 -0.0023635639809072018 -0.0020986662711948156 -0.0014561560237780213 -0.0014561560237780213 -0.0014561560237780213 -0.0012635678285732865 -0.0011443827534094453 -0.0009636748000048101 -0.00025940098566934466
-0.09682001918554306 -0.09682001918554306 -0.09682001918554306 -0.09682001918554306 -0.09682001918554306 -0.09682001918554306 -0.09682001918554306 -0.09682001918554306 -0.09682001918554306 -0.09682001918554306 -0.09682001918554306 -0.09682001918554306 -0.09682001918554306 -0.09682001918554306 -0.09682001918554306 -0.09682001918554306 -0.09682001918554306 -0.09682001918554306 -0.09682001918554306 -0.09682001918554306 -0.09682001918554306 -0.09682001918554306 -0.09682001918554306 -0.09682001918554306 -0.09682001918554306 -0.09682001918554306 -0.09682001918554306 -0.09469714760780334 -0.0958484560251236 -0.09682001918554306 -0.06503166258335114 -0.01744312047958374 -0.003064436838030815 -0.004268617369234562 -0.0026078352238982916 -0.0032423590309917927 -0.003440634813159704 -0.0025670339819043875 -0.002427223604172468 -0.0023635639809072018 -0.0020986662711948156 -0.0014561560237780213 -0.0014561560237780213 -0.0014561560237780213 -0.0011018209625035524 -0.0011018209625035524 -0.0009636748000048101 -0.00025940098566934466
-0.09114637970924377 -0.09114637970924377 -0.09114637970924377 -0.09114637970924377 -0.09114637970924377 -0.09114637970924377 -0.09114637970924377 -0.09114637970924377 -0.09114637970924377 -0.09114637970924377 -0.09114637970924377 -0.09114637970924377 -0.09114637970924377 -0.09114637970924377 -0.09114637970924377 -0.09114637970924377 -0.09114637970924377 -0.09114637970924377 -0.09114637970924377 -0.09114637970924377 -0.09114637970924377 -0.09114637970924377 -0.09114637970924377 -0.09114637970924377 -0.09114637970924377 -0.09114637970924377 -0.09114637970924377 -0.09114637970924377 -0.09114637970924377 -0.09114637970924377 -0.06503166258335114 -0.01744312047958374 -0.003064436838030815 -0.004268617369234562 -0.0026078352238982916 -0.0032423590309917927 -0.003440634813159704 -0.0025670339819043875 -0.002427223604172468 -0.0023635639809072018 -0.0020986662711948156 -0.0014561560237780213 -0.0014561560237780213 -0.0014561560237780213 -0.0011018209625035524 -0.0011018209625035524 -0.0009636748000048101 -0.00025940098566934466
-0.08711788058280945 -0.08711788058280945 -0.08711788058280945 -0.08711788058280945 -0.08711788058280945 -0.08711788058280945 -0.08711788058280945 -0.08711788058280945 -0.08711788058280945 -0.08711788058280945 -0.08711788058280945 -0.08711788058280945 -0.08711788058280945 -0.08711788058280945 -0.08711788058280945 -0.08711788058280945 -0.08711788058280945 -0.08711788058280945 -0.08711788058280945 -0.08711788058280945 -0.08711788058280945 -0.08711788058280945 -0.08711788058280945 -0.08711788058280945 -0.08711788058280945 -0.08711788058280945 -0.08711788058280945 -0.08711788058280945 -0.08711788058280945 -0.08711788058280945 -0.06503166258335114 -0.01744312047958374 -0.003064436838030815 -0.004268617369234562 -0.0026078352238982916 -0.0032423590309917927 -0.003440634813159704 -0.0025670339819043875 -0.002427223604172468 -0.0023635639809072018 -0.0020986662711948156 -0.0014561560237780213 -0.0014561560237780213 -0.0014561560237780213 -0.0011018209625035524 -0.0011018209625035524 -0.0009636748000048101 -0.00025940098566934466
-0.07049119472503662 -0.07049119472503662 -0.07049119472503662 -0.07049119472503662 -0.07049119472503662 -0.07049119472503662 -0.07049119472503662 -0.07049119472503662 -0.07049119472503662 -0.07049119472503662 -0.07049119472503662 -0.07049119472503662 -0.07049119472503662 -0.07049119472503662 -0.07049119472503662 -0.07049119472503662 -0.07049119472503662 -0.07049119472503662 -0.07049119472503662 -0.07049119472503662 -0.07049119472503662 -0.07049119472503662 -0.07049119472503662 -0.07049119472503662 -0.07049119472503662 -0.07049119472503662 -0.07049119472503662 -0.07049119472503662 -0.07049119472503662 -0.07049119472503662 -0.06503166258335114 -0.01744312047958374 -0.003064436838030815 -0.004268617369234562 -0.0026078352238982916 -0.0032423590309917927 -0.003440634813159704 -0.0025670339819043875 -0.002427223604172468 -0.0023635639809072018 -0.0020986662711948156 -0.0014561560237780213 -0.0014561560237780213 -0.0014561560237780213 -0.0011018209625035524 -0.0011018209625035524 -0.0009636748000048101 -0.00025940098566934466
-0.07029776275157928 -0.07029776275157928 -0.07029776275157928 -0.07029776275157928 -0.07029776275157928 -0.07029776275157928 -0.07029776275157928 -0.07029776275157928 -0.07029776275157928 -0.07029776275157928 -0.07029776275157928 -0.07029776275157928 -0.07029776275157928 -0.07029776275157928 -0.07029776275157928 -0.07029776275157928 -0.07029776275157928 -0.07029776275157928 -0.07029776275157928 -0.07029776275157928 -0.07029776275157928 -0.07029776275157928 -0.07029776275157928 -0.07029776275157928 -0.07029776275157928 -0.07029776275157928 -0.07029776275157928 -0.07029776275157928 -0.07029776275157928 -0.07029776275157928 -0.06503166258335114 -0.01744312047958374 -0.003064436838030815 -0.004268617369234562 -0.0026078352238982916 -0.0032423590309917927 -0.003440634813159704 -0.0025670339819043875 -0.002427223604172468 -0.0023635639809072018 -0.0020986662711948156 -0.0014561560237780213 -0.0014561560237780213 -0.0014561560237780213 -0.0011018209625035524 -0.0011018209625035524 -0.0009636748000048101 -0.00025940098566934466
-0.06883575767278671 -0.06883575767278671 -0.06883575767278671 -0.06883575767278671 -0.06883575767278671 -0.06883575767278671 -0.06883575767278671 -0.06883575767278671 -0.06883575767278671 -0.06883575767278671 -0.06883575767278671 -0.06883575767278671 -0.06883575767278671 -0.06883575767278671 -0.06883575767278671 -0.06883575767278671 -0.06883575767278671 -0.06883575767278671 -0.06883575767278671 -0.06883575767278671 -0.06883575767278671 -0.06883575767278671 -0.06883575767278671 -0.06883575767278671 -0.06883575767278671 -0.06883575767278671 -0.06883575767278671 -0.06883575767278671 -0.06883575767278671 -0.06883575767278671 -0.06503166258335114 -0.01744312047958374 -0.003064436838030815 -0.004268617369234562 -0.0026078352238982916 -0.0032423590309917927 -0.003440634813159704 -0.0025670339819043875 -0.002427223604172468 -0.0023635639809072018 -0.0020986662711948156 -0.0014561560237780213 -0.0014561560237780213 -0.0014561560237780213 -0.0011018209625035524 -0.0011018209625035524 -0.0009636748000048101 -0.00025940098566934466
-0.06690653413534164 -0.06690653413534164 -0.06690653413534164 -0.06690653413534164 -0.06690653413534164 -0.06690653413534164 -0.06690653413534164 -0.06690653413534164 -0.06690653413534164 -0.06690653413534164 -0.06690653413534164 -0.06690653413534164 -0.06690653413534164 -0.06690653413534164 -0.06690653413534164 -0.06690653413534164 -0.06690653413534164 -0.06690653413534164 -0.06690653413534164 -0.06690653413534164 -0.06690653413534164 -0.06690653413534164 -0.06690653413534164 -0.06690653413534164 -0.06690653413534164 -0.06690653413534164 -0.06690653413534164 -0.06690653413534164 -0.06690653413534164 -0.06690653413534164 -0.06503166258335114 -0.01744312047958374 -0.003064436838030815 -0.004268617369234562 -0.0026078352238982916 -0.0032423590309917927 -0.003440634813159704 -0.0025670339819043875 -0.002427223604172468 -0.0023635639809072018 -0.0020986662711948156 -0.0014561560237780213 -0.0014561560237780213 -0.0014561560237780213 -0.0011018209625035524 -0.0011018209625035524 -0.0009636748000048101 -0.00025940098566934466
-0.0474000982940197 -0.0474000982940197 -0.0474000982940197 -0.0474000982940197 -0.0474000982940197 -0.0474000982940197 -0.0474000982940197 -0.0474000982940197 -0.0474000982940197 -0.0474000982940197 -0.0474000982940197 -0.0474000982940197 -0.0474000982940197 -0.0474000982940197 -0.0474000982940197 -0.0474000982940197 -0.0474000982940197 -0.0474000982940197 -0.0474000982940197 -0.0474000982940197 -0.0474000982940197 -0.0474000982940197 -0.0474000982940197 -0.0474000982940197 -0.0474000982940197 -0.0474000982940197 -0.0474000982940197 -0.0474000982940197 -0.0474000982940197 -0.0474000982940197 -0.0474000982940197 -0.01744312047958374 -0.003064436838030815 -0.004268617369234562 -0.0026078352238982916 -0.0032423590309917927 -0.003440634813159704 -0.0025670339819043875 -0.002427223604172468 -0.0023635639809072018 -0.0020986662711948156 -0.0014561560237780213 -0.0014561560237780213 -0.0014561560237780213 -0.0011018209625035524 -0.0011018209625035524 -0.0009636748000048101 -0.00025940098566934466
-0.0211725402623415 -0.0211725402623415 -0.0211725402623415 -0.0211725402623415 -0.0211725402623415 -0.0211725402623415 -0.0211725402623415 -0.0211725402623415 -0.0211725402623415 -0.0211725402623415 -0.0211725402623415 -0.0211725402623415 -0.0211725402623415 -0.0211725402623415 -0.0211725402623415 -0.0211725402623415 -0.0211725402623415 -0.0211725402623415 -0.0211725402623415 -0.0211725402623415 -0.0211725402623415 -0.0211725402623415 -0.0211725402623415 -0.0211725402623415 -0.0211725402623415 -0.0211725402623415 -0.0211725402623415 -0.0211725402623415 -0.0211725402623415 -0.0211725402623415 -0.0211725402623415 -0.02099633403122425 -0.003064436838030815 -0.004268617369234562 -0.0026078352238982916 -0.0032423590309917927 -0.003440634813159704 -0.0025670339819043875 -0.002427223604172468 -0.0023635639809072018 -0.0020986662711948156 -0.0020996173843741417 -0.002099212259054184 -0.0015889059286564589 -0.0011018209625035524 -0.0011018209625035524 -0.0009636748000048101 -0.00025940098566934466
-0.018220193684101105 -0.018220193684101105 -0.018220193684101105 -0.018220193684101105 -0.018220193684101105 -0.018220193684101105 -0.018220193684101105 -0.018220193684101105 -0.018220193684101105 -0.018220193684101105 -0.018220193684101105 -0.018220193684101105 -0.018220193684101105 -0.018220193684101105 -0.018220193684101105 -0.018220193684101105 -0.018220193684101105 -0.018220193684101105 -0.018220193684101105 -0.018220193684101105 -0.018220193684101105 -0.018220193684101105 -0.018220193684101105 -0.018220193684101105 -0.018220193684101105 -0.018220193684101105 -0.018220193684101105 -0.018220193684101105 -0.018220193684101105 -0.018220193684101105 -0.018220193684101105 -0.018220193684101105 -0.003064436838030815 -0.004268617369234562 -0.0026078352238982916 -0.0032423590309917927 -0.003440634813159704 -0.0025670339819043875 -0.002427223604172468 -0.0023635639809072018 -0.0020986662711948156 -0.0015889059286564589 -0.0015889059286564589 -0.0015889059286564589 -0.0011018209625035524 -0.0011018209625035524 -0.0009636748000048101 -0.00025940098566934466
-0.015627341344952583 -0.015627341344952583 -0.015627341344952583 -0.015627341344952583 -0.015627341344952583 -0.015627341344952583 -0.015627341344952583 -0.015627341344952583 -0.015627341344952583 -0.015627341344952583 -0.015627341344952583 -0.015627341344952583 -0.015627341344952583 -0.015627341344952583 -0.015627341344952583 -0.015627341344952583 -0.015627341344952583 -0.015627341344952583 -0.015627341344952583 -0.015627341344952583 -0.015627341344952583 -0.015627341344952583 -0.015627341344952583 -0.015627341344952583 -0.015627341344952583 -0.015627341344952583 -0.015627341344952583 -0.015627341344952583 -0.015627341344952583 -0.015627341344952583 -0.015627341344952583 -0.015627341344952583 -0.003064436838030815 -0.004268617369234562 -0.0026078352238982916 -0.0032423590309917927 -0.003440634813159704 -0.0025670339819043875 -0.002427223604172468 -0.0023635639809072018 -0.0020986662711948156 -0.0014561560237780213 -0.0014561560237780213 -0.0014561560237780213 -0.0011018209625035524 -0.0011018209625035524 -0.0009636748000048101 -0.00025940098566934466
-0.008852184750139713 -0.008852184750139713 -0.008852184750139713 -0.008852184750139713 -0.008852184750139713 -0.008852184750139713 -0.008852184750139713 -0.008852184750139713 -0.008852184750139713 -0.008852184750139713 -0.008852184750139713 -0.008852184750139713 -0.008852184750139713 -0.008852184750139713 -0.008852184750139713 -0.008852184750139713 -0.008852184750139713 -0.008852184750139713 -0.008852184750139713 -0.008852184750139713 -0.008852184750139713 -0.008852184750139713 -0.008852184750139713 -0.008852184750139713 -0.008852184750139713 -0.008852184750139713 -0.008852184750139713 -0.008852184750139713 -0.008852184750139713 -0.008852184750139713 -0.008852184750139713 -0.008852184750139713 -0.0052572512067854404 -0.004268617369234562 -0.0026078352238982916 -0.0032423590309917927 -0.003440634813159704 -0.002694382332265377 -0.0024585872888565063 -0.0023659139405936003 -0.002277260646224022 -0.0015889059286564589 -0.0015889059286564589 -0.0015889059286564589 -0.0011018209625035524 -0.0011018209625035524 -0.0009636748000048101 -0.00025940098566934466
-0.002026689238846302 -0.002026689238846302 -0.002026689238846302 -0.002026689238846302 -0.002026689238846302 -0.002026689238846302 -0.002026689238846302 -0.002026689238846302 -0.002026689238846302 -0.002026689238846302 -0.002026689238846302 -0.002026689238846302 -0.002026689238846302 -0.002026689238846302 -0.002026689238846302 -0.002026689238846302 -0.002026689238846302 -0.002026689238846302 -0.002026689238846302 -0.002026689238846302 -0.002026689238846302 -0.002026689238846302 -0.002026689238846302 -0.002026689238846302 -0.002026689238846302 -0.002026689238846302 -0.002026689238846302 -0.002026689238846302 -0.002026689238846302 -0.002026689238846302 -0.002026689238846302 -0.002026689238846302 -0.002026689238846302 -0.002026689238846302 -0.002026689238846302 -0.002026689238846302 -0.002026689238846302 -0.002026689238846302 -0.002026689238846302 -0.002026689238846302 -0.002026689238846302 -0.002026689238846302 -0.002026689238846302 -0.0017466580029577017 -0.0011018209625035524 -0.0011018209625035524 -0.0009636748000048101 -0.00025940098566934466
-0.001939344801940024 -0.001939344801940024 -0.001939344801940024 -0.001939344801940024 -0.001939344801940024 -0.001939344801940024 -0.001939344801940024 -0.001939344801940024 -0.001939344801940024 -0.001939344801940024 -0.001939344801940024 -0.001939344801940024 -0.001939344801940024 -0.001939344801940024 -0.001939344801940024 -0.001939344801940024 -0.001939344801940024 -0.001939344801940024 -0.001939344801940024 -0.001939344801940024 -0.001939344801940024 -0.001939344801940024 -0.001939344801940024 -0.001939344801940024 -0.001939344801940024 -0.001939344801940024 -0.001939344801940024 -0.001939344801940024 -0.001939344801940024 -0.001939344801940024 -0.001939344801940024 -0.001939344801940024 -0.001939344801940024 -0.001939344801940024 -0.001939344801940024 -0.001939344801940024 -0.001939344801940024 -0.001939344801940024 -0.001939344801940024 -0.001939344801940024 -0.001939344801940024 -0.001939344801940024 -0.001939344801940024 -0.0017466580029577017 -0.0011018209625035524 -0.0011018209625035524 -0.0009636748000048101 -0.00025940098566934466
-0.0018650523852556944 -0.0018650523852556944 -0.0018650523852556944 -0.0018650523852556944 -0.0018650523852556944 -0.0018650523852556944 -0.0018650523852556944 -0.0018650523852556944 -0.0018650523852556944 -0.0018650523852556944 -0.0018650523852556944 -0.0018650523852556944 -0.0018650523852556944 -0.0018650523852556944 -0.0018650523852556944 -0.0018650523852556944 -0.0018650523852556944 -0.0018650523852556944 -0.0018650523852556944 -0.0018650523852556944 -0.0018650523852556944 -0.0018650523852556944 -0.0018650523852556944 -0.0018650523852556944 -0.0018650523852556944 -0.0018650523852556944 -0.0018650523852556944 -0.0018650523852556944 -0.0018650523852556944 -0.0018650523852556944 -0.0018650523852556944 -0.0018650523852556944 -0.0018650523852556944 -0.0018650523852556944 -0.0018650523852556944 -0.0018650523852556944 -0.0018650523852556944 -0.0018650523852556944 -0.0018650523852556944 -0.0018650523852556944 -0.0018650523852556944 -0.0014561560237780213 -0.0014561560237780213 -0.0014561560237780213 -0.0011018209625035524 -0.0011018209625035524 -0.0009636748000048101 -0.00025940098566934466
-0.0018127565272152424 -0.0018127565272152424 -0.0018127565272152424 -0.0018127565272152424 -0.0018127565272152424 -0.0018127565272152424 -0.0018127565272152424 -0.0018127565272152424 -0.0018127565272152424 -0.0018127565272152424 -0.0018127565272152424 -0.0018127565272152424 -0.0018127565272152424 -0.0018127565272152424 -0.0018127565272152424 -0.0018127565272152424 -0.0018127565272152424 -0.0018127565272152424 -0.0018127565272152424 -0.0018127565272152424 -0.0018127565272152424 -0.0018127565272152424 -0.0018127565272152424 -0.0018127565272152424 -0.0018127565272152424 -0.0018127565272152424 -0.0018127565272152424 -0.0018127565272152424 -0.0018127565272152424 -0.0018127565272152424 -0.0018127565272152424 -0.0018127565272152424 -0.0018127565272152424 -0.0018127565272152424 -0.0018127565272152424 -0.0018127565272152424 -0.0018127565272152424 -0.0018127565272152424 -0.0018127565272152424 -0.0018127565272152424 -0.0018127565272152424 -0.0014561560237780213 -0.0014561560237780213 -0.0014561560237780213 -0.0011018209625035524 -0.0011018209625035524 -0.0009636748000048101 -0.00025940098566934466
-0.0014217965072020888 -0.0014217965072020888 -0.0014217965072020888 -0.0014217965072020888 -0.0014217965072020888 -0.0014217965072020888 -0.0014217965072020888 -0.0014217965072020888 -0.0014217965072020888 -0.0014217965072020888 -0.0014217965072020888 -0.0014217965072020888 -0.0014217965072020888 -0.0014217965072020888 -0.0014217965072020888 -0.0014217965072020888 -0.0014217965072020888 -0.0014217965072020888 -0.0014217965072020888 -0.0014217965072020888 -0.0014217965072020888 -0.0014217965072020888 -0.0014217965072020888 -0.0014217965072020888 -0.0014217965072020888 -0.0014217965072020888 -0.0014217965072020888 -0.0014217965072020888 -0.0014217965072020888 -0.0014217965072020888 -0.0014217965072020888 -0.0014217965072020888 -0.0014217965072020888 -0.0014217965072020888 -0.0014217965072020888 -0.0014217965072020888 -0.0014217965072020888 -0.0014217965072020888 -0.0014217965072020888 -0.0014217965072020888 -0.0014217965072020888 -0.0014217965072020888 -0.0014217965072020888 -0.0014217965072020888 -0.0011018209625035524 -0.0011018209625035524 -0.0009636748000048101 -0.00025940098566934466
-0.0007992660393938422 -0.0007992660393938422 -0.0007992660393938422 -0.0007992660393938422 -0.0007992660393938422 -0.0007992660393938422 -0.0007992660393938422 -0.0007992660393938422 -0.0007992660393938422 -0.0007992660393938422 -0.0007992660393938422 -0.0007992660393938422 -0.0007992660393938422 -0.0007992660393938422 -0.0007992660393938422 -0.0007992660393938422 -0.0007992660393938422 -0.0007992660393938422 -0.0007992660393938422 -0.0007992660393938422 -0.0007992660393938422 -0.0007992660393938422 -0.0007992660393938422 -0.0007992660393938422 -0.0007992660393938422 -0.0007992660393938422 -0.0007992660393938422 -0.0007992660393938422 -0.0007992660393938422 -0.0007992660393938422 -0.0007992660393938422 -0.0007992660393938422 -0.0007992660393938422 -0.0007992660393938422 -0.0007992660393938422 -0.0007992660393938422 -0.0007992660393938422 -0.0007992660393938422 -0.0007992660393938422 -0.0007992660393938422 -0.0007992660393938422 -0.0007992660393938422 -0.0007992660393938422 -0.0007992660393938422 -0.0007992660393938422 -0.0007992660393938422 -0.0007992660393938422 -0.00025940098566934466