-0.7090579867362976 -0.5346801280975342 -0.5048165917396545 -0.4804876744747162 -0.4804876744747162 -0.4812100827693939 -0.1778102070093155 -0.41605517268180847 -0.19353912770748138 -0.1778102070093155 -0.1778102070093155 -0.19353912770748138 -0.19353912770748138 -0.19422070682048798 -0.19422070682048798 -0.19422070682048798 -0.19422070682048798 -0.1778102070093155 -0.1778102070093155 -0.14266444742679596 -0.14056967198848724 -0.10900036990642548 -0.035541098564863205 -0.02736268937587738 -0.02235371433198452 -0.017530076205730438 -0.017530076205730438 -0.004611325450241566 -0.010385345667600632 -0.005099428351968527 -0.0038409049157053232 -0.004362544044852257 -0.0037704743444919586 -0.0031596627086400986 -0.0027066206093877554 -0.0020830328576266766 -0.0013653947971761227 -0.0013042058562859893 -0.0011908754240721464
-0.4804876744747162 -0.4804876744747162 -0.4804876744747162 -0.49677950143814087 -0.48145395517349243 -0.4804876744747162 -0.1778102070093155 -0.41605517268180847 -0.19353912770748138 -0.1778102070093155 -0.1778102070093155 -0.19353912770748138 -0.19353912770748138 -0.19422070682048798 -0.19422070682048798 -0.19422070682048798 -0.19422070682048798 -0.1778102070093155 -0.1778102070093155 -0.14266444742679596 -0.14056967198848724 -0.10900036990642548 -0.035541098564863205 -0.02736268937587738 -0.02235371433198452 -0.017530076205730438 -0.017530076205730438 -0.004611325450241566 -0.010385345667600632 -0.005099428351968527 -0.0038409049157053232 -0.004362544044852257 -0.0037704743444919586 -0.0031596627086400986 -0.0027066206093877554 -0.0020830328576266766 -0.0013653947971761227 -0.0013042058562859893 -0.0011908754240721464
-0.6519421935081482 -0.5712319612503052 -0.545497477054596 -0.4804876744747162 -0.4804876744747162 -0.4812100827693939 -0.1778102070093155 -0.41605517268180847 -0.19353912770748138 -0.1778102070093155 -0.1778102070093155 -0.19353912770748138 -0.19353912770748138 -0.19422070682048798 -0.19422070682048798 -0.19422070682048798 -0.19422070682048798 -0.1778102070093155 -0.1778102070093155 -0.14266444742679596 -0.14056967198848724 -0.10900036990642548 -0.035541098564863205 -0.02736268937587738 -0.02235371433198452 -0.017530076205730438 -0.017530076205730438 -0.004611325450241566 -0.010385345667600632 -0.005099428351968527 -0.0038409049157053232 -0.004362544044852257 -0.0037704743444919586 -0.0031596627086400986 -0.0027066206093877554 -0.0020830328576266766 -0.0013653947971761227 -0.0013042058562859893 -0.0011908754240721464
-0.5346801280975342 -0.5346801280975342 -0.5048165917396545 -0.49677950143814087 -0.4815588593482971 -0.48136961460113525 -0.1778102070093155 -0.41605517268180847 -0.19353912770748138 -0.1778102070093155 -0.1778102070093155 -0.19353912770748138 -0.19353912770748138 -0.19422070682048798 -0.19422070682048798 -0.19422070682048798 -0.19422070682048798 -0.1778102070093155 -0.1778102070093155 -0.14266444742679596 -0.14056967198848724 -0.10900036990642548 -0.035541098564863205 -0.02736268937587738 -0.02235371433198452 -0.017530076205730438 -0.017530076205730438 -0.004611325450241566 -0.010385345667600632 -0.005099428351968527 -0.0038409049157053232 -0.004362544044852257 -0.0037704743444919586 -0.0031596627086400986 -0.0027066206093877554 -0.0020830328576266766 -0.0013653947971761227 -0.0013042058562859893 -0.0011908754240721464
-0.5346801280975342 -0.5712319612503052 -0.5048165917396545 -0.49677950143814087 -0.4815588593482971 -0.48136961460113525 -0.1778102070093155 -0.41605517268180847 -0.19353912770748138 -0.1778102070093155 -0.1778102070093155 -0.19353912770748138 -0.19353912770748138 -0.19422070682048798 -0.19422070682048798 -0.19422070682048798 -0.19422070682048798 -0.1778102070093155 -0.1778102070093155 -0.14266444742679596 -0.14056967198848724 -0.10900036990642548 -0.035541098564863205 -0.02736268937587738 -0.02235371433198452 -0.017530076205730438 -0.017530076205730438 -0.004611325450241566 -0.010385345667600632 -0.005099428351968527 -0.0038409049157053232 -0.004362544044852257 -0.0037704743444919586 -0.0031596627086400986 -0.0027066206093877554 -0.0020830328576266766 -0.0013653947971761227 -0.0013042058562859893 -0.0011908754240721464
-0.5346801280975342 -0.5421857833862305 -0.5421857833862305 -0.4804876744747162 -0.4804876744747162 -0.4812100827693939 -0.1778102070093155 -0.41605517268180847 -0.19353912770748138 -0.1778102070093155 -0.1778102070093155 -0.19353912770748138 -0.19353912770748138 -0.19422070682048798 -0.19422070682048798 -0.19422070682048798 -0.19422070682048798 -0.1778102070093155 -0.1778102070093155 -0.14266444742679596 -0.14056967198848724 -0.10900036990642548 -0.035541098564863205 -0.02736268937587738 -0.02235371433198452 -0.017530076205730438 -0.017530076205730438 -0.004611325450241566 -0.010385345667600632 -0.005099428351968527 -0.0038409049157053232 -0.004362544044852257 -0.0037704743444919586 -0.0031596627086400986 -0.0027066206093877554 -0.0020830328576266766 -0.0013653947971761227 -0.0013042058562859893 -0.0011908754240721464
-0.19353912770748138 -0.19353912770748138 -0.19353912770748138 -0.19353912770748138 -0.19353912770748138 -0.19353912770748138 -0.1778102070093155 -0.19353912770748138 -0.30277109146118164 -0.1778102070093155 -0.1778102070093155 -0.30921468138694763 -0.25229334831237793 -0.19353912770748138 -0.19353912770748138 -0.19353912770748138 -0.19353912770748138 -0.1778102070093155 -0.1778102070093155 -0.14266444742679596 -0.14056967198848724 -0.10900036990642548 -0.035541098564863205 -0.02736268937587738 -0.02235371433198452 -0.017530076205730438 -0.017530076205730438 -0.004611325450241566 -0.010385345667600632 -0.005099428351968527 -0.0038409049157053232 -0.004362544044852257 -0.0037704743444919586 -0.0031596627086400986 -0.0027066206093877554 -0.0020830328576266766 -0.0013653947971761227 -0.0013042058562859893 -0.0011908754240721464
-0.19353912770748138 -0.19353912770748138 -0.19353912770748138 -0.19353912770748138 -0.19353912770748138 -0.19353912770748138 -0.1778102070093155 -0.19353912770748138 -0.4005500078201294 -0.1778102070093155 -0.1778102070093155 -0.30277109146118164 -0.25229334831237793 -0.19353912770748138 -0.19353912770748138 -0.19353912770748138 -0.19353912770748138 -0.1778102070093155 -0.1778102070093155 -0.14266444742679596 -0.14056967198848724 -0.10900036990642548 -0.035541098564863205 -0.02736268937587738 -0.02235371433198452 -0.017530076205730438 -0.017530076205730438 -0.004611325450241566 -0.010385345667600632 -0.005099428351968527 -0.0038409049157053232 -0.004362544044852257 -0.0037704743444919586 -0.0031596627086400986 -0.0027066206093877554 -0.0020830328576266766 -0.0013653947971761227 -0.0013042058562859893 -0.0011908754240721464
-0.19353912770748138 -0.19353912770748138 -0.19353912770748138 -0.19353912770748138 -0.19353912770748138 -0.19353912770748138 -0.1778102070093155 -0.19353912770748138 -0.3978683650493622 -0.1778102070093155 -0.1778102070093155 -0.30277109146118164 -0.2568877637386322 -0.19353912770748138 -0.19353912770748138 -0.19353912770748138 -0.19353912770748138 -0.1778102070093155 -0.1778102070093155 -0.14266444742679596 -0.14056967198848724 -0.10900036990642548 -0.035541098564863205 -0.02736268937587738 -0.02235371433198452 -0.017530076205730438 -0.017530076205730438 -0.004611325450241566 -0.010385345667600632 -0.005099428351968527 -0.0038409049157053232 -0.004362544044852257 -0.0037704743444919586 -0.0031596627086400986 -0.0027066206093877554 -0.0020830328576266766 -0.0013653947971761227 -0.0013042058562859893 -0.0011908754240721464
-0.38370880484580994 -0.38370880484580994 -0.38370880484580994 -0.38370880484580994 -0.38370880484580994 -0.38370880484580994 -0.1778102070093155 -0.38370880484580994 -0.19353912770748138 -0.1778102070093155 -0.1778102070093155 -0.19353912770748138 -0.19353912770748138 -0.19422070682048798 -0.19422070682048798 -0.19422070682048798 -0.19422070682048798 -0.1778102070093155 -0.1778102070093155 -0.14266444742679596 -0.14056967198848724 -0.10900036990642548 -0.035541098564863205 -0.02736268937587738 -0.02235371433198452 -0.017530076205730438 -0.017530076205730438 -0.004611325450241566 -0.010385345667600632 -0.005099428351968527 -0.0038409049157053232 -0.004362544044852257 -0.0037704743444919586 -0.0031596627086400986 -0.0027066206093877554 -0.0020830328576266766 -0.0013653947971761227 -0.0013042058562859893 -0.0011908754240721464
-0.1778102070093155 -0.1778102070093155 -0.1778102070093155 -0.1778102070093155 -0.1778102070093155 -0.1778102070093155 -0.38156163692474365 -0.1778102070093155 -0.1778102070093155 -0.23167838156223297 -0.2930620312690735 -0.1778102070093155 -0.1778102070093155 -0.1778102070093155 -0.1778102070093155 -0.1778102070093155 -0.1778102070093155 -0.1889672577381134 -0.18906523287296295 -0.14266444742679596 -0.14056967198848724 -0.10900036990642548 -0.035541098564863205 -0.02736268937587738 -0.02235371433198452 -0.017530076205730438 -0.017530076205730438 -0.004611325450241566 -0.010385345667600632 -0.005099428351968527 -0.0038409049157053232 -0.004593424499034882 -0.0038778625894337893 -0.0031596627086400986 -0.0027066206093877554 -0.0020830328576266766 -0.0013653947971761227 -0.0013042058562859893 -0.0011908754240721464
-0.1778102070093155 -0.1778102070093155 -0.1778102070093155 -0.1778102070093155 -0.1778102070093155 -0.1778102070093155 -0.38032326102256775 -0.1778102070093155 -0.1778102070093155 -0.23167838156223297 -0.2930620312690735 -0.1778102070093155 -0.1778102070093155 -0.1778102070093155 -0.1778102070093155 -0.1778102070093155 -0.1778102070093155 -0.1889672577381134 -0.18906523287296295 -0.14266444742679596 -0.14056967198848724 -0.10900036990642548 -0.035541098564863205 -0.02736268937587738 -0.02235371433198452 -0.017530076205730438 -0.017530076205730438 -0.004611325450241566 -0.010385345667600632 -0.005099428351968527 -0.0038409049157053232 -0.004593424499034882 -0.0037704743444919586 -0.0031596627086400986 -0.0027066206093877554 -0.0020830328576266766 -0.0013653947971761227 -0.0013042058562859893 -0.0011908754240721464
-0.1778102070093155 -0.1778102070093155 -0.1778102070093155 -0.1778102070093155 -0.1778102070093155 -0.1778102070093155 -0.2930620312690735 -0.1778102070093155 -0.1778102070093155 -0.23167838156223297 -0.31961295008659363 -0.1778102070093155 -0.1778102070093155 -0.1778102070093155 -0.1778102070093155 -0.1778102070093155 -0.1778102070093155 -0.1889672577381134 -0.18906523287296295 -0.14266444742679596 -0.14056967198848724 -0.10900036990642548 -0.035541098564863205 -0.02736268937587738 -0.02235371433198452 -0.017530076205730438 -0.017530076205730438 -0.004611325450241566 -0.010385345667600632 -0.005099428351968527 -0.0038409049157053232 -0.004362544044852257 -0.0037704743444919586 -0.0031596627086400986 -0.0027066206093877554 -0.0020830328576266766 -0.0013653947971761227 -0.0013042058562859893 -0.0011908754240721464
-0.1778102070093155 -0.1778102070093155 -0.1778102070093155 -0.1778102070093155 -0.1778102070093155 -0.1778102070093155 -0.23167838156223297 -0.1778102070093155 -0.1778102070093155 -0.3216857314109802 -0.23167838156223297 -0.1778102070093155 -0.1778102070093155 -0.1778102070093155 -0.1778102070093155 -0.1778102070093155 -0.1778102070093155 -0.1889672577381134 -0.18906523287296295 -0.14266444742679596 -0.14056967198848724 -0.10900036990642548 -0.035541098564863205 -0.02736268937587738 -0.02235371433198452 -0.017530076205730438 -0.017530076205730438 -0.004611325450241566 -0.010385345667600632 -0.005099428351968527 -0.0038409049157053232 -0.004362544044852257 -0.0037704743444919586 -0.0031596627086400986 -0.0027066206093877554 -0.0020830328576266766 -0.0013653947971761227 -0.0013042058562859893 -0.0011908754240721464
-0.1778102070093155 -0.1778102070093155 -0.1778102070093155 -0.1778102070093155 -0.1778102070093155 -0.1778102070093155 -0.23167838156223297 -0.1778102070093155 -0.1778102070093155 -0.3216857314109802 -0.23167838156223297 -0.1778102070093155 -0.1778102070093155 -0.1778102070093155 -0.1778102070093155 -0.1778102070093155 -0.1778102070093155 -0.1889672577381134 -0.18906523287296295 -0.14266444742679596 -0.14056967198848724 -0.10900036990642548 -0.035541098564863205 -0.02736268937587738 -0.02235371433198452 -0.017530076205730438 -0.017530076205730438 -0.004611325450241566 -0.010385345667600632 -0.005099428351968527 -0.0038409049157053232 -0.004362544044852257 -0.0037704743444919586 -0.0031596627086400986 -0.0027066206093877554 -0.0020830328576266766 -0.0013653947971761227 -0.0013042058562859893 -0.0011908754240721464
-0.19422070682048798 -0.19422070682048798 -0.19422070682048798 -0.19422070682048798 -0.19422070682048798 -0.19422070682048798 -0.1778102070093155 -0.19422070682048798 -0.25229334831237793 -0.1778102070093155 -0.1778102070093155 -0.25229334831237793 -0.25229334831237793 -0.25279858708381653 -0.25268423557281494 -0.251110702753067 -0.24898019433021545 -0.1778102070093155 -0.1778102070093155 -0.14266444742679596 -0.14056967198848724 -0.10900036990642548 -0.035541098564863205 -0.02736268937587738 -0.02235371433198452 -0.017530076205730438 -0.017530076205730438 -0.004611325450241566 -0.010385345667600632 -0.005099428351968527 -0.0038409049157053232 -0.004362544044852257 -0.0037704743444919586 -0.0031596627086400986 -0.0027066206093877554 -0.0020830328576266766 -0.0013653947971761227 -0.0013042058562859893 -0.0011908754240721464
-0.1778102070093155 -0.1778102070093155 -0.1778102070093155 -0.1778102070093155 -0.1778102070093155 -0.1778102070093155 -0.23167838156223297 -0.1778102070093155 -0.1778102070093155 -0.3216857314109802 -0.23167838156223297 -0.1778102070093155 -0.1778102070093155 -0.1778102070093155 -0.1778102070093155 -0.1778102070093155 -0.1778102070093155 -0.1889672577381134 -0.18906523287296295 -0.14266444742679596 -0.14056967198848724 -0.10900036990642548 -0.035541098564863205 -0.02736268937587738 -0.02235371433198452 -0.017530076205730438 -0.017530076205730438 -0.004611325450241566 -0.010385345667600632 -0.005099428351968527 -0.0038409049157053232 -0.004362544044852257 -0.0037704743444919586 -0.0031596627086400986 -0.0027066206093877554 -0.0020830328576266766 -0.0013653947971761227 -0.0013042058562859893 -0.0011908754240721464
-0.1778102070093155 -0.1778102070093155 -0.1778102070093155 -0.1778102070093155 -0.1778102070093155 -0.1778102070093155 -0.3267683982849121 -0.1778102070093155 -0.1778102070093155 -0.3216857314109802 -0.2930620312690735 -0.1778102070093155 -0.1778102070093155 -0.1778102070093155 -0.1778102070093155 -0.1778102070093155 -0.1778102070093155 -0.1889672577381134 -0.18906523287296295 -0.14266444742679596 -0.14056967198848724 -0.10900036990642548 -0.035541098564863205 -0.02736268937587738 -0.02235371433198452 -0.017530076205730438 -0.017530076205730438 -0.004611325450241566 -0.010385345667600632 -0.005099428351968527 -0.0038409049157053232 -0.004362544044852257 -0.0037704743444919586 -0.0031596627086400986 -0.0027066206093877554 -0.0020830328576266766 -0.0013653947971761227 -0.0013042058562859893 -0.0011908754240721464
-0.1778102070093155 -0.1778102070093155 -0.1778102070093155 -0.1778102070093155 -0.1778102070093155 -0.1778102070093155 -0.23167838156223297 -0.1778102070093155 -0.1778102070093155 -0.3216857314109802 -0.23167838156223297 -0.1778102070093155 -0.1778102070093155 -0.1778102070093155 -0.1778102070093155 -0.1778102070093155 -0.1778102070093155 -0.1889672577381134 -0.18906523287296295 -0.14266444742679596 -0.14056967198848724 -0.10900036990642548 -0.035541098564863205 -0.02736268937587738 -0.02235371433198452 -0.017530076205730438 -0.017530076205730438 -0.004611325450241566 -0.010385345667600632 -0.005099428351968527 -0.0038409049157053232 -0.004362544044852257 -0.0037704743444919586 -0.0031596627086400986 -0.0027066206093877554 -0.0020830328576266766 -0.0013653947971761227 -0.0013042058562859893 -0.0011908754240721464
-0.1778102070093155 -0.1778102070093155 -0.1778102070093155 -0.1778102070093155 -0.1778102070093155 -0.1778102070093155 -0.23167838156223297 -0.1778102070093155 -0.1778102070093155 -0.3216857314109802 -0.23167838156223297 -0.1778102070093155 -0.1778102070093155 -0.1778102070093155 -0.1778102070093155 -0.1778102070093155 -0.1778102070093155 -0.1889672577381134 -0.18906523287296295 -0.14266444742679596 -0.14056967198848724 -0.10900036990642548 -0.035541098564863205 -0.02736268937587738 -0.02235371433198452 -0.017530076205730438 -0.017530076205730438 -0.004611325450241566 -0.010385345667600632 -0.005099428351968527 -0.0038409049157053232 -0.004362544044852257 -0.0037704743444919586 -0.0031596627086400986 -0.0027066206093877554 -0.0020830328576266766 -0.0013653947971761227 -0.0013042058562859893 -0.0011908754240721464
-0.2671950161457062 -0.2671950161457062 -0.2671950161457062 -0.2671950161457062 -0.2671950161457062 -0.2671950161457062 -0.1778102070093155 -0.2671950161457062 -0.25229334831237793 -0.1778102070093155 -0.1778102070093155 -0.25229334831237793 -0.25229334831237793 -0.19422070682048798 -0.19422070682048798 -0.19422070682048798 -0.19422070682048798 -0.1778102070093155 -0.1778102070093155 -0.14266444742679596 -0.14056967198848724 -0.10900036990642548 -0.035541098564863205 -0.02736268937587738 -0.02235371433198452 -0.017530076205730438 -0.017530076205730438 -0.004611325450241566 -0.010385345667600632 -0.005099428351968527 -0.0038409049157053232 -0.004362544044852257 -0.0037704743444919586 -0.0031596627086400986 -0.0027066206093877554 -0.0020830328576266766 -0.0013653947971761227 -0.0013042058562859893 -0.0011908754240721464
-0.19353912770748138 -0.19353912770748138 -0.19353912770748138 -0.19353912770748138 -0.19353912770748138 -0.19353912770748138 -0.18906523287296295 -0.19353912770748138 -0.22496671974658966 -0.18906523287296295 -0.18906523287296295 -0.22496671974658966 -0.22496671974658966 -0.19353912770748138 -0.19353912770748138 -0.19353912770748138 -0.19353912770748138 -0.20325231552124023 -0.18944048881530762 -0.14266444742679596 -0.14056967198848724 -0.10900036990642548 -0.035541098564863205 -0.02736268937587738 -0.02235371433198452 -0.017530076205730438 -0.017530076205730438 -0.004611325450241566 -0.010385345667600632 -0.005099428351968527 -0.0038409049157053232 -0.004362544044852257 -0.0037704743444919586 -0.0031596627086400986 -0.0027066206093877554 -0.0020830328576266766 -0.0013653947971761227 -0.0013042058562859893 -0.0011908754240721464
-0.21687984466552734 -0.21687984466552734 -0.21687984466552734 -0.21687984466552734 -0.21687984466552734 -0.21687984466552734 -0.1778102070093155 -0.21687984466552734 -0.19353912770748138 -0.1778102070093155 -0.1778102070093155 -0.19353912770748138 -0.19353912770748138 -0.19422070682048798 -0.19422070682048798 -0.19422070682048798 -0.19422070682048798 -0.1778102070093155 -0.1778102070093155 -0.14266444742679596 -0.14056967198848724 -0.10900036990642548 -0.035541098564863205 -0.02736268937587738 -0.02235371433198452 -0.017530076205730438 -0.017530076205730438 -0.004611325450241566 -0.010385345667600632 -0.005099428351968527 -0.0038409049157053232 -0.004362544044852257 -0.0037704743444919586 -0.0031596627086400986 -0.0027066206093877554 -0.0020830328576266766 -0.0013653947971761227 -0.0013042058562859893 -0.0011908754240721464
-0.17301955819129944 -0.17301955819129944 -0.17301955819129944 -0.17301955819129944 -0.17301955819129944 -0.17301955819129944 -0.17301955819129944 -0.17301955819129944 -0.17301955819129944 -0.17301955819129944 -0.17301955819129944 -0.17301955819129944 -0.17301955819129944 -0.17301955819129944 -0.17301955819129944 -0.17301955819129944 -0.17301955819129944 -0.17301955819129944 -0.17301955819129944 -0.14317761361598969 -0.14056967198848724 -0.10900036990642548 -0.035541098564863205 -0.02736268937587738 -0.02235371433198452 -0.017530076205730438 -0.017530076205730438 -0.004611325450241566 -0.010385345667600632 -0.005099428351968527 -0.0038409049157053232 -0.004362544044852257 -0.0037704743444919586 -0.0031596627086400986 -0.0027066206093877554 -0.0020830328576266766 -0.0013653947971761227 -0.0013042058562859893 -0.0011908754240721464
-0.17275021970272064 -0.17275021970272064 -0.17275021970272064 -0.17275021970272064 -0.17275021970272064 -0.17275021970272064 -0.17275021970272064 -0.17275021970272064 -0.17275021970272064 -0.17275021970272064 -0.17275021970272064 -0.17275021970272064 -0.17275021970272064 -0.17275021970272064 -0.17275021970272064 -0.17275021970272064 -0.17275021970272064 -0.17275021970272064 -0.17275021970272064 -0.14266444742679596 -0.14056967198848724 -0.10900036990642548 -0.035541098564863205 -0.02736268937587738 -0.02235371433198452 -0.017530076205730438 -0.017530076205730438 -0.004611325450241566 -0.010385345667600632 -0.005099428351968527 -0.0038409049157053232 -0.004362544044852257 -0.0037704743444919586 -0.0031596627086400986 -0.0027066206093877554 -0.0020830328576266766 -0.0013653947971761227 -0.0013042058562859893 -0.0011908754240721464
-0.17266657948493958 -0.17266657948493958 -0.17266657948493958 -0.17266657948493958 -0.17266657948493958 -0.17266657948493958 -0.17266657948493958 -0.17266657948493958 -0.17266657948493958 -0.17266657948493958 -0.17266657948493958 -0.17266657948493958 -0.17266657948493958 -0.17266657948493958 -0.17266657948493958 -0.17266657948493958 -0.17266657948493958 -0.17266657948493958 -0.17266657948493958 -0.14266444742679596 -0.14056967198848724 -0.10900036990642548 -0.035541098564863205 -0.02736268937587738 -0.02235371433198452 -0.017530076205730438 -0.017530076205730438 -0.004611325450241566 -0.010385345667600632 -0.005099428351968527 -0.0038409049157053232 -0.004362544044852257 -0.0037704743444919586 -0.0031596627086400986 -0.0027066206093877554 -0.0020830328576266766 -0.0013653947971761227 -0.0013042058562859893 -0.0011908754240721464
-0.16190744936466217 -0.16190744936466217 -0.16190744936466217 -0.16190744936466217 -0.16190744936466217 -0.16190744936466217 -0.16190744936466217 -0.16190744936466217 -0.16190744936466217 -0.16190744936466217 -0.16190744936466217 -0.16190744936466217 -0.16190744936466217 -0.16190744936466217 -0.16190744936466217 -0.16190744936466217 -0.16190744936466217 -0.16190744936466217 -0.16190744936466217 -0.14266444742679596 -0.14056967198848724 -0.10900036990642548 -0.035541098564863205 -0.02736268937587738 -0.02235371433198452 -0.017530076205730438 -0.017530076205730438 -0.004611325450241566 -0.010385345667600632 -0.005099428351968527 -0.0038409049157053232 -0.004362544044852257 -0.0037704743444919586 -0.0031596627086400986 -0.0027066206093877554 -0.0020830328576266766 -0.0013653947971761227 -0.0013042058562859893 -0.0011908754240721464
-0.1325797140598297 -0.1325797140598297 -0.1325797140598297 -0.1325797140598297 -0.1325797140598297 -0.1325797140598297 -0.1325797140598297 -0.1325797140598297 -0.1325797140598297 -0.1325797140598297 -0.1325797140598297 -0.1325797140598297 -0.1325797140598297 -0.1325797140598297 -0.1325797140598297 -0.1325797140598297 -0.1325797140598297 -0.1325797140598297 -0.1325797140598297 -0.1325797140598297 -0.1325797140598297 -0.11578278243541718 -0.035541098564863205 -0.02736268937587738 -0.02235371433198452 -0.017530076205730438 -0.017530076205730438 -0.004611325450241566 -0.010385345667600632 -0.005099428351968527 -0.0038409049157053232 -0.004362544044852257 -0.0037704743444919586 -0.0031596627086400986 -0.0027066206093877554 -0.0020830328576266766 -0.0013653947971761227 -0.0013042058562859893 -0.0012740357778966427
-0.09682001918554306 -0.09682001918554306 -0.09682001918554306 -0.09682001918554306 -0.09682001918554306 -0.09682001918554306 -0.09682001918554306 -0.09682001918554306 -0.09682001918554306 -0.09682001918554306 -0.09682001918554306 -0.09682001918554306 -0.09682001918554306 -0.09682001918554306 -0.09682001918554306 -0.09682001918554306 -0.09682001918554306 -0.09682001918554306 -0.09682001918554306 -0.09682001918554306 -0.09682001918554306 -0.09682001918554306 -0.03581899777054787 -0.027669548988342285 -0.02235371433198452 -0.017530076205730438 -0.017530076205730438 -0.004611325450241566 -0.010385345667600632 -0.005099428351968527 -0.0048507521860301495 -0.004362544044852257 -0.0037704743444919586 -0.003433086210861802 -0.0027066206093877554 -0.0020830328576266766 -0.0013653947971761227 -0.0013042058562859893 -0.0011908754240721464
-0.09114637970924377 -0.09114637970924377 -0.09114637970924377 -0.09114637970924377 -0.09114637970924377 -0.09114637970924377 -0.09114637970924377 -0.09114637970924377 -0.09114637970924377 -0.09114637970924377 -0.09114637970924377 -0.09114637970924377 -0.09114637970924377 -0.09114637970924377 -0.09114637970924377 -0.09114637970924377 -0.09114637970924377 -0.09114637970924377 -0.09114637970924377 -0.09114637970924377 -0.09114637970924377 -0.09114637970924377 -0.03581899777054787 -0.027669548988342285 -0.02235371433198452 -0.017530076205730438 -0.017530076205730438 -0.004611325450241566 -0.010385345667600632 -0.005099428351968527 -0.0038409049157053232 -0.004362544044852257 -0.0037704743444919586 -0.003433086210861802 -0.0027066206093877554 -0.0020830328576266766 -0.0013653947971761227 -0.0013042058562859893 -0.0011908754240721464
-0.08711788058280945 -0.08711788058280945 -0.08711788058280945 -0.08711788058280945 -0.08711788058280945 -0.08711788058280945 -0.08711788058280945 -0.08711788058280945 -0.08711788058280945 -0.08711788058280945 -0.08711788058280945 -0.08711788058280945 -0.08711788058280945 -0.08711788058280945 -0.08711788058280945 -0.08711788058280945 -0.08711788058280945 -0.08711788058280945 -0.08711788058280945 -0.08711788058280945 -0.08711788058280945 -0.08711788058280945 -0.035541098564863205 -0.02736268937587738 -0.02235371433198452 -0.017530076205730438 -0.017530076205730438 -0.004611325450241566 -0.010385345667600632 -0.005099428351968527 -0.0038409049157053232 -0.004362544044852257 -0.0037704743444919586 -0.0031596627086400986 -0.0027066206093877554 -0.0020830328576266766 -0.0013653947971761227 -0.0013042058562859893 -0.0011908754240721464
-0.07049119472503662 -0.07049119472503662 -0.07049119472503662 -0.07049119472503662 -0.07049119472503662 -0.07049119472503662 -0.07049119472503662 -0.07049119472503662 -0.07049119472503662 -0.07049119472503662 -0.07049119472503662 -0.07049119472503662 -0.07049119472503662 -0.07049119472503662 -0.07049119472503662 -0.07049119472503662 -0.07049119472503662 -0.07049119472503662 -0.07049119472503662 -0.07049119472503662 -0.07049119472503662 -0.07049119472503662 -0.035541098564863205 -0.027669548988342285 -0.02235371433198452 -0.017530076205730438 -0.017530076205730438 -0.004611325450241566 -0.010385345667600632 -0.005099428351968527 -0.0048507521860301495 -0.004362544044852257 -0.0037704743444919586 -0.003433086210861802 -0.0027066206093877554 -0.0020830328576266766 -0.0013653947971761227 -0.0013042058562859893 -0.0011908754240721464
-0.07029776275157928 -0.07029776275157928 -0.07029776275157928 -0.07029776275157928 -0.07029776275157928 -0.07029776275157928 -0.07029776275157928 -0.07029776275157928 -0.07029776275157928 -0.07029776275157928 -0.07029776275157928 -0.07029776275157928 -0.07029776275157928 -0.07029776275157928 -0.07029776275157928 -0.07029776275157928 -0.07029776275157928 -0.07029776275157928 -0.07029776275157928 -0.07029776275157928 -0.07029776275157928 -0.07029776275157928 -0.035541098564863205 -0.02736268937587738 -0.02235371433198452 -0.017530076205730438 -0.017530076205730438 -0.004611325450241566 -0.010385345667600632 -0.005099428351968527 -0.0038409049157053232 -0.004362544044852257 -0.0037704743444919586 -0.0031596627086400986 -0.0027066206093877554 -0.0020830328576266766 -0.0013653947971761227 -0.0013042058562859893 -0.0011908754240721464
-0.06883575767278671 -0.06883575767278671 -0.06883575767278671 -0.06883575767278671 -0.06883575767278671 -0.06883575767278671 -0.06883575767278671 -0.06883575767278671 -0.06883575767278671 -0.06883575767278671 -0.06883575767278671 -0.06883575767278671 -0.06883575767278671 -0.06883575767278671 -0.06883575767278671 -0.06883575767278671 -0.06883575767278671 -0.06883575767278671 -0.06883575767278671 -0.06883575767278671 -0.06883575767278671 -0.06883575767278671 -0.035541098564863205 -0.027669548988342285 -0.02235371433198452 -0.017530076205730438 -0.017530076205730438 -0.004611325450241566 -0.010385345667600632 -0.005099428351968527 -0.0048507521860301495 -0.004362544044852257 -0.0037704743444919586 -0.003433086210861802 -0.0027066206093877554 -0.0020830328576266766 -0.0013653947971761227 -0.0013042058562859893 -0.0011908754240721464
-0.06690653413534164 -0.06690653413534164 -0.06690653413534164 -0.06690653413534164 -0.06690653413534164 -0.06690653413534164 -0.06690653413534164 -0.06690653413534164 -0.06690653413534164 -0.06690653413534164 -0.06690653413534164 -0.06690653413534164 -0.06690653413534164 -0.06690653413534164 -0.06690653413534164 -0.06690653413534164 -0.06690653413534164 -0.06690653413534164 -0.06690653413534164 -0.06690653413534164 -0.06690653413534164 -0.06690653413534164 -0.035541098564863205 -0.02736268937587738 -0.02235371433198452 -0.017530076205730438 -0.017530076205730438 -0.004611325450241566 -0.010385345667600632 -0.005099428351968527 -0.0048507521860301495 -0.004362544044852257 -0.0037704743444919586 -0.003433086210861802 -0.0027066206093877554 -0.0020830328576266766 -0.0013653947971761227 -0.0013042058562859893 -0.0011908754240721464
-0.0474000982940197 -0.0474000982940197 -0.0474000982940197 -0.0474000982940197 -0.0474000982940197 -0.0474000982940197 -0.0474000982940197 -0.0474000982940197 -0.0474000982940197 -0.0474000982940197 -0.0474000982940197 -0.0474000982940197 -0.0474000982940197 -0.0474000982940197 -0.0474000982940197 -0.0474000982940197 -0.0474000982940197 -0.0474000982940197 -0.0474000982940197 -0.0474000982940197 -0.0474000982940197 -0.0474000982940197 -0.035541098564863205 -0.02736268937587738 -0.02235371433198452 -0.017530076205730438 -0.017530076205730438 -0.004611325450241566 -0.010385345667600632 -0.005099428351968527 -0.0048507521860301495 -0.004362544044852257 -0.0037704743444919586 -0.0031596627086400986 -0.0027066206093877554 -0.0020830328576266766 -0.0013653947971761227 -0.0013042058562859893 -0.0011908754240721464
-0.0211725402623415 -0.0211725402623415 -0.0211725402623415 -0.0211725402623415 -0.0211725402623415 -0.0211725402623415 -0.0211725402623415 -0.0211725402623415 -0.0211725402623415 -0.0211725402623415 -0.0211725402623415 -0.0211725402623415 -0.0211725402623415 -0.0211725402623415 -0.0211725402623415 -0.0211725402623415 -0.0211725402623415 -0.0211725402623415 -0.0211725402623415 -0.0211725402623415 -0.0211725402623415 -0.0211725402623415 -0.0211725402623415 -0.0211725402623415 -0.0211725402623415 -0.017530076205730438 -0.017530076205730438 -0.004611325450241566 -0.010645153932273388 -0.005099428351968527 -0.0038409049157053232 -0.004362544044852257 -0.0037704743444919586 -0.0031596627086400986 -0.0027066206093877554 -0.0020830328576266766 -0.0016790005611255765 -0.0013042058562859893 -0.0011908754240721464
-0.018220193684101105 -0.018220193684101105 -0.018220193684101105 -0.018220193684101105 -0.018220193684101105 -0.018220193684101105 -0.018220193684101105 -0.018220193684101105 -0.018220193684101105 -0.018220193684101105 -0.018220193684101105 -0.018220193684101105 -0.018220193684101105 -0.018220193684101105 -0.018220193684101105 -0.018220193684101105 -0.018220193684101105 -0.018220193684101105 -0.018220193684101105 -0.018220193684101105 -0.018220193684101105 -0.018220193684101105 -0.018220193684101105 -0.018220193684101105 -0.018220193684101105 -0.017530076205730438 -0.017530076205730438 -0.004611325450241566 -0.010645153932273388 -0.005099428351968527 -0.0038409049157053232 -0.004362544044852257 -0.0037704743444919586 -0.0031596627086400986 -0.0027066206093877554 -0.0020830328576266766 -0.0013653947971761227 -0.0013042058562859893 -0.0011908754240721464
-0.015627341344952583 -0.015627341344952583 -0.015627341344952583 -0.015627341344952583 -0.015627341344952583 -0.015627341344952583 -0.015627341344952583 -0.015627341344952583 -0.015627341344952583 -0.015627341344952583 -0.015627341344952583 -0.015627341344952583 -0.015627341344952583 -0.015627341344952583 -0.015627341344952583 -0.015627341344952583 -0.015627341344952583 -0.015627341344952583 -0.015627341344952583 -0.015627341344952583 -0.015627341344952583 -0.015627341344952583 -0.015627341344952583 -0.015627341344952583 -0.015627341344952583 -0.015627341344952583 -0.015627341344952583 -0.004611325450241566 -0.010645153932273388 -0.005099428351968527 -0.0038409049157053232 -0.004362544044852257 -0.0037704743444919586 -0.0031596627086400986 -0.0027066206093877554 -0.0020830328576266766 -0.0013653947971761227 -0.0013042058562859893 -0.0011908754240721464
-0.008852184750139713 -0.008852184750139713 -0.008852184750139713 -0.008852184750139713 -0.008852184750139713 -0.008852184750139713 -0.008852184750139713 -0.008852184750139713 -0.008852184750139713 -0.008852184750139713 -0.008852184750139713 -0.008852184750139713 -0.008852184750139713 -0.008852184750139713 -0.008852184750139713 -0.008852184750139713 -0.008852184750139713 -0.008852184750139713 -0.008852184750139713 -0.008852184750139713 -0.008852184750139713 -0.008852184750139713 -0.008852184750139713 -0.008852184750139713 -0.008852184750139713 -0.008852184750139713 -0.008852184750139713 -0.008852184750139713 -0.008852184750139713 -0.005099428351968527 -0.0038409049157053232 -0.004362544044852257 -0.0037704743444919586 -0.0031596627086400986 -0.0030595543794333935 -0.002326847054064274 -0.0013653947971761227 -0.0014981060521677136 -0.0011908754240721464
-0.002026689238846302 -0.002026689238846302 -0.002026689238846302 -0.002026689238846302 -0.002026689238846302 -0.002026689238846302 -0.002026689238846302 -0.002026689238846302 -0.002026689238846302 -0.002026689238846302 -0.002026689238846302 -0.002026689238846302 -0.002026689238846302 -0.002026689238846302 -0.002026689238846302 -0.002026689238846302 -0.002026689238846302 -0.002026689238846302 -0.002026689238846302 -0.002026689238846302 -0.002026689238846302 -0.002026689238846302 -0.002026689238846302 -0.002026689238846302 -0.002026689238846302 -0.002026689238846302 -0.002026689238846302 -0.002026689238846302 -0.002026689238846302 -0.002026689238846302 -0.002026689238846302 -0.002026689238846302 -0.002026689238846302 -0.002026689238846302 -0.002026689238846302 -0.002026689238846302 -0.0016790005611255765 -0.0014981060521677136 -0.0011908754240721464
-0.001939344801940024 -0.001939344801940024 -0.001939344801940024 -0.001939344801940024 -0.001939344801940024 -0.001939344801940024 -0.001939344801940024 -0.001939344801940024 -0.001939344801940024 -0.001939344801940024 -0.001939344801940024 -0.001939344801940024 -0.001939344801940024 -0.001939344801940024 -0.001939344801940024 -0.001939344801940024 -0.001939344801940024 -0.001939344801940024 -0.001939344801940024 -0.001939344801940024 -0.001939344801940024 -0.001939344801940024 -0.001939344801940024 -0.001939344801940024 -0.001939344801940024 -0.001939344801940024 -0.001939344801940024 -0.001939344801940024 -0.001939344801940024 -0.001939344801940024 -0.001939344801940024 -0.001939344801940024 -0.001939344801940024 -0.001939344801940024 -0.001939344801940024 -0.001939344801940024 -0.0016790005611255765 -0.0014981060521677136 -0.0011908754240721464
-0.0018650523852556944 -0.0018650523852556944 -0.0018650523852556944 -0.0018650523852556944 -0.0018650523852556944 -0.0018650523852556944 -0.0018650523852556944 -0.0018650523852556944 -0.0018650523852556944 -0.0018650523852556944 -0.0018650523852556944 -0.0018650523852556944 -0.0018650523852556944 -0.0018650523852556944 -0.0018650523852556944 -0.0018650523852556944 -0.0018650523852556944 -0.0018650523852556944 -0.0018650523852556944 -0.0018650523852556944 -0.0018650523852556944 -0.0018650523852556944 -0.0018650523852556944 -0.0018650523852556944 -0.0018650523852556944 -0.0018650523852556944 -0.0018650523852556944 -0.0018650523852556944 -0.0018650523852556944 -0.0018650523852556944 -0.0018650523852556944 -0.0018650523852556944 -0.0018650523852556944 -0.0018650523852556944 -0.0018650523852556944 -0.0018650523852556944 -0.0013653947971761227 -0.0013042058562859893 -0.0011908754240721464
-0.0018127565272152424 -0.0018127565272152424 -0.0018127565272152424 -0.0018127565272152424 -0.0018127565272152424 -0.0018127565272152424 -0.0018127565272152424 -0.0018127565272152424 -0.0018127565272152424 -0.0018127565272152424 -0.0018127565272152424 -0.0018127565272152424 -0.0018127565272152424 -0.0018127565272152424 -0.0018127565272152424 -0.0018127565272152424 -0.0018127565272152424 -0.0018127565272152424 -0.0018127565272152424 -0.0018127565272152424 -0.0018127565272152424 -0.0018127565272152424 -0.0018127565272152424 -0.0018127565272152424 -0.0018127565272152424 -0.0018127565272152424 -0.0018127565272152424 -0.0018127565272152424 -0.0018127565272152424 -0.0018127565272152424 -0.0018127565272152424 -0.0018127565272152424 -0.0018127565272152424 -0.0018127565272152424 -0.0018127565272152424 -0.0018127565272152424 -0.0013653947971761227 -0.0013042058562859893 -0.0011908754240721464
-0.0014217965072020888 -0.0014217965072020888 -0.0014217965072020888 -0.0014217965072020888 -0.0014217965072020888 -0.0014217965072020888 -0.0014217965072020888 -0.0014217965072020888 -0.0014217965072020888 -0.0014217965072020888 -0.0014217965072020888 -0.0014217965072020888 -0.0014217965072020888 -0.0014217965072020888 -0.0014217965072020888 -0.0014217965072020888 -0.0014217965072020888 -0.0014217965072020888 -0.0014217965072020888 -0.0014217965072020888 -0.0014217965072020888 -0.0014217965072020888 -0.0014217965072020888 -0.0014217965072020888 -0.0014217965072020888 -0.0014217965072020888 -0.0014217965072020888 -0.0014217965072020888 -0.0014217965072020888 -0.0014217965072020888 -0.0014217965072020888 -0.0014217965072020888 -0.0014217965072020888 -0.0014217965072020888 -0.0014217965072020888 -0.0014217965072020888 -0.0013653947971761227 -0.0013042058562859893 -0.0011908754240721464
-0.0007992660393938422 -0.0007992660393938422 -0.0007992660393938422 -0.0007992660393938422 -0.0007992660393938422 -0.0007992660393938422 -0.0007992660393938422 -0.0007992660393938422 -0.0007992660393938422 -0.0007992660393938422 -0.0007992660393938422 -0.0007992660393938422 -0.0007992660393938422 -0.0007992660393938422 -0.0007992660393938422 -0.0007992660393938422 -0.0007992660393938422 -0.0007992660393938422 -0.0007992660393938422 -0.0007992660393938422 -0.0007992660393938422 -0.0007992660393938422 -0.0007992660393938422 -0.0007992660393938422 -0.0007992660393938422 -0.0007992660393938422 -0.0007992660393938422 -0.0007992660393938422 -0.0007992660393938422 -0.0007992660393938422 -0.0007992660393938422 -0.0007992660393938422 -0.0007992660393938422 -0.0007992660393938422 -0.0007992660393938422 -0.0007992660393938422 -0.0007992660393938422 -0.0007992660393938422 -0.0007992660393938422