-0.41082775592803955 -0.540635883808136 -0.4813940227031708 -0.15014219284057617 -0.15014219284057617 -0.23135621845722198 -0.11140314489603043 -0.2673846483230591 -0.2673846483230591 -0.23135621845722198 -0.27162888646125793 -0.15014219284057617 -0.15014219284057617 -0.15014219284057617 -0.11140314489603043 -0.15014219284057617 -0.15014219284057617 -0.11574030667543411 -0.11140314489603043 -0.11140314489603043 -0.11140314489603043 -0.11140314489603043 -0.14827632904052734 -0.11140314489603043 -0.12295447289943695 -0.11440322548151016 -0.10330824553966522 -0.08327828347682953 -0.07100258767604828 -0.057324305176734924 -0.0021115578711032867 -0.004927592817693949 -0.0036565272603183985 -0.0036451583728194237 -0.002990358741953969 -0.0020504905842244625 -0.001073810737580061 -0.00173016800545156 -0.0014935905346646905 -0.0014501441037282348 -0.0002810426813084632
-0.41082775592803955 -0.41082775592803955 -0.41082775592803955 -0.15014219284057617 -0.15014219284057617 -0.23135621845722198 -0.11140314489603043 -0.2673846483230591 -0.2673846483230591 -0.23135621845722198 -0.28055116534233093 -0.15014219284057617 -0.15014219284057617 -0.15014219284057617 -0.11140314489603043 -0.15014219284057617 -0.15014219284057617 -0.11574030667543411 -0.11140314489603043 -0.11140314489603043 -0.11140314489603043 -0.11140314489603043 -0.14827632904052734 -0.11140314489603043 -0.12295447289943695 -0.11440322548151016 -0.10330824553966522 -0.08327828347682953 -0.07100258767604828 -0.057324305176734924 -0.0021115578711032867 -0.004927592817693949 -0.0036565272603183985 -0.0036451583728194237 -0.002990358741953969 -0.0020504905842244625 -0.001073810737580061 -0.00173016800545156 -0.0014935905346646905 -0.0014501441037282348 -0.0002810426813084632
-0.2673846483230591 -0.2673846483230591 -0.2673846483230591 -0.15014219284057617 -0.15014219284057617 -0.23135621845722198 -0.11140314489603043 -0.2673846483230591 -0.2673846483230591 -0.23135621845722198 -0.2673846483230591 -0.15014219284057617 -0.15014219284057617 -0.15014219284057617 -0.11140314489603043 -0.15014219284057617 -0.15014219284057617 -0.11574030667543411 -0.11140314489603043 -0.11140314489603043 -0.11140314489603043 -0.11140314489603043 -0.14827632904052734 -0.11140314489603043 -0.12295447289943695 -0.11440322548151016 -0.10330824553966522 -0.08327828347682953 -0.07100258767604828 -0.057324305176734924 -0.0021115578711032867 -0.004927592817693949 -0.0036565272603183985 -0.0036451583728194237 -0.002990358741953969 -0.0020504905842244625 -0.001073810737580061 -0.00173016800545156 -0.0014935905346646905 -0.0014501441037282348 -0.0002810426813084632
-0.41082775592803955 -0.41082775592803955 -0.41082775592803955 -0.15014219284057617 -0.15014219284057617 -0.23135621845722198 -0.11140314489603043 -0.2673846483230591 -0.2673846483230591 -0.23135621845722198 -0.27162888646125793 -0.15014219284057617 -0.15014219284057617 -0.15014219284057617 -0.11140314489603043 -0.15014219284057617 -0.15014219284057617 -0.11574030667543411 -0.11140314489603043 -0.11140314489603043 -0.11140314489603043 -0.11140314489603043 -0.14827632904052734 -0.11140314489603043 -0.12295447289943695 -0.11440322548151016 -0.10330824553966522 -0.08327828347682953 -0.07100258767604828 -0.057324305176734924 -0.0021115578711032867 -0.004927592817693949 -0.0036565272603183985 -0.0036451583728194237 -0.002990358741953969 -0.0020504905842244625 -0.001073810737580061 -0.00173016800545156 -0.0014935905346646905 -0.0014501441037282348 -0.0002810426813084632
-0.41082775592803955 -0.41082775592803955 -0.41082775592803955 -0.15014219284057617 -0.15014219284057617 -0.23135621845722198 -0.11140314489603043 -0.2673846483230591 -0.2673846483230591 -0.23135621845722198 -0.28055116534233093 -0.15014219284057617 -0.15014219284057617 -0.15014219284057617 -0.11140314489603043 -0.15014219284057617 -0.15014219284057617 -0.11574030667543411 -0.11140314489603043 -0.11140314489603043 -0.11140314489603043 -0.11140314489603043 -0.14827632904052734 -0.11140314489603043 -0.12295447289943695 -0.11440322548151016 -0.10330824553966522 -0.08327828347682953 -0.07100258767604828 -0.057324305176734924 -0.0021115578711032867 -0.004927592817693949 -0.0048660533502697945 -0.0036451583728194237 -0.002990358741953969 -0.0020504905842244625 -0.001073810737580061 -0.00173016800545156 -0.0014935905346646905 -0.0014501441037282348 -0.0002810426813084632
-0.23135621845722198 -0.23135621845722198 -0.23135621845722198 -0.15014219284057617 -0.15014219284057617 -0.2734315097332001 -0.11140314489603043 -0.23135621845722198 -0.23135621845722198 -0.28523412346839905 -0.23135621845722198 -0.15014219284057617 -0.15014219284057617 -0.15014219284057617 -0.11140314489603043 -0.15014219284057617 -0.15014219284057617 -0.11574030667543411 -0.11140314489603043 -0.11140314489603043 -0.11140314489603043 -0.11140314489603043 -0.14827632904052734 -0.11140314489603043 -0.12295447289943695 -0.11440322548151016 -0.10330824553966522 -0.08327828347682953 -0.07100258767604828 -0.057324305176734924 -0.0021115578711032867 -0.004927592817693949 -0.0036565272603183985 -0.0036451583728194237 -0.002990358741953969 -0.0020504905842244625 -0.001073810737580061 -0.00173016800545156 -0.0014935905346646905 -0.0014501441037282348 -0.0002810426813084632
-0.23135621845722198 -0.23135621845722198 -0.23135621845722198 -0.15014219284057617 -0.15014219284057617 -0.2734315097332001 -0.11140314489603043 -0.23135621845722198 -0.23135621845722198 -0.28523412346839905 -0.23135621845722198 -0.15014219284057617 -0.15014219284057617 -0.15014219284057617 -0.11140314489603043 -0.15014219284057617 -0.15014219284057617 -0.11574030667543411 -0.11140314489603043 -0.11140314489603043 -0.11140314489603043 -0.11140314489603043 -0.14827632904052734 -0.11140314489603043 -0.12295447289943695 -0.11440322548151016 -0.10330824553966522 -0.08327828347682953 -0.07100258767604828 -0.057324305176734924 -0.0021115578711032867 -0.004927592817693949 -0.0036565272603183985 -0.0036451583728194237 -0.002990358741953969 -0.0020504905842244625 -0.001073810737580061 -0.00173016800545156 -0.0014935905346646905 -0.0014501441037282348 -0.0002810426813084632
-0.15014219284057617 -0.15014219284057617 -0.15014219284057617 -0.1707010269165039 -0.1707010269165039 -0.15014219284057617 -0.11140314489603043 -0.15014219284057617 -0.15014219284057617 -0.15014219284057617 -0.15014219284057617 -0.26465466618537903 -0.21133172512054443 -0.1707010269165039 -0.11140314489603043 -0.21133172512054443 -0.21133172512054443 -0.11574030667543411 -0.11140314489603043 -0.11140314489603043 -0.11140314489603043 -0.11140314489603043 -0.14827632904052734 -0.11140314489603043 -0.12295447289943695 -0.11440322548151016 -0.10330824553966522 -0.08327828347682953 -0.07100258767604828 -0.057324305176734924 -0.0021115578711032867 -0.004927592817693949 -0.0036565272603183985 -0.003860123222693801 -0.003271251218393445 -0.0020504905842244625 -0.001073810737580061 -0.00173016800545156 -0.0014935905346646905 -0.0014501441037282348 -0.0002810426813084632
-0.15014219284057617 -0.15014219284057617 -0.15014219284057617 -0.1707010269165039 -0.1707010269165039 -0.15014219284057617 -0.11140314489603043 -0.15014219284057617 -0.15014219284057617 -0.15014219284057617 -0.15014219284057617 -0.26465466618537903 -0.21133172512054443 -0.1707010269165039 -0.11140314489603043 -0.21133172512054443 -0.21133172512054443 -0.11574030667543411 -0.11140314489603043 -0.11140314489603043 -0.11140314489603043 -0.11140314489603043 -0.14827632904052734 -0.11140314489603043 -0.12295447289943695 -0.11440322548151016 -0.10330824553966522 -0.08327828347682953 -0.07100258767604828 -0.057324305176734924 -0.0021115578711032867 -0.005291888490319252 -0.0036565272603183985 -0.003860123222693801 -0.003271251218393445 -0.0020504905842244625 -0.001073810737580061 -0.00173016800545156 -0.0014935905346646905 -0.0014501441037282348 -0.0002810426813084632
-0.11140314489603043 -0.11140314489603043 -0.11140314489603043 -0.11140314489603043 -0.11140314489603043 -0.11140314489603043 -0.2997679114341736 -0.11140314489603043 -0.11140314489603043 -0.11140314489603043 -0.11140314489603043 -0.11140314489603043 -0.11140314489603043 -0.11140314489603043 -0.22692687809467316 -0.11140314489603043 -0.11140314489603043 -0.11140314489603043 -0.15963749587535858 -0.11870801448822021 -0.15963749587535858 -0.1634272187948227 -0.11140314489603043 -0.13456568121910095 -0.11140314489603043 -0.11140314489603043 -0.10330824553966522 -0.08327828347682953 -0.07100258767604828 -0.057324305176734924 -0.0021115578711032867 -0.004927592817693949 -0.0036565272603183985 -0.0036451583728194237 -0.002990358741953969 -0.0020504905842244625 -0.001073810737580061 -0.00173016800545156 -0.0014935905346646905 -0.0014501441037282348 -0.0002810426813084632
-0.3912236988544464 -0.3912236988544464 -0.3912236988544464 -0.15014219284057617 -0.15014219284057617 -0.23135621845722198 -0.11140314489603043 -0.2673846483230591 -0.2673846483230591 -0.23135621845722198 -0.28055116534233093 -0.15014219284057617 -0.15014219284057617 -0.15014219284057617 -0.11140314489603043 -0.15014219284057617 -0.15014219284057617 -0.11574030667543411 -0.11140314489603043 -0.11140314489603043 -0.11140314489603043 -0.11140314489603043 -0.14827632904052734 -0.11140314489603043 -0.12295447289943695 -0.11440322548151016 -0.10330824553966522 -0.08327828347682953 -0.07100258767604828 -0.057324305176734924 -0.0021115578711032867 -0.004927592817693949 -0.0048660533502697945 -0.0036451583728194237 -0.002990358741953969 -0.0020504905842244625 -0.001073810737580061 -0.00173016800545156 -0.0014935905346646905 -0.0014501441037282348 -0.0002810426813084632
-0.2673846483230591 -0.2673846483230591 -0.2673846483230591 -0.15014219284057617 -0.15014219284057617 -0.2734315097332001 -0.11140314489603043 -0.2991556227207184 -0.2972439229488373 -0.2734315097332001 -0.2673846483230591 -0.15014219284057617 -0.15014219284057617 -0.15014219284057617 -0.11140314489603043 -0.15014219284057617 -0.15014219284057617 -0.11574030667543411 -0.11140314489603043 -0.11140314489603043 -0.11140314489603043 -0.11140314489603043 -0.14827632904052734 -0.11140314489603043 -0.12295447289943695 -0.11440322548151016 -0.10330824553966522 -0.08327828347682953 -0.07100258767604828 -0.057324305176734924 -0.0021115578711032867 -0.004927592817693949 -0.0036565272603183985 -0.0036451583728194237 -0.002990358741953969 -0.0020504905842244625 -0.001073810737580061 -0.00173016800545156 -0.0014935905346646905 -0.0014501441037282348 -0.0002810426813084632
-0.15014219284057617 -0.15014219284057617 -0.15014219284057617 -0.1707010269165039 -0.1707010269165039 -0.15014219284057617 -0.11140314489603043 -0.15014219284057617 -0.15014219284057617 -0.15014219284057617 -0.15014219284057617 -0.2053440511226654 -0.2426358461380005 -0.1707010269165039 -0.11140314489603043 -0.22202779352664948 -0.22136190533638 -0.11574030667543411 -0.11140314489603043 -0.11140314489603043 -0.11140314489603043 -0.11140314489603043 -0.14827632904052734 -0.11140314489603043 -0.12295447289943695 -0.11440322548151016 -0.10330824553966522 -0.08327828347682953 -0.07100258767604828 -0.057324305176734924 -0.0021115578711032867 -0.004927592817693949 -0.0036565272603183985 -0.0036451583728194237 -0.002990358741953969 -0.0020504905842244625 -0.001073810737580061 -0.00173016800545156 -0.0014935905346646905 -0.0014501441037282348 -0.0002810426813084632
-0.23135621845722198 -0.23135621845722198 -0.23135621845722198 -0.15014219284057617 -0.15014219284057617 -0.3013837933540344 -0.11140314489603043 -0.23135621845722198 -0.23135621845722198 -0.2734315097332001 -0.23135621845722198 -0.15014219284057617 -0.15014219284057617 -0.15014219284057617 -0.11140314489603043 -0.15014219284057617 -0.15014219284057617 -0.11574030667543411 -0.11140314489603043 -0.11140314489603043 -0.11140314489603043 -0.11140314489603043 -0.14827632904052734 -0.11140314489603043 -0.12295447289943695 -0.11440322548151016 -0.10330824553966522 -0.08327828347682953 -0.07100258767604828 -0.057324305176734924 -0.0021115578711032867 -0.004927592817693949 -0.0036565272603183985 -0.0036451583728194237 -0.002990358741953969 -0.0020504905842244625 -0.001073810737580061 -0.00173016800545156 -0.0014935905346646905 -0.0014501441037282348 -0.0002810426813084632
-0.15014219284057617 -0.15014219284057617 -0.15014219284057617 -0.3054013252258301 -0.3054013252258301 -0.15014219284057617 -0.11140314489603043 -0.15014219284057617 -0.15014219284057617 -0.15014219284057617 -0.15014219284057617 -0.1707010269165039 -0.1707010269165039 -0.21553868055343628 -0.11140314489603043 -0.1707010269165039 -0.1707010269165039 -0.11574030667543411 -0.11140314489603043 -0.11140314489603043 -0.11140314489603043 -0.11140314489603043 -0.14827632904052734 -0.11140314489603043 -0.12295447289943695 -0.11440322548151016 -0.10330824553966522 -0.08327828347682953 -0.07100258767604828 -0.057324305176734924 -0.0021115578711032867 -0.004927592817693949 -0.0036565272603183985 -0.0036451583728194237 -0.002990358741953969 -0.0020504905842244625 -0.001073810737580061 -0.00173016800545156 -0.0014935905346646905 -0.0014501441037282348 -0.0002810426813084632
-0.15014219284057617 -0.15014219284057617 -0.15014219284057617 -0.30441537499427795 -0.30441537499427795 -0.15014219284057617 -0.11140314489603043 -0.15014219284057617 -0.15014219284057617 -0.15014219284057617 -0.15014219284057617 -0.1707010269165039 -0.1707010269165039 -0.21553868055343628 -0.11140314489603043 -0.1707010269165039 -0.1707010269165039 -0.11574030667543411 -0.11140314489603043 -0.11140314489603043 -0.11140314489603043 -0.11140314489603043 -0.14827632904052734 -0.11140314489603043 -0.12295447289943695 -0.11440322548151016 -0.10330824553966522 -0.08327828347682953 -0.07100258767604828 -0.057324305176734924 -0.0021115578711032867 -0.004927592817693949 -0.0036565272603183985 -0.0036451583728194237 -0.002990358741953969 -0.0020504905842244625 -0.001073810737580061 -0.00173016800545156 -0.0014935905346646905 -0.0014501441037282348 -0.0002810426813084632
-0.15014219284057617 -0.15014219284057617 -0.15014219284057617 -0.3039133846759796 -0.3039133846759796 -0.15014219284057617 -0.11140314489603043 -0.15014219284057617 -0.15014219284057617 -0.15014219284057617 -0.15014219284057617 -0.1707010269165039 -0.1707010269165039 -0.21553868055343628 -0.11140314489603043 -0.1707010269165039 -0.1707010269165039 -0.11574030667543411 -0.11140314489603043 -0.11140314489603043 -0.11140314489603043 -0.11140314489603043 -0.14827632904052734 -0.11140314489603043 -0.12295447289943695 -0.11440322548151016 -0.10330824553966522 -0.08327828347682953 -0.07100258767604828 -0.057324305176734924 -0.0021115578711032867 -0.004927592817693949 -0.0036565272603183985 -0.0036451583728194237 -0.002990358741953969 -0.0020504905842244625 -0.001073810737580061 -0.00173016800545156 -0.0014935905346646905 -0.0014501441037282348 -0.0002810426813084632
-0.15014219284057617 -0.15014219284057617 -0.15014219284057617 -0.2841779291629791 -0.2841779291629791 -0.15014219284057617 -0.11140314489603043 -0.15014219284057617 -0.15014219284057617 -0.15014219284057617 -0.15014219284057617 -0.1707010269165039 -0.1707010269165039 -0.21553868055343628 -0.11140314489603043 -0.1707010269165039 -0.1707010269165039 -0.11574030667543411 -0.11140314489603043 -0.11140314489603043 -0.11140314489603043 -0.11140314489603043 -0.14827632904052734 -0.11140314489603043 -0.12295447289943695 -0.11440322548151016 -0.10330824553966522 -0.08327828347682953 -0.07100258767604828 -0.057324305176734924 -0.0021115578711032867 -0.004927592817693949 -0.0036565272603183985 -0.0036451583728194237 -0.002990358741953969 -0.0020504905842244625 -0.001073810737580061 -0.00173016800545156 -0.0014935905346646905 -0.0014501441037282348 -0.0002810426813084632
-0.15014219284057617 -0.15014219284057617 -0.15014219284057617 -0.28210216760635376 -0.28210216760635376 -0.15014219284057617 -0.11140314489603043 -0.15014219284057617 -0.15014219284057617 -0.15014219284057617 -0.15014219284057617 -0.1707010269165039 -0.1707010269165039 -0.21553868055343628 -0.11140314489603043 -0.1707010269165039 -0.1707010269165039 -0.11574030667543411 -0.11140314489603043 -0.11140314489603043 -0.11140314489603043 -0.11140314489603043 -0.14827632904052734 -0.11140314489603043 -0.12295447289943695 -0.11440322548151016 -0.10330824553966522 -0.08327828347682953 -0.07100258767604828 -0.057324305176734924 -0.0021115578711032867 -0.004927592817693949 -0.0036565272603183985 -0.0036451583728194237 -0.002990358741953969 -0.0020504905842244625 -0.001073810737580061 -0.00173016800545156 -0.0014935905346646905 -0.0014501441037282348 -0.0002810426813084632
-0.2588525414466858 -0.2588525414466858 -0.2588525414466858 -0.15014219284057617 -0.15014219284057617 -0.23135621845722198 -0.11140314489603043 -0.2588525414466858 -0.2588525414466858 -0.23135621845722198 -0.2588525414466858 -0.15014219284057617 -0.15014219284057617 -0.15014219284057617 -0.11140314489603043 -0.15014219284057617 -0.15014219284057617 -0.11574030667543411 -0.11140314489603043 -0.11140314489603043 -0.11140314489603043 -0.11140314489603043 -0.14827632904052734 -0.11140314489603043 -0.12295447289943695 -0.11440322548151016 -0.10330824553966522 -0.08327828347682953 -0.07100258767604828 -0.057324305176734924 -0.0021115578711032867 -0.004927592817693949 -0.0036565272603183985 -0.0036451583728194237 -0.002990358741953969 -0.0020504905842244625 -0.001073810737580061 -0.00173016800545156 -0.0014935905346646905 -0.0014501441037282348 -0.0002810426813084632
-0.22929535806179047 -0.22929535806179047 -0.22929535806179047 -0.15014219284057617 -0.15014219284057617 -0.22929535806179047 -0.11140314489603043 -0.22929535806179047 -0.22929535806179047 -0.22929535806179047 -0.22929535806179047 -0.15014219284057617 -0.15014219284057617 -0.15014219284057617 -0.11140314489603043 -0.15014219284057617 -0.15014219284057617 -0.11574030667543411 -0.11140314489603043 -0.11140314489603043 -0.11140314489603043 -0.11140314489603043 -0.14827632904052734 -0.11140314489603043 -0.12295447289943695 -0.11440322548151016 -0.10330824553966522 -0.08327828347682953 -0.07100258767604828 -0.057324305176734924 -0.0021115578711032867 -0.004927592817693949 -0.0036565272603183985 -0.0036451583728194237 -0.002990358741953969 -0.0020504905842244625 -0.001073810737580061 -0.00173016800545156 -0.0014935905346646905 -0.0014501441037282348 -0.0002810426813084632
-0.13801051676273346 -0.13801051676273346 -0.13801051676273346 -0.13801051676273346 -0.13801051676273346 -0.13801051676273346 -0.11140314489603043 -0.13801051676273346 -0.13801051676273346 -0.13801051676273346 -0.13801051676273346 -0.13801051676273346 -0.13801051676273346 -0.13801051676273346 -0.11140314489603043 -0.13801051676273346 -0.13801051676273346 -0.11574030667543411 -0.11140314489603043 -0.11140314489603043 -0.11140314489603043 -0.11140314489603043 -0.13801051676273346 -0.11140314489603043 -0.12295447289943695 -0.13072046637535095 -0.10330824553966522 -0.08327828347682953 -0.07100258767604828 -0.057324305176734924 -0.0021115578711032867 -0.004927592817693949 -0.0036565272603183985 -0.0036451583728194237 -0.002990358741953969 -0.0020504905842244625 -0.001073810737580061 -0.00173016800545156 -0.0014935905346646905 -0.0014501441037282348 -0.0002810426813084632
-0.11975529789924622 -0.11975529789924622 -0.11975529789924622 -0.11975529789924622 -0.11975529789924622 -0.11975529789924622 -0.11140314489603043 -0.11975529789924622 -0.11975529789924622 -0.11975529789924622 -0.11975529789924622 -0.11975529789924622 -0.11975529789924622 -0.11975529789924622 -0.11140314489603043 -0.11975529789924622 -0.11975529789924622 -0.11574030667543411 -0.11140314489603043 -0.11140314489603043 -0.11140314489603043 -0.11140314489603043 -0.11975529789924622 -0.11140314489603043 -0.11975529789924622 -0.11440322548151016 -0.10330824553966522 -0.08327828347682953 -0.07100258767604828 -0.057324305176734924 -0.0021115578711032867 -0.004927592817693949 -0.0036565272603183985 -0.0036451583728194237 -0.002990358741953969 -0.0020504905842244625 -0.001073810737580061 -0.00173016800545156 -0.0014935905346646905 -0.0014501441037282348 -0.00032089839805848897
-0.09806552529335022 -0.09806552529335022 -0.09806552529335022 -0.09806552529335022 -0.09806552529335022 -0.09806552529335022 -0.09806552529335022 -0.09806552529335022 -0.09806552529335022 -0.09806552529335022 -0.09806552529335022 -0.09806552529335022 -0.09806552529335022 -0.09806552529335022 -0.09806552529335022 -0.09806552529335022 -0.09806552529335022 -0.09806552529335022 -0.09806552529335022 -0.09806552529335022 -0.09806552529335022 -0.09806552529335022 -0.09806552529335022 -0.09806552529335022 -0.09806552529335022 -0.09806552529335022 -0.09806552529335022 -0.08327828347682953 -0.07100258767604828 -0.057324305176734924 -0.0021115578711032867 -0.004927592817693949 -0.0036565272603183985 -0.0036451583728194237 -0.002990358741953969 -0.0020504905842244625 -0.001073810737580061 -0.00173016800545156 -0.0014935905346646905 -0.0014501441037282348 -0.0002810426813084632
-0.09373216331005096 -0.09373216331005096 -0.09373216331005096 -0.09373216331005096 -0.09373216331005096 -0.09373216331005096 -0.09373216331005096 -0.09373216331005096 -0.09373216331005096 -0.09373216331005096 -0.09373216331005096 -0.09373216331005096 -0.09373216331005096 -0.09373216331005096 -0.09373216331005096 -0.09373216331005096 -0.09373216331005096 -0.09373216331005096 -0.09373216331005096 -0.09373216331005096 -0.09373216331005096 -0.09373216331005096 -0.09373216331005096 -0.09373216331005096 -0.09373216331005096 -0.09373216331005096 -0.09373216331005096 -0.08327828347682953 -0.07100258767604828 -0.057324305176734924 -0.0021115578711032867 -0.004927592817693949 -0.0036565272603183985 -0.0036451583728194237 -0.002990358741953969 -0.0020504905842244625 -0.001073810737580061 -0.00173016800545156 -0.0014935905346646905 -0.0014501441037282348 -0.0002810426813084632
-0.0853637233376503 -0.0853637233376503 -0.0853637233376503 -0.0853637233376503 -0.0853637233376503 -0.0853637233376503 -0.0853637233376503 -0.0853637233376503 -0.0853637233376503 -0.0853637233376503 -0.0853637233376503 -0.0853637233376503 -0.0853637233376503 -0.0853637233376503 -0.0853637233376503 -0.0853637233376503 -0.0853637233376503 -0.0853637233376503 -0.0853637233376503 -0.0853637233376503 -0.0853637233376503 -0.0853637233376503 -0.0853637233376503 -0.0853637233376503 -0.0853637233376503 -0.0853637233376503 -0.0853637233376503 -0.08327828347682953 -0.07100258767604828 -0.057324305176734924 -0.0021115578711032867 -0.004927592817693949 -0.0036565272603183985 -0.0036451583728194237 -0.002990358741953969 -0.0020504905842244625 -0.001073810737580061 -0.00173016800545156 -0.0014935905346646905 -0.0014501441037282348 -0.0002810426813084632
-0.06873224675655365 -0.06873224675655365 -0.06873224675655365 -0.06873224675655365 -0.06873224675655365 -0.06873224675655365 -0.06873224675655365 -0.06873224675655365 -0.06873224675655365 -0.06873224675655365 -0.06873224675655365 -0.06873224675655365 -0.06873224675655365 -0.06873224675655365 -0.06873224675655365 -0.06873224675655365 -0.06873224675655365 -0.06873224675655365 -0.06873224675655365 -0.06873224675655365 -0.06873224675655365 -0.06873224675655365 -0.06873224675655365 -0.06873224675655365 -0.06873224675655365 -0.06873224675655365 -0.06873224675655365 -0.06873224675655365 -0.06873224675655365 -0.057324305176734924 -0.0021115578711032867 -0.004927592817693949 -0.0036565272603183985 -0.0036451583728194237 -0.002990358741953969 -0.0020504905842244625 -0.001073810737580061 -0.00173016800545156 -0.0014935905346646905 -0.0014501441037282348 -0.0002810426813084632
-0.06348293274641037 -0.06348293274641037 -0.06348293274641037 -0.06348293274641037 -0.06348293274641037 -0.06348293274641037 -0.06348293274641037 -0.06348293274641037 -0.06348293274641037 -0.06348293274641037 -0.06348293274641037 -0.06348293274641037 -0.06348293274641037 -0.06348293274641037 -0.06348293274641037 -0.06348293274641037 -0.06348293274641037 -0.06348293274641037 -0.06348293274641037 -0.06348293274641037 -0.06348293274641037 -0.06348293274641037 -0.06348293274641037 -0.06348293274641037 -0.06348293274641037 -0.06348293274641037 -0.06348293274641037 -0.06348293274641037 -0.06348293274641037 -0.057324305176734924 -0.0021115578711032867 -0.004927592817693949 -0.0036565272603183985 -0.0036451583728194237 -0.002990358741953969 -0.0020504905842244625 -0.001073810737580061 -0.00173016800545156 -0.0014935905346646905 -0.0014501441037282348 -0.0002810426813084632
-0.06339956820011139 -0.06339956820011139 -0.06339956820011139 -0.06339956820011139 -0.06339956820011139 -0.06339956820011139 -0.06339956820011139 -0.06339956820011139 -0.06339956820011139 -0.06339956820011139 -0.06339956820011139 -0.06339956820011139 -0.06339956820011139 -0.06339956820011139 -0.06339956820011139 -0.06339956820011139 -0.06339956820011139 -0.06339956820011139 -0.06339956820011139 -0.06339956820011139 -0.06339956820011139 -0.06339956820011139 -0.06339956820011139 -0.06339956820011139 -0.06339956820011139 -0.06339956820011139 -0.06339956820011139 -0.06339956820011139 -0.06339956820011139 -0.057324305176734924 -0.0021115578711032867 -0.004927592817693949 -0.0036565272603183985 -0.0036451583728194237 -0.002990358741953969 -0.0020504905842244625 -0.001073810737580061 -0.00173016800545156 -0.0014935905346646905 -0.0014501441037282348 -0.0002810426813084632
-0.06233195215463638 -0.06233195215463638 -0.06233195215463638 -0.06233195215463638 -0.06233195215463638 -0.06233195215463638 -0.06233195215463638 -0.06233195215463638 -0.06233195215463638 -0.06233195215463638 -0.06233195215463638 -0.06233195215463638 -0.06233195215463638 -0.06233195215463638 -0.06233195215463638 -0.06233195215463638 -0.06233195215463638 -0.06233195215463638 -0.06233195215463638 -0.06233195215463638 -0.06233195215463638 -0.06233195215463638 -0.06233195215463638 -0.06233195215463638 -0.06233195215463638 -0.06233195215463638 -0.06233195215463638 -0.06233195215463638 -0.06233195215463638 -0.06233195215463638 -0.0021115578711032867 -0.004927592817693949 -0.0036565272603183985 -0.0036451583728194237 -0.002990358741953969 -0.0020504905842244625 -0.001073810737580061 -0.00173016800545156 -0.0014935905346646905 -0.0014501441037282348 -0.0002810426813084632
-0.05986380577087402 -0.05986380577087402 -0.05986380577087402 -0.05986380577087402 -0.05986380577087402 -0.05986380577087402 -0.05986380577087402 -0.05986380577087402 -0.05986380577087402 -0.05986380577087402 -0.05986380577087402 -0.05986380577087402 -0.05986380577087402 -0.05986380577087402 -0.05986380577087402 -0.05986380577087402 -0.05986380577087402 -0.05986380577087402 -0.05986380577087402 -0.05986380577087402 -0.05986380577087402 -0.05986380577087402 -0.05986380577087402 -0.05986380577087402 -0.05986380577087402 -0.05986380577087402 -0.05986380577087402 -0.05986380577087402 -0.05986380577087402 -0.057324305176734924 -0.0021115578711032867 -0.004927592817693949 -0.0036565272603183985 -0.0036451583728194237 -0.002990358741953969 -0.0020504905842244625 -0.001073810737580061 -0.00173016800545156 -0.0014935905346646905 -0.0014501441037282348 -0.0002810426813084632
-0.04388311505317688 -0.04388311505317688 -0.04388311505317688 -0.04388311505317688 -0.04388311505317688 -0.04388311505317688 -0.04388311505317688 -0.04388311505317688 -0.04388311505317688 -0.04388311505317688 -0.04388311505317688 -0.04388311505317688 -0.04388311505317688 -0.04388311505317688 -0.04388311505317688 -0.04388311505317688 -0.04388311505317688 -0.04388311505317688 -0.04388311505317688 -0.04388311505317688 -0.04388311505317688 -0.04388311505317688 -0.04388311505317688 -0.04388311505317688 -0.04388311505317688 -0.04388311505317688 -0.04388311505317688 -0.04388311505317688 -0.04388311505317688 -0.04388311505317688 -0.0021115578711032867 -0.004927592817693949 -0.0036565272603183985 -0.0036451583728194237 -0.002990358741953969 -0.0020504905842244625 -0.001073810737580061 -0.00173016800545156 -0.0014935905346646905 -0.0014501441037282348 -0.0002810426813084632
-0.04353869706392288 -0.04353869706392288 -0.04353869706392288 -0.04353869706392288 -0.04353869706392288 -0.04353869706392288 -0.04353869706392288 -0.04353869706392288 -0.04353869706392288 -0.04353869706392288 -0.04353869706392288 -0.04353869706392288 -0.04353869706392288 -0.04353869706392288 -0.04353869706392288 -0.04353869706392288 -0.04353869706392288 -0.04353869706392288 -0.04353869706392288 -0.04353869706392288 -0.04353869706392288 -0.04353869706392288 -0.04353869706392288 -0.04353869706392288 -0.04353869706392288 -0.04353869706392288 -0.04353869706392288 -0.04353869706392288 -0.04353869706392288 -0.04353869706392288 -0.0021115578711032867 -0.004927592817693949 -0.0036565272603183985 -0.0036451583728194237 -0.002990358741953969 -0.0020504905842244625 -0.001073810737580061 -0.00173016800545156 -0.0014935905346646905 -0.0014501441037282348 -0.0002810426813084632
-0.03985840827226639 -0.03985840827226639 -0.03985840827226639 -0.03985840827226639 -0.03985840827226639 -0.03985840827226639 -0.03985840827226639 -0.03985840827226639 -0.03985840827226639 -0.03985840827226639 -0.03985840827226639 -0.03985840827226639 -0.03985840827226639 -0.03985840827226639 -0.03985840827226639 -0.03985840827226639 -0.03985840827226639 -0.03985840827226639 -0.03985840827226639 -0.03985840827226639 -0.03985840827226639 -0.03985840827226639 -0.03985840827226639 -0.03985840827226639 -0.03985840827226639 -0.03985840827226639 -0.03985840827226639 -0.03985840827226639 -0.03985840827226639 -0.03985840827226639 -0.0021115578711032867 -0.004927592817693949 -0.0036565272603183985 -0.0036451583728194237 -0.002990358741953969 -0.0020504905842244625 -0.001073810737580061 -0.00173016800545156 -0.0014935905346646905 -0.0014501441037282348 -0.0002810426813084632
-0.03316054865717888 -0.03316054865717888 -0.03316054865717888 -0.03316054865717888 -0.03316054865717888 -0.03316054865717888 -0.03316054865717888 -0.03316054865717888 -0.03316054865717888 -0.03316054865717888 -0.03316054865717888 -0.03316054865717888 -0.03316054865717888 -0.03316054865717888 -0.03316054865717888 -0.03316054865717888 -0.03316054865717888 -0.03316054865717888 -0.03316054865717888 -0.03316054865717888 -0.03316054865717888 -0.03316054865717888 -0.03316054865717888 -0.03316054865717888 -0.03316054865717888 -0.03316054865717888 -0.03316054865717888 -0.03316054865717888 -0.03316054865717888 -0.03316054865717888 -0.0021115578711032867 -0.004927592817693949 -0.0036565272603183985 -0.0036451583728194237 -0.002990358741953969 -0.0020504905842244625 -0.0021935561671853065 -0.00173016800545156 -0.0014935905346646905 -0.0014501441037282348 -0.0002810426813084632
-0.03192748501896858 -0.03192748501896858 -0.03192748501896858 -0.03192748501896858 -0.03192748501896858 -0.03192748501896858 -0.03192748501896858 -0.03192748501896858 -0.03192748501896858 -0.03192748501896858 -0.03192748501896858 -0.03192748501896858 -0.03192748501896858 -0.03192748501896858 -0.03192748501896858 -0.03192748501896858 -0.03192748501896858 -0.03192748501896858 -0.03192748501896858 -0.03192748501896858 -0.03192748501896858 -0.03192748501896858 -0.03192748501896858 -0.03192748501896858 -0.03192748501896858 -0.03192748501896858 -0.03192748501896858 -0.03192748501896858 -0.03192748501896858 -0.03192748501896858 -0.0021115578711032867 -0.004927592817693949 -0.0036565272603183985 -0.0036451583728194237 -0.002990358741953969 -0.0020504905842244625 -0.0021935561671853065 -0.00173016800545156 -0.0014935905346646905 -0.0014501441037282348 -0.0002810426813084632
-0.031462162733078 -0.031462162733078 -0.031462162733078 -0.031462162733078 -0.031462162733078 -0.031462162733078 -0.031462162733078 -0.031462162733078 -0.031462162733078 -0.031462162733078 -0.031462162733078 -0.031462162733078 -0.031462162733078 -0.031462162733078 -0.031462162733078 -0.031462162733078 -0.031462162733078 -0.031462162733078 -0.031462162733078 -0.031462162733078 -0.031462162733078 -0.031462162733078 -0.031462162733078 -0.031462162733078 -0.031462162733078 -0.031462162733078 -0.031462162733078 -0.031462162733078 -0.031462162733078 -0.031462162733078 -0.0021115578711032867 -0.004927592817693949 -0.0036565272603183985 -0.0036451583728194237 -0.002990358741953969 -0.0020504905842244625 -0.0021935561671853065 -0.002002311171963811 -0.0015697585185989738 -0.0015142576303333044 -0.0002810426813084632
-0.0253803338855505 -0.0253803338855505 -0.0253803338855505 -0.0253803338855505 -0.0253803338855505 -0.0253803338855505 -0.0253803338855505 -0.0253803338855505 -0.0253803338855505 -0.0253803338855505 -0.0253803338855505 -0.0253803338855505 -0.0253803338855505 -0.0253803338855505 -0.0253803338855505 -0.0253803338855505 -0.0253803338855505 -0.0253803338855505 -0.0253803338855505 -0.0253803338855505 -0.0253803338855505 -0.0253803338855505 -0.0253803338855505 -0.0253803338855505 -0.0253803338855505 -0.0253803338855505 -0.0253803338855505 -0.0253803338855505 -0.0253803338855505 -0.0253803338855505 -0.0021115578711032867 -0.004927592817693949 -0.0036565272603183985 -0.0036451583728194237 -0.002990358741953969 -0.0020504905842244625 -0.0021935561671853065 -0.00173016800545156 -0.0014935905346646905 -0.0014501441037282348 -0.0002810426813084632
-0.014210824854671955 -0.014210824854671955 -0.014210824854671955 -0.014210824854671955 -0.014210824854671955 -0.014210824854671955 -0.014210824854671955 -0.014210824854671955 -0.014210824854671955 -0.014210824854671955 -0.014210824854671955 -0.014210824854671955 -0.014210824854671955 -0.014210824854671955 -0.014210824854671955 -0.014210824854671955 -0.014210824854671955 -0.014210824854671955 -0.014210824854671955 -0.014210824854671955 -0.014210824854671955 -0.014210824854671955 -0.014210824854671955 -0.014210824854671955 -0.014210824854671955 -0.014210824854671955 -0.014210824854671955 -0.014210824854671955 -0.014210824854671955 -0.014210824854671955 -0.006719053722918034 -0.004927592817693949 -0.0036565272603183985 -0.0036451583728194237 -0.002990358741953969 -0.0024812661577016115 -0.001073810737580061 -0.002002311171963811 -0.0015697585185989738 -0.0014501441037282348 -0.0002810426813084632
-0.0032970283646136522 -0.0032970283646136522 -0.0032970283646136522 -0.0032970283646136522 -0.0032970283646136522 -0.0032970283646136522 -0.0032970283646136522 -0.0032970283646136522 -0.0032970283646136522 -0.0032970283646136522 -0.0032970283646136522 -0.0032970283646136522 -0.0032970283646136522 -0.0032970283646136522 -0.0032970283646136522 -0.0032970283646136522 -0.0032970283646136522 -0.0032970283646136522 -0.0032970283646136522 -0.0032970283646136522 -0.0032970283646136522 -0.0032970283646136522 -0.0032970283646136522 -0.0032970283646136522 -0.0032970283646136522 -0.0032970283646136522 -0.0032970283646136522 -0.0032970283646136522 -0.0032970283646136522 -0.0032970283646136522 -0.0021115578711032867 -0.0032970283646136522 -0.0032970283646136522 -0.0032970283646136522 -0.002990358741953969 -0.0020504905842244625 -0.001073810737580061 -0.00173016800545156 -0.0014935905346646905 -0.0014501441037282348 -0.0002810426813084632
-0.000985178747214377 -0.000985178747214377 -0.000985178747214377 -0.000985178747214377 -0.000985178747214377 -0.000985178747214377 -0.000985178747214377 -0.000985178747214377 -0.000985178747214377 -0.000985178747214377 -0.000985178747214377 -0.000985178747214377 -0.000985178747214377 -0.000985178747214377 -0.000985178747214377 -0.000985178747214377 -0.000985178747214377 -0.000985178747214377 -0.000985178747214377 -0.000985178747214377 -0.000985178747214377 -0.000985178747214377 -0.000985178747214377 -0.000985178747214377 -0.000985178747214377 -0.000985178747214377 -0.000985178747214377 -0.000985178747214377 -0.000985178747214377 -0.000985178747214377 -0.000985178747214377 -0.000985178747214377 -0.000985178747214377 -0.000985178747214377 -0.000985178747214377 -0.000985178747214377 -0.000985178747214377 -0.000985178747214377 -0.000985178747214377 -0.000985178747214377 -0.0002810426813084632
-0.0008634392870590091 -0.0008634392870590091 -0.0008634392870590091 -0.0008634392870590091 -0.0008634392870590091 -0.0008634392870590091 -0.0008634392870590091 -0.0008634392870590091 -0.0008634392870590091 -0.0008634392870590091 -0.0008634392870590091 -0.0008634392870590091 -0.0008634392870590091 -0.0008634392870590091 -0.0008634392870590091 -0.0008634392870590091 -0.0008634392870590091 -0.0008634392870590091 -0.0008634392870590091 -0.0008634392870590091 -0.0008634392870590091 -0.0008634392870590091 -0.0008634392870590091 -0.0008634392870590091 -0.0008634392870590091 -0.0008634392870590091 -0.0008634392870590091 -0.0008634392870590091 -0.0008634392870590091 -0.0008634392870590091 -0.0008634392870590091 -0.0008634392870590091 -0.0008634392870590091 -0.0008634392870590091 -0.0008634392870590091 -0.0008634392870590091 -0.0008634392870590091 -0.0008634392870590091 -0.0008634392870590091 -0.0008634392870590091 -0.0002810426813084632
-0.0003723319969139993 -0.0003723319969139993 -0.0003723319969139993 -0.0003723319969139993 -0.0003723319969139993 -0.0003723319969139993 -0.0003723319969139993 -0.0003723319969139993 -0.0003723319969139993 -0.0003723319969139993 -0.0003723319969139993 -0.0003723319969139993 -0.0003723319969139993 -0.0003723319969139993 -0.0003723319969139993 -0.0003723319969139993 -0.0003723319969139993 -0.0003723319969139993 -0.0003723319969139993 -0.0003723319969139993 -0.0003723319969139993 -0.0003723319969139993 -0.0003723319969139993 -0.0003723319969139993 -0.0003723319969139993 -0.0003723319969139993 -0.0003723319969139993 -0.0003723319969139993 -0.0003723319969139993 -0.0003723319969139993 -0.0003723319969139993 -0.0003723319969139993 -0.0003723319969139993 -0.0003723319969139993 -0.0003723319969139993 -0.0003723319969139993 -0.0003723319969139993 -0.0003723319969139993 -0.0003723319969139993 -0.0003723319969139993 -0.00032089839805848897
-0.00027816317742690444 -0.00027816317742690444 -0.00027816317742690444 -0.00027816317742690444 -0.00027816317742690444 -0.00027816317742690444 -0.00027816317742690444 -0.00027816317742690444 -0.00027816317742690444 -0.00027816317742690444 -0.00027816317742690444 -0.00027816317742690444 -0.00027816317742690444 -0.00027816317742690444 -0.00027816317742690444 -0.00027816317742690444 -0.00027816317742690444 -0.00027816317742690444 -0.00027816317742690444 -0.00027816317742690444 -0.00027816317742690444 -0.00027816317742690444 -0.00027816317742690444 -0.00027816317742690444 -0.00027816317742690444 -0.00027816317742690444 -0.00027816317742690444 -0.00027816317742690444 -0.00027816317742690444 -0.00027816317742690444 -0.00027816317742690444 -0.00027816317742690444 -0.00027816317742690444 -0.00027816317742690444 -0.00027816317742690444 -0.00027816317742690444 -0.00027816317742690444 -0.00027816317742690444 -0.00027816317742690444 -0.00027816317742690444 -0.00027816317742690444