-0.7090579867362976 -0.5346801280975342 -0.5048165917396545 -0.4804876744747162 -0.4804876744747162 -0.4812100827693939 -0.1778102070093155 -0.41605517268180847 -0.19353912770748138 -0.1778102070093155 -0.1778102070093155 -0.19353912770748138 -0.19353912770748138 -0.19422070682048798 -0.19422070682048798 -0.19422070682048798 -0.19422070682048798 -0.1778102070093155 -0.1778102070093155 -0.14266444742679596 -0.14056967198848724 -0.10900036990642548 -0.035541098564863205 -0.02736268937587738 -0.02235371433198452 -0.017530076205730438 -0.017530076205730438 -0.004611325450241566 -0.010385345667600632 -0.005099428351968527 -0.0038409049157053232 -0.004362544044852257 -0.0037704743444919586 -0.0031596627086400986 -0.0027066206093877554 -0.0020830328576266766 -0.0013653947971761227 -0.0013042058562859893 -0.0011908754240721464
-0.6361806392669678 -0.5712319612503052 -0.545497477054596 -0.4804876744747162 -0.4804876744747162 -0.4812100827693939 -0.1778102070093155 -0.41605517268180847 -0.19353912770748138 -0.1778102070093155 -0.1778102070093155 -0.19353912770748138 -0.19353912770748138 -0.19422070682048798 -0.19422070682048798 -0.19422070682048798 -0.19422070682048798 -0.1778102070093155 -0.1778102070093155 -0.14266444742679596 -0.14056967198848724 -0.10900036990642548 -0.035541098564863205 -0.02736268937587738 -0.02235371433198452 -0.017530076205730438 -0.017530076205730438 -0.004611325450241566 -0.010385345667600632 -0.005099428351968527 -0.0038409049157053232 -0.004362544044852257 -0.0037704743444919586 -0.0031596627086400986 -0.0027066206093877554 -0.0020830328576266766 -0.0013653947971761227 -0.0013042058562859893 -0.0011908754240721464
-0.4804876744747162 -0.4804876744747162 -0.4804876744747162 -0.49677950143814087 -0.48145395517349243 -0.4804876744747162 -0.1778102070093155 -0.41605517268180847 -0.19353912770748138 -0.1778102070093155 -0.1778102070093155 -0.19353912770748138 -0.19353912770748138 -0.19422070682048798 -0.19422070682048798 -0.19422070682048798 -0.19422070682048798 -0.1778102070093155 -0.1778102070093155 -0.14266444742679596 -0.14056967198848724 -0.10900036990642548 -0.035541098564863205 -0.02736268937587738 -0.02235371433198452 -0.017530076205730438 -0.017530076205730438 -0.004611325450241566 -0.010385345667600632 -0.005099428351968527 -0.0038409049157053232 -0.004362544044852257 -0.0037704743444919586 -0.0031596627086400986 -0.0027066206093877554 -0.0020830328576266766 -0.0013653947971761227 -0.0013042058562859893 -0.0011908754240721464
-0.5346801280975342 -0.5346801280975342 -0.5048165917396545 -0.49677950143814087 -0.4815588593482971 -0.48136961460113525 -0.1778102070093155 -0.41605517268180847 -0.19353912770748138 -0.1778102070093155 -0.1778102070093155 -0.19353912770748138 -0.19353912770748138 -0.19422070682048798 -0.19422070682048798 -0.19422070682048798 -0.19422070682048798 -0.1778102070093155 -0.1778102070093155 -0.14266444742679596 -0.14056967198848724 -0.10900036990642548 -0.035541098564863205 -0.02736268937587738 -0.02235371433198452 -0.017530076205730438 -0.017530076205730438 -0.004611325450241566 -0.010385345667600632 -0.005099428351968527 -0.0038409049157053232 -0.004362544044852257 -0.0037704743444919586 -0.0031596627086400986 -0.0027066206093877554 -0.0020830328576266766 -0.0013653947971761227 -0.0013042058562859893 -0.0011908754240721464
-0.5220178365707397 -0.5220178365707397 -0.5220178365707397 -0.4804876744747162 -0.4804876744747162 -0.4812100827693939 -0.1778102070093155 -0.41605517268180847 -0.19353912770748138 -0.1778102070093155 -0.1778102070093155 -0.19353912770748138 -0.19353912770748138 -0.19422070682048798 -0.19422070682048798 -0.19422070682048798 -0.19422070682048798 -0.1778102070093155 -0.1778102070093155 -0.14266444742679596 -0.14056967198848724 -0.10900036990642548 -0.035541098564863205 -0.02736268937587738 -0.02235371433198452 -0.017530076205730438 -0.017530076205730438 -0.004611325450241566 -0.010385345667600632 -0.005099428351968527 -0.0038409049157053232 -0.004362544044852257 -0.0037704743444919586 -0.0031596627086400986 -0.0027066206093877554 -0.0020830328576266766 -0.0013653947971761227 -0.0013042058562859893 -0.0011908754240721464
-0.19353912770748138 -0.19353912770748138 -0.19353912770748138 -0.19353912770748138 -0.19353912770748138 -0.19353912770748138 -0.1778102070093155 -0.19353912770748138 -0.4048507511615753 -0.1778102070093155 -0.1778102070093155 -0.30277109146118164 -0.25229334831237793 -0.19353912770748138 -0.19353912770748138 -0.19353912770748138 -0.19353912770748138 -0.1778102070093155 -0.1778102070093155 -0.14266444742679596 -0.14056967198848724 -0.10900036990642548 -0.035541098564863205 -0.02736268937587738 -0.02235371433198452 -0.017530076205730438 -0.017530076205730438 -0.004611325450241566 -0.010385345667600632 -0.005099428351968527 -0.0038409049157053232 -0.004362544044852257 -0.0037704743444919586 -0.0031596627086400986 -0.0027066206093877554 -0.0020830328576266766 -0.0013653947971761227 -0.0013042058562859893 -0.0011908754240721464
-0.19353912770748138 -0.19353912770748138 -0.19353912770748138 -0.19353912770748138 -0.19353912770748138 -0.19353912770748138 -0.1778102070093155 -0.19353912770748138 -0.4048507511615753 -0.1778102070093155 -0.1778102070093155 -0.30277109146118164 -0.25229334831237793 -0.19353912770748138 -0.19353912770748138 -0.19353912770748138 -0.19353912770748138 -0.1778102070093155 -0.1778102070093155 -0.14266444742679596 -0.14056967198848724 -0.10900036990642548 -0.035541098564863205 -0.02736268937587738 -0.02235371433198452 -0.017530076205730438 -0.017530076205730438 -0.004611325450241566 -0.010385345667600632 -0.005099428351968527 -0.0038409049157053232 -0.004362544044852257 -0.0037704743444919586 -0.0031596627086400986 -0.0027066206093877554 -0.0020830328576266766 -0.0013653947971761227 -0.0013042058562859893 -0.0011908754240721464
-0.1778102070093155 -0.1778102070093155 -0.1778102070093155 -0.1778102070093155 -0.1778102070093155 -0.1778102070093155 -0.40052148699760437 -0.1778102070093155 -0.1778102070093155 -0.23167838156223297 -0.2930620312690735 -0.1778102070093155 -0.1778102070093155 -0.1778102070093155 -0.1778102070093155 -0.1778102070093155 -0.1778102070093155 -0.1889672577381134 -0.18906523287296295 -0.14266444742679596 -0.14056967198848724 -0.10900036990642548 -0.035541098564863205 -0.02736268937587738 -0.02235371433198452 -0.017530076205730438 -0.017530076205730438 -0.004611325450241566 -0.010385345667600632 -0.005099428351968527 -0.0038409049157053232 -0.004593424499034882 -0.0038778625894337893 -0.0031596627086400986 -0.0027066206093877554 -0.0020830328576266766 -0.0013653947971761227 -0.0013042058562859893 -0.0011908754240721464
-0.1778102070093155 -0.1778102070093155 -0.1778102070093155 -0.1778102070093155 -0.1778102070093155 -0.1778102070093155 -0.39947324991226196 -0.1778102070093155 -0.1778102070093155 -0.23167838156223297 -0.2930620312690735 -0.1778102070093155 -0.1778102070093155 -0.1778102070093155 -0.1778102070093155 -0.1778102070093155 -0.1778102070093155 -0.1889672577381134 -0.18906523287296295 -0.14266444742679596 -0.14056967198848724 -0.10900036990642548 -0.035541098564863205 -0.02736268937587738 -0.02235371433198452 -0.017530076205730438 -0.017530076205730438 -0.004611325450241566 -0.010385345667600632 -0.005506837274879217 -0.0038409049157053232 -0.004593424499034882 -0.0038778625894337893 -0.0031596627086400986 -0.0027066206093877554 -0.0020830328576266766 -0.0013653947971761227 -0.0013042058562859893 -0.0011908754240721464
-0.19422070682048798 -0.19422070682048798 -0.19422070682048798 -0.19422070682048798 -0.19422070682048798 -0.19422070682048798 -0.1778102070093155 -0.19422070682048798 -0.25229334831237793 -0.1778102070093155 -0.1778102070093155 -0.25229334831237793 -0.25229334831237793 -0.25279858708381653 -0.25268423557281494 -0.251110702753067 -0.24898019433021545 -0.1778102070093155 -0.1778102070093155 -0.14266444742679596 -0.14056967198848724 -0.10900036990642548 -0.035541098564863205 -0.02736268937587738 -0.02235371433198452 -0.017530076205730438 -0.017530076205730438 -0.004611325450241566 -0.010385345667600632 -0.005099428351968527 -0.0038409049157053232 -0.004362544044852257 -0.0037704743444919586 -0.0031596627086400986 -0.0027066206093877554 -0.0020830328576266766 -0.0013653947971761227 -0.0013042058562859893 -0.0011908754240721464
-0.3912236988544464 -0.3912236988544464 -0.3912236988544464 -0.3912236988544464 -0.3912236988544464 -0.3912236988544464 -0.1778102070093155 -0.3912236988544464 -0.19353912770748138 -0.1778102070093155 -0.1778102070093155 -0.19353912770748138 -0.19353912770748138 -0.19422070682048798 -0.19422070682048798 -0.19422070682048798 -0.19422070682048798 -0.1778102070093155 -0.1778102070093155 -0.14266444742679596 -0.14056967198848724 -0.10900036990642548 -0.035541098564863205 -0.02736268937587738 -0.02235371433198452 -0.017530076205730438 -0.017530076205730438 -0.004611325450241566 -0.010385345667600632 -0.005099428351968527 -0.0038409049157053232 -0.004362544044852257 -0.0037704743444919586 -0.0031596627086400986 -0.0027066206093877554 -0.0020830328576266766 -0.0013653947971761227 -0.0013042058562859893 -0.0011908754240721464
-0.19353912770748138 -0.19353912770748138 -0.19353912770748138 -0.19353912770748138 -0.19353912770748138 -0.19353912770748138 -0.1778102070093155 -0.19353912770748138 -0.3597078323364258 -0.1778102070093155 -0.1778102070093155 -0.30277109146118164 -0.2568877637386322 -0.19353912770748138 -0.19353912770748138 -0.19353912770748138 -0.19353912770748138 -0.1778102070093155 -0.1778102070093155 -0.14266444742679596 -0.14056967198848724 -0.10900036990642548 -0.035541098564863205 -0.02736268937587738 -0.02235371433198452 -0.017530076205730438 -0.017530076205730438 -0.004611325450241566 -0.010385345667600632 -0.005099428351968527 -0.0038409049157053232 -0.004362544044852257 -0.0037704743444919586 -0.0031596627086400986 -0.0027066206093877554 -0.0020830328576266766 -0.0013653947971761227 -0.0013042058562859893 -0.0011908754240721464
-0.1778102070093155 -0.1778102070093155 -0.1778102070093155 -0.1778102070093155 -0.1778102070093155 -0.1778102070093155 -0.2930620312690735 -0.1778102070093155 -0.1778102070093155 -0.23167838156223297 -0.31961295008659363 -0.1778102070093155 -0.1778102070093155 -0.1778102070093155 -0.1778102070093155 -0.1778102070093155 -0.1778102070093155 -0.1889672577381134 -0.18906523287296295 -0.14266444742679596 -0.14056967198848724 -0.10900036990642548 -0.035541098564863205 -0.02736268937587738 -0.02235371433198452 -0.017530076205730438 -0.017530076205730438 -0.004611325450241566 -0.010385345667600632 -0.005099428351968527 -0.0038409049157053232 -0.004362544044852257 -0.0037704743444919586 -0.0031596627086400986 -0.0027066206093877554 -0.0020830328576266766 -0.0013653947971761227 -0.0013042058562859893 -0.0011908754240721464
-0.19353912770748138 -0.19353912770748138 -0.19353912770748138 -0.19353912770748138 -0.19353912770748138 -0.19353912770748138 -0.1778102070093155 -0.19353912770748138 -0.30277109146118164 -0.1778102070093155 -0.1778102070093155 -0.30921468138694763 -0.25229334831237793 -0.19353912770748138 -0.19353912770748138 -0.19353912770748138 -0.19353912770748138 -0.1778102070093155 -0.1778102070093155 -0.14266444742679596 -0.14056967198848724 -0.10900036990642548 -0.035541098564863205 -0.02736268937587738 -0.02235371433198452 -0.017530076205730438 -0.017530076205730438 -0.004611325450241566 -0.010385345667600632 -0.005099428351968527 -0.0038409049157053232 -0.004362544044852257 -0.0037704743444919586 -0.0031596627086400986 -0.0027066206093877554 -0.0020830328576266766 -0.0013653947971761227 -0.0013042058562859893 -0.0011908754240721464
-0.1778102070093155 -0.1778102070093155 -0.1778102070093155 -0.1778102070093155 -0.1778102070093155 -0.1778102070093155 -0.23167838156223297 -0.1778102070093155 -0.1778102070093155 -0.3054013252258301 -0.23167838156223297 -0.1778102070093155 -0.1778102070093155 -0.1778102070093155 -0.1778102070093155 -0.1778102070093155 -0.1778102070093155 -0.1889672577381134 -0.18906523287296295 -0.14266444742679596 -0.14056967198848724 -0.10900036990642548 -0.035541098564863205 -0.02736268937587738 -0.02235371433198452 -0.017530076205730438 -0.017530076205730438 -0.004611325450241566 -0.010385345667600632 -0.005099428351968527 -0.0038409049157053232 -0.004362544044852257 -0.0037704743444919586 -0.0031596627086400986 -0.0027066206093877554 -0.0020830328576266766 -0.0013653947971761227 -0.0013042058562859893 -0.0011908754240721464
-0.1778102070093155 -0.1778102070093155 -0.1778102070093155 -0.1778102070093155 -0.1778102070093155 -0.1778102070093155 -0.23167838156223297 -0.1778102070093155 -0.1778102070093155 -0.30441537499427795 -0.23167838156223297 -0.1778102070093155 -0.1778102070093155 -0.1778102070093155 -0.1778102070093155 -0.1778102070093155 -0.1778102070093155 -0.1889672577381134 -0.18906523287296295 -0.14266444742679596 -0.14056967198848724 -0.10900036990642548 -0.035541098564863205 -0.02736268937587738 -0.02235371433198452 -0.017530076205730438 -0.017530076205730438 -0.004611325450241566 -0.010385345667600632 -0.005099428351968527 -0.0038409049157053232 -0.004362544044852257 -0.0037704743444919586 -0.0031596627086400986 -0.0027066206093877554 -0.0020830328576266766 -0.0013653947971761227 -0.0013042058562859893 -0.0011908754240721464
-0.1778102070093155 -0.1778102070093155 -0.1778102070093155 -0.1778102070093155 -0.1778102070093155 -0.1778102070093155 -0.23167838156223297 -0.1778102070093155 -0.1778102070093155 -0.3039133846759796 -0.23167838156223297 -0.1778102070093155 -0.1778102070093155 -0.1778102070093155 -0.1778102070093155 -0.1778102070093155 -0.1778102070093155 -0.1889672577381134 -0.18906523287296295 -0.14266444742679596 -0.14056967198848724 -0.10900036990642548 -0.035541098564863205 -0.02736268937587738 -0.02235371433198452 -0.017530076205730438 -0.017530076205730438 -0.004611325450241566 -0.010385345667600632 -0.005099428351968527 -0.0038409049157053232 -0.004362544044852257 -0.0037704743444919586 -0.0031596627086400986 -0.0027066206093877554 -0.0020830328576266766 -0.0013653947971761227 -0.0013042058562859893 -0.0011908754240721464
-0.1778102070093155 -0.1778102070093155 -0.1778102070093155 -0.1778102070093155 -0.1778102070093155 -0.1778102070093155 -0.23167838156223297 -0.1778102070093155 -0.1778102070093155 -0.2841779291629791 -0.23167838156223297 -0.1778102070093155 -0.1778102070093155 -0.1778102070093155 -0.1778102070093155 -0.1778102070093155 -0.1778102070093155 -0.1889672577381134 -0.18906523287296295 -0.14266444742679596 -0.14056967198848724 -0.10900036990642548 -0.035541098564863205 -0.02736268937587738 -0.02235371433198452 -0.017530076205730438 -0.017530076205730438 -0.004611325450241566 -0.010385345667600632 -0.005099428351968527 -0.0038409049157053232 -0.004362544044852257 -0.0037704743444919586 -0.0031596627086400986 -0.0027066206093877554 -0.0020830328576266766 -0.0013653947971761227 -0.0013042058562859893 -0.0011908754240721464
-0.1778102070093155 -0.1778102070093155 -0.1778102070093155 -0.1778102070093155 -0.1778102070093155 -0.1778102070093155 -0.23167838156223297 -0.1778102070093155 -0.1778102070093155 -0.28210216760635376 -0.23167838156223297 -0.1778102070093155 -0.1778102070093155 -0.1778102070093155 -0.1778102070093155 -0.1778102070093155 -0.1778102070093155 -0.1889672577381134 -0.18906523287296295 -0.14266444742679596 -0.14056967198848724 -0.10900036990642548 -0.035541098564863205 -0.02736268937587738 -0.02235371433198452 -0.017530076205730438 -0.017530076205730438 -0.004611325450241566 -0.010385345667600632 -0.005099428351968527 -0.0038409049157053232 -0.004362544044852257 -0.0037704743444919586 -0.0031596627086400986 -0.0027066206093877554 -0.0020830328576266766 -0.0013653947971761227 -0.0013042058562859893 -0.0011908754240721464
-0.19353912770748138 -0.19353912770748138 -0.19353912770748138 -0.19353912770748138 -0.19353912770748138 -0.19353912770748138 -0.1778102070093155 -0.19353912770748138 -0.25229334831237793 -0.1778102070093155 -0.1778102070093155 -0.25229334831237793 -0.2568877637386322 -0.19353912770748138 -0.19353912770748138 -0.19353912770748138 -0.19353912770748138 -0.1778102070093155 -0.1778102070093155 -0.14266444742679596 -0.14056967198848724 -0.10900036990642548 -0.035541098564863205 -0.02736268937587738 -0.02235371433198452 -0.017530076205730438 -0.017530076205730438 -0.004611325450241566 -0.010385345667600632 -0.005099428351968527 -0.0038409049157053232 -0.004362544044852257 -0.0037704743444919586 -0.0031596627086400986 -0.0027066206093877554 -0.0020830328576266766 -0.0013653947971761227 -0.0013042058562859893 -0.0011908754240721464
-0.22929535806179047 -0.22929535806179047 -0.22929535806179047 -0.22929535806179047 -0.22929535806179047 -0.22929535806179047 -0.1778102070093155 -0.22929535806179047 -0.19353912770748138 -0.1778102070093155 -0.1778102070093155 -0.19353912770748138 -0.19353912770748138 -0.19422070682048798 -0.19422070682048798 -0.19422070682048798 -0.19422070682048798 -0.1778102070093155 -0.1778102070093155 -0.14266444742679596 -0.14056967198848724 -0.10900036990642548 -0.035541098564863205 -0.02736268937587738 -0.02235371433198452 -0.017530076205730438 -0.017530076205730438 -0.004611325450241566 -0.010385345667600632 -0.005099428351968527 -0.0038409049157053232 -0.004362544044852257 -0.0037704743444919586 -0.0031596627086400986 -0.0027066206093877554 -0.0020830328576266766 -0.0013653947971761227 -0.0013042058562859893 -0.0011908754240721464
-0.13801051676273346 -0.13801051676273346 -0.13801051676273346 -0.13801051676273346 -0.13801051676273346 -0.13801051676273346 -0.13801051676273346 -0.13801051676273346 -0.13801051676273346 -0.13801051676273346 -0.13801051676273346 -0.13801051676273346 -0.13801051676273346 -0.13801051676273346 -0.13801051676273346 -0.13801051676273346 -0.13801051676273346 -0.13801051676273346 -0.13801051676273346 -0.13801051676273346 -0.13801051676273346 -0.10900036990642548 -0.035541098564863205 -0.02736268937587738 -0.02235371433198452 -0.017530076205730438 -0.017530076205730438 -0.004611325450241566 -0.010385345667600632 -0.005099428351968527 -0.0038409049157053232 -0.004362544044852257 -0.0037704743444919586 -0.0031596627086400986 -0.0027066206093877554 -0.0020830328576266766 -0.0013653947971761227 -0.0013042058562859893 -0.0011908754240721464
-0.11975529789924622 -0.11975529789924622 -0.11975529789924622 -0.11975529789924622 -0.11975529789924622 -0.11975529789924622 -0.11975529789924622 -0.11975529789924622 -0.11975529789924622 -0.11975529789924622 -0.11975529789924622 -0.11975529789924622 -0.11975529789924622 -0.11975529789924622 -0.11975529789924622 -0.11975529789924622 -0.11975529789924622 -0.11975529789924622 -0.11975529789924622 -0.11975529789924622 -0.11975529789924622 -0.11578278243541718 -0.035541098564863205 -0.02736268937587738 -0.02235371433198452 -0.017530076205730438 -0.017530076205730438 -0.004611325450241566 -0.010385345667600632 -0.005099428351968527 -0.0038409049157053232 -0.004362544044852257 -0.0037704743444919586 -0.0031596627086400986 -0.0027066206093877554 -0.0020830328576266766 -0.0013653947971761227 -0.0013042058562859893 -0.0012740357778966427
-0.09806552529335022 -0.09806552529335022 -0.09806552529335022 -0.09806552529335022 -0.09806552529335022 -0.09806552529335022 -0.09806552529335022 -0.09806552529335022 -0.09806552529335022 -0.09806552529335022 -0.09806552529335022 -0.09806552529335022 -0.09806552529335022 -0.09806552529335022 -0.09806552529335022 -0.09806552529335022 -0.09806552529335022 -0.09806552529335022 -0.09806552529335022 -0.09806552529335022 -0.09806552529335022 -0.09806552529335022 -0.035541098564863205 -0.02736268937587738 -0.02235371433198452 -0.020261822268366814 -0.019772179424762726 -0.004611325450241566 -0.010385345667600632 -0.005099428351968527 -0.0038409049157053232 -0.004362544044852257 -0.0037704743444919586 -0.0031596627086400986 -0.0027066206093877554 -0.0020830328576266766 -0.0013653947971761227 -0.0013042058562859893 -0.0011908754240721464
-0.09373216331005096 -0.09373216331005096 -0.09373216331005096 -0.09373216331005096 -0.09373216331005096 -0.09373216331005096 -0.09373216331005096 -0.09373216331005096 -0.09373216331005096 -0.09373216331005096 -0.09373216331005096 -0.09373216331005096 -0.09373216331005096 -0.09373216331005096 -0.09373216331005096 -0.09373216331005096 -0.09373216331005096 -0.09373216331005096 -0.09373216331005096 -0.09373216331005096 -0.09373216331005096 -0.09373216331005096 -0.03581899777054787 -0.027669548988342285 -0.02235371433198452 -0.017530076205730438 -0.017530076205730438 -0.004611325450241566 -0.010385345667600632 -0.005099428351968527 -0.0048507521860301495 -0.004362544044852257 -0.0037704743444919586 -0.003433086210861802 -0.0027066206093877554 -0.0020830328576266766 -0.0013653947971761227 -0.0013042058562859893 -0.0011908754240721464
-0.0853637233376503 -0.0853637233376503 -0.0853637233376503 -0.0853637233376503 -0.0853637233376503 -0.0853637233376503 -0.0853637233376503 -0.0853637233376503 -0.0853637233376503 -0.0853637233376503 -0.0853637233376503 -0.0853637233376503 -0.0853637233376503 -0.0853637233376503 -0.0853637233376503 -0.0853637233376503 -0.0853637233376503 -0.0853637233376503 -0.0853637233376503 -0.0853637233376503 -0.0853637233376503 -0.0853637233376503 -0.035541098564863205 -0.02736268937587738 -0.02235371433198452 -0.017530076205730438 -0.017530076205730438 -0.004611325450241566 -0.010385345667600632 -0.005099428351968527 -0.0038409049157053232 -0.004362544044852257 -0.0037704743444919586 -0.0031596627086400986 -0.0027066206093877554 -0.0020830328576266766 -0.0013653947971761227 -0.0013042058562859893 -0.0011908754240721464
-0.06873224675655365 -0.06873224675655365 -0.06873224675655365 -0.06873224675655365 -0.06873224675655365 -0.06873224675655365 -0.06873224675655365 -0.06873224675655365 -0.06873224675655365 -0.06873224675655365 -0.06873224675655365 -0.06873224675655365 -0.06873224675655365 -0.06873224675655365 -0.06873224675655365 -0.06873224675655365 -0.06873224675655365 -0.06873224675655365 -0.06873224675655365 -0.06873224675655365 -0.06873224675655365 -0.06873224675655365 -0.035541098564863205 -0.027669548988342285 -0.02235371433198452 -0.017530076205730438 -0.017530076205730438 -0.004611325450241566 -0.010385345667600632 -0.005099428351968527 -0.0048507521860301495 -0.004362544044852257 -0.0037704743444919586 -0.003433086210861802 -0.0027066206093877554 -0.0020830328576266766 -0.0013653947971761227 -0.0013042058562859893 -0.0011908754240721464
-0.06348293274641037 -0.06348293274641037 -0.06348293274641037 -0.06348293274641037 -0.06348293274641037 -0.06348293274641037 -0.06348293274641037 -0.06348293274641037 -0.06348293274641037 -0.06348293274641037 -0.06348293274641037 -0.06348293274641037 -0.06348293274641037 -0.06348293274641037 -0.06348293274641037 -0.06348293274641037 -0.06348293274641037 -0.06348293274641037 -0.06348293274641037 -0.06348293274641037 -0.06348293274641037 -0.06348293274641037 -0.035541098564863205 -0.02736268937587738 -0.02235371433198452 -0.017530076205730438 -0.017530076205730438 -0.004611325450241566 -0.010385345667600632 -0.005099428351968527 -0.0048507521860301495 -0.004362544044852257 -0.0037704743444919586 -0.003433086210861802 -0.0027066206093877554 -0.0020830328576266766 -0.0013653947971761227 -0.0013042058562859893 -0.0011908754240721464
-0.06339956820011139 -0.06339956820011139 -0.06339956820011139 -0.06339956820011139 -0.06339956820011139 -0.06339956820011139 -0.06339956820011139 -0.06339956820011139 -0.06339956820011139 -0.06339956820011139 -0.06339956820011139 -0.06339956820011139 -0.06339956820011139 -0.06339956820011139 -0.06339956820011139 -0.06339956820011139 -0.06339956820011139 -0.06339956820011139 -0.06339956820011139 -0.06339956820011139 -0.06339956820011139 -0.06339956820011139 -0.035541098564863205 -0.02736268937587738 -0.02235371433198452 -0.020261822268366814 -0.019772179424762726 -0.004611325450241566 -0.010385345667600632 -0.005099428351968527 -0.0038409049157053232 -0.004362544044852257 -0.0037704743444919586 -0.0031596627086400986 -0.0027066206093877554 -0.0020830328576266766 -0.0013653947971761227 -0.0013042058562859893 -0.0011908754240721464
-0.06233195215463638 -0.06233195215463638 -0.06233195215463638 -0.06233195215463638 -0.06233195215463638 -0.06233195215463638 -0.06233195215463638 -0.06233195215463638 -0.06233195215463638 -0.06233195215463638 -0.06233195215463638 -0.06233195215463638 -0.06233195215463638 -0.06233195215463638 -0.06233195215463638 -0.06233195215463638 -0.06233195215463638 -0.06233195215463638 -0.06233195215463638 -0.06233195215463638 -0.06233195215463638 -0.06233195215463638 -0.035541098564863205 -0.02736268937587738 -0.02235371433198452 -0.017530076205730438 -0.017530076205730438 -0.004611325450241566 -0.010385345667600632 -0.005099428351968527 -0.0038409049157053232 -0.004362544044852257 -0.0037704743444919586 -0.0031596627086400986 -0.0027066206093877554 -0.0020830328576266766 -0.0013653947971761227 -0.0013042058562859893 -0.0011908754240721464
-0.05986380577087402 -0.05986380577087402 -0.05986380577087402 -0.05986380577087402 -0.05986380577087402 -0.05986380577087402 -0.05986380577087402 -0.05986380577087402 -0.05986380577087402 -0.05986380577087402 -0.05986380577087402 -0.05986380577087402 -0.05986380577087402 -0.05986380577087402 -0.05986380577087402 -0.05986380577087402 -0.05986380577087402 -0.05986380577087402 -0.05986380577087402 -0.05986380577087402 -0.05986380577087402 -0.05986380577087402 -0.035541098564863205 -0.02736268937587738 -0.02235371433198452 -0.017530076205730438 -0.017530076205730438 -0.004611325450241566 -0.010385345667600632 -0.005099428351968527 -0.0048507521860301495 -0.004362544044852257 -0.0037704743444919586 -0.0031596627086400986 -0.0027066206093877554 -0.0020830328576266766 -0.0013653947971761227 -0.0013042058562859893 -0.0011908754240721464
-0.04388311505317688 -0.04388311505317688 -0.04388311505317688 -0.04388311505317688 -0.04388311505317688 -0.04388311505317688 -0.04388311505317688 -0.04388311505317688 -0.04388311505317688 -0.04388311505317688 -0.04388311505317688 -0.04388311505317688 -0.04388311505317688 -0.04388311505317688 -0.04388311505317688 -0.04388311505317688 -0.04388311505317688 -0.04388311505317688 -0.04388311505317688 -0.04388311505317688 -0.04388311505317688 -0.04388311505317688 -0.035541098564863205 -0.02736268937587738 -0.02235371433198452 -0.020261822268366814 -0.019772179424762726 -0.004611325450241566 -0.010385345667600632 -0.005099428351968527 -0.0038409049157053232 -0.004362544044852257 -0.0037704743444919586 -0.0031596627086400986 -0.0027066206093877554 -0.0020830328576266766 -0.0013653947971761227 -0.0013042058562859893 -0.0011908754240721464
-0.04353869706392288 -0.04353869706392288 -0.04353869706392288 -0.04353869706392288 -0.04353869706392288 -0.04353869706392288 -0.04353869706392288 -0.04353869706392288 -0.04353869706392288 -0.04353869706392288 -0.04353869706392288 -0.04353869706392288 -0.04353869706392288 -0.04353869706392288 -0.04353869706392288 -0.04353869706392288 -0.04353869706392288 -0.04353869706392288 -0.04353869706392288 -0.04353869706392288 -0.04353869706392288 -0.04353869706392288 -0.035541098564863205 -0.02736268937587738 -0.02235371433198452 -0.020261822268366814 -0.019772179424762726 -0.004611325450241566 -0.010385345667600632 -0.005099428351968527 -0.0038409049157053232 -0.004362544044852257 -0.0037704743444919586 -0.0031596627086400986 -0.0027066206093877554 -0.0020830328576266766 -0.0013653947971761227 -0.0013042058562859893 -0.0011908754240721464
-0.03985840827226639 -0.03985840827226639 -0.03985840827226639 -0.03985840827226639 -0.03985840827226639 -0.03985840827226639 -0.03985840827226639 -0.03985840827226639 -0.03985840827226639 -0.03985840827226639 -0.03985840827226639 -0.03985840827226639 -0.03985840827226639 -0.03985840827226639 -0.03985840827226639 -0.03985840827226639 -0.03985840827226639 -0.03985840827226639 -0.03985840827226639 -0.03985840827226639 -0.03985840827226639 -0.03985840827226639 -0.035541098564863205 -0.02736268937587738 -0.026680486276745796 -0.020261822268366814 -0.019772179424762726 -0.004611325450241566 -0.010645153932273388 -0.005099428351968527 -0.0038409049157053232 -0.004362544044852257 -0.0037704743444919586 -0.0031596627086400986 -0.0027066206093877554 -0.0020830328576266766 -0.0013653947971761227 -0.0013042058562859893 -0.0011908754240721464
-0.03316054865717888 -0.03316054865717888 -0.03316054865717888 -0.03316054865717888 -0.03316054865717888 -0.03316054865717888 -0.03316054865717888 -0.03316054865717888 -0.03316054865717888 -0.03316054865717888 -0.03316054865717888 -0.03316054865717888 -0.03316054865717888 -0.03316054865717888 -0.03316054865717888 -0.03316054865717888 -0.03316054865717888 -0.03316054865717888 -0.03316054865717888 -0.03316054865717888 -0.03316054865717888 -0.03316054865717888 -0.03316054865717888 -0.02736268937587738 -0.026680486276745796 -0.017530076205730438 -0.017530076205730438 -0.004611325450241566 -0.010645153932273388 -0.005099428351968527 -0.0038409049157053232 -0.004362544044852257 -0.0037704743444919586 -0.0031596627086400986 -0.0027066206093877554 -0.0020830328576266766 -0.0016790005611255765 -0.0013042058562859893 -0.0011908754240721464
-0.03192748501896858 -0.03192748501896858 -0.03192748501896858 -0.03192748501896858 -0.03192748501896858 -0.03192748501896858 -0.03192748501896858 -0.03192748501896858 -0.03192748501896858 -0.03192748501896858 -0.03192748501896858 -0.03192748501896858 -0.03192748501896858 -0.03192748501896858 -0.03192748501896858 -0.03192748501896858 -0.03192748501896858 -0.03192748501896858 -0.03192748501896858 -0.03192748501896858 -0.03192748501896858 -0.03192748501896858 -0.03192748501896858 -0.02736268937587738 -0.026680486276745796 -0.017530076205730438 -0.017530076205730438 -0.004611325450241566 -0.010645153932273388 -0.005099428351968527 -0.0038409049157053232 -0.004362544044852257 -0.0037704743444919586 -0.0031596627086400986 -0.0027066206093877554 -0.0020830328576266766 -0.0016790005611255765 -0.0013042058562859893 -0.0011908754240721464
-0.031462162733078 -0.031462162733078 -0.031462162733078 -0.031462162733078 -0.031462162733078 -0.031462162733078 -0.031462162733078 -0.031462162733078 -0.031462162733078 -0.031462162733078 -0.031462162733078 -0.031462162733078 -0.031462162733078 -0.031462162733078 -0.031462162733078 -0.031462162733078 -0.031462162733078 -0.031462162733078 -0.031462162733078 -0.031462162733078 -0.031462162733078 -0.031462162733078 -0.031462162733078 -0.02736268937587738 -0.02235371433198452 -0.017530076205730438 -0.017530076205730438 -0.004611325450241566 -0.010385345667600632 -0.005099428351968527 -0.0038409049157053232 -0.004362544044852257 -0.0037704743444919586 -0.0031596627086400986 -0.0027066206093877554 -0.002326847054064274 -0.0016790005611255765 -0.0014981060521677136 -0.0011908754240721464
-0.0253803338855505 -0.0253803338855505 -0.0253803338855505 -0.0253803338855505 -0.0253803338855505 -0.0253803338855505 -0.0253803338855505 -0.0253803338855505 -0.0253803338855505 -0.0253803338855505 -0.0253803338855505 -0.0253803338855505 -0.0253803338855505 -0.0253803338855505 -0.0253803338855505 -0.0253803338855505 -0.0253803338855505 -0.0253803338855505 -0.0253803338855505 -0.0253803338855505 -0.0253803338855505 -0.0253803338855505 -0.0253803338855505 -0.0253803338855505 -0.0253803338855505 -0.017530076205730438 -0.017530076205730438 -0.004611325450241566 -0.010645153932273388 -0.005099428351968527 -0.0038409049157053232 -0.004362544044852257 -0.0037704743444919586 -0.0031596627086400986 -0.0027066206093877554 -0.0020830328576266766 -0.0016790005611255765 -0.0013042058562859893 -0.0011908754240721464
-0.014210824854671955 -0.014210824854671955 -0.014210824854671955 -0.014210824854671955 -0.014210824854671955 -0.014210824854671955 -0.014210824854671955 -0.014210824854671955 -0.014210824854671955 -0.014210824854671955 -0.014210824854671955 -0.014210824854671955 -0.014210824854671955 -0.014210824854671955 -0.014210824854671955 -0.014210824854671955 -0.014210824854671955 -0.014210824854671955 -0.014210824854671955 -0.014210824854671955 -0.014210824854671955 -0.014210824854671955 -0.014210824854671955 -0.014210824854671955 -0.014210824854671955 -0.014210824854671955 -0.014210824854671955 -0.011903726495802402 -0.010385345667600632 -0.005099428351968527 -0.0038409049157053232 -0.004362544044852257 -0.0037704743444919586 -0.0031596627086400986 -0.0030595543794333935 -0.002326847054064274 -0.0013653947971761227 -0.0014981060521677136 -0.0011908754240721464
-0.0032970283646136522 -0.0032970283646136522 -0.0032970283646136522 -0.0032970283646136522 -0.0032970283646136522 -0.0032970283646136522 -0.0032970283646136522 -0.0032970283646136522 -0.0032970283646136522 -0.0032970283646136522 -0.0032970283646136522 -0.0032970283646136522 -0.0032970283646136522 -0.0032970283646136522 -0.0032970283646136522 -0.0032970283646136522 -0.0032970283646136522 -0.0032970283646136522 -0.0032970283646136522 -0.0032970283646136522 -0.0032970283646136522 -0.0032970283646136522 -0.0032970283646136522 -0.0032970283646136522 -0.0032970283646136522 -0.0032970283646136522 -0.0032970283646136522 -0.0032970283646136522 -0.0032970283646136522 -0.0032970283646136522 -0.0032970283646136522 -0.0032970283646136522 -0.0032970283646136522 -0.0031596627086400986 -0.0027066206093877554 -0.0020830328576266766 -0.0013653947971761227 -0.0013042058562859893 -0.0011908754240721464
-0.000985178747214377 -0.000985178747214377 -0.000985178747214377 -0.000985178747214377 -0.000985178747214377 -0.000985178747214377 -0.000985178747214377 -0.000985178747214377 -0.000985178747214377 -0.000985178747214377 -0.000985178747214377 -0.000985178747214377 -0.000985178747214377 -0.000985178747214377 -0.000985178747214377 -0.000985178747214377 -0.000985178747214377 -0.000985178747214377 -0.000985178747214377 -0.000985178747214377 -0.000985178747214377 -0.000985178747214377 -0.000985178747214377 -0.000985178747214377 -0.000985178747214377 -0.000985178747214377 -0.000985178747214377 -0.000985178747214377 -0.000985178747214377 -0.000985178747214377 -0.000985178747214377 -0.000985178747214377 -0.000985178747214377 -0.000985178747214377 -0.000985178747214377 -0.000985178747214377 -0.000985178747214377 -0.000985178747214377 -0.000985178747214377
-0.0008634392870590091 -0.0008634392870590091 -0.0008634392870590091 -0.0008634392870590091 -0.0008634392870590091 -0.0008634392870590091 -0.0008634392870590091 -0.0008634392870590091 -0.0008634392870590091 -0.0008634392870590091 -0.0008634392870590091 -0.0008634392870590091 -0.0008634392870590091 -0.0008634392870590091 -0.0008634392870590091 -0.0008634392870590091 -0.0008634392870590091 -0.0008634392870590091 -0.0008634392870590091 -0.0008634392870590091 -0.0008634392870590091 -0.0008634392870590091 -0.0008634392870590091 -0.0008634392870590091 -0.0008634392870590091 -0.0008634392870590091 -0.0008634392870590091 -0.0008634392870590091 -0.0008634392870590091 -0.0008634392870590091 -0.0008634392870590091 -0.0008634392870590091 -0.0008634392870590091 -0.0008634392870590091 -0.0008634392870590091 -0.0008634392870590091 -0.0008634392870590091 -0.0008634392870590091 -0.0008634392870590091
-0.0003723319969139993 -0.0003723319969139993 -0.0003723319969139993 -0.0003723319969139993 -0.0003723319969139993 -0.0003723319969139993 -0.0003723319969139993 -0.0003723319969139993 -0.0003723319969139993 -0.0003723319969139993 -0.0003723319969139993 -0.0003723319969139993 -0.0003723319969139993 -0.0003723319969139993 -0.0003723319969139993 -0.0003723319969139993 -0.0003723319969139993 -0.0003723319969139993 -0.0003723319969139993 -0.0003723319969139993 -0.0003723319969139993 -0.0003723319969139993 -0.0003723319969139993 -0.0003723319969139993 -0.0003723319969139993 -0.0003723319969139993 -0.0003723319969139993 -0.0003723319969139993 -0.0003723319969139993 -0.0003723319969139993 -0.0003723319969139993 -0.0003723319969139993 -0.0003723319969139993 -0.0003723319969139993 -0.0003723319969139993 -0.0003723319969139993 -0.0003723319969139993 -0.0003723319969139993 -0.0003723319969139993
-0.00027816317742690444 -0.00027816317742690444 -0.00027816317742690444 -0.00027816317742690444 -0.00027816317742690444 -0.00027816317742690444 -0.00027816317742690444 -0.00027816317742690444 -0.00027816317742690444 -0.00027816317742690444 -0.00027816317742690444 -0.00027816317742690444 -0.00027816317742690444 -0.00027816317742690444 -0.00027816317742690444 -0.00027816317742690444 -0.00027816317742690444 -0.00027816317742690444 -0.00027816317742690444 -0.00027816317742690444 -0.00027816317742690444 -0.00027816317742690444 -0.00027816317742690444 -0.00027816317742690444 -0.00027816317742690444 -0.00027816317742690444 -0.00027816317742690444 -0.00027816317742690444 -0.00027816317742690444 -0.00027816317742690444 -0.00027816317742690444 -0.00027816317742690444 -0.00027816317742690444 -0.00027816317742690444 -0.00027816317742690444 -0.00027816317742690444 -0.00027816317742690444 -0.00027816317742690444 -0.00027816317742690444