-0.4238879382610321 -0.5051929950714111 -0.4930618107318878 -0.49245837330818176 -0.1598788946866989 -0.3097178339958191 -0.11911923438310623 -0.1598788946866989 -0.2695648670196533 -0.11911923438310623 -0.11911923438310623 -0.1598788946866989 -0.11911923438310623 -0.10697481781244278 -0.1598788946866989 -0.11911923438310623 -0.15655846893787384 -0.15089713037014008 -0.15100987255573273 -0.10697481781244278 -0.10697481781244278 -0.1251295506954193 -0.08890655636787415 -0.07932685315608978 -0.02686384879052639 -0.010030184872448444 -0.004571062512695789 -0.002116741146892309 -0.0024467066396027803 -0.0032515961211174726 -0.002891838550567627 -0.0020132253412157297 -0.0017597872065380216 -0.0010840074392035604 -0.0017385059036314487 -0.0017342789797112346 -0.0016122423112392426 -0.0013616342330351472 -0.0010840074392035604 -0.0012182033387944102
-0.4238879382610321 -0.44359949231147766 -0.44359949231147766 -0.44359949231147766 -0.1598788946866989 -0.3097178339958191 -0.11911923438310623 -0.1598788946866989 -0.27545616030693054 -0.11911923438310623 -0.11911923438310623 -0.1598788946866989 -0.11911923438310623 -0.10697481781244278 -0.1598788946866989 -0.11911923438310623 -0.15655846893787384 -0.15089713037014008 -0.15100987255573273 -0.10697481781244278 -0.10697481781244278 -0.1251295506954193 -0.08890655636787415 -0.07932685315608978 -0.02686384879052639 -0.010030184872448444 -0.004571062512695789 -0.002116741146892309 -0.0024467066396027803 -0.0032515961211174726 -0.002891838550567627 -0.0020132253412157297 -0.0017597872065380216 -0.0010840074392035604 -0.0017385059036314487 -0.0017342789797112346 -0.0016122423112392426 -0.0013616342330351472 -0.0010840074392035604 -0.0012182033387944102
-0.4238879382610321 -0.4238879382610321 -0.4238879382610321 -0.4238879382610321 -0.1598788946866989 -0.31698793172836304 -0.11911923438310623 -0.1598788946866989 -0.2695648670196533 -0.11911923438310623 -0.11911923438310623 -0.1598788946866989 -0.11911923438310623 -0.10697481781244278 -0.1598788946866989 -0.11911923438310623 -0.15655846893787384 -0.15089713037014008 -0.15100987255573273 -0.10697481781244278 -0.10697481781244278 -0.1251295506954193 -0.08890655636787415 -0.07932685315608978 -0.02686384879052639 -0.010030184872448444 -0.004571062512695789 -0.002116741146892309 -0.0024467066396027803 -0.0032515961211174726 -0.002891838550567627 -0.0020132253412157297 -0.0017597872065380216 -0.0010840074392035604 -0.0017385059036314487 -0.0017342789797112346 -0.0016122423112392426 -0.0013616342330351472 -0.0010840074392035604 -0.0012182033387944102
-0.4238879382610321 -0.4238879382610321 -0.4238879382610321 -0.4238879382610321 -0.1598788946866989 -0.31698793172836304 -0.11911923438310623 -0.1598788946866989 -0.2695648670196533 -0.11911923438310623 -0.11911923438310623 -0.1598788946866989 -0.11911923438310623 -0.10697481781244278 -0.1598788946866989 -0.11911923438310623 -0.15655846893787384 -0.15089713037014008 -0.15100987255573273 -0.10697481781244278 -0.10697481781244278 -0.1251295506954193 -0.08890655636787415 -0.07932685315608978 -0.02686384879052639 -0.010030184872448444 -0.004571062512695789 -0.002116741146892309 -0.0024467066396027803 -0.0032515961211174726 -0.002891838550567627 -0.0020132253412157297 -0.0017597872065380216 -0.0010840074392035604 -0.0017385059036314487 -0.0017342789797112346 -0.0016122423112392426 -0.0013616342330351472 -0.0010840074392035604 -0.0012182033387944102
-0.4238879382610321 -0.4238879382610321 -0.4238879382610321 -0.4238879382610321 -0.1598788946866989 -0.3097178339958191 -0.11911923438310623 -0.1598788946866989 -0.27545616030693054 -0.11911923438310623 -0.11911923438310623 -0.1598788946866989 -0.11911923438310623 -0.10697481781244278 -0.1598788946866989 -0.11911923438310623 -0.15655846893787384 -0.15089713037014008 -0.15100987255573273 -0.10697481781244278 -0.10697481781244278 -0.12991060316562653 -0.08890655636787415 -0.07932685315608978 -0.02686384879052639 -0.010030184872448444 -0.004571062512695789 -0.002116741146892309 -0.004005875904113054 -0.0032515961211174726 -0.002891838550567627 -0.0020132253412157297 -0.0017597872065380216 -0.0010840074392035604 -0.0017385059036314487 -0.0017342789797112346 -0.0016122423112392426 -0.0013616342330351472 -0.0010840074392035604 -0.0012182033387944102
-0.1598788946866989 -0.1598788946866989 -0.1598788946866989 -0.1598788946866989 -0.16107091307640076 -0.1598788946866989 -0.11911923438310623 -0.28485366702079773 -0.1598788946866989 -0.11911923438310623 -0.11911923438310623 -0.16107091307640076 -0.11911923438310623 -0.10697481781244278 -0.16107091307640076 -0.11911923438310623 -0.15655846893787384 -0.15089713037014008 -0.15100987255573273 -0.10697481781244278 -0.10697481781244278 -0.1251295506954193 -0.08890655636787415 -0.07932685315608978 -0.02686384879052639 -0.010030184872448444 -0.004571062512695789 -0.002116741146892309 -0.0024467066396027803 -0.0032515961211174726 -0.002891838550567627 -0.0020132253412157297 -0.0017597872065380216 -0.0010840074392035604 -0.0017385059036314487 -0.0017342789797112346 -0.0016122423112392426 -0.0013616342330351472 -0.0010840074392035604 -0.0012182033387944102
-0.1598788946866989 -0.1598788946866989 -0.1598788946866989 -0.1598788946866989 -0.16107091307640076 -0.1598788946866989 -0.11911923438310623 -0.28485366702079773 -0.1598788946866989 -0.11911923438310623 -0.11911923438310623 -0.16107091307640076 -0.11911923438310623 -0.10697481781244278 -0.16107091307640076 -0.11911923438310623 -0.15655846893787384 -0.15089713037014008 -0.15100987255573273 -0.10697481781244278 -0.10697481781244278 -0.1251295506954193 -0.08890655636787415 -0.07932685315608978 -0.02686384879052639 -0.010030184872448444 -0.004571062512695789 -0.002116741146892309 -0.0024467066396027803 -0.0032515961211174726 -0.002891838550567627 -0.0020132253412157297 -0.0017597872065380216 -0.0010840074392035604 -0.0017385059036314487 -0.0017342789797112346 -0.0016122423112392426 -0.0013616342330351472 -0.0010840074392035604 -0.0012182033387944102
-0.11911923438310623 -0.11911923438310623 -0.11911923438310623 -0.11911923438310623 -0.11911923438310623 -0.11911923438310623 -0.17724540829658508 -0.11911923438310623 -0.11911923438310623 -0.2433800846338272 -0.2433082014322281 -0.11911923438310623 -0.23170404136180878 -0.10697481781244278 -0.11911923438310623 -0.16688087582588196 -0.11911923438310623 -0.11911923438310623 -0.11911923438310623 -0.10697481781244278 -0.10697481781244278 -0.11911923438310623 -0.08890655636787415 -0.07932685315608978 -0.02686384879052639 -0.010030184872448444 -0.004571062512695789 -0.002116741146892309 -0.0024467066396027803 -0.003464384702965617 -0.0030572356190532446 -0.0020132253412157297 -0.0017597872065380216 -0.0010840074392035604 -0.0017385059036314487 -0.0017342789797112346 -0.0016122423112392426 -0.0013616342330351472 -0.0010840074392035604 -0.0012182033387944102
-0.11911923438310623 -0.11911923438310623 -0.11911923438310623 -0.11911923438310623 -0.11911923438310623 -0.11911923438310623 -0.17724540829658508 -0.11911923438310623 -0.11911923438310623 -0.2433800846338272 -0.2433082014322281 -0.11911923438310623 -0.21164563298225403 -0.10697481781244278 -0.11911923438310623 -0.16688087582588196 -0.11911923438310623 -0.11911923438310623 -0.11911923438310623 -0.10697481781244278 -0.10697481781244278 -0.11911923438310623 -0.08890655636787415 -0.07932685315608978 -0.02686384879052639 -0.010030184872448444 -0.004828606732189655 -0.002116741146892309 -0.0024467066396027803 -0.003464384702965617 -0.0030572356190532446 -0.0020132253412157297 -0.0017597872065380216 -0.0010840074392035604 -0.0017385059036314487 -0.0017342789797112346 -0.0016122423112392426 -0.0013616342330351472 -0.0010840074392035604 -0.0012182033387944102
-0.1598788946866989 -0.1598788946866989 -0.1598788946866989 -0.1598788946866989 -0.32995566725730896 -0.1598788946866989 -0.11911923438310623 -0.16107091307640076 -0.1598788946866989 -0.11911923438310623 -0.11911923438310623 -0.2360001802444458 -0.11911923438310623 -0.10697481781244278 -0.2037186622619629 -0.11911923438310623 -0.15655846893787384 -0.15089713037014008 -0.15100987255573273 -0.10697481781244278 -0.10697481781244278 -0.1251295506954193 -0.08890655636787415 -0.07932685315608978 -0.02686384879052639 -0.010030184872448444 -0.004571062512695789 -0.002116741146892309 -0.0024467066396027803 -0.0032515961211174726 -0.002891838550567627 -0.0020132253412157297 -0.0017597872065380216 -0.0010840074392035604 -0.0017385059036314487 -0.0017342789797112346 -0.0016122423112392426 -0.0013616342330351472 -0.0010840074392035604 -0.0012182033387944102
-0.3912236988544464 -0.3912236988544464 -0.3912236988544464 -0.3912236988544464 -0.1598788946866989 -0.3097178339958191 -0.11911923438310623 -0.1598788946866989 -0.27545616030693054 -0.11911923438310623 -0.11911923438310623 -0.1598788946866989 -0.11911923438310623 -0.10697481781244278 -0.1598788946866989 -0.11911923438310623 -0.15655846893787384 -0.15089713037014008 -0.15100987255573273 -0.10697481781244278 -0.10697481781244278 -0.12991060316562653 -0.08890655636787415 -0.07932685315608978 -0.02686384879052639 -0.010030184872448444 -0.004571062512695789 -0.002116741146892309 -0.004005875904113054 -0.0032515961211174726 -0.002891838550567627 -0.0020132253412157297 -0.0017597872065380216 -0.0010840074392035604 -0.0017385059036314487 -0.0017342789797112346 -0.0016122423112392426 -0.0013616342330351472 -0.0010840074392035604 -0.0012182033387944102
-0.2695648670196533 -0.2695648670196533 -0.2695648670196533 -0.2695648670196533 -0.16107091307640076 -0.2695648670196533 -0.11911923438310623 -0.28485366702079773 -0.2695648670196533 -0.11911923438310623 -0.11911923438310623 -0.16107091307640076 -0.11911923438310623 -0.10697481781244278 -0.16107091307640076 -0.11911923438310623 -0.15655846893787384 -0.15391583740711212 -0.15255209803581238 -0.10697481781244278 -0.10697481781244278 -0.1251295506954193 -0.08890655636787415 -0.07932685315608978 -0.02686384879052639 -0.010030184872448444 -0.004571062512695789 -0.002116741146892309 -0.0024467066396027803 -0.0032515961211174726 -0.002891838550567627 -0.0020132253412157297 -0.0017597872065380216 -0.0010840074392035604 -0.0017385059036314487 -0.0017342789797112346 -0.0016122423112392426 -0.0013616342330351472 -0.0010840074392035604 -0.0012182033387944102
-0.11911923438310623 -0.11911923438310623 -0.11911923438310623 -0.11911923438310623 -0.11911923438310623 -0.11911923438310623 -0.17724540829658508 -0.11911923438310623 -0.11911923438310623 -0.21164563298225403 -0.21164563298225403 -0.11911923438310623 -0.23170404136180878 -0.10697481781244278 -0.11911923438310623 -0.16688087582588196 -0.11911923438310623 -0.11911923438310623 -0.11911923438310623 -0.10697481781244278 -0.10697481781244278 -0.11911923438310623 -0.08890655636787415 -0.07932685315608978 -0.02686384879052639 -0.010030184872448444 -0.004571062512695789 -0.002116741146892309 -0.0024467066396027803 -0.0032515961211174726 -0.002891838550567627 -0.0020132253412157297 -0.0017597872065380216 -0.0010840074392035604 -0.0017385059036314487 -0.0017342789797112346 -0.0016122423112392426 -0.0013616342330351472 -0.0010840074392035604 -0.0012182033387944102
-0.1598788946866989 -0.1598788946866989 -0.1598788946866989 -0.1598788946866989 -0.16107091307640076 -0.1598788946866989 -0.11911923438310623 -0.28485366702079773 -0.1598788946866989 -0.11911923438310623 -0.11911923438310623 -0.16107091307640076 -0.11911923438310623 -0.10697481781244278 -0.16107091307640076 -0.11911923438310623 -0.15655846893787384 -0.15089713037014008 -0.15100987255573273 -0.10697481781244278 -0.10697481781244278 -0.1251295506954193 -0.08890655636787415 -0.07932685315608978 -0.02686384879052639 -0.010030184872448444 -0.004571062512695789 -0.002116741146892309 -0.0024467066396027803 -0.0032515961211174726 -0.002891838550567627 -0.0020132253412157297 -0.0017597872065380216 -0.0010840074392035604 -0.0017385059036314487 -0.0017342789797112346 -0.0016122423112392426 -0.0013616342330351472 -0.0010840074392035604 -0.0012182033387944102
-0.11911923438310623 -0.11911923438310623 -0.11911923438310623 -0.11911923438310623 -0.11911923438310623 -0.11911923438310623 -0.2933199405670166 -0.11911923438310623 -0.11911923438310623 -0.17724540829658508 -0.17724540829658508 -0.11911923438310623 -0.17724540829658508 -0.10697481781244278 -0.11911923438310623 -0.16688087582588196 -0.11911923438310623 -0.11911923438310623 -0.11911923438310623 -0.10697481781244278 -0.10697481781244278 -0.11911923438310623 -0.08890655636787415 -0.07932685315608978 -0.02686384879052639 -0.010030184872448444 -0.004571062512695789 -0.002116741146892309 -0.0024467066396027803 -0.0032515961211174726 -0.002891838550567627 -0.0020132253412157297 -0.0017597872065380216 -0.0010840074392035604 -0.0017385059036314487 -0.0017342789797112346 -0.0016122423112392426 -0.0013616342330351472 -0.0010840074392035604 -0.0012182033387944102
-0.11911923438310623 -0.11911923438310623 -0.11911923438310623 -0.11911923438310623 -0.11911923438310623 -0.11911923438310623 -0.2933199405670166 -0.11911923438310623 -0.11911923438310623 -0.17724540829658508 -0.17724540829658508 -0.11911923438310623 -0.17724540829658508 -0.10697481781244278 -0.11911923438310623 -0.16688087582588196 -0.11911923438310623 -0.11911923438310623 -0.11911923438310623 -0.10697481781244278 -0.10697481781244278 -0.11911923438310623 -0.08890655636787415 -0.07932685315608978 -0.02686384879052639 -0.010030184872448444 -0.004571062512695789 -0.002116741146892309 -0.0024467066396027803 -0.0032515961211174726 -0.002891838550567627 -0.0020132253412157297 -0.0017597872065380216 -0.0010840074392035604 -0.0017385059036314487 -0.0017342789797112346 -0.0016122423112392426 -0.0013616342330351472 -0.0010840074392035604 -0.0012182033387944102
-0.11911923438310623 -0.11911923438310623 -0.11911923438310623 -0.11911923438310623 -0.11911923438310623 -0.11911923438310623 -0.2933199405670166 -0.11911923438310623 -0.11911923438310623 -0.17724540829658508 -0.17724540829658508 -0.11911923438310623 -0.17724540829658508 -0.10697481781244278 -0.11911923438310623 -0.16688087582588196 -0.11911923438310623 -0.11911923438310623 -0.11911923438310623 -0.10697481781244278 -0.10697481781244278 -0.11911923438310623 -0.08890655636787415 -0.07932685315608978 -0.02686384879052639 -0.010030184872448444 -0.004571062512695789 -0.002116741146892309 -0.0024467066396027803 -0.0032515961211174726 -0.002891838550567627 -0.0020132253412157297 -0.0017597872065380216 -0.0010840074392035604 -0.0017385059036314487 -0.0017342789797112346 -0.0016122423112392426 -0.0013616342330351472 -0.0010840074392035604 -0.0012182033387944102
-0.11911923438310623 -0.11911923438310623 -0.11911923438310623 -0.11911923438310623 -0.11911923438310623 -0.11911923438310623 -0.2841779291629791 -0.11911923438310623 -0.11911923438310623 -0.17724540829658508 -0.17724540829658508 -0.11911923438310623 -0.17724540829658508 -0.10697481781244278 -0.11911923438310623 -0.16688087582588196 -0.11911923438310623 -0.11911923438310623 -0.11911923438310623 -0.10697481781244278 -0.10697481781244278 -0.11911923438310623 -0.08890655636787415 -0.07932685315608978 -0.02686384879052639 -0.010030184872448444 -0.004571062512695789 -0.002116741146892309 -0.0024467066396027803 -0.0032515961211174726 -0.002891838550567627 -0.0020132253412157297 -0.0017597872065380216 -0.0010840074392035604 -0.0017385059036314487 -0.0017342789797112346 -0.0016122423112392426 -0.0013616342330351472 -0.0010840074392035604 -0.0012182033387944102
-0.11911923438310623 -0.11911923438310623 -0.11911923438310623 -0.11911923438310623 -0.11911923438310623 -0.11911923438310623 -0.28210216760635376 -0.11911923438310623 -0.11911923438310623 -0.17724540829658508 -0.17724540829658508 -0.11911923438310623 -0.17724540829658508 -0.10697481781244278 -0.11911923438310623 -0.16688087582588196 -0.11911923438310623 -0.11911923438310623 -0.11911923438310623 -0.10697481781244278 -0.10697481781244278 -0.11911923438310623 -0.08890655636787415 -0.07932685315608978 -0.02686384879052639 -0.010030184872448444 -0.004571062512695789 -0.002116741146892309 -0.0024467066396027803 -0.0032515961211174726 -0.002891838550567627 -0.0020132253412157297 -0.0017597872065380216 -0.0010840074392035604 -0.0017385059036314487 -0.0017342789797112346 -0.0016122423112392426 -0.0013616342330351472 -0.0010840074392035604 -0.0012182033387944102
-0.2588525414466858 -0.2588525414466858 -0.2588525414466858 -0.2588525414466858 -0.1598788946866989 -0.2588525414466858 -0.11911923438310623 -0.1598788946866989 -0.2588525414466858 -0.11911923438310623 -0.11911923438310623 -0.1598788946866989 -0.11911923438310623 -0.10697481781244278 -0.1598788946866989 -0.11911923438310623 -0.15655846893787384 -0.15089713037014008 -0.15100987255573273 -0.10697481781244278 -0.10697481781244278 -0.1251295506954193 -0.08890655636787415 -0.07932685315608978 -0.02686384879052639 -0.010030184872448444 -0.004571062512695789 -0.002116741146892309 -0.0024467066396027803 -0.0032515961211174726 -0.002891838550567627 -0.0020132253412157297 -0.0017597872065380216 -0.0010840074392035604 -0.0017385059036314487 -0.0017342789797112346 -0.0016122423112392426 -0.0013616342330351472 -0.0010840074392035604 -0.0012182033387944102
-0.22929535806179047 -0.22929535806179047 -0.22929535806179047 -0.22929535806179047 -0.1598788946866989 -0.22929535806179047 -0.11911923438310623 -0.1598788946866989 -0.22929535806179047 -0.11911923438310623 -0.11911923438310623 -0.1598788946866989 -0.11911923438310623 -0.10697481781244278 -0.1598788946866989 -0.11911923438310623 -0.15655846893787384 -0.15089713037014008 -0.15100987255573273 -0.10697481781244278 -0.10697481781244278 -0.1251295506954193 -0.08890655636787415 -0.07932685315608978 -0.02686384879052639 -0.010030184872448444 -0.004571062512695789 -0.002116741146892309 -0.0024467066396027803 -0.0032515961211174726 -0.002891838550567627 -0.0020132253412157297 -0.0017597872065380216 -0.0010840074392035604 -0.0017385059036314487 -0.0017342789797112346 -0.0016122423112392426 -0.0013616342330351472 -0.0010840074392035604 -0.0012182033387944102
-0.13801051676273346 -0.13801051676273346 -0.13801051676273346 -0.13801051676273346 -0.13801051676273346 -0.13801051676273346 -0.11911923438310623 -0.13801051676273346 -0.13801051676273346 -0.11911923438310623 -0.11911923438310623 -0.13801051676273346 -0.11911923438310623 -0.12649397552013397 -0.13801051676273346 -0.11911923438310623 -0.13801051676273346 -0.13801051676273346 -0.13801051676273346 -0.13801051676273346 -0.13801051676273346 -0.1251295506954193 -0.08890655636787415 -0.0800086185336113 -0.02686384879052639 -0.010030184872448444 -0.004571062512695789 -0.002116741146892309 -0.0024467066396027803 -0.0032515961211174726 -0.002891838550567627 -0.0020132253412157297 -0.0017597872065380216 -0.0010840074392035604 -0.0017385059036314487 -0.0017342789797112346 -0.0016122423112392426 -0.0013616342330351472 -0.0010840074392035604 -0.0012182033387944102
-0.11911923438310623 -0.11911923438310623 -0.11911923438310623 -0.11911923438310623 -0.11911923438310623 -0.11911923438310623 -0.11975529789924622 -0.11911923438310623 -0.11911923438310623 -0.11975529789924622 -0.11975529789924622 -0.11911923438310623 -0.11975529789924622 -0.10697481781244278 -0.11911923438310623 -0.11975529789924622 -0.11911923438310623 -0.11911923438310623 -0.11911923438310623 -0.10697481781244278 -0.10697481781244278 -0.11911923438310623 -0.08890655636787415 -0.07932685315608978 -0.02686384879052639 -0.010030184872448444 -0.004571062512695789 -0.002116741146892309 -0.0024467066396027803 -0.0032515961211174726 -0.002891838550567627 -0.0020132253412157297 -0.0017597872065380216 -0.0010840074392035604 -0.0017876335186883807 -0.0017664264887571335 -0.00171227368991822 -0.0013616342330351472 -0.0010840074392035604 -0.0012182033387944102
-0.09806552529335022 -0.09806552529335022 -0.09806552529335022 -0.09806552529335022 -0.09806552529335022 -0.09806552529335022 -0.09806552529335022 -0.09806552529335022 -0.09806552529335022 -0.09806552529335022 -0.09806552529335022 -0.09806552529335022 -0.09806552529335022 -0.09806552529335022 -0.09806552529335022 -0.09806552529335022 -0.09806552529335022 -0.09806552529335022 -0.09806552529335022 -0.09806552529335022 -0.09806552529335022 -0.09806552529335022 -0.08890655636787415 -0.0800086185336113 -0.02686384879052639 -0.010030184872448444 -0.004571062512695789 -0.002116741146892309 -0.0024467066396027803 -0.0032515961211174726 -0.002891838550567627 -0.0020132253412157297 -0.0017597872065380216 -0.0010840074392035604 -0.0017385059036314487 -0.0017342789797112346 -0.0016122423112392426 -0.0013616342330351472 -0.0010840074392035604 -0.0012182033387944102
-0.09373216331005096 -0.09373216331005096 -0.09373216331005096 -0.09373216331005096 -0.09373216331005096 -0.09373216331005096 -0.09373216331005096 -0.09373216331005096 -0.09373216331005096 -0.09373216331005096 -0.09373216331005096 -0.09373216331005096 -0.09373216331005096 -0.09373216331005096 -0.09373216331005096 -0.09373216331005096 -0.09373216331005096 -0.09373216331005096 -0.09373216331005096 -0.09373216331005096 -0.09373216331005096 -0.09373216331005096 -0.08890655636787415 -0.07932685315608978 -0.02686384879052639 -0.010030184872448444 -0.004571062512695789 -0.002116741146892309 -0.0024467066396027803 -0.0032515961211174726 -0.002891838550567627 -0.0020132253412157297 -0.0017597872065380216 -0.0010840074392035604 -0.0017385059036314487 -0.0017342789797112346 -0.0016122423112392426 -0.0013616342330351472 -0.0010840074392035604 -0.0012182033387944102
-0.0853637233376503 -0.0853637233376503 -0.0853637233376503 -0.0853637233376503 -0.0853637233376503 -0.0853637233376503 -0.0853637233376503 -0.0853637233376503 -0.0853637233376503 -0.0853637233376503 -0.0853637233376503 -0.0853637233376503 -0.0853637233376503 -0.0853637233376503 -0.0853637233376503 -0.0853637233376503 -0.0853637233376503 -0.0853637233376503 -0.0853637233376503 -0.0853637233376503 -0.0853637233376503 -0.0853637233376503 -0.0853637233376503 -0.07932685315608978 -0.02853822149336338 -0.011334528215229511 -0.004571062512695789 -0.002116741146892309 -0.0024467066396027803 -0.0032515961211174726 -0.002891838550567627 -0.0020132253412157297 -0.0017597872065380216 -0.0010840074392035604 -0.0017385059036314487 -0.0017342789797112346 -0.0016122423112392426 -0.0013616342330351472 -0.0010840074392035604 -0.0012182033387944102
-0.06873224675655365 -0.06873224675655365 -0.06873224675655365 -0.06873224675655365 -0.06873224675655365 -0.06873224675655365 -0.06873224675655365 -0.06873224675655365 -0.06873224675655365 -0.06873224675655365 -0.06873224675655365 -0.06873224675655365 -0.06873224675655365 -0.06873224675655365 -0.06873224675655365 -0.06873224675655365 -0.06873224675655365 -0.06873224675655365 -0.06873224675655365 -0.06873224675655365 -0.06873224675655365 -0.06873224675655365 -0.06873224675655365 -0.06873224675655365 -0.02686384879052639 -0.010030184872448444 -0.004571062512695789 -0.002116741146892309 -0.0024467066396027803 -0.0032515961211174726 -0.002891838550567627 -0.0020132253412157297 -0.0017597872065380216 -0.0010840074392035604 -0.0017385059036314487 -0.0017342789797112346 -0.0016122423112392426 -0.0013616342330351472 -0.0010840074392035604 -0.0012182033387944102
-0.06348293274641037 -0.06348293274641037 -0.06348293274641037 -0.06348293274641037 -0.06348293274641037 -0.06348293274641037 -0.06348293274641037 -0.06348293274641037 -0.06348293274641037 -0.06348293274641037 -0.06348293274641037 -0.06348293274641037 -0.06348293274641037 -0.06348293274641037 -0.06348293274641037 -0.06348293274641037 -0.06348293274641037 -0.06348293274641037 -0.06348293274641037 -0.06348293274641037 -0.06348293274641037 -0.06348293274641037 -0.06348293274641037 -0.06348293274641037 -0.02686384879052639 -0.010030184872448444 -0.004571062512695789 -0.002116741146892309 -0.0024467066396027803 -0.0032515961211174726 -0.002891838550567627 -0.0020132253412157297 -0.0017597872065380216 -0.0010840074392035604 -0.0017385059036314487 -0.0017342789797112346 -0.0016122423112392426 -0.0013616342330351472 -0.0010840074392035604 -0.0012182033387944102
-0.06339956820011139 -0.06339956820011139 -0.06339956820011139 -0.06339956820011139 -0.06339956820011139 -0.06339956820011139 -0.06339956820011139 -0.06339956820011139 -0.06339956820011139 -0.06339956820011139 -0.06339956820011139 -0.06339956820011139 -0.06339956820011139 -0.06339956820011139 -0.06339956820011139 -0.06339956820011139 -0.06339956820011139 -0.06339956820011139 -0.06339956820011139 -0.06339956820011139 -0.06339956820011139 -0.06339956820011139 -0.06339956820011139 -0.06339956820011139 -0.02686384879052639 -0.010030184872448444 -0.004571062512695789 -0.002116741146892309 -0.0024467066396027803 -0.0032515961211174726 -0.002891838550567627 -0.0020132253412157297 -0.0017597872065380216 -0.0010840074392035604 -0.0017385059036314487 -0.0017342789797112346 -0.0016122423112392426 -0.0013616342330351472 -0.0010840074392035604 -0.0012182033387944102
-0.06233195215463638 -0.06233195215463638 -0.06233195215463638 -0.06233195215463638 -0.06233195215463638 -0.06233195215463638 -0.06233195215463638 -0.06233195215463638 -0.06233195215463638 -0.06233195215463638 -0.06233195215463638 -0.06233195215463638 -0.06233195215463638 -0.06233195215463638 -0.06233195215463638 -0.06233195215463638 -0.06233195215463638 -0.06233195215463638 -0.06233195215463638 -0.06233195215463638 -0.06233195215463638 -0.06233195215463638 -0.06233195215463638 -0.06233195215463638 -0.02686384879052639 -0.010030184872448444 -0.004571062512695789 -0.002116741146892309 -0.0024467066396027803 -0.0032515961211174726 -0.002891838550567627 -0.0020132253412157297 -0.0017597872065380216 -0.0010840074392035604 -0.0017385059036314487 -0.0017342789797112346 -0.0016122423112392426 -0.0013616342330351472 -0.0010840074392035604 -0.0012182033387944102
-0.05986380577087402 -0.05986380577087402 -0.05986380577087402 -0.05986380577087402 -0.05986380577087402 -0.05986380577087402 -0.05986380577087402 -0.05986380577087402 -0.05986380577087402 -0.05986380577087402 -0.05986380577087402 -0.05986380577087402 -0.05986380577087402 -0.05986380577087402 -0.05986380577087402 -0.05986380577087402 -0.05986380577087402 -0.05986380577087402 -0.05986380577087402 -0.05986380577087402 -0.05986380577087402 -0.05986380577087402 -0.05986380577087402 -0.05986380577087402 -0.02686384879052639 -0.010030184872448444 -0.004571062512695789 -0.002116741146892309 -0.0024467066396027803 -0.0032515961211174726 -0.002891838550567627 -0.0020132253412157297 -0.0017597872065380216 -0.0010840074392035604 -0.0017385059036314487 -0.0017342789797112346 -0.0016122423112392426 -0.0013616342330351472 -0.0010840074392035604 -0.0012182033387944102
-0.04388311505317688 -0.04388311505317688 -0.04388311505317688 -0.04388311505317688 -0.04388311505317688 -0.04388311505317688 -0.04388311505317688 -0.04388311505317688 -0.04388311505317688 -0.04388311505317688 -0.04388311505317688 -0.04388311505317688 -0.04388311505317688 -0.04388311505317688 -0.04388311505317688 -0.04388311505317688 -0.04388311505317688 -0.04388311505317688 -0.04388311505317688 -0.04388311505317688 -0.04388311505317688 -0.04388311505317688 -0.04388311505317688 -0.04388311505317688 -0.02686384879052639 -0.010030184872448444 -0.004571062512695789 -0.002116741146892309 -0.0024467066396027803 -0.0032515961211174726 -0.002891838550567627 -0.0020132253412157297 -0.0017597872065380216 -0.0010840074392035604 -0.0017385059036314487 -0.0017342789797112346 -0.0016122423112392426 -0.0013616342330351472 -0.0010840074392035604 -0.0012182033387944102
-0.04353869706392288 -0.04353869706392288 -0.04353869706392288 -0.04353869706392288 -0.04353869706392288 -0.04353869706392288 -0.04353869706392288 -0.04353869706392288 -0.04353869706392288 -0.04353869706392288 -0.04353869706392288 -0.04353869706392288 -0.04353869706392288 -0.04353869706392288 -0.04353869706392288 -0.04353869706392288 -0.04353869706392288 -0.04353869706392288 -0.04353869706392288 -0.04353869706392288 -0.04353869706392288 -0.04353869706392288 -0.04353869706392288 -0.04353869706392288 -0.02686384879052639 -0.010030184872448444 -0.004571062512695789 -0.002116741146892309 -0.0024467066396027803 -0.0032515961211174726 -0.002891838550567627 -0.0020132253412157297 -0.0017597872065380216 -0.0010840074392035604 -0.0017385059036314487 -0.0017342789797112346 -0.0016122423112392426 -0.0013616342330351472 -0.0010840074392035604 -0.0012182033387944102
-0.03985840827226639 -0.03985840827226639 -0.03985840827226639 -0.03985840827226639 -0.03985840827226639 -0.03985840827226639 -0.03985840827226639 -0.03985840827226639 -0.03985840827226639 -0.03985840827226639 -0.03985840827226639 -0.03985840827226639 -0.03985840827226639 -0.03985840827226639 -0.03985840827226639 -0.03985840827226639 -0.03985840827226639 -0.03985840827226639 -0.03985840827226639 -0.03985840827226639 -0.03985840827226639 -0.03985840827226639 -0.03985840827226639 -0.03985840827226639 -0.02686384879052639 -0.010030184872448444 -0.004571062512695789 -0.002116741146892309 -0.0024467066396027803 -0.0032515961211174726 -0.002891838550567627 -0.0020132253412157297 -0.0017597872065380216 -0.0010840074392035604 -0.0017385059036314487 -0.0017342789797112346 -0.0016122423112392426 -0.0013616342330351472 -0.0010840074392035604 -0.0012182033387944102
-0.03316054865717888 -0.03316054865717888 -0.03316054865717888 -0.03316054865717888 -0.03316054865717888 -0.03316054865717888 -0.03316054865717888 -0.03316054865717888 -0.03316054865717888 -0.03316054865717888 -0.03316054865717888 -0.03316054865717888 -0.03316054865717888 -0.03316054865717888 -0.03316054865717888 -0.03316054865717888 -0.03316054865717888 -0.03316054865717888 -0.03316054865717888 -0.03316054865717888 -0.03316054865717888 -0.03316054865717888 -0.03316054865717888 -0.03316054865717888 -0.02686384879052639 -0.010030184872448444 -0.004571062512695789 -0.002116741146892309 -0.0024467066396027803 -0.0032515961211174726 -0.002891838550567627 -0.0020132253412157297 -0.0017597872065380216 -0.0019074664451181889 -0.0017385059036314487 -0.0017342789797112346 -0.0016122423112392426 -0.0013616342330351472 -0.0011371708242222667 -0.0012182033387944102
-0.03192748501896858 -0.03192748501896858 -0.03192748501896858 -0.03192748501896858 -0.03192748501896858 -0.03192748501896858 -0.03192748501896858 -0.03192748501896858 -0.03192748501896858 -0.03192748501896858 -0.03192748501896858 -0.03192748501896858 -0.03192748501896858 -0.03192748501896858 -0.03192748501896858 -0.03192748501896858 -0.03192748501896858 -0.03192748501896858 -0.03192748501896858 -0.03192748501896858 -0.03192748501896858 -0.03192748501896858 -0.03192748501896858 -0.03192748501896858 -0.02686384879052639 -0.010030184872448444 -0.004571062512695789 -0.002116741146892309 -0.0024467066396027803 -0.0032515961211174726 -0.002891838550567627 -0.0020132253412157297 -0.0017597872065380216 -0.0019074664451181889 -0.0017385059036314487 -0.0017342789797112346 -0.0016122423112392426 -0.0013616342330351472 -0.0011371708242222667 -0.0012182033387944102
-0.031462162733078 -0.031462162733078 -0.031462162733078 -0.031462162733078 -0.031462162733078 -0.031462162733078 -0.031462162733078 -0.031462162733078 -0.031462162733078 -0.031462162733078 -0.031462162733078 -0.031462162733078 -0.031462162733078 -0.031462162733078 -0.031462162733078 -0.031462162733078 -0.031462162733078 -0.031462162733078 -0.031462162733078 -0.031462162733078 -0.031462162733078 -0.031462162733078 -0.031462162733078 -0.031462162733078 -0.02686384879052639 -0.010030184872448444 -0.004571062512695789 -0.002116741146892309 -0.0024467066396027803 -0.0032515961211174726 -0.002891838550567627 -0.0020132253412157297 -0.0020032464526593685 -0.0019074664451181889 -0.0017385059036314487 -0.0017342789797112346 -0.0016122423112392426 -0.0013616342330351472 -0.001355901942588389 -0.0012182033387944102
-0.0253803338855505 -0.0253803338855505 -0.0253803338855505 -0.0253803338855505 -0.0253803338855505 -0.0253803338855505 -0.0253803338855505 -0.0253803338855505 -0.0253803338855505 -0.0253803338855505 -0.0253803338855505 -0.0253803338855505 -0.0253803338855505 -0.0253803338855505 -0.0253803338855505 -0.0253803338855505 -0.0253803338855505 -0.0253803338855505 -0.0253803338855505 -0.0253803338855505 -0.0253803338855505 -0.0253803338855505 -0.0253803338855505 -0.0253803338855505 -0.0253803338855505 -0.010030184872448444 -0.004571062512695789 -0.002116741146892309 -0.0024467066396027803 -0.0032515961211174726 -0.002891838550567627 -0.0020132253412157297 -0.0017597872065380216 -0.0019074664451181889 -0.0017385059036314487 -0.0017342789797112346 -0.0016122423112392426 -0.0013616342330351472 -0.0011371708242222667 -0.0012182033387944102
-0.014210824854671955 -0.014210824854671955 -0.014210824854671955 -0.014210824854671955 -0.014210824854671955 -0.014210824854671955 -0.014210824854671955 -0.014210824854671955 -0.014210824854671955 -0.014210824854671955 -0.014210824854671955 -0.014210824854671955 -0.014210824854671955 -0.014210824854671955 -0.014210824854671955 -0.014210824854671955 -0.014210824854671955 -0.014210824854671955 -0.014210824854671955 -0.014210824854671955 -0.014210824854671955 -0.014210824854671955 -0.014210824854671955 -0.014210824854671955 -0.014210824854671955 -0.010030184872448444 -0.004571062512695789 -0.004449634347110987 -0.0024467066396027803 -0.0032515961211174726 -0.002891838550567627 -0.002590784104540944 -0.0020032464526593685 -0.0011371708242222667 -0.0017385059036314487 -0.0017342789797112346 -0.0016122423112392426 -0.0013616342330351472 -0.0011371708242222667 -0.0012182033387944102
-0.0032970283646136522 -0.0032970283646136522 -0.0032970283646136522 -0.0032970283646136522 -0.0032970283646136522 -0.0032970283646136522 -0.0032970283646136522 -0.0032970283646136522 -0.0032970283646136522 -0.0032970283646136522 -0.0032970283646136522 -0.0032970283646136522 -0.0032970283646136522 -0.0032970283646136522 -0.0032970283646136522 -0.0032970283646136522 -0.0032970283646136522 -0.0032970283646136522 -0.0032970283646136522 -0.0032970283646136522 -0.0032970283646136522 -0.0032970283646136522 -0.0032970283646136522 -0.0032970283646136522 -0.0032970283646136522 -0.0032970283646136522 -0.0032970283646136522 -0.002116741146892309 -0.0024467066396027803 -0.0032970283646136522 -0.002891838550567627 -0.0020132253412157297 -0.0017597872065380216 -0.0010840074392035604 -0.0017385059036314487 -0.0017342789797112346 -0.0016122423112392426 -0.0013616342330351472 -0.0010840074392035604 -0.0012182033387944102
-0.000985178747214377 -0.000985178747214377 -0.000985178747214377 -0.000985178747214377 -0.000985178747214377 -0.000985178747214377 -0.000985178747214377 -0.000985178747214377 -0.000985178747214377 -0.000985178747214377 -0.000985178747214377 -0.000985178747214377 -0.000985178747214377 -0.000985178747214377 -0.000985178747214377 -0.000985178747214377 -0.000985178747214377 -0.000985178747214377 -0.000985178747214377 -0.000985178747214377 -0.000985178747214377 -0.000985178747214377 -0.000985178747214377 -0.000985178747214377 -0.000985178747214377 -0.000985178747214377 -0.000985178747214377 -0.000985178747214377 -0.000985178747214377 -0.000985178747214377 -0.000985178747214377 -0.000985178747214377 -0.000985178747214377 -0.000985178747214377 -0.000985178747214377 -0.000985178747214377 -0.000985178747214377 -0.000985178747214377 -0.000985178747214377 -0.000985178747214377
-0.0008634392870590091 -0.0008634392870590091 -0.0008634392870590091 -0.0008634392870590091 -0.0008634392870590091 -0.0008634392870590091 -0.0008634392870590091 -0.0008634392870590091 -0.0008634392870590091 -0.0008634392870590091 -0.0008634392870590091 -0.0008634392870590091 -0.0008634392870590091 -0.0008634392870590091 -0.0008634392870590091 -0.0008634392870590091 -0.0008634392870590091 -0.0008634392870590091 -0.0008634392870590091 -0.0008634392870590091 -0.0008634392870590091 -0.0008634392870590091 -0.0008634392870590091 -0.0008634392870590091 -0.0008634392870590091 -0.0008634392870590091 -0.0008634392870590091 -0.0008634392870590091 -0.0008634392870590091 -0.0008634392870590091 -0.0008634392870590091 -0.0008634392870590091 -0.0008634392870590091 -0.0008634392870590091 -0.0008634392870590091 -0.0008634392870590091 -0.0008634392870590091 -0.0008634392870590091 -0.0008634392870590091 -0.0008634392870590091
-0.0003723319969139993 -0.0003723319969139993 -0.0003723319969139993 -0.0003723319969139993 -0.0003723319969139993 -0.0003723319969139993 -0.0003723319969139993 -0.0003723319969139993 -0.0003723319969139993 -0.0003723319969139993 -0.0003723319969139993 -0.0003723319969139993 -0.0003723319969139993 -0.0003723319969139993 -0.0003723319969139993 -0.0003723319969139993 -0.0003723319969139993 -0.0003723319969139993 -0.0003723319969139993 -0.0003723319969139993 -0.0003723319969139993 -0.0003723319969139993 -0.0003723319969139993 -0.0003723319969139993 -0.0003723319969139993 -0.0003723319969139993 -0.0003723319969139993 -0.0003723319969139993 -0.0003723319969139993 -0.0003723319969139993 -0.0003723319969139993 -0.0003723319969139993 -0.0003723319969139993 -0.0003723319969139993 -0.0003723319969139993 -0.0003723319969139993 -0.0003723319969139993 -0.0003723319969139993 -0.0003723319969139993 -0.0003723319969139993
-0.00027816317742690444 -0.00027816317742690444 -0.00027816317742690444 -0.00027816317742690444 -0.00027816317742690444 -0.00027816317742690444 -0.00027816317742690444 -0.00027816317742690444 -0.00027816317742690444 -0.00027816317742690444 -0.00027816317742690444 -0.00027816317742690444 -0.00027816317742690444 -0.00027816317742690444 -0.00027816317742690444 -0.00027816317742690444 -0.00027816317742690444 -0.00027816317742690444 -0.00027816317742690444 -0.00027816317742690444 -0.00027816317742690444 -0.00027816317742690444 -0.00027816317742690444 -0.00027816317742690444 -0.00027816317742690444 -0.00027816317742690444 -0.00027816317742690444 -0.00027816317742690444 -0.00027816317742690444 -0.00027816317742690444 -0.00027816317742690444 -0.00027816317742690444 -0.00027816317742690444 -0.00027816317742690444 -0.00027816317742690444 -0.00027816317742690444 -0.00027816317742690444 -0.00027816317742690444 -0.00027816317742690444 -0.00027816317742690444