-0.4238879382610321 -0.5051929950714111 -0.4930618107318878 -0.49245837330818176 -0.1598788946866989 -0.3097178339958191 -0.11911923438310623 -0.1598788946866989 -0.2695648670196533 -0.11911923438310623 -0.11911923438310623 -0.1598788946866989 -0.11911923438310623 -0.10697481781244278 -0.1598788946866989 -0.11911923438310623 -0.15655846893787384 -0.15089713037014008 -0.15100987255573273 -0.10697481781244278 -0.10697481781244278 -0.1251295506954193 -0.08890655636787415 -0.07932685315608978 -0.02686384879052639 -0.010030184872448444 -0.004571062512695789 -0.002116741146892309 -0.0024467066396027803 -0.0032515961211174726 -0.002891838550567627 -0.0020132253412157297 -0.0017597872065380216 -0.0010840074392035604 -0.0017385059036314487 -0.0017342789797112346 -0.0016122423112392426 -0.0013616342330351472 -0.0010840074392035604 -0.0012182033387944102
-0.4238879382610321 -0.44359949231147766 -0.4923819899559021 -0.4923819899559021 -0.1598788946866989 -0.3097178339958191 -0.11911923438310623 -0.1598788946866989 -0.27545616030693054 -0.11911923438310623 -0.11911923438310623 -0.1598788946866989 -0.11911923438310623 -0.10697481781244278 -0.1598788946866989 -0.11911923438310623 -0.15655846893787384 -0.15089713037014008 -0.15100987255573273 -0.10697481781244278 -0.10697481781244278 -0.1251295506954193 -0.08890655636787415 -0.07932685315608978 -0.02686384879052639 -0.010030184872448444 -0.004571062512695789 -0.002116741146892309 -0.0024467066396027803 -0.0032515961211174726 -0.002891838550567627 -0.0020132253412157297 -0.0017597872065380216 -0.0010840074392035604 -0.0017385059036314487 -0.0017342789797112346 -0.0016122423112392426 -0.0013616342330351472 -0.0010840074392035604 -0.0012182033387944102
-0.4238879382610321 -0.4238879382610321 -0.4238879382610321 -0.4238879382610321 -0.1598788946866989 -0.3097178339958191 -0.11911923438310623 -0.1598788946866989 -0.27545616030693054 -0.11911923438310623 -0.11911923438310623 -0.1598788946866989 -0.11911923438310623 -0.10697481781244278 -0.1598788946866989 -0.11911923438310623 -0.15655846893787384 -0.15089713037014008 -0.15100987255573273 -0.10697481781244278 -0.10697481781244278 -0.12991060316562653 -0.08890655636787415 -0.07932685315608978 -0.02686384879052639 -0.010030184872448444 -0.004571062512695789 -0.002116741146892309 -0.004005875904113054 -0.0032515961211174726 -0.002891838550567627 -0.0020132253412157297 -0.0017597872065380216 -0.0010840074392035604 -0.0017385059036314487 -0.0017342789797112346 -0.0016122423112392426 -0.0013616342330351472 -0.0010840074392035604 -0.0012182033387944102
-0.4238879382610321 -0.4238879382610321 -0.4238879382610321 -0.4238879382610321 -0.1598788946866989 -0.31698793172836304 -0.11911923438310623 -0.1598788946866989 -0.2695648670196533 -0.11911923438310623 -0.11911923438310623 -0.1598788946866989 -0.11911923438310623 -0.10697481781244278 -0.1598788946866989 -0.11911923438310623 -0.15655846893787384 -0.15089713037014008 -0.15100987255573273 -0.10697481781244278 -0.10697481781244278 -0.1251295506954193 -0.08890655636787415 -0.07932685315608978 -0.02686384879052639 -0.010030184872448444 -0.004571062512695789 -0.002116741146892309 -0.0024467066396027803 -0.0032515961211174726 -0.002891838550567627 -0.0020132253412157297 -0.0017597872065380216 -0.0010840074392035604 -0.0017385059036314487 -0.0017342789797112346 -0.0016122423112392426 -0.0013616342330351472 -0.0010840074392035604 -0.0012182033387944102
-0.4238879382610321 -0.4238879382610321 -0.4238879382610321 -0.4238879382610321 -0.1598788946866989 -0.31698793172836304 -0.11911923438310623 -0.1598788946866989 -0.2695648670196533 -0.11911923438310623 -0.11911923438310623 -0.1598788946866989 -0.11911923438310623 -0.10697481781244278 -0.1598788946866989 -0.11911923438310623 -0.15655846893787384 -0.15089713037014008 -0.15100987255573273 -0.10697481781244278 -0.10697481781244278 -0.1251295506954193 -0.08890655636787415 -0.07932685315608978 -0.02686384879052639 -0.010030184872448444 -0.004571062512695789 -0.002116741146892309 -0.0024467066396027803 -0.0032515961211174726 -0.002891838550567627 -0.0020132253412157297 -0.0017597872065380216 -0.0010840074392035604 -0.0017385059036314487 -0.0017342789797112346 -0.0016122423112392426 -0.0013616342330351472 -0.0010840074392035604 -0.0012182033387944102
-0.3097178339958191 -0.3097178339958191 -0.3097178339958191 -0.3097178339958191 -0.1598788946866989 -0.31698793172836304 -0.11911923438310623 -0.1598788946866989 -0.2695648670196533 -0.11911923438310623 -0.11911923438310623 -0.1598788946866989 -0.11911923438310623 -0.10697481781244278 -0.1598788946866989 -0.11911923438310623 -0.15655846893787384 -0.15089713037014008 -0.15100987255573273 -0.10697481781244278 -0.10697481781244278 -0.1251295506954193 -0.08890655636787415 -0.07932685315608978 -0.02686384879052639 -0.010030184872448444 -0.004571062512695789 -0.002116741146892309 -0.0024467066396027803 -0.0032515961211174726 -0.002891838550567627 -0.0020132253412157297 -0.0017597872065380216 -0.0010840074392035604 -0.0017385059036314487 -0.0017342789797112346 -0.0016122423112392426 -0.0013616342330351472 -0.0010840074392035604 -0.0012182033387944102
-0.11911923438310623 -0.11911923438310623 -0.11911923438310623 -0.11911923438310623 -0.11911923438310623 -0.11911923438310623 -0.17724540829658508 -0.11911923438310623 -0.11911923438310623 -0.2433800846338272 -0.2433082014322281 -0.11911923438310623 -0.21164563298225403 -0.10697481781244278 -0.11911923438310623 -0.16688087582588196 -0.11911923438310623 -0.11911923438310623 -0.11911923438310623 -0.10697481781244278 -0.10697481781244278 -0.11911923438310623 -0.08890655636787415 -0.07932685315608978 -0.02686384879052639 -0.010030184872448444 -0.004828606732189655 -0.002116741146892309 -0.0024467066396027803 -0.003464384702965617 -0.002891838550567627 -0.0020132253412157297 -0.0017597872065380216 -0.0010840074392035604 -0.0017385059036314487 -0.0017342789797112346 -0.0016122423112392426 -0.0013616342330351472 -0.0010840074392035604 -0.0012182033387944102
-0.4161570370197296 -0.4161570370197296 -0.4161570370197296 -0.4161570370197296 -0.1598788946866989 -0.3097178339958191 -0.11911923438310623 -0.1598788946866989 -0.2695648670196533 -0.11911923438310623 -0.11911923438310623 -0.1598788946866989 -0.11911923438310623 -0.10697481781244278 -0.1598788946866989 -0.11911923438310623 -0.15655846893787384 -0.15089713037014008 -0.15100987255573273 -0.10697481781244278 -0.10697481781244278 -0.1251295506954193 -0.08890655636787415 -0.07932685315608978 -0.02686384879052639 -0.010030184872448444 -0.004571062512695789 -0.002116741146892309 -0.0024467066396027803 -0.0032515961211174726 -0.002891838550567627 -0.0020132253412157297 -0.0017597872065380216 -0.0010840074392035604 -0.0017385059036314487 -0.0017342789797112346 -0.0016122423112392426 -0.0013616342330351472 -0.0010840074392035604 -0.0012182033387944102
-0.1598788946866989 -0.1598788946866989 -0.1598788946866989 -0.1598788946866989 -0.16107091307640076 -0.1598788946866989 -0.11911923438310623 -0.28485366702079773 -0.1598788946866989 -0.11911923438310623 -0.11911923438310623 -0.16107091307640076 -0.11911923438310623 -0.10697481781244278 -0.16107091307640076 -0.11911923438310623 -0.15655846893787384 -0.15089713037014008 -0.15100987255573273 -0.10697481781244278 -0.10697481781244278 -0.1251295506954193 -0.08890655636787415 -0.07932685315608978 -0.02686384879052639 -0.010030184872448444 -0.004571062512695789 -0.002116741146892309 -0.0024467066396027803 -0.0032515961211174726 -0.002891838550567627 -0.0020132253412157297 -0.0017597872065380216 -0.0010840074392035604 -0.0017385059036314487 -0.0017342789797112346 -0.0016122423112392426 -0.0013616342330351472 -0.0010840074392035604 -0.0012182033387944102
-0.11911923438310623 -0.11911923438310623 -0.11911923438310623 -0.11911923438310623 -0.11911923438310623 -0.11911923438310623 -0.2933199405670166 -0.11911923438310623 -0.11911923438310623 -0.17724540829658508 -0.17724540829658508 -0.11911923438310623 -0.17724540829658508 -0.10697481781244278 -0.11911923438310623 -0.16688087582588196 -0.11911923438310623 -0.11911923438310623 -0.11911923438310623 -0.10697481781244278 -0.10697481781244278 -0.11911923438310623 -0.08890655636787415 -0.07932685315608978 -0.02686384879052639 -0.010030184872448444 -0.004571062512695789 -0.002116741146892309 -0.0024467066396027803 -0.0032515961211174726 -0.002891838550567627 -0.0020132253412157297 -0.0017597872065380216 -0.0010840074392035604 -0.0017385059036314487 -0.0017342789797112346 -0.0016122423112392426 -0.0013616342330351472 -0.0010840074392035604 -0.0012182033387944102
-0.11911923438310623 -0.11911923438310623 -0.11911923438310623 -0.11911923438310623 -0.11911923438310623 -0.11911923438310623 -0.17724540829658508 -0.11911923438310623 -0.11911923438310623 -0.21164563298225403 -0.21164563298225403 -0.11911923438310623 -0.23170404136180878 -0.10697481781244278 -0.11911923438310623 -0.16688087582588196 -0.11911923438310623 -0.11911923438310623 -0.11911923438310623 -0.10697481781244278 -0.10697481781244278 -0.11911923438310623 -0.08890655636787415 -0.07932685315608978 -0.02686384879052639 -0.010030184872448444 -0.004571062512695789 -0.002116741146892309 -0.0024467066396027803 -0.0032515961211174726 -0.002891838550567627 -0.0020132253412157297 -0.0017597872065380216 -0.0010840074392035604 -0.0017385059036314487 -0.0017342789797112346 -0.0016122423112392426 -0.0013616342330351472 -0.0010840074392035604 -0.0012182033387944102
-0.1598788946866989 -0.1598788946866989 -0.1598788946866989 -0.1598788946866989 -0.16107091307640076 -0.1598788946866989 -0.11911923438310623 -0.28485366702079773 -0.1598788946866989 -0.11911923438310623 -0.11911923438310623 -0.16107091307640076 -0.11911923438310623 -0.10697481781244278 -0.16107091307640076 -0.11911923438310623 -0.15655846893787384 -0.15089713037014008 -0.15100987255573273 -0.10697481781244278 -0.10697481781244278 -0.1251295506954193 -0.08890655636787415 -0.07932685315608978 -0.02686384879052639 -0.010030184872448444 -0.004571062512695789 -0.002116741146892309 -0.0024467066396027803 -0.0032515961211174726 -0.002891838550567627 -0.0020132253412157297 -0.0017597872065380216 -0.0010840074392035604 -0.0017385059036314487 -0.0017342789797112346 -0.0016122423112392426 -0.0013616342330351472 -0.0010840074392035604 -0.0012182033387944102
-0.2568877637386322 -0.2568877637386322 -0.2568877637386322 -0.2568877637386322 -0.16107091307640076 -0.2568877637386322 -0.11911923438310623 -0.2568877637386322 -0.2568877637386322 -0.11911923438310623 -0.11911923438310623 -0.16107091307640076 -0.11911923438310623 -0.10697481781244278 -0.16107091307640076 -0.11911923438310623 -0.15655846893787384 -0.15391583740711212 -0.15255209803581238 -0.10697481781244278 -0.10697481781244278 -0.1251295506954193 -0.08890655636787415 -0.07932685315608978 -0.02686384879052639 -0.010030184872448444 -0.004571062512695789 -0.002116741146892309 -0.0024467066396027803 -0.0032515961211174726 -0.002891838550567627 -0.0020132253412157297 -0.0017597872065380216 -0.0010840074392035604 -0.0017385059036314487 -0.0017342789797112346 -0.0016122423112392426 -0.0013616342330351472 -0.0010840074392035604 -0.0012182033387944102
-0.1598788946866989 -0.1598788946866989 -0.1598788946866989 -0.1598788946866989 -0.25279858708381653 -0.1598788946866989 -0.11911923438310623 -0.16107091307640076 -0.1598788946866989 -0.11911923438310623 -0.11911923438310623 -0.22426174581050873 -0.11911923438310623 -0.10697481781244278 -0.2037186622619629 -0.11911923438310623 -0.1661660373210907 -0.15089713037014008 -0.15100987255573273 -0.10697481781244278 -0.10697481781244278 -0.1251295506954193 -0.08890655636787415 -0.07932685315608978 -0.02686384879052639 -0.010030184872448444 -0.004571062512695789 -0.002116741146892309 -0.0024467066396027803 -0.0032515961211174726 -0.002891838550567627 -0.0020132253412157297 -0.0017597872065380216 -0.0010840074392035604 -0.0017385059036314487 -0.0017342789797112346 -0.0016122423112392426 -0.0013616342330351472 -0.0010840074392035604 -0.0012182033387944102
-0.1598788946866989 -0.1598788946866989 -0.1598788946866989 -0.1598788946866989 -0.25268423557281494 -0.1598788946866989 -0.11911923438310623 -0.16107091307640076 -0.1598788946866989 -0.11911923438310623 -0.11911923438310623 -0.2360001802444458 -0.11911923438310623 -0.10697481781244278 -0.2037186622619629 -0.11911923438310623 -0.15655846893787384 -0.15089713037014008 -0.15100987255573273 -0.10697481781244278 -0.10697481781244278 -0.1251295506954193 -0.08890655636787415 -0.07932685315608978 -0.02686384879052639 -0.010030184872448444 -0.004571062512695789 -0.002116741146892309 -0.0024467066396027803 -0.0032515961211174726 -0.002891838550567627 -0.0020132253412157297 -0.0017597872065380216 -0.0010840074392035604 -0.0017385059036314487 -0.0017342789797112346 -0.0016122423112392426 -0.0013616342330351472 -0.0010840074392035604 -0.0012182033387944102
-0.1598788946866989 -0.1598788946866989 -0.1598788946866989 -0.1598788946866989 -0.251110702753067 -0.1598788946866989 -0.11911923438310623 -0.16107091307640076 -0.1598788946866989 -0.11911923438310623 -0.11911923438310623 -0.2360001802444458 -0.11911923438310623 -0.10697481781244278 -0.2037186622619629 -0.11911923438310623 -0.15655846893787384 -0.15089713037014008 -0.15100987255573273 -0.10697481781244278 -0.10697481781244278 -0.1251295506954193 -0.08890655636787415 -0.07932685315608978 -0.02686384879052639 -0.010030184872448444 -0.004571062512695789 -0.002116741146892309 -0.0024467066396027803 -0.0032515961211174726 -0.002891838550567627 -0.0020132253412157297 -0.0017597872065380216 -0.0010840074392035604 -0.0017385059036314487 -0.0017342789797112346 -0.0016122423112392426 -0.0013616342330351472 -0.0010840074392035604 -0.0012182033387944102
-0.1598788946866989 -0.1598788946866989 -0.1598788946866989 -0.1598788946866989 -0.24898019433021545 -0.1598788946866989 -0.11911923438310623 -0.16107091307640076 -0.1598788946866989 -0.11911923438310623 -0.11911923438310623 -0.2360001802444458 -0.11911923438310623 -0.10697481781244278 -0.2037186622619629 -0.11911923438310623 -0.15655846893787384 -0.15089713037014008 -0.15100987255573273 -0.10697481781244278 -0.10697481781244278 -0.1251295506954193 -0.08890655636787415 -0.07932685315608978 -0.02686384879052639 -0.010030184872448444 -0.004571062512695789 -0.002116741146892309 -0.0024467066396027803 -0.0032515961211174726 -0.002891838550567627 -0.0020132253412157297 -0.0017597872065380216 -0.0010840074392035604 -0.0017385059036314487 -0.0017342789797112346 -0.0016122423112392426 -0.0013616342330351472 -0.0010840074392035604 -0.0012182033387944102
-0.1598788946866989 -0.1598788946866989 -0.1598788946866989 -0.1598788946866989 -0.16107091307640076 -0.1598788946866989 -0.11911923438310623 -0.20325231552124023 -0.1598788946866989 -0.11911923438310623 -0.11911923438310623 -0.16107091307640076 -0.11911923438310623 -0.10697481781244278 -0.16107091307640076 -0.11911923438310623 -0.15655846893787384 -0.15089713037014008 -0.15100987255573273 -0.10697481781244278 -0.10697481781244278 -0.1251295506954193 -0.08890655636787415 -0.07932685315608978 -0.02686384879052639 -0.010030184872448444 -0.004571062512695789 -0.002116741146892309 -0.0024467066396027803 -0.0032515961211174726 -0.002891838550567627 -0.0020132253412157297 -0.0017597872065380216 -0.0010840074392035604 -0.0017385059036314487 -0.0017342789797112346 -0.0016122423112392426 -0.0013616342330351472 -0.0010840074392035604 -0.0012182033387944102
-0.15089713037014008 -0.15089713037014008 -0.15089713037014008 -0.15089713037014008 -0.15089713037014008 -0.15089713037014008 -0.16688087582588196 -0.15089713037014008 -0.15089713037014008 -0.16688087582588196 -0.16688087582588196 -0.15089713037014008 -0.16688087582588196 -0.10697481781244278 -0.15089713037014008 -0.16688087582588196 -0.15089713037014008 -0.15089713037014008 -0.15089713037014008 -0.10697481781244278 -0.10697481781244278 -0.1251295506954193 -0.08890655636787415 -0.07932685315608978 -0.02686384879052639 -0.010030184872448444 -0.004571062512695789 -0.002116741146892309 -0.0024467066396027803 -0.0032515961211174726 -0.002891838550567627 -0.0020132253412157297 -0.0017597872065380216 -0.0010840074392035604 -0.0017385059036314487 -0.0017342789797112346 -0.0016122423112392426 -0.0013616342330351472 -0.0010840074392035604 -0.0012182033387944102
-0.11911923438310623 -0.11911923438310623 -0.11911923438310623 -0.11911923438310623 -0.11911923438310623 -0.11911923438310623 -0.11911923438310623 -0.11911923438310623 -0.11911923438310623 -0.11911923438310623 -0.11911923438310623 -0.11911923438310623 -0.11911923438310623 -0.14317761361598969 -0.11911923438310623 -0.11911923438310623 -0.11911923438310623 -0.11911923438310623 -0.11911923438310623 -0.12649397552013397 -0.12649397552013397 -0.11911923438310623 -0.08890655636787415 -0.07932685315608978 -0.02686384879052639 -0.010030184872448444 -0.004571062512695789 -0.002116741146892309 -0.0024467066396027803 -0.0032515961211174726 -0.002891838550567627 -0.0020132253412157297 -0.0017597872065380216 -0.0010840074392035604 -0.0017385059036314487 -0.0017342789797112346 -0.0016122423112392426 -0.0013616342330351472 -0.0010840074392035604 -0.0012182033387944102
-0.10697481781244278 -0.10697481781244278 -0.10697481781244278 -0.10697481781244278 -0.10697481781244278 -0.10697481781244278 -0.10697481781244278 -0.10697481781244278 -0.10697481781244278 -0.10697481781244278 -0.10697481781244278 -0.10697481781244278 -0.10697481781244278 -0.14090657234191895 -0.10697481781244278 -0.10697481781244278 -0.10697481781244278 -0.10697481781244278 -0.10697481781244278 -0.12649397552013397 -0.12649397552013397 -0.10697481781244278 -0.08890655636787415 -0.07932685315608978 -0.02686384879052639 -0.010030184872448444 -0.004571062512695789 -0.002116741146892309 -0.0024467066396027803 -0.0032515961211174726 -0.002891838550567627 -0.0020132253412157297 -0.0017597872065380216 -0.0010840074392035604 -0.0017385059036314487 -0.0017342789797112346 -0.0016122423112392426 -0.0013616342330351472 -0.0010840074392035604 -0.0012182033387944102
-0.11578278243541718 -0.11578278243541718 -0.11578278243541718 -0.11578278243541718 -0.11578278243541718 -0.11578278243541718 -0.11578278243541718 -0.11578278243541718 -0.11578278243541718 -0.11578278243541718 -0.11578278243541718 -0.11578278243541718 -0.11578278243541718 -0.10697481781244278 -0.11578278243541718 -0.11578278243541718 -0.11578278243541718 -0.11578278243541718 -0.11578278243541718 -0.10697481781244278 -0.10697481781244278 -0.11578278243541718 -0.08890655636787415 -0.07932685315608978 -0.02686384879052639 -0.010030184872448444 -0.004571062512695789 -0.002116741146892309 -0.0024467066396027803 -0.0032515961211174726 -0.002891838550567627 -0.0020132253412157297 -0.0017597872065380216 -0.0010840074392035604 -0.0017876335186883807 -0.0017664264887571335 -0.00171227368991822 -0.0013616342330351472 -0.0010840074392035604 -0.0012182033387944102
-0.03581899777054787 -0.03581899777054787 -0.03581899777054787 -0.03581899777054787 -0.03581899777054787 -0.03581899777054787 -0.03581899777054787 -0.03581899777054787 -0.03581899777054787 -0.03581899777054787 -0.03581899777054787 -0.03581899777054787 -0.03581899777054787 -0.03581899777054787 -0.03581899777054787 -0.03581899777054787 -0.03581899777054787 -0.03581899777054787 -0.03581899777054787 -0.03581899777054787 -0.03581899777054787 -0.03581899777054787 -0.03581899777054787 -0.03581899777054787 -0.02686384879052639 -0.010030184872448444 -0.004571062512695789 -0.002116741146892309 -0.0024467066396027803 -0.0032515961211174726 -0.002891838550567627 -0.0020132253412157297 -0.0017597872065380216 -0.0010840074392035604 -0.0017385059036314487 -0.0017342789797112346 -0.0016122423112392426 -0.0013616342330351472 -0.0010840074392035604 -0.0012182033387944102
-0.027669548988342285 -0.027669548988342285 -0.027669548988342285 -0.027669548988342285 -0.027669548988342285 -0.027669548988342285 -0.027669548988342285 -0.027669548988342285 -0.027669548988342285 -0.027669548988342285 -0.027669548988342285 -0.027669548988342285 -0.027669548988342285 -0.027669548988342285 -0.027669548988342285 -0.027669548988342285 -0.027669548988342285 -0.027669548988342285 -0.027669548988342285 -0.027669548988342285 -0.027669548988342285 -0.027669548988342285 -0.027669548988342285 -0.027669548988342285 -0.02686384879052639 -0.010030184872448444 -0.004571062512695789 -0.002116741146892309 -0.0024467066396027803 -0.0032515961211174726 -0.002891838550567627 -0.0020132253412157297 -0.0017597872065380216 -0.0010840074392035604 -0.0017385059036314487 -0.0017342789797112346 -0.0016122423112392426 -0.0013616342330351472 -0.0010840074392035604 -0.0012182033387944102
-0.026680486276745796 -0.026680486276745796 -0.026680486276745796 -0.026680486276745796 -0.026680486276745796 -0.026680486276745796 -0.026680486276745796 -0.026680486276745796 -0.026680486276745796 -0.026680486276745796 -0.026680486276745796 -0.026680486276745796 -0.026680486276745796 -0.026680486276745796 -0.026680486276745796 -0.026680486276745796 -0.026680486276745796 -0.026680486276745796 -0.026680486276745796 -0.026680486276745796 -0.026680486276745796 -0.026680486276745796 -0.026680486276745796 -0.026680486276745796 -0.026680486276745796 -0.010030184872448444 -0.004571062512695789 -0.002116741146892309 -0.0024467066396027803 -0.0032515961211174726 -0.002891838550567627 -0.0020132253412157297 -0.0017597872065380216 -0.0019074664451181889 -0.0017385059036314487 -0.0017342789797112346 -0.0016122423112392426 -0.0013616342330351472 -0.0011371708242222667 -0.0012182033387944102
-0.020261822268366814 -0.020261822268366814 -0.020261822268366814 -0.020261822268366814 -0.020261822268366814 -0.020261822268366814 -0.020261822268366814 -0.020261822268366814 -0.020261822268366814 -0.020261822268366814 -0.020261822268366814 -0.020261822268366814 -0.020261822268366814 -0.020261822268366814 -0.020261822268366814 -0.020261822268366814 -0.020261822268366814 -0.020261822268366814 -0.020261822268366814 -0.020261822268366814 -0.020261822268366814 -0.020261822268366814 -0.020261822268366814 -0.020261822268366814 -0.020261822268366814 -0.010030184872448444 -0.004571062512695789 -0.002116741146892309 -0.0024467066396027803 -0.0032515961211174726 -0.002891838550567627 -0.0020132253412157297 -0.0017597872065380216 -0.0010840074392035604 -0.0017385059036314487 -0.0017342789797112346 -0.0016122423112392426 -0.0013616342330351472 -0.0010840074392035604 -0.0012182033387944102
-0.019772179424762726 -0.019772179424762726 -0.019772179424762726 -0.019772179424762726 -0.019772179424762726 -0.019772179424762726 -0.019772179424762726 -0.019772179424762726 -0.019772179424762726 -0.019772179424762726 -0.019772179424762726 -0.019772179424762726 -0.019772179424762726 -0.019772179424762726 -0.019772179424762726 -0.019772179424762726 -0.019772179424762726 -0.019772179424762726 -0.019772179424762726 -0.019772179424762726 -0.019772179424762726 -0.019772179424762726 -0.019772179424762726 -0.019772179424762726 -0.019772179424762726 -0.010030184872448444 -0.004571062512695789 -0.002116741146892309 -0.0024467066396027803 -0.0032515961211174726 -0.002891838550567627 -0.0020132253412157297 -0.0017597872065380216 -0.0010840074392035604 -0.0017385059036314487 -0.0017342789797112346 -0.0016122423112392426 -0.0013616342330351472 -0.0010840074392035604 -0.0012182033387944102
-0.011903726495802402 -0.011903726495802402 -0.011903726495802402 -0.011903726495802402 -0.011903726495802402 -0.011903726495802402 -0.011903726495802402 -0.011903726495802402 -0.011903726495802402 -0.011903726495802402 -0.011903726495802402 -0.011903726495802402 -0.011903726495802402 -0.011903726495802402 -0.011903726495802402 -0.011903726495802402 -0.011903726495802402 -0.011903726495802402 -0.011903726495802402 -0.011903726495802402 -0.011903726495802402 -0.011903726495802402 -0.011903726495802402 -0.011903726495802402 -0.011903726495802402 -0.010030184872448444 -0.004571062512695789 -0.004449634347110987 -0.0024467066396027803 -0.0032515961211174726 -0.002891838550567627 -0.002590784104540944 -0.0020032464526593685 -0.0011371708242222667 -0.0017385059036314487 -0.0017342789797112346 -0.0016122423112392426 -0.0013616342330351472 -0.0011371708242222667 -0.0012182033387944102
-0.010645153932273388 -0.010645153932273388 -0.010645153932273388 -0.010645153932273388 -0.010645153932273388 -0.010645153932273388 -0.010645153932273388 -0.010645153932273388 -0.010645153932273388 -0.010645153932273388 -0.010645153932273388 -0.010645153932273388 -0.010645153932273388 -0.010645153932273388 -0.010645153932273388 -0.010645153932273388 -0.010645153932273388 -0.010645153932273388 -0.010645153932273388 -0.010645153932273388 -0.010645153932273388 -0.010645153932273388 -0.010645153932273388 -0.010645153932273388 -0.010645153932273388 -0.010030184872448444 -0.004571062512695789 -0.002116741146892309 -0.0024467066396027803 -0.0032515961211174726 -0.002891838550567627 -0.0020132253412157297 -0.0017597872065380216 -0.0019074664451181889 -0.0017385059036314487 -0.0017342789797112346 -0.0016122423112392426 -0.0013616342330351472 -0.0011371708242222667 -0.0012182033387944102
-0.005506837274879217 -0.005506837274879217 -0.005506837274879217 -0.005506837274879217 -0.005506837274879217 -0.005506837274879217 -0.005506837274879217 -0.005506837274879217 -0.005506837274879217 -0.005506837274879217 -0.005506837274879217 -0.005506837274879217 -0.005506837274879217 -0.005506837274879217 -0.005506837274879217 -0.005506837274879217 -0.005506837274879217 -0.005506837274879217 -0.005506837274879217 -0.005506837274879217 -0.005506837274879217 -0.005506837274879217 -0.005506837274879217 -0.005506837274879217 -0.005506837274879217 -0.005506837274879217 -0.004828606732189655 -0.002116741146892309 -0.0024467066396027803 -0.003464384702965617 -0.0030572356190532446 -0.0020132253412157297 -0.0017597872065380216 -0.0010840074392035604 -0.0017385059036314487 -0.0017342789797112346 -0.0016122423112392426 -0.0013616342330351472 -0.0010840074392035604 -0.0012182033387944102
-0.0048507521860301495 -0.0048507521860301495 -0.0048507521860301495 -0.0048507521860301495 -0.0048507521860301495 -0.0048507521860301495 -0.0048507521860301495 -0.0048507521860301495 -0.0048507521860301495 -0.0048507521860301495 -0.0048507521860301495 -0.0048507521860301495 -0.0048507521860301495 -0.0048507521860301495 -0.0048507521860301495 -0.0048507521860301495 -0.0048507521860301495 -0.0048507521860301495 -0.0048507521860301495 -0.0048507521860301495 -0.0048507521860301495 -0.0048507521860301495 -0.0048507521860301495 -0.0048507521860301495 -0.0048507521860301495 -0.0048507521860301495 -0.004571062512695789 -0.002116741146892309 -0.0024467066396027803 -0.0032515961211174726 -0.002891838550567627 -0.0020132253412157297 -0.0017597872065380216 -0.0010840074392035604 -0.0017385059036314487 -0.0017342789797112346 -0.0016122423112392426 -0.0013616342330351472 -0.0010840074392035604 -0.0012182033387944102
-0.004593424499034882 -0.004593424499034882 -0.004593424499034882 -0.004593424499034882 -0.004593424499034882 -0.004593424499034882 -0.004593424499034882 -0.004593424499034882 -0.004593424499034882 -0.004593424499034882 -0.004593424499034882 -0.004593424499034882 -0.004593424499034882 -0.004593424499034882 -0.004593424499034882 -0.004593424499034882 -0.004593424499034882 -0.004593424499034882 -0.004593424499034882 -0.004593424499034882 -0.004593424499034882 -0.004593424499034882 -0.004593424499034882 -0.004593424499034882 -0.004593424499034882 -0.004593424499034882 -0.004593424499034882 -0.002116741146892309 -0.0024467066396027803 -0.003464384702965617 -0.0030572356190532446 -0.002590784104540944 -0.0017597872065380216 -0.0010840074392035604 -0.0017385059036314487 -0.0017342789797112346 -0.0016122423112392426 -0.0013616342330351472 -0.0010840074392035604 -0.0012182033387944102
-0.0038778625894337893 -0.0038778625894337893 -0.0038778625894337893 -0.0038778625894337893 -0.0038778625894337893 -0.0038778625894337893 -0.0038778625894337893 -0.0038778625894337893 -0.0038778625894337893 -0.0038778625894337893 -0.0038778625894337893 -0.0038778625894337893 -0.0038778625894337893 -0.0038778625894337893 -0.0038778625894337893 -0.0038778625894337893 -0.0038778625894337893 -0.0038778625894337893 -0.0038778625894337893 -0.0038778625894337893 -0.0038778625894337893 -0.0038778625894337893 -0.0038778625894337893 -0.0038778625894337893 -0.0038778625894337893 -0.0038778625894337893 -0.0038778625894337893 -0.0038778625894337893 -0.0024467066396027803 -0.003464384702965617 -0.0030572356190532446 -0.002590784104540944 -0.0017597872065380216 -0.0010840074392035604 -0.0017385059036314487 -0.0017342789797112346 -0.0016122423112392426 -0.0013616342330351472 -0.0010840074392035604 -0.0012182033387944102
-0.003433086210861802 -0.003433086210861802 -0.003433086210861802 -0.003433086210861802 -0.003433086210861802 -0.003433086210861802 -0.003433086210861802 -0.003433086210861802 -0.003433086210861802 -0.003433086210861802 -0.003433086210861802 -0.003433086210861802 -0.003433086210861802 -0.003433086210861802 -0.003433086210861802 -0.003433086210861802 -0.003433086210861802 -0.003433086210861802 -0.003433086210861802 -0.003433086210861802 -0.003433086210861802 -0.003433086210861802 -0.003433086210861802 -0.003433086210861802 -0.003433086210861802 -0.003433086210861802 -0.003433086210861802 -0.002116741146892309 -0.0024467066396027803 -0.0032515961211174726 -0.002891838550567627 -0.0020132253412157297 -0.0017597872065380216 -0.0010840074392035604 -0.0017385059036314487 -0.0017342789797112346 -0.0016122423112392426 -0.0013616342330351472 -0.0010840074392035604 -0.0012182033387944102
-0.0030595543794333935 -0.0030595543794333935 -0.0030595543794333935 -0.0030595543794333935 -0.0030595543794333935 -0.0030595543794333935 -0.0030595543794333935 -0.0030595543794333935 -0.0030595543794333935 -0.0030595543794333935 -0.0030595543794333935 -0.0030595543794333935 -0.0030595543794333935 -0.0030595543794333935 -0.0030595543794333935 -0.0030595543794333935 -0.0030595543794333935 -0.0030595543794333935 -0.0030595543794333935 -0.0030595543794333935 -0.0030595543794333935 -0.0030595543794333935 -0.0030595543794333935 -0.0030595543794333935 -0.0030595543794333935 -0.0030595543794333935 -0.0030595543794333935 -0.0030595543794333935 -0.0024467066396027803 -0.0030595543794333935 -0.0030572356190532446 -0.002590784104540944 -0.0020032464526593685 -0.0011371708242222667 -0.0017385059036314487 -0.0017342789797112346 -0.0016122423112392426 -0.0013616342330351472 -0.001355901942588389 -0.0012182033387944102
-0.002326847054064274 -0.002326847054064274 -0.002326847054064274 -0.002326847054064274 -0.002326847054064274 -0.002326847054064274 -0.002326847054064274 -0.002326847054064274 -0.002326847054064274 -0.002326847054064274 -0.002326847054064274 -0.002326847054064274 -0.002326847054064274 -0.002326847054064274 -0.002326847054064274 -0.002326847054064274 -0.002326847054064274 -0.002326847054064274 -0.002326847054064274 -0.002326847054064274 -0.002326847054064274 -0.002326847054064274 -0.002326847054064274 -0.002326847054064274 -0.002326847054064274 -0.002326847054064274 -0.002326847054064274 -0.002326847054064274 -0.002326847054064274 -0.002326847054064274 -0.002326847054064274 -0.002326847054064274 -0.0020032464526593685 -0.0019074664451181889 -0.0017385059036314487 -0.0017342789797112346 -0.0016122423112392426 -0.0013616342330351472 -0.001355901942588389 -0.0012182033387944102
-0.0016790005611255765 -0.0016790005611255765 -0.0016790005611255765 -0.0016790005611255765 -0.0016790005611255765 -0.0016790005611255765 -0.0016790005611255765 -0.0016790005611255765 -0.0016790005611255765 -0.0016790005611255765 -0.0016790005611255765 -0.0016790005611255765 -0.0016790005611255765 -0.0016790005611255765 -0.0016790005611255765 -0.0016790005611255765 -0.0016790005611255765 -0.0016790005611255765 -0.0016790005611255765 -0.0016790005611255765 -0.0016790005611255765 -0.0016790005611255765 -0.0016790005611255765 -0.0016790005611255765 -0.0016790005611255765 -0.0016790005611255765 -0.0016790005611255765 -0.0016790005611255765 -0.0016790005611255765 -0.0016790005611255765 -0.0016790005611255765 -0.0016790005611255765 -0.0016790005611255765 -0.0016790005611255765 -0.0016790005611255765 -0.0016790005611255765 -0.0016122423112392426 -0.0013616342330351472 -0.001355901942588389 -0.0012182033387944102
-0.0014981060521677136 -0.0014981060521677136 -0.0014981060521677136 -0.0014981060521677136 -0.0014981060521677136 -0.0014981060521677136 -0.0014981060521677136 -0.0014981060521677136 -0.0014981060521677136 -0.0014981060521677136 -0.0014981060521677136 -0.0014981060521677136 -0.0014981060521677136 -0.0014981060521677136 -0.0014981060521677136 -0.0014981060521677136 -0.0014981060521677136 -0.0014981060521677136 -0.0014981060521677136 -0.0014981060521677136 -0.0014981060521677136 -0.0014981060521677136 -0.0014981060521677136 -0.0014981060521677136 -0.0014981060521677136 -0.0014981060521677136 -0.0014981060521677136 -0.0014981060521677136 -0.0014981060521677136 -0.0014981060521677136 -0.0014981060521677136 -0.0014981060521677136 -0.0014981060521677136 -0.0014981060521677136 -0.0014981060521677136 -0.0014981060521677136 -0.0014981060521677136 -0.0013616342330351472 -0.001355901942588389 -0.0012182033387944102
-0.0012740357778966427 -0.0012740357778966427 -0.0012740357778966427 -0.0012740357778966427 -0.0012740357778966427 -0.0012740357778966427 -0.0012740357778966427 -0.0012740357778966427 -0.0012740357778966427 -0.0012740357778966427 -0.0012740357778966427 -0.0012740357778966427 -0.0012740357778966427 -0.0012740357778966427 -0.0012740357778966427 -0.0012740357778966427 -0.0012740357778966427 -0.0012740357778966427 -0.0012740357778966427 -0.0012740357778966427 -0.0012740357778966427 -0.0012740357778966427 -0.0012740357778966427 -0.0012740357778966427 -0.0012740357778966427 -0.0012740357778966427 -0.0012740357778966427 -0.0012740357778966427 -0.0012740357778966427 -0.0012740357778966427 -0.0012740357778966427 -0.0012740357778966427 -0.0012740357778966427 -0.0010840074392035604 -0.0012740357778966427 -0.0012740357778966427 -0.0012740357778966427 -0.0012740357778966427 -0.0010840074392035604 -0.0012740357778966427