-0.4164305627346039 -0.52729731798172 -0.4656822681427002 -0.13870640099048615 -0.11909510940313339 -0.11909510940313339 -0.24309398233890533 -0.24309398233890533 -0.13870640099048615 -0.2878563404083252 -0.13870640099048615 -0.11909510940313339 -0.11909510940313339 -0.11909510940313339 -0.13870640099048615 -0.13870640099048615 -0.13870640099048615 -0.11909510940313339 -0.13870640099048615 -0.11909510940313339 -0.11909510940313339 -0.137908473610878 -0.17015136778354645 -0.11909510940313339 -0.1490073800086975 -0.11909510940313339 -0.13909131288528442 -0.09469714760780334 -0.0958484560251236 -0.097232885658741 -0.06503166258335114 -0.01744312047958374 -0.003064436838030815 -0.004268617369234562 -0.0026078352238982916 -0.0032423590309917927 -0.003440634813159704 -0.0025670339819043875 -0.002427223604172468 -0.0023635639809072018 -0.0020986662711948156 -0.0014561560237780213 -0.0014561560237780213 -0.0014561560237780213 -0.0011018209625035524 -0.0011018209625035524 -0.0009636748000048101 -0.00025940098566934466
-0.4164305627346039 -0.4164305627346039 -0.4164305627346039 -0.13870640099048615 -0.11909510940313339 -0.11909510940313339 -0.24309398233890533 -0.24309398233890533 -0.13870640099048615 -0.2878563404083252 -0.13870640099048615 -0.11909510940313339 -0.11909510940313339 -0.11909510940313339 -0.13870640099048615 -0.13870640099048615 -0.13870640099048615 -0.11909510940313339 -0.13870640099048615 -0.11909510940313339 -0.11909510940313339 -0.137908473610878 -0.17015136778354645 -0.11909510940313339 -0.1490073800086975 -0.11909510940313339 -0.13923507928848267 -0.09469714760780334 -0.0958484560251236 -0.097232885658741 -0.06503166258335114 -0.01744312047958374 -0.003064436838030815 -0.004268617369234562 -0.0026078352238982916 -0.0032423590309917927 -0.003440634813159704 -0.0025670339819043875 -0.002427223604172468 -0.0023635639809072018 -0.0020986662711948156 -0.0014561560237780213 -0.0014561560237780213 -0.0014561560237780213 -0.0011018209625035524 -0.0011018209625035524 -0.0009636748000048101 -0.00025940098566934466
-0.5397888422012329 -0.4164305627346039 -0.4164305627346039 -0.13870640099048615 -0.11909510940313339 -0.11909510940313339 -0.24309398233890533 -0.24309398233890533 -0.13870640099048615 -0.2878563404083252 -0.13870640099048615 -0.11909510940313339 -0.11909510940313339 -0.11909510940313339 -0.13870640099048615 -0.13870640099048615 -0.13870640099048615 -0.11909510940313339 -0.13870640099048615 -0.11909510940313339 -0.11909510940313339 -0.137908473610878 -0.17015136778354645 -0.11909510940313339 -0.1490073800086975 -0.11909510940313339 -0.13909131288528442 -0.09469714760780334 -0.0958484560251236 -0.097232885658741 -0.06503166258335114 -0.01744312047958374 -0.003064436838030815 -0.004268617369234562 -0.0026078352238982916 -0.0032423590309917927 -0.003440634813159704 -0.0025670339819043875 -0.002427223604172468 -0.0023635639809072018 -0.0020986662711948156 -0.0014561560237780213 -0.0014561560237780213 -0.0014561560237780213 -0.0011018209625035524 -0.0011018209625035524 -0.0009636748000048101 -0.00025940098566934466
-0.2878563404083252 -0.2878563404083252 -0.2878563404083252 -0.13870640099048615 -0.11909510940313339 -0.11909510940313339 -0.24309398233890533 -0.24309398233890533 -0.13870640099048615 -0.2878563404083252 -0.13870640099048615 -0.11909510940313339 -0.11909510940313339 -0.11909510940313339 -0.13870640099048615 -0.13870640099048615 -0.13870640099048615 -0.11909510940313339 -0.13870640099048615 -0.11909510940313339 -0.11909510940313339 -0.137908473610878 -0.17526650428771973 -0.11909510940313339 -0.1490073800086975 -0.11909510940313339 -0.13923507928848267 -0.09469714760780334 -0.0958484560251236 -0.097232885658741 -0.06503166258335114 -0.01744312047958374 -0.003064436838030815 -0.004268617369234562 -0.004095420707017183 -0.0032423590309917927 -0.003440634813159704 -0.0025670339819043875 -0.002427223604172468 -0.0023635639809072018 -0.0020986662711948156 -0.0014561560237780213 -0.0014561560237780213 -0.0014561560237780213 -0.0011018209625035524 -0.0011018209625035524 -0.0009636748000048101 -0.00025940098566934466
-0.24309398233890533 -0.24309398233890533 -0.24309398233890533 -0.13870640099048615 -0.11909510940313339 -0.11909510940313339 -0.24309398233890533 -0.24309398233890533 -0.13870640099048615 -0.24309398233890533 -0.13870640099048615 -0.11909510940313339 -0.11909510940313339 -0.11909510940313339 -0.13870640099048615 -0.13870640099048615 -0.13870640099048615 -0.11909510940313339 -0.13870640099048615 -0.11909510940313339 -0.11909510940313339 -0.137908473610878 -0.17015136778354645 -0.11909510940313339 -0.1490073800086975 -0.11909510940313339 -0.13909131288528442 -0.09469714760780334 -0.0958484560251236 -0.097232885658741 -0.06503166258335114 -0.01744312047958374 -0.003064436838030815 -0.004268617369234562 -0.0026078352238982916 -0.0032423590309917927 -0.003440634813159704 -0.0025670339819043875 -0.002427223604172468 -0.0023635639809072018 -0.0020986662711948156 -0.0014561560237780213 -0.0014561560237780213 -0.0014561560237780213 -0.0011018209625035524 -0.0011018209625035524 -0.0009636748000048101 -0.00025940098566934466
-0.24309398233890533 -0.24309398233890533 -0.24309398233890533 -0.13870640099048615 -0.11909510940313339 -0.11909510940313339 -0.24309398233890533 -0.24309398233890533 -0.13870640099048615 -0.24309398233890533 -0.13870640099048615 -0.11909510940313339 -0.11909510940313339 -0.11909510940313339 -0.13870640099048615 -0.13870640099048615 -0.13870640099048615 -0.11909510940313339 -0.13870640099048615 -0.11909510940313339 -0.11909510940313339 -0.137908473610878 -0.17015136778354645 -0.11909510940313339 -0.1490073800086975 -0.11909510940313339 -0.13909131288528442 -0.09469714760780334 -0.0958484560251236 -0.097232885658741 -0.06503166258335114 -0.01744312047958374 -0.003064436838030815 -0.004268617369234562 -0.0026078352238982916 -0.0032423590309917927 -0.003440634813159704 -0.0025670339819043875 -0.002427223604172468 -0.0023635639809072018 -0.0020986662711948156 -0.0014561560237780213 -0.0014561560237780213 -0.0014561560237780213 -0.0011018209625035524 -0.0011018209625035524 -0.0009636748000048101 -0.00025940098566934466
-0.24309398233890533 -0.24309398233890533 -0.24309398233890533 -0.13870640099048615 -0.11909510940313339 -0.11909510940313339 -0.24309398233890533 -0.24309398233890533 -0.13870640099048615 -0.24309398233890533 -0.13870640099048615 -0.11909510940313339 -0.11909510940313339 -0.11909510940313339 -0.13870640099048615 -0.13870640099048615 -0.13870640099048615 -0.11909510940313339 -0.13870640099048615 -0.11909510940313339 -0.11909510940313339 -0.137908473610878 -0.17015136778354645 -0.11909510940313339 -0.1490073800086975 -0.11909510940313339 -0.13909131288528442 -0.09469714760780334 -0.0958484560251236 -0.097232885658741 -0.06503166258335114 -0.01744312047958374 -0.003064436838030815 -0.004268617369234562 -0.0026078352238982916 -0.0032423590309917927 -0.003440634813159704 -0.0025670339819043875 -0.002427223604172468 -0.0023635639809072018 -0.0020986662711948156 -0.0014561560237780213 -0.0014561560237780213 -0.0014561560237780213 -0.0011018209625035524 -0.0011018209625035524 -0.0009636748000048101 -0.00025940098566934466
-0.11909510940313339 -0.11909510940313339 -0.11909510940313339 -0.11909510940313339 -0.31714963912963867 -0.3159102201461792 -0.11909510940313339 -0.11909510940313339 -0.11909510940313339 -0.11909510940313339 -0.11909510940313339 -0.25980862975120544 -0.2757350504398346 -0.27559393644332886 -0.11909510940313339 -0.11909510940313339 -0.11909510940313339 -0.15420587360858917 -0.11909510940313339 -0.15420587360858917 -0.18569016456604004 -0.11909510940313339 -0.11909510940313339 -0.12625432014465332 -0.11909510940313339 -0.1347985863685608 -0.11909510940313339 -0.09469714760780334 -0.0958484560251236 -0.097232885658741 -0.06503166258335114 -0.01744312047958374 -0.003064436838030815 -0.004268617369234562 -0.0026078352238982916 -0.0032423590309917927 -0.003440634813159704 -0.0025670339819043875 -0.002427223604172468 -0.0023635639809072018 -0.0020986662711948156 -0.0014561560237780213 -0.0014561560237780213 -0.0014561560237780213 -0.0011018209625035524 -0.0011018209625035524 -0.0009636748000048101 -0.00025940098566934466
-0.11909510940313339 -0.11909510940313339 -0.11909510940313339 -0.11909510940313339 -0.15420587360858917 -0.15420587360858917 -0.11909510940313339 -0.11909510940313339 -0.11909510940313339 -0.11909510940313339 -0.11909510940313339 -0.15420587360858917 -0.15420587360858917 -0.15420587360858917 -0.11909510940313339 -0.11909510940313339 -0.11909510940313339 -0.2226572036743164 -0.11909510940313339 -0.1890641152858734 -0.15420587360858917 -0.11909510940313339 -0.11909510940313339 -0.12625432014465332 -0.11909510940313339 -0.1347985863685608 -0.11909510940313339 -0.09469714760780334 -0.0958484560251236 -0.097232885658741 -0.06503166258335114 -0.01744312047958374 -0.003064436838030815 -0.004270800389349461 -0.0026078352238982916 -0.003476206911727786 -0.0034637541975826025 -0.0025670339819043875 -0.002427223604172468 -0.0023635639809072018 -0.0020986662711948156 -0.0014561560237780213 -0.0014561560237780213 -0.0014561560237780213 -0.0011018209625035524 -0.0011018209625035524 -0.0009636748000048101 -0.00025940098566934466
-0.24309398233890533 -0.24309398233890533 -0.24309398233890533 -0.13870640099048615 -0.11909510940313339 -0.11909510940313339 -0.26135507225990295 -0.2923862040042877 -0.13870640099048615 -0.24309398233890533 -0.13870640099048615 -0.11909510940313339 -0.11909510940313339 -0.11909510940313339 -0.13870640099048615 -0.13870640099048615 -0.13870640099048615 -0.11909510940313339 -0.13870640099048615 -0.11909510940313339 -0.11909510940313339 -0.137908473610878 -0.17015136778354645 -0.11909510940313339 -0.1490073800086975 -0.11909510940313339 -0.13909131288528442 -0.09469714760780334 -0.0958484560251236 -0.097232885658741 -0.06503166258335114 -0.01744312047958374 -0.003064436838030815 -0.004268617369234562 -0.0026078352238982916 -0.0032423590309917927 -0.003440634813159704 -0.0025670339819043875 -0.002427223604172468 -0.0023635639809072018 -0.0020986662711948156 -0.0014561560237780213 -0.0014561560237780213 -0.0014561560237780213 -0.0011018209625035524 -0.0011018209625035524 -0.0009636748000048101 -0.00025940098566934466
-0.11909510940313339 -0.11909510940313339 -0.11909510940313339 -0.11909510940313339 -0.15420587360858917 -0.15420587360858917 -0.11909510940313339 -0.11909510940313339 -0.11909510940313339 -0.11909510940313339 -0.11909510940313339 -0.15420587360858917 -0.15420587360858917 -0.15420587360858917 -0.11909510940313339 -0.11909510940313339 -0.11909510940313339 -0.1890641152858734 -0.11909510940313339 -0.20645968616008759 -0.15420587360858917 -0.11909510940313339 -0.11909510940313339 -0.12625432014465332 -0.11909510940313339 -0.1347985863685608 -0.11909510940313339 -0.09469714760780334 -0.0958484560251236 -0.097232885658741 -0.06503166258335114 -0.01744312047958374 -0.003064436838030815 -0.004268617369234562 -0.0026078352238982916 -0.0032423590309917927 -0.003440634813159704 -0.0025670339819043875 -0.002427223604172468 -0.0023635639809072018 -0.0020986662711948156 -0.0014561560237780213 -0.0014561560237780213 -0.0014561560237780213 -0.0011018209625035524 -0.0011018209625035524 -0.0009636748000048101 -0.00025940098566934466
-0.11909510940313339 -0.11909510940313339 -0.11909510940313339 -0.11909510940313339 -0.30035901069641113 -0.30035901069641113 -0.11909510940313339 -0.11909510940313339 -0.11909510940313339 -0.11909510940313339 -0.11909510940313339 -0.28642702102661133 -0.27680912613868713 -0.2759076654911041 -0.11909510940313339 -0.11909510940313339 -0.11909510940313339 -0.15420587360858917 -0.11909510940313339 -0.15420587360858917 -0.18569016456604004 -0.11909510940313339 -0.11909510940313339 -0.12625432014465332 -0.11909510940313339 -0.1347985863685608 -0.11909510940313339 -0.09469714760780334 -0.0958484560251236 -0.097232885658741 -0.06503166258335114 -0.01744312047958374 -0.003064436838030815 -0.004268617369234562 -0.0026078352238982916 -0.0032423590309917927 -0.003440634813159704 -0.0025670339819043875 -0.002427223604172468 -0.0023635639809072018 -0.0020986662711948156 -0.0014561560237780213 -0.0014561560237780213 -0.0014561560237780213 -0.0012635678285732865 -0.0011443827534094453 -0.0009636748000048101 -0.00025940098566934466
-0.29131799936294556 -0.29131799936294556 -0.29131799936294556 -0.13870640099048615 -0.11909510940313339 -0.11909510940313339 -0.24309398233890533 -0.24309398233890533 -0.13870640099048615 -0.29103976488113403 -0.13870640099048615 -0.11909510940313339 -0.11909510940313339 -0.11909510940313339 -0.13870640099048615 -0.13870640099048615 -0.13870640099048615 -0.11909510940313339 -0.13870640099048615 -0.11909510940313339 -0.11909510940313339 -0.137908473610878 -0.17015136778354645 -0.11909510940313339 -0.1490073800086975 -0.11909510940313339 -0.13909131288528442 -0.09469714760780334 -0.0958484560251236 -0.097232885658741 -0.06503166258335114 -0.01744312047958374 -0.003064436838030815 -0.004268617369234562 -0.0026078352238982916 -0.0032423590309917927 -0.003440634813159704 -0.0025670339819043875 -0.002427223604172468 -0.0023635639809072018 -0.0020986662711948156 -0.0014561560237780213 -0.0014561560237780213 -0.0014561560237780213 -0.0011018209625035524 -0.0011018209625035524 -0.0009636748000048101 -0.00025940098566934466
-0.2878563404083252 -0.2878563404083252 -0.2878563404083252 -0.13870640099048615 -0.11909510940313339 -0.11909510940313339 -0.26135507225990295 -0.26135507225990295 -0.13870640099048615 -0.29083529114723206 -0.13870640099048615 -0.11909510940313339 -0.11909510940313339 -0.11909510940313339 -0.13870640099048615 -0.13870640099048615 -0.13870640099048615 -0.11909510940313339 -0.13870640099048615 -0.11909510940313339 -0.11909510940313339 -0.137908473610878 -0.17015136778354645 -0.11909510940313339 -0.1490073800086975 -0.11909510940313339 -0.13909131288528442 -0.09469714760780334 -0.0958484560251236 -0.097232885658741 -0.06503166258335114 -0.01744312047958374 -0.003064436838030815 -0.004268617369234562 -0.0026078352238982916 -0.0032423590309917927 -0.003440634813159704 -0.0025670339819043875 -0.002427223604172468 -0.0023635639809072018 -0.0020986662711948156 -0.0014561560237780213 -0.0014561560237780213 -0.0014561560237780213 -0.0011018209625035524 -0.0011018209625035524 -0.0009636748000048101 -0.00025940098566934466
-0.13870640099048615 -0.13870640099048615 -0.13870640099048615 -0.24006681144237518 -0.11909510940313339 -0.11909510940313339 -0.13870640099048615 -0.13870640099048615 -0.24006681144237518 -0.13870640099048615 -0.24006681144237518 -0.11909510940313339 -0.11909510940313339 -0.11909510940313339 -0.24006681144237518 -0.20147503912448883 -0.17976684868335724 -0.11909510940313339 -0.1996425837278366 -0.11909510940313339 -0.11909510940313339 -0.137908473610878 -0.13870640099048615 -0.11909510940313339 -0.13870640099048615 -0.11909510940313339 -0.13870640099048615 -0.09469714760780334 -0.0958484560251236 -0.097232885658741 -0.06503166258335114 -0.01744312047958374 -0.003064436838030815 -0.004268617369234562 -0.0026078352238982916 -0.0032423590309917927 -0.003440634813159704 -0.0025670339819043875 -0.002427223604172468 -0.0023635639809072018 -0.0020986662711948156 -0.0014561560237780213 -0.0014561560237780213 -0.0014561560237780213 -0.0011018209625035524 -0.0011018209625035524 -0.0009636748000048101 -0.00025940098566934466
-0.13870640099048615 -0.13870640099048615 -0.13870640099048615 -0.2334882616996765 -0.11909510940313339 -0.11909510940313339 -0.13870640099048615 -0.13870640099048615 -0.2334882616996765 -0.13870640099048615 -0.2334882616996765 -0.11909510940313339 -0.11909510940313339 -0.11909510940313339 -0.2334882616996765 -0.20147503912448883 -0.17976684868335724 -0.11909510940313339 -0.1996425837278366 -0.11909510940313339 -0.11909510940313339 -0.137908473610878 -0.13870640099048615 -0.11909510940313339 -0.13870640099048615 -0.11909510940313339 -0.13870640099048615 -0.09469714760780334 -0.0958484560251236 -0.097232885658741 -0.06503166258335114 -0.01744312047958374 -0.003064436838030815 -0.004268617369234562 -0.0026078352238982916 -0.0032423590309917927 -0.003440634813159704 -0.0025670339819043875 -0.002427223604172468 -0.0023635639809072018 -0.0020986662711948156 -0.0014561560237780213 -0.0014561560237780213 -0.0014561560237780213 -0.0011018209625035524 -0.0011018209625035524 -0.0009636748000048101 -0.00025940098566934466
-0.13870640099048615 -0.13870640099048615 -0.13870640099048615 -0.22338610887527466 -0.11909510940313339 -0.11909510940313339 -0.13870640099048615 -0.13870640099048615 -0.22338610887527466 -0.13870640099048615 -0.22338610887527466 -0.11909510940313339 -0.11909510940313339 -0.11909510940313339 -0.22338610887527466 -0.20147503912448883 -0.17976684868335724 -0.11909510940313339 -0.1996425837278366 -0.11909510940313339 -0.11909510940313339 -0.137908473610878 -0.13870640099048615 -0.11909510940313339 -0.13870640099048615 -0.11909510940313339 -0.13870640099048615 -0.09469714760780334 -0.0958484560251236 -0.097232885658741 -0.06503166258335114 -0.01744312047958374 -0.003064436838030815 -0.004268617369234562 -0.0026078352238982916 -0.0032423590309917927 -0.003440634813159704 -0.0025670339819043875 -0.002427223604172468 -0.0023635639809072018 -0.0020986662711948156 -0.0014561560237780213 -0.0014561560237780213 -0.0014561560237780213 -0.0011018209625035524 -0.0011018209625035524 -0.0009636748000048101 -0.00025940098566934466
-0.13870640099048615 -0.13870640099048615 -0.13870640099048615 -0.22234123945236206 -0.11909510940313339 -0.11909510940313339 -0.13870640099048615 -0.13870640099048615 -0.22234123945236206 -0.13870640099048615 -0.22234123945236206 -0.11909510940313339 -0.11909510940313339 -0.11909510940313339 -0.22234123945236206 -0.20147503912448883 -0.17976684868335724 -0.11909510940313339 -0.1996425837278366 -0.11909510940313339 -0.11909510940313339 -0.137908473610878 -0.13870640099048615 -0.11909510940313339 -0.13870640099048615 -0.11909510940313339 -0.13870640099048615 -0.09469714760780334 -0.0958484560251236 -0.097232885658741 -0.06503166258335114 -0.01744312047958374 -0.003064436838030815 -0.004268617369234562 -0.0026078352238982916 -0.0032423590309917927 -0.003440634813159704 -0.0025670339819043875 -0.002427223604172468 -0.0023635639809072018 -0.0020986662711948156 -0.0014561560237780213 -0.0014561560237780213 -0.0014561560237780213 -0.0011018209625035524 -0.0011018209625035524 -0.0009636748000048101 -0.00025940098566934466
-0.17015136778354645 -0.17015136778354645 -0.17015136778354645 -0.13870640099048615 -0.11909510940313339 -0.11909510940313339 -0.17015136778354645 -0.17015136778354645 -0.13870640099048615 -0.17015136778354645 -0.13870640099048615 -0.11909510940313339 -0.11909510940313339 -0.11909510940313339 -0.13870640099048615 -0.13870640099048615 -0.13870640099048615 -0.11909510940313339 -0.13870640099048615 -0.11909510940313339 -0.11909510940313339 -0.137908473610878 -0.17015136778354645 -0.11909510940313339 -0.14962300658226013 -0.11909510940313339 -0.13909131288528442 -0.09469714760780334 -0.0958484560251236 -0.097232885658741 -0.06503166258335114 -0.01744312047958374 -0.003064436838030815 -0.004268617369234562 -0.0026078352238982916 -0.0032423590309917927 -0.003440634813159704 -0.0025670339819043875 -0.002427223604172468 -0.0023635639809072018 -0.0020986662711948156 -0.0014561560237780213 -0.0014561560237780213 -0.0014561560237780213 -0.0011018209625035524 -0.0011018209625035524 -0.0009636748000048101 -0.00025940098566934466
-0.17015136778354645 -0.17015136778354645 -0.17015136778354645 -0.13870640099048615 -0.11909510940313339 -0.11909510940313339 -0.17015136778354645 -0.17015136778354645 -0.13870640099048615 -0.17015136778354645 -0.13870640099048615 -0.11909510940313339 -0.11909510940313339 -0.11909510940313339 -0.13870640099048615 -0.13870640099048615 -0.13870640099048615 -0.11909510940313339 -0.13870640099048615 -0.11909510940313339 -0.11909510940313339 -0.137908473610878 -0.17015136778354645 -0.11909510940313339 -0.1490073800086975 -0.11909510940313339 -0.13909131288528442 -0.09469714760780334 -0.0958484560251236 -0.097232885658741 -0.06503166258335114 -0.01744312047958374 -0.003064436838030815 -0.004268617369234562 -0.0026078352238982916 -0.0032423590309917927 -0.003440634813159704 -0.0025670339819043875 -0.002427223604172468 -0.0023635639809072018 -0.0020986662711948156 -0.0014561560237780213 -0.0014561560237780213 -0.0014561560237780213 -0.0011018209625035524 -0.0011018209625035524 -0.0009636748000048101 -0.00025940098566934466
-0.1490073800086975 -0.1490073800086975 -0.1490073800086975 -0.13870640099048615 -0.11909510940313339 -0.11909510940313339 -0.1490073800086975 -0.1490073800086975 -0.13870640099048615 -0.1490073800086975 -0.13870640099048615 -0.11909510940313339 -0.11909510940313339 -0.11909510940313339 -0.13870640099048615 -0.13870640099048615 -0.13870640099048615 -0.11909510940313339 -0.13870640099048615 -0.11909510940313339 -0.11909510940313339 -0.137908473610878 -0.1490073800086975 -0.11909510940313339 -0.1490073800086975 -0.11909510940313339 -0.13909131288528442 -0.09469714760780334 -0.0958484560251236 -0.097232885658741 -0.06503166258335114 -0.01744312047958374 -0.003064436838030815 -0.004268617369234562 -0.0026078352238982916 -0.0032423590309917927 -0.003440634813159704 -0.0025670339819043875 -0.002427223604172468 -0.0023635639809072018 -0.0020986662711948156 -0.0014561560237780213 -0.0014561560237780213 -0.0014561560237780213 -0.0011018209625035524 -0.0011018209625035524 -0.0009636748000048101 -0.00025940098566934466
-0.11909510940313339 -0.11909510940313339 -0.11909510940313339 -0.11909510940313339 -0.17471781373023987 -0.17471781373023987 -0.11909510940313339 -0.11909510940313339 -0.11909510940313339 -0.11909510940313339 -0.11909510940313339 -0.17471781373023987 -0.17471781373023987 -0.17471781373023987 -0.11909510940313339 -0.11909510940313339 -0.11909510940313339 -0.15420587360858917 -0.11909510940313339 -0.15420587360858917 -0.17471781373023987 -0.11909510940313339 -0.11909510940313339 -0.15304984152317047 -0.11909510940313339 -0.13998518884181976 -0.11909510940313339 -0.09469714760780334 -0.0958484560251236 -0.097232885658741 -0.06503166258335114 -0.01744312047958374 -0.003064436838030815 -0.004268617369234562 -0.0026078352238982916 -0.0032423590309917927 -0.003440634813159704 -0.0025670339819043875 -0.002427223604172468 -0.0023635639809072018 -0.0020986662711948156 -0.0014561560237780213 -0.0014561560237780213 -0.0014561560237780213 -0.0011018209625035524 -0.0011018209625035524 -0.0009636748000048101 -0.0004603234410751611
-0.11909510940313339 -0.11909510940313339 -0.11909510940313339 -0.11909510940313339 -0.1611829251050949 -0.1611829251050949 -0.11909510940313339 -0.11909510940313339 -0.11909510940313339 -0.11909510940313339 -0.11909510940313339 -0.1611829251050949 -0.1611829251050949 -0.1611829251050949 -0.11909510940313339 -0.11909510940313339 -0.11909510940313339 -0.15420587360858917 -0.11909510940313339 -0.15420587360858917 -0.1611829251050949 -0.11909510940313339 -0.11909510940313339 -0.12625432014465332 -0.11909510940313339 -0.1347985863685608 -0.11909510940313339 -0.09469714760780334 -0.0958484560251236 -0.097232885658741 -0.06503166258335114 -0.01744312047958374 -0.003064436838030815 -0.004268617369234562 -0.0026078352238982916 -0.0032423590309917927 -0.003440634813159704 -0.0025670339819043875 -0.002427223604172468 -0.0023635639809072018 -0.0020986662711948156 -0.0014561560237780213 -0.0014561560237780213 -0.0014561560237780213 -0.0011018209625035524 -0.0011018209625035524 -0.0009636748000048101 -0.0004603234410751611
-0.0958484560251236 -0.0958484560251236 -0.0958484560251236 -0.0958484560251236 -0.0958484560251236 -0.0958484560251236 -0.0958484560251236 -0.0958484560251236 -0.0958484560251236 -0.0958484560251236 -0.0958484560251236 -0.0958484560251236 -0.0958484560251236 -0.0958484560251236 -0.0958484560251236 -0.0958484560251236 -0.0958484560251236 -0.0958484560251236 -0.0958484560251236 -0.0958484560251236 -0.0958484560251236 -0.0958484560251236 -0.0958484560251236 -0.0958484560251236 -0.0958484560251236 -0.0958484560251236 -0.0958484560251236 -0.11695349216461182 -0.0958484560251236 -0.0958484560251236 -0.06503166258335114 -0.01744312047958374 -0.003064436838030815 -0.004268617369234562 -0.0026078352238982916 -0.0032423590309917927 -0.003440634813159704 -0.0025670339819043875 -0.002427223604172468 -0.0023635639809072018 -0.0020986662711948156 -0.0014561560237780213 -0.0014561560237780213 -0.0014561560237780213 -0.0011018209625035524 -0.0011018209625035524 -0.0009636748000048101 -0.00025940098566934466
-0.08015865832567215 -0.08015865832567215 -0.08015865832567215 -0.08015865832567215 -0.08015865832567215 -0.08015865832567215 -0.08015865832567215 -0.08015865832567215 -0.08015865832567215 -0.08015865832567215 -0.08015865832567215 -0.08015865832567215 -0.08015865832567215 -0.08015865832567215 -0.08015865832567215 -0.08015865832567215 -0.08015865832567215 -0.08015865832567215 -0.08015865832567215 -0.08015865832567215 -0.08015865832567215 -0.08015865832567215 -0.08015865832567215 -0.08015865832567215 -0.08015865832567215 -0.08015865832567215 -0.08015865832567215 -0.08015865832567215 -0.08015865832567215 -0.08015865832567215 -0.06503166258335114 -0.01744312047958374 -0.003064436838030815 -0.004268617369234562 -0.0026078352238982916 -0.0032423590309917927 -0.003440634813159704 -0.0025670339819043875 -0.002427223604172468 -0.0023635639809072018 -0.0020986662711948156 -0.0014561560237780213 -0.0014561560237780213 -0.0014561560237780213 -0.0011018209625035524 -0.0011018209625035524 -0.0009636748000048101 -0.00025940098566934466
-0.06708177924156189 -0.06708177924156189 -0.06708177924156189 -0.06708177924156189 -0.06708177924156189 -0.06708177924156189 -0.06708177924156189 -0.06708177924156189 -0.06708177924156189 -0.06708177924156189 -0.06708177924156189 -0.06708177924156189 -0.06708177924156189 -0.06708177924156189 -0.06708177924156189 -0.06708177924156189 -0.06708177924156189 -0.06708177924156189 -0.06708177924156189 -0.06708177924156189 -0.06708177924156189 -0.06708177924156189 -0.06708177924156189 -0.06708177924156189 -0.06708177924156189 -0.06708177924156189 -0.06708177924156189 -0.06708177924156189 -0.06708177924156189 -0.06708177924156189 -0.06503166258335114 -0.01744312047958374 -0.003064436838030815 -0.004268617369234562 -0.0026078352238982916 -0.0032423590309917927 -0.003440634813159704 -0.0025670339819043875 -0.002427223604172468 -0.0023635639809072018 -0.0020986662711948156 -0.0014561560237780213 -0.0014561560237780213 -0.0014561560237780213 -0.0011018209625035524 -0.0011018209625035524 -0.0009636748000048101 -0.00025940098566934466
-0.05907215550541878 -0.05907215550541878 -0.05907215550541878 -0.05907215550541878 -0.05907215550541878 -0.05907215550541878 -0.05907215550541878 -0.05907215550541878 -0.05907215550541878 -0.05907215550541878 -0.05907215550541878 -0.05907215550541878 -0.05907215550541878 -0.05907215550541878 -0.05907215550541878 -0.05907215550541878 -0.05907215550541878 -0.05907215550541878 -0.05907215550541878 -0.05907215550541878 -0.05907215550541878 -0.05907215550541878 -0.05907215550541878 -0.05907215550541878 -0.05907215550541878 -0.05907215550541878 -0.05907215550541878 -0.05907215550541878 -0.05907215550541878 -0.05907215550541878 -0.05907215550541878 -0.01744312047958374 -0.003064436838030815 -0.004268617369234562 -0.0026078352238982916 -0.0032423590309917927 -0.003440634813159704 -0.0025670339819043875 -0.002427223604172468 -0.0023635639809072018 -0.0020986662711948156 -0.0014561560237780213 -0.0014561560237780213 -0.0014561560237780213 -0.0011018209625035524 -0.0011018209625035524 -0.0009636748000048101 -0.00025940098566934466
-0.05889364331960678 -0.05889364331960678 -0.05889364331960678 -0.05889364331960678 -0.05889364331960678 -0.05889364331960678 -0.05889364331960678 -0.05889364331960678 -0.05889364331960678 -0.05889364331960678 -0.05889364331960678 -0.05889364331960678 -0.05889364331960678 -0.05889364331960678 -0.05889364331960678 -0.05889364331960678 -0.05889364331960678 -0.05889364331960678 -0.05889364331960678 -0.05889364331960678 -0.05889364331960678 -0.05889364331960678 -0.05889364331960678 -0.05889364331960678 -0.05889364331960678 -0.05889364331960678 -0.05889364331960678 -0.05889364331960678 -0.05889364331960678 -0.05889364331960678 -0.05889364331960678 -0.01744312047958374 -0.003064436838030815 -0.004268617369234562 -0.0026078352238982916 -0.0032423590309917927 -0.003440634813159704 -0.0025670339819043875 -0.002427223604172468 -0.0023635639809072018 -0.0020986662711948156 -0.0014561560237780213 -0.0014561560237780213 -0.0014561560237780213 -0.0011018209625035524 -0.0011018209625035524 -0.0009636748000048101 -0.00025940098566934466
-0.0581037737429142 -0.0581037737429142 -0.0581037737429142 -0.0581037737429142 -0.0581037737429142 -0.0581037737429142 -0.0581037737429142 -0.0581037737429142 -0.0581037737429142 -0.0581037737429142 -0.0581037737429142 -0.0581037737429142 -0.0581037737429142 -0.0581037737429142 -0.0581037737429142 -0.0581037737429142 -0.0581037737429142 -0.0581037737429142 -0.0581037737429142 -0.0581037737429142 -0.0581037737429142 -0.0581037737429142 -0.0581037737429142 -0.0581037737429142 -0.0581037737429142 -0.0581037737429142 -0.0581037737429142 -0.0581037737429142 -0.0581037737429142 -0.0581037737429142 -0.0581037737429142 -0.01744312047958374 -0.003064436838030815 -0.004268617369234562 -0.0026078352238982916 -0.0032423590309917927 -0.003440634813159704 -0.0025670339819043875 -0.002427223604172468 -0.0023635639809072018 -0.0020986662711948156 -0.0014561560237780213 -0.0014561560237780213 -0.0014561560237780213 -0.0011018209625035524 -0.0011018209625035524 -0.0009636748000048101 -0.00025940098566934466
-0.05561671033501625 -0.05561671033501625 -0.05561671033501625 -0.05561671033501625 -0.05561671033501625 -0.05561671033501625 -0.05561671033501625 -0.05561671033501625 -0.05561671033501625 -0.05561671033501625 -0.05561671033501625 -0.05561671033501625 -0.05561671033501625 -0.05561671033501625 -0.05561671033501625 -0.05561671033501625 -0.05561671033501625 -0.05561671033501625 -0.05561671033501625 -0.05561671033501625 -0.05561671033501625 -0.05561671033501625 -0.05561671033501625 -0.05561671033501625 -0.05561671033501625 -0.05561671033501625 -0.05561671033501625 -0.05561671033501625 -0.05561671033501625 -0.05561671033501625 -0.05561671033501625 -0.01744312047958374 -0.003064436838030815 -0.004268617369234562 -0.0026078352238982916 -0.0032423590309917927 -0.003440634813159704 -0.0025670339819043875 -0.002427223604172468 -0.0023635639809072018 -0.0020986662711948156 -0.0014561560237780213 -0.0014561560237780213 -0.0014561560237780213 -0.0011018209625035524 -0.0011018209625035524 -0.0009636748000048101 -0.00025940098566934466
-0.054185956716537476 -0.054185956716537476 -0.054185956716537476 -0.054185956716537476 -0.054185956716537476 -0.054185956716537476 -0.054185956716537476 -0.054185956716537476 -0.054185956716537476 -0.054185956716537476 -0.054185956716537476 -0.054185956716537476 -0.054185956716537476 -0.054185956716537476 -0.054185956716537476 -0.054185956716537476 -0.054185956716537476 -0.054185956716537476 -0.054185956716537476 -0.054185956716537476 -0.054185956716537476 -0.054185956716537476 -0.054185956716537476 -0.054185956716537476 -0.054185956716537476 -0.054185956716537476 -0.054185956716537476 -0.054185956716537476 -0.054185956716537476 -0.054185956716537476 -0.054185956716537476 -0.01744312047958374 -0.003064436838030815 -0.004268617369234562 -0.0026078352238982916 -0.0032423590309917927 -0.003440634813159704 -0.0025670339819043875 -0.002427223604172468 -0.0023635639809072018 -0.0020986662711948156 -0.0014561560237780213 -0.0014561560237780213 -0.0014561560237780213 -0.0011018209625035524 -0.0011018209625035524 -0.0009636748000048101 -0.00025940098566934466
-0.020690811797976494 -0.020690811797976494 -0.020690811797976494 -0.020690811797976494 -0.020690811797976494 -0.020690811797976494 -0.020690811797976494 -0.020690811797976494 -0.020690811797976494 -0.020690811797976494 -0.020690811797976494 -0.020690811797976494 -0.020690811797976494 -0.020690811797976494 -0.020690811797976494 -0.020690811797976494 -0.020690811797976494 -0.020690811797976494 -0.020690811797976494 -0.020690811797976494 -0.020690811797976494 -0.020690811797976494 -0.020690811797976494 -0.020690811797976494 -0.020690811797976494 -0.020690811797976494 -0.020690811797976494 -0.020690811797976494 -0.020690811797976494 -0.020690811797976494 -0.020690811797976494 -0.01744312047958374 -0.003064436838030815 -0.004268617369234562 -0.0026078352238982916 -0.0032423590309917927 -0.003440634813159704 -0.0025670339819043875 -0.002427223604172468 -0.0023635639809072018 -0.0020986662711948156 -0.0014561560237780213 -0.0014561560237780213 -0.0014561560237780213 -0.0011018209625035524 -0.0011018209625035524 -0.0009636748000048101 -0.00025940098566934466
-0.019370628520846367 -0.019370628520846367 -0.019370628520846367 -0.019370628520846367 -0.019370628520846367 -0.019370628520846367 -0.019370628520846367 -0.019370628520846367 -0.019370628520846367 -0.019370628520846367 -0.019370628520846367 -0.019370628520846367 -0.019370628520846367 -0.019370628520846367 -0.019370628520846367 -0.019370628520846367 -0.019370628520846367 -0.019370628520846367 -0.019370628520846367 -0.019370628520846367 -0.019370628520846367 -0.019370628520846367 -0.019370628520846367 -0.019370628520846367 -0.019370628520846367 -0.019370628520846367 -0.019370628520846367 -0.019370628520846367 -0.019370628520846367 -0.019370628520846367 -0.019370628520846367 -0.019370628520846367 -0.003064436838030815 -0.004268617369234562 -0.0026078352238982916 -0.0032423590309917927 -0.003440634813159704 -0.0025670339819043875 -0.002427223604172468 -0.0023635639809072018 -0.0020986662711948156 -0.0020996173843741417 -0.002099212259054184 -0.0015889059286564589 -0.0011018209625035524 -0.0011018209625035524 -0.0009636748000048101 -0.00025940098566934466
-0.01706777699291706 -0.01706777699291706 -0.01706777699291706 -0.01706777699291706 -0.01706777699291706 -0.01706777699291706 -0.01706777699291706 -0.01706777699291706 -0.01706777699291706 -0.01706777699291706 -0.01706777699291706 -0.01706777699291706 -0.01706777699291706 -0.01706777699291706 -0.01706777699291706 -0.01706777699291706 -0.01706777699291706 -0.01706777699291706 -0.01706777699291706 -0.01706777699291706 -0.01706777699291706 -0.01706777699291706 -0.01706777699291706 -0.01706777699291706 -0.01706777699291706 -0.01706777699291706 -0.01706777699291706 -0.01706777699291706 -0.01706777699291706 -0.01706777699291706 -0.01706777699291706 -0.01706777699291706 -0.003064436838030815 -0.004268617369234562 -0.0026078352238982916 -0.0032423590309917927 -0.003440634813159704 -0.0025670339819043875 -0.002427223604172468 -0.0023635639809072018 -0.0020986662711948156 -0.0014561560237780213 -0.0014561560237780213 -0.0014561560237780213 -0.0011018209625035524 -0.0011018209625035524 -0.0009636748000048101 -0.00025940098566934466
-0.010554410517215729 -0.010554410517215729 -0.010554410517215729 -0.010554410517215729 -0.010554410517215729 -0.010554410517215729 -0.010554410517215729 -0.010554410517215729 -0.010554410517215729 -0.010554410517215729 -0.010554410517215729 -0.010554410517215729 -0.010554410517215729 -0.010554410517215729 -0.010554410517215729 -0.010554410517215729 -0.010554410517215729 -0.010554410517215729 -0.010554410517215729 -0.010554410517215729 -0.010554410517215729 -0.010554410517215729 -0.010554410517215729 -0.010554410517215729 -0.010554410517215729 -0.010554410517215729 -0.010554410517215729 -0.010554410517215729 -0.010554410517215729 -0.010554410517215729 -0.010554410517215729 -0.010554410517215729 -0.0052572512067854404 -0.004268617369234562 -0.0026078352238982916 -0.0032423590309917927 -0.003440634813159704 -0.002694382332265377 -0.0024585872888565063 -0.0023659139405936003 -0.002277260646224022 -0.0015889059286564589 -0.0015889059286564589 -0.0015889059286564589 -0.0011018209625035524 -0.0011018209625035524 -0.0009636748000048101 -0.00025940098566934466
-0.007142449729144573 -0.007142449729144573 -0.007142449729144573 -0.007142449729144573 -0.007142449729144573 -0.007142449729144573 -0.007142449729144573 -0.007142449729144573 -0.007142449729144573 -0.007142449729144573 -0.007142449729144573 -0.007142449729144573 -0.007142449729144573 -0.007142449729144573 -0.007142449729144573 -0.007142449729144573 -0.007142449729144573 -0.007142449729144573 -0.007142449729144573 -0.007142449729144573 -0.007142449729144573 -0.007142449729144573 -0.007142449729144573 -0.007142449729144573 -0.007142449729144573 -0.007142449729144573 -0.007142449729144573 -0.007142449729144573 -0.007142449729144573 -0.007142449729144573 -0.007142449729144573 -0.007142449729144573 -0.003064436838030815 -0.004268617369234562 -0.0026078352238982916 -0.0032423590309917927 -0.003440634813159704 -0.0025670339819043875 -0.002427223604172468 -0.0023635639809072018 -0.0020986662711948156 -0.0014561560237780213 -0.0014561560237780213 -0.0014561560237780213 -0.0011018209625035524 -0.0011018209625035524 -0.0009636748000048101 -0.00025940098566934466
-0.005440166685730219 -0.005440166685730219 -0.005440166685730219 -0.005440166685730219 -0.005440166685730219 -0.005440166685730219 -0.005440166685730219 -0.005440166685730219 -0.005440166685730219 -0.005440166685730219 -0.005440166685730219 -0.005440166685730219 -0.005440166685730219 -0.005440166685730219 -0.005440166685730219 -0.005440166685730219 -0.005440166685730219 -0.005440166685730219 -0.005440166685730219 -0.005440166685730219 -0.005440166685730219 -0.005440166685730219 -0.005440166685730219 -0.005440166685730219 -0.005440166685730219 -0.005440166685730219 -0.005440166685730219 -0.005440166685730219 -0.005440166685730219 -0.005440166685730219 -0.005440166685730219 -0.005440166685730219 -0.003064436838030815 -0.004268617369234562 -0.004095420707017183 -0.0032423590309917927 -0.003440634813159704 -0.0025670339819043875 -0.002427223604172468 -0.0023635639809072018 -0.0020986662711948156 -0.0014561560237780213 -0.0014561560237780213 -0.0014561560237780213 -0.0011018209625035524 -0.0011018209625035524 -0.0009636748000048101 -0.00025940098566934466
-0.003998737782239914 -0.003998737782239914 -0.003998737782239914 -0.003998737782239914 -0.003998737782239914 -0.003998737782239914 -0.003998737782239914 -0.003998737782239914 -0.003998737782239914 -0.003998737782239914 -0.003998737782239914 -0.003998737782239914 -0.003998737782239914 -0.003998737782239914 -0.003998737782239914 -0.003998737782239914 -0.003998737782239914 -0.003998737782239914 -0.003998737782239914 -0.003998737782239914 -0.003998737782239914 -0.003998737782239914 -0.003998737782239914 -0.003998737782239914 -0.003998737782239914 -0.003998737782239914 -0.003998737782239914 -0.003998737782239914 -0.003998737782239914 -0.003998737782239914 -0.003998737782239914 -0.003998737782239914 -0.003064436838030815 -0.003998737782239914 -0.0026078352238982916 -0.003476206911727786 -0.0034637541975826025 -0.0025670339819043875 -0.002427223604172468 -0.0023635639809072018 -0.0020986662711948156 -0.0014561560237780213 -0.0014561560237780213 -0.0014561560237780213 -0.0011018209625035524 -0.0011018209625035524 -0.0009636748000048101 -0.00025940098566934466
-0.0021474992390722036 -0.0021474992390722036 -0.0021474992390722036 -0.0021474992390722036 -0.0021474992390722036 -0.0021474992390722036 -0.0021474992390722036 -0.0021474992390722036 -0.0021474992390722036 -0.0021474992390722036 -0.0021474992390722036 -0.0021474992390722036 -0.0021474992390722036 -0.0021474992390722036 -0.0021474992390722036 -0.0021474992390722036 -0.0021474992390722036 -0.0021474992390722036 -0.0021474992390722036 -0.0021474992390722036 -0.0021474992390722036 -0.0021474992390722036 -0.0021474992390722036 -0.0021474992390722036 -0.0021474992390722036 -0.0021474992390722036 -0.0021474992390722036 -0.0021474992390722036 -0.0021474992390722036 -0.0021474992390722036 -0.0021474992390722036 -0.0021474992390722036 -0.0021474992390722036 -0.0021474992390722036 -0.0021474992390722036 -0.0021474992390722036 -0.0021474992390722036 -0.0021474992390722036 -0.0021474992390722036 -0.0021474992390722036 -0.0021474992390722036 -0.0015889059286564589 -0.0015889059286564589 -0.0017466580029577017 -0.0011018209625035524 -0.0011018209625035524 -0.0009636748000048101 -0.00025940098566934466
-0.0013983335811644793 -0.0013983335811644793 -0.0013983335811644793 -0.0013983335811644793 -0.0013983335811644793 -0.0013983335811644793 -0.0013983335811644793 -0.0013983335811644793 -0.0013983335811644793 -0.0013983335811644793 -0.0013983335811644793 -0.0013983335811644793 -0.0013983335811644793 -0.0013983335811644793 -0.0013983335811644793 -0.0013983335811644793 -0.0013983335811644793 -0.0013983335811644793 -0.0013983335811644793 -0.0013983335811644793 -0.0013983335811644793 -0.0013983335811644793 -0.0013983335811644793 -0.0013983335811644793 -0.0013983335811644793 -0.0013983335811644793 -0.0013983335811644793 -0.0013983335811644793 -0.0013983335811644793 -0.0013983335811644793 -0.0013983335811644793 -0.0013983335811644793 -0.0013983335811644793 -0.0013983335811644793 -0.0013983335811644793 -0.0013983335811644793 -0.0013983335811644793 -0.0013983335811644793 -0.0013983335811644793 -0.0013983335811644793 -0.0013983335811644793 -0.0013983335811644793 -0.0013983335811644793 -0.0013983335811644793 -0.0011018209625035524 -0.0011018209625035524 -0.0009636748000048101 -0.00025940098566934466
-0.001360844587907195 -0.001360844587907195 -0.001360844587907195 -0.001360844587907195 -0.001360844587907195 -0.001360844587907195 -0.001360844587907195 -0.001360844587907195 -0.001360844587907195 -0.001360844587907195 -0.001360844587907195 -0.001360844587907195 -0.001360844587907195 -0.001360844587907195 -0.001360844587907195 -0.001360844587907195 -0.001360844587907195 -0.001360844587907195 -0.001360844587907195 -0.001360844587907195 -0.001360844587907195 -0.001360844587907195 -0.001360844587907195 -0.001360844587907195 -0.001360844587907195 -0.001360844587907195 -0.001360844587907195 -0.001360844587907195 -0.001360844587907195 -0.001360844587907195 -0.001360844587907195 -0.001360844587907195 -0.001360844587907195 -0.001360844587907195 -0.001360844587907195 -0.001360844587907195 -0.001360844587907195 -0.001360844587907195 -0.001360844587907195 -0.001360844587907195 -0.001360844587907195 -0.001360844587907195 -0.001360844587907195 -0.001360844587907195 -0.0011018209625035524 -0.0011018209625035524 -0.0009636748000048101 -0.00025940098566934466
-0.0013595217606052756 -0.0013595217606052756 -0.0013595217606052756 -0.0013595217606052756 -0.0013595217606052756 -0.0013595217606052756 -0.0013595217606052756 -0.0013595217606052756 -0.0013595217606052756 -0.0013595217606052756 -0.0013595217606052756 -0.0013595217606052756 -0.0013595217606052756 -0.0013595217606052756 -0.0013595217606052756 -0.0013595217606052756 -0.0013595217606052756 -0.0013595217606052756 -0.0013595217606052756 -0.0013595217606052756 -0.0013595217606052756 -0.0013595217606052756 -0.0013595217606052756 -0.0013595217606052756 -0.0013595217606052756 -0.0013595217606052756 -0.0013595217606052756 -0.0013595217606052756 -0.0013595217606052756 -0.0013595217606052756 -0.0013595217606052756 -0.0013595217606052756 -0.0013595217606052756 -0.0013595217606052756 -0.0013595217606052756 -0.0013595217606052756 -0.0013595217606052756 -0.0013595217606052756 -0.0013595217606052756 -0.0013595217606052756 -0.0013595217606052756 -0.0013595217606052756 -0.0013595217606052756 -0.0013595217606052756 -0.0011018209625035524 -0.0011018209625035524 -0.0009636748000048101 -0.00025940098566934466