-0.41605517268180847 -0.41605517268180847 -0.41605517268180847 -0.41605517268180847 -0.41605517268180847 -0.41605517268180847 -0.1778102070093155 -0.41605517268180847 -0.19353912770748138 -0.1778102070093155 -0.1778102070093155 -0.19353912770748138 -0.19353912770748138 -0.19422070682048798 -0.19422070682048798 -0.19422070682048798 -0.19422070682048798 -0.1778102070093155 -0.1778102070093155 -0.14266444742679596 -0.14056967198848724 -0.10900036990642548 -0.035541098564863205 -0.02736268937587738 -0.02235371433198452 -0.017530076205730438 -0.017530076205730438 -0.004611325450241566 -0.010385345667600632 -0.005099428351968527 -0.0038409049157053232 -0.004362544044852257 -0.0037704743444919586 -0.0031596627086400986 -0.0027066206093877554 -0.0020830328576266766 -0.0013653947971761227 -0.0013042058562859893 -0.0011908754240721464
-0.7090579867362976 -0.5346801280975342 -0.5048165917396545 -0.4804876744747162 -0.4804876744747162 -0.4812100827693939 -0.1778102070093155 -0.41605517268180847 -0.19353912770748138 -0.1778102070093155 -0.1778102070093155 -0.19353912770748138 -0.19353912770748138 -0.19422070682048798 -0.19422070682048798 -0.19422070682048798 -0.19422070682048798 -0.1778102070093155 -0.1778102070093155 -0.14266444742679596 -0.14056967198848724 -0.10900036990642548 -0.035541098564863205 -0.02736268937587738 -0.02235371433198452 -0.017530076205730438 -0.017530076205730438 -0.004611325450241566 -0.010385345667600632 -0.005099428351968527 -0.0038409049157053232 -0.004362544044852257 -0.0037704743444919586 -0.0031596627086400986 -0.0027066206093877554 -0.0020830328576266766 -0.0013653947971761227 -0.0013042058562859893 -0.0011908754240721464
-0.4804876744747162 -0.4804876744747162 -0.4804876744747162 -0.4804876744747162 -0.4804876744747162 -0.4804876744747162 -0.1778102070093155 -0.41605517268180847 -0.19353912770748138 -0.1778102070093155 -0.1778102070093155 -0.19353912770748138 -0.19353912770748138 -0.19422070682048798 -0.19422070682048798 -0.19422070682048798 -0.19422070682048798 -0.1778102070093155 -0.1778102070093155 -0.14266444742679596 -0.14056967198848724 -0.10900036990642548 -0.035541098564863205 -0.02736268937587738 -0.02235371433198452 -0.017530076205730438 -0.017530076205730438 -0.004611325450241566 -0.010385345667600632 -0.005099428351968527 -0.0038409049157053232 -0.004362544044852257 -0.0037704743444919586 -0.0031596627086400986 -0.0027066206093877554 -0.0020830328576266766 -0.0013653947971761227 -0.0013042058562859893 -0.0011908754240721464
-0.41605517268180847 -0.41605517268180847 -0.41605517268180847 -0.41605517268180847 -0.41605517268180847 -0.41605517268180847 -0.1778102070093155 -0.41605517268180847 -0.19353912770748138 -0.1778102070093155 -0.1778102070093155 -0.19353912770748138 -0.19353912770748138 -0.19422070682048798 -0.19422070682048798 -0.19422070682048798 -0.19422070682048798 -0.1778102070093155 -0.1778102070093155 -0.14266444742679596 -0.14056967198848724 -0.10900036990642548 -0.035541098564863205 -0.02736268937587738 -0.02235371433198452 -0.017530076205730438 -0.017530076205730438 -0.004611325450241566 -0.010385345667600632 -0.005099428351968527 -0.0038409049157053232 -0.004362544044852257 -0.0037704743444919586 -0.0031596627086400986 -0.0027066206093877554 -0.0020830328576266766 -0.0013653947971761227 -0.0013042058562859893 -0.0011908754240721464
-0.41605517268180847 -0.41605517268180847 -0.41605517268180847 -0.41605517268180847 -0.41605517268180847 -0.41605517268180847 -0.1778102070093155 -0.41605517268180847 -0.19353912770748138 -0.1778102070093155 -0.1778102070093155 -0.19353912770748138 -0.19353912770748138 -0.19422070682048798 -0.19422070682048798 -0.19422070682048798 -0.19422070682048798 -0.1778102070093155 -0.1778102070093155 -0.14266444742679596 -0.14056967198848724 -0.10900036990642548 -0.035541098564863205 -0.02736268937587738 -0.02235371433198452 -0.017530076205730438 -0.017530076205730438 -0.004611325450241566 -0.010385345667600632 -0.005099428351968527 -0.0038409049157053232 -0.004362544044852257 -0.0037704743444919586 -0.0031596627086400986 -0.0027066206093877554 -0.0020830328576266766 -0.0013653947971761227 -0.0013042058562859893 -0.0011908754240721464
-0.1778102070093155 -0.1778102070093155 -0.1778102070093155 -0.1778102070093155 -0.1778102070093155 -0.1778102070093155 -0.1889672577381134 -0.1778102070093155 -0.1778102070093155 -0.1889672577381134 -0.1889672577381134 -0.1778102070093155 -0.1778102070093155 -0.1778102070093155 -0.1778102070093155 -0.1778102070093155 -0.1778102070093155 -0.1889672577381134 -0.1889672577381134 -0.14266444742679596 -0.14056967198848724 -0.10900036990642548 -0.035541098564863205 -0.02736268937587738 -0.02235371433198452 -0.017530076205730438 -0.017530076205730438 -0.004611325450241566 -0.010385345667600632 -0.005099428351968527 -0.0038409049157053232 -0.004362544044852257 -0.0037704743444919586 -0.0031596627086400986 -0.0027066206093877554 -0.0020830328576266766 -0.0013653947971761227 -0.0013042058562859893 -0.0011908754240721464
-0.1778102070093155 -0.1778102070093155 -0.1778102070093155 -0.1778102070093155 -0.1778102070093155 -0.1778102070093155 -0.4498273432254791 -0.1778102070093155 -0.1778102070093155 -0.23167838156223297 -0.2930620312690735 -0.1778102070093155 -0.1778102070093155 -0.1778102070093155 -0.1778102070093155 -0.1778102070093155 -0.1778102070093155 -0.1889672577381134 -0.18906523287296295 -0.14266444742679596 -0.14056967198848724 -0.10900036990642548 -0.035541098564863205 -0.02736268937587738 -0.02235371433198452 -0.017530076205730438 -0.017530076205730438 -0.004611325450241566 -0.010385345667600632 -0.005099428351968527 -0.0038409049157053232 -0.004362544044852257 -0.0037704743444919586 -0.0031596627086400986 -0.0027066206093877554 -0.0020830328576266766 -0.0013653947971761227 -0.0013042058562859893 -0.0011908754240721464
-0.14266444742679596 -0.14266444742679596 -0.14266444742679596 -0.14266444742679596 -0.14266444742679596 -0.14266444742679596 -0.14266444742679596 -0.14266444742679596 -0.14266444742679596 -0.14266444742679596 -0.14266444742679596 -0.14266444742679596 -0.14266444742679596 -0.14266444742679596 -0.14266444742679596 -0.14266444742679596 -0.14266444742679596 -0.14266444742679596 -0.14266444742679596 -0.14266444742679596 -0.14056967198848724 -0.10900036990642548 -0.035541098564863205 -0.02736268937587738 -0.02235371433198452 -0.017530076205730438 -0.017530076205730438 -0.004611325450241566 -0.010385345667600632 -0.005099428351968527 -0.0038409049157053232 -0.004362544044852257 -0.0037704743444919586 -0.0031596627086400986 -0.0027066206093877554 -0.0020830328576266766 -0.0013653947971761227 -0.0013042058562859893 -0.0011908754240721464
-0.19353912770748138 -0.19353912770748138 -0.19353912770748138 -0.19353912770748138 -0.19353912770748138 -0.19353912770748138 -0.1778102070093155 -0.19353912770748138 -0.30277109146118164 -0.1778102070093155 -0.1778102070093155 -0.30277109146118164 -0.25229334831237793 -0.19353912770748138 -0.19353912770748138 -0.19353912770748138 -0.19353912770748138 -0.1778102070093155 -0.1778102070093155 -0.14266444742679596 -0.14056967198848724 -0.10900036990642548 -0.035541098564863205 -0.02736268937587738 -0.02235371433198452 -0.017530076205730438 -0.017530076205730438 -0.004611325450241566 -0.010385345667600632 -0.005099428351968527 -0.0038409049157053232 -0.004362544044852257 -0.0037704743444919586 -0.0031596627086400986 -0.0027066206093877554 -0.0020830328576266766 -0.0013653947971761227 -0.0013042058562859893 -0.0011908754240721464
-0.19353912770748138 -0.19353912770748138 -0.19353912770748138 -0.19353912770748138 -0.19353912770748138 -0.19353912770748138 -0.1778102070093155 -0.19353912770748138 -0.30277109146118164 -0.1778102070093155 -0.1778102070093155 -0.30277109146118164 -0.25229334831237793 -0.19353912770748138 -0.19353912770748138 -0.19353912770748138 -0.19353912770748138 -0.1778102070093155 -0.1778102070093155 -0.14266444742679596 -0.14056967198848724 -0.10900036990642548 -0.035541098564863205 -0.02736268937587738 -0.02235371433198452 -0.017530076205730438 -0.017530076205730438 -0.004611325450241566 -0.010385345667600632 -0.005099428351968527 -0.0038409049157053232 -0.004362544044852257 -0.0037704743444919586 -0.0031596627086400986 -0.0027066206093877554 -0.0020830328576266766 -0.0013653947971761227 -0.0013042058562859893 -0.0011908754240721464
-0.1778102070093155 -0.1778102070093155 -0.1778102070093155 -0.1778102070093155 -0.1778102070093155 -0.1778102070093155 -0.23167838156223297 -0.1778102070093155 -0.1778102070093155 -0.3216857314109802 -0.23167838156223297 -0.1778102070093155 -0.1778102070093155 -0.1778102070093155 -0.1778102070093155 -0.1778102070093155 -0.1778102070093155 -0.1889672577381134 -0.18906523287296295 -0.14266444742679596 -0.14056967198848724 -0.10900036990642548 -0.035541098564863205 -0.02736268937587738 -0.02235371433198452 -0.017530076205730438 -0.017530076205730438 -0.004611325450241566 -0.010385345667600632 -0.005099428351968527 -0.0038409049157053232 -0.004362544044852257 -0.0037704743444919586 -0.0031596627086400986 -0.0027066206093877554 -0.0020830328576266766 -0.0013653947971761227 -0.0013042058562859893 -0.0011908754240721464
-0.19353912770748138 -0.19353912770748138 -0.19353912770748138 -0.19353912770748138 -0.19353912770748138 -0.19353912770748138 -0.1778102070093155 -0.19353912770748138 -0.30277109146118164 -0.1778102070093155 -0.1778102070093155 -0.30277109146118164 -0.25229334831237793 -0.19353912770748138 -0.19353912770748138 -0.19353912770748138 -0.19353912770748138 -0.1778102070093155 -0.1778102070093155 -0.14266444742679596 -0.14056967198848724 -0.10900036990642548 -0.035541098564863205 -0.02736268937587738 -0.02235371433198452 -0.017530076205730438 -0.017530076205730438 -0.004611325450241566 -0.010385345667600632 -0.005099428351968527 -0.0038409049157053232 -0.004362544044852257 -0.0037704743444919586 -0.0031596627086400986 -0.0027066206093877554 -0.0020830328576266766 -0.0013653947971761227 -0.0013042058562859893 -0.0011908754240721464
-0.1778102070093155 -0.1778102070093155 -0.1778102070093155 -0.1778102070093155 -0.1778102070093155 -0.1778102070093155 -0.23167838156223297 -0.1778102070093155 -0.1778102070093155 -0.3216857314109802 -0.23167838156223297 -0.1778102070093155 -0.1778102070093155 -0.1778102070093155 -0.1778102070093155 -0.1778102070093155 -0.1778102070093155 -0.1889672577381134 -0.18906523287296295 -0.14266444742679596 -0.14056967198848724 -0.10900036990642548 -0.035541098564863205 -0.02736268937587738 -0.02235371433198452 -0.017530076205730438 -0.017530076205730438 -0.004611325450241566 -0.010385345667600632 -0.005099428351968527 -0.0038409049157053232 -0.004362544044852257 -0.0037704743444919586 -0.0031596627086400986 -0.0027066206093877554 -0.0020830328576266766 -0.0013653947971761227 -0.0013042058562859893 -0.0011908754240721464
-0.1778102070093155 -0.1778102070093155 -0.1778102070093155 -0.1778102070093155 -0.1778102070093155 -0.1778102070093155 -0.23167838156223297 -0.1778102070093155 -0.1778102070093155 -0.23167838156223297 -0.23167838156223297 -0.1778102070093155 -0.1778102070093155 -0.1778102070093155 -0.1778102070093155 -0.1778102070093155 -0.1778102070093155 -0.1889672577381134 -0.18906523287296295 -0.14266444742679596 -0.14056967198848724 -0.10900036990642548 -0.035541098564863205 -0.02736268937587738 -0.02235371433198452 -0.017530076205730438 -0.017530076205730438 -0.004611325450241566 -0.010385345667600632 -0.005099428351968527 -0.0038409049157053232 -0.004362544044852257 -0.0037704743444919586 -0.0031596627086400986 -0.0027066206093877554 -0.0020830328576266766 -0.0013653947971761227 -0.0013042058562859893 -0.0011908754240721464
-0.1778102070093155 -0.1778102070093155 -0.1778102070093155 -0.1778102070093155 -0.1778102070093155 -0.1778102070093155 -0.23167838156223297 -0.1778102070093155 -0.1778102070093155 -0.23167838156223297 -0.23167838156223297 -0.1778102070093155 -0.1778102070093155 -0.1778102070093155 -0.1778102070093155 -0.1778102070093155 -0.1778102070093155 -0.1889672577381134 -0.18906523287296295 -0.14266444742679596 -0.14056967198848724 -0.10900036990642548 -0.035541098564863205 -0.02736268937587738 -0.02235371433198452 -0.017530076205730438 -0.017530076205730438 -0.004611325450241566 -0.010385345667600632 -0.005099428351968527 -0.0038409049157053232 -0.004362544044852257 -0.0037704743444919586 -0.0031596627086400986 -0.0027066206093877554 -0.0020830328576266766 -0.0013653947971761227 -0.0013042058562859893 -0.0011908754240721464
-0.19353912770748138 -0.19353912770748138 -0.19353912770748138 -0.19353912770748138 -0.19353912770748138 -0.19353912770748138 -0.1778102070093155 -0.19353912770748138 -0.25229334831237793 -0.1778102070093155 -0.1778102070093155 -0.25229334831237793 -0.25229334831237793 -0.19353912770748138 -0.19353912770748138 -0.19353912770748138 -0.19353912770748138 -0.1778102070093155 -0.1778102070093155 -0.14266444742679596 -0.14056967198848724 -0.10900036990642548 -0.035541098564863205 -0.02736268937587738 -0.02235371433198452 -0.017530076205730438 -0.017530076205730438 -0.004611325450241566 -0.010385345667600632 -0.005099428351968527 -0.0038409049157053232 -0.004362544044852257 -0.0037704743444919586 -0.0031596627086400986 -0.0027066206093877554 -0.0020830328576266766 -0.0013653947971761227 -0.0013042058562859893 -0.0011908754240721464
-0.19353912770748138 -0.19353912770748138 -0.19353912770748138 -0.19353912770748138 -0.19353912770748138 -0.19353912770748138 -0.1778102070093155 -0.19353912770748138 -0.25229334831237793 -0.1778102070093155 -0.1778102070093155 -0.25229334831237793 -0.25229334831237793 -0.19353912770748138 -0.19353912770748138 -0.19353912770748138 -0.19353912770748138 -0.1778102070093155 -0.1778102070093155 -0.14266444742679596 -0.14056967198848724 -0.10900036990642548 -0.035541098564863205 -0.02736268937587738 -0.02235371433198452 -0.017530076205730438 -0.017530076205730438 -0.004611325450241566 -0.010385345667600632 -0.005099428351968527 -0.0038409049157053232 -0.004362544044852257 -0.0037704743444919586 -0.0031596627086400986 -0.0027066206093877554 -0.0020830328576266766 -0.0013653947971761227 -0.0013042058562859893 -0.0011908754240721464
-0.1778102070093155 -0.1778102070093155 -0.1778102070093155 -0.1778102070093155 -0.1778102070093155 -0.1778102070093155 -0.1778102070093155 -0.1778102070093155 -0.1778102070093155 -0.1778102070093155 -0.1778102070093155 -0.1778102070093155 -0.1778102070093155 -0.1778102070093155 -0.1778102070093155 -0.1778102070093155 -0.1778102070093155 -0.1778102070093155 -0.1778102070093155 -0.14266444742679596 -0.14056967198848724 -0.10900036990642548 -0.035541098564863205 -0.02736268937587738 -0.02235371433198452 -0.017530076205730438 -0.017530076205730438 -0.004611325450241566 -0.010385345667600632 -0.005099428351968527 -0.0038409049157053232 -0.004362544044852257 -0.0037704743444919586 -0.0031596627086400986 -0.0027066206093877554 -0.0020830328576266766 -0.0013653947971761227 -0.0013042058562859893 -0.0011908754240721464
-0.10900036990642548 -0.10900036990642548 -0.10900036990642548 -0.10900036990642548 -0.10900036990642548 -0.10900036990642548 -0.10900036990642548 -0.10900036990642548 -0.10900036990642548 -0.10900036990642548 -0.10900036990642548 -0.10900036990642548 -0.10900036990642548 -0.10900036990642548 -0.10900036990642548 -0.10900036990642548 -0.10900036990642548 -0.10900036990642548 -0.10900036990642548 -0.10900036990642548 -0.10900036990642548 -0.10900036990642548 -0.035541098564863205 -0.02736268937587738 -0.02235371433198452 -0.017530076205730438 -0.017530076205730438 -0.004611325450241566 -0.010385345667600632 -0.005099428351968527 -0.0038409049157053232 -0.004362544044852257 -0.0037704743444919586 -0.0031596627086400986 -0.0027066206093877554 -0.0020830328576266766 -0.0013653947971761227 -0.0013042058562859893 -0.0011908754240721464
-0.10900036990642548 -0.10900036990642548 -0.10900036990642548 -0.10900036990642548 -0.10900036990642548 -0.10900036990642548 -0.10900036990642548 -0.10900036990642548 -0.10900036990642548 -0.10900036990642548 -0.10900036990642548 -0.10900036990642548 -0.10900036990642548 -0.10900036990642548 -0.10900036990642548 -0.10900036990642548 -0.10900036990642548 -0.10900036990642548 -0.10900036990642548 -0.10900036990642548 -0.10900036990642548 -0.10900036990642548 -0.035541098564863205 -0.02736268937587738 -0.02235371433198452 -0.017530076205730438 -0.017530076205730438 -0.004611325450241566 -0.010385345667600632 -0.005099428351968527 -0.0038409049157053232 -0.004362544044852257 -0.0037704743444919586 -0.0031596627086400986 -0.0027066206093877554 -0.0020830328576266766 -0.0013653947971761227 -0.0013042058562859893 -0.0011908754240721464
-0.10900036990642548 -0.10900036990642548 -0.10900036990642548 -0.10900036990642548 -0.10900036990642548 -0.10900036990642548 -0.10900036990642548 -0.10900036990642548 -0.10900036990642548 -0.10900036990642548 -0.10900036990642548 -0.10900036990642548 -0.10900036990642548 -0.10900036990642548 -0.10900036990642548 -0.10900036990642548 -0.10900036990642548 -0.10900036990642548 -0.10900036990642548 -0.10900036990642548 -0.10900036990642548 -0.10900036990642548 -0.035541098564863205 -0.02736268937587738 -0.02235371433198452 -0.017530076205730438 -0.017530076205730438 -0.004611325450241566 -0.010385345667600632 -0.005099428351968527 -0.0038409049157053232 -0.004362544044852257 -0.0037704743444919586 -0.0031596627086400986 -0.0027066206093877554 -0.0020830328576266766 -0.0013653947971761227 -0.0013042058562859893 -0.0011908754240721464
-0.19422070682048798 -0.19422070682048798 -0.19422070682048798 -0.19422070682048798 -0.19422070682048798 -0.19422070682048798 -0.1778102070093155 -0.19422070682048798 -0.19353912770748138 -0.1778102070093155 -0.1778102070093155 -0.19353912770748138 -0.19353912770748138 -0.22389622032642365 -0.23248109221458435 -0.23248109221458435 -0.24898019433021545 -0.1778102070093155 -0.1778102070093155 -0.14266444742679596 -0.14056967198848724 -0.10900036990642548 -0.035541098564863205 -0.02736268937587738 -0.02235371433198452 -0.017530076205730438 -0.017530076205730438 -0.004611325450241566 -0.010385345667600632 -0.005099428351968527 -0.0038409049157053232 -0.004362544044852257 -0.0037704743444919586 -0.0031596627086400986 -0.0027066206093877554 -0.0020830328576266766 -0.0013653947971761227 -0.0013042058562859893 -0.0011908754240721464
-0.19422070682048798 -0.19422070682048798 -0.19422070682048798 -0.19422070682048798 -0.19422070682048798 -0.19422070682048798 -0.1778102070093155 -0.19422070682048798 -0.19353912770748138 -0.1778102070093155 -0.1778102070093155 -0.19353912770748138 -0.19353912770748138 -0.22389622032642365 -0.25268423557281494 -0.2505480647087097 -0.23248109221458435 -0.1778102070093155 -0.1778102070093155 -0.14266444742679596 -0.14056967198848724 -0.10900036990642548 -0.035541098564863205 -0.02736268937587738 -0.02235371433198452 -0.017530076205730438 -0.017530076205730438 -0.004611325450241566 -0.010385345667600632 -0.005099428351968527 -0.0038409049157053232 -0.004362544044852257 -0.0037704743444919586 -0.0031596627086400986 -0.0027066206093877554 -0.0020830328576266766 -0.0013653947971761227 -0.0013042058562859893 -0.0011908754240721464
-0.10900036990642548 -0.10900036990642548 -0.10900036990642548 -0.10900036990642548 -0.10900036990642548 -0.10900036990642548 -0.10900036990642548 -0.10900036990642548 -0.10900036990642548 -0.10900036990642548 -0.10900036990642548 -0.10900036990642548 -0.10900036990642548 -0.10900036990642548 -0.10900036990642548 -0.10900036990642548 -0.10900036990642548 -0.10900036990642548 -0.10900036990642548 -0.10900036990642548 -0.10900036990642548 -0.11578278243541718 -0.035541098564863205 -0.02736268937587738 -0.02235371433198452 -0.017530076205730438 -0.017530076205730438 -0.004611325450241566 -0.010385345667600632 -0.005099428351968527 -0.0038409049157053232 -0.004362544044852257 -0.0037704743444919586 -0.0031596627086400986 -0.0027066206093877554 -0.0020830328576266766 -0.0013653947971761227 -0.0013042058562859893 -0.0011908754240721464
-0.19422070682048798 -0.19422070682048798 -0.19422070682048798 -0.19422070682048798 -0.19422070682048798 -0.19422070682048798 -0.1778102070093155 -0.19422070682048798 -0.19353912770748138 -0.1778102070093155 -0.1778102070093155 -0.19353912770748138 -0.19353912770748138 -0.22389622032642365 -0.2505480647087097 -0.251110702753067 -0.23248109221458435 -0.1778102070093155 -0.1778102070093155 -0.14266444742679596 -0.14056967198848724 -0.10900036990642548 -0.035541098564863205 -0.02736268937587738 -0.02235371433198452 -0.017530076205730438 -0.017530076205730438 -0.004611325450241566 -0.010385345667600632 -0.005099428351968527 -0.0038409049157053232 -0.004362544044852257 -0.0037704743444919586 -0.0031596627086400986 -0.0027066206093877554 -0.0020830328576266766 -0.0013653947971761227 -0.0013042058562859893 -0.0011908754240721464
-0.1778102070093155 -0.1778102070093155 -0.1778102070093155 -0.1778102070093155 -0.1778102070093155 -0.1778102070093155 -0.1778102070093155 -0.1778102070093155 -0.1778102070093155 -0.1778102070093155 -0.1778102070093155 -0.1778102070093155 -0.1778102070093155 -0.1778102070093155 -0.1778102070093155 -0.1778102070093155 -0.1778102070093155 -0.1778102070093155 -0.1778102070093155 -0.14266444742679596 -0.14056967198848724 -0.10900036990642548 -0.035541098564863205 -0.02736268937587738 -0.02235371433198452 -0.017530076205730438 -0.017530076205730438 -0.004611325450241566 -0.010385345667600632 -0.005099428351968527 -0.0038409049157053232 -0.004362544044852257 -0.0037704743444919586 -0.0031596627086400986 -0.0027066206093877554 -0.0020830328576266766 -0.0013653947971761227 -0.0013042058562859893 -0.0011908754240721464
-0.19422070682048798 -0.19422070682048798 -0.19422070682048798 -0.19422070682048798 -0.19422070682048798 -0.19422070682048798 -0.1778102070093155 -0.19422070682048798 -0.19353912770748138 -0.1778102070093155 -0.1778102070093155 -0.19353912770748138 -0.19353912770748138 -0.25279858708381653 -0.22389622032642365 -0.22389622032642365 -0.22389622032642365 -0.1778102070093155 -0.1778102070093155 -0.14266444742679596 -0.14056967198848724 -0.10900036990642548 -0.035541098564863205 -0.02736268937587738 -0.02235371433198452 -0.017530076205730438 -0.017530076205730438 -0.004611325450241566 -0.010385345667600632 -0.005099428351968527 -0.0038409049157053232 -0.004362544044852257 -0.0037704743444919586 -0.0031596627086400986 -0.0027066206093877554 -0.0020830328576266766 -0.0013653947971761227 -0.0013042058562859893 -0.0011908754240721464
-0.25013619661331177 -0.25013619661331177 -0.25013619661331177 -0.25013619661331177 -0.25013619661331177 -0.25013619661331177 -0.1778102070093155 -0.25013619661331177 -0.19353912770748138 -0.1778102070093155 -0.1778102070093155 -0.19353912770748138 -0.19353912770748138 -0.19422070682048798 -0.19422070682048798 -0.19422070682048798 -0.19422070682048798 -0.1778102070093155 -0.1778102070093155 -0.14266444742679596 -0.14056967198848724 -0.10900036990642548 -0.035541098564863205 -0.02736268937587738 -0.02235371433198452 -0.017530076205730438 -0.017530076205730438 -0.004611325450241566 -0.010385345667600632 -0.005099428351968527 -0.0038409049157053232 -0.004362544044852257 -0.0037704743444919586 -0.0031596627086400986 -0.0027066206093877554 -0.0020830328576266766 -0.0013653947971761227 -0.0013042058562859893 -0.0011908754240721464
-0.1778102070093155 -0.1778102070093155 -0.1778102070093155 -0.1778102070093155 -0.1778102070093155 -0.1778102070093155 -0.1778102070093155 -0.1778102070093155 -0.1778102070093155 -0.1778102070093155 -0.1778102070093155 -0.1778102070093155 -0.1778102070093155 -0.1778102070093155 -0.1778102070093155 -0.1778102070093155 -0.1778102070093155 -0.1778102070093155 -0.1778102070093155 -0.14266444742679596 -0.14056967198848724 -0.10900036990642548 -0.035541098564863205 -0.02736268937587738 -0.02235371433198452 -0.017530076205730438 -0.017530076205730438 -0.004611325450241566 -0.010385345667600632 -0.005099428351968527 -0.0038409049157053232 -0.004362544044852257 -0.0037704743444919586 -0.0031596627086400986 -0.0027066206093877554 -0.0020830328576266766 -0.0013653947971761227 -0.0013042058562859893 -0.0011908754240721464
-0.1778102070093155 -0.1778102070093155 -0.1778102070093155 -0.1778102070093155 -0.1778102070093155 -0.1778102070093155 -0.21032585203647614 -0.1778102070093155 -0.1778102070093155 -0.21032585203647614 -0.21032585203647614 -0.1778102070093155 -0.1778102070093155 -0.1778102070093155 -0.1778102070093155 -0.1778102070093155 -0.1778102070093155 -0.1889672577381134 -0.18906523287296295 -0.14266444742679596 -0.14056967198848724 -0.10900036990642548 -0.035541098564863205 -0.02736268937587738 -0.02235371433198452 -0.017530076205730438 -0.017530076205730438 -0.004611325450241566 -0.010385345667600632 -0.005099428351968527 -0.0038409049157053232 -0.004362544044852257 -0.0037704743444919586 -0.0031596627086400986 -0.0027066206093877554 -0.0020830328576266766 -0.0013653947971761227 -0.0013042058562859893 -0.0011908754240721464
-0.1778102070093155 -0.1778102070093155 -0.1778102070093155 -0.1778102070093155 -0.1778102070093155 -0.1778102070093155 -0.1889672577381134 -0.1778102070093155 -0.1778102070093155 -0.1889672577381134 -0.1889672577381134 -0.1778102070093155 -0.1778102070093155 -0.1778102070093155 -0.1778102070093155 -0.1778102070093155 -0.1778102070093155 -0.20325231552124023 -0.1889672577381134 -0.14266444742679596 -0.14056967198848724 -0.10900036990642548 -0.035541098564863205 -0.02736268937587738 -0.02235371433198452 -0.017530076205730438 -0.017530076205730438 -0.004611325450241566 -0.010385345667600632 -0.005099428351968527 -0.0038409049157053232 -0.004362544044852257 -0.0037704743444919586 -0.0031596627086400986 -0.0027066206093877554 -0.0020830328576266766 -0.0013653947971761227 -0.0013042058562859893 -0.0011908754240721464
-0.02235371433198452 -0.02235371433198452 -0.02235371433198452 -0.02235371433198452 -0.02235371433198452 -0.02235371433198452 -0.02235371433198452 -0.02235371433198452 -0.02235371433198452 -0.02235371433198452 -0.02235371433198452 -0.02235371433198452 -0.02235371433198452 -0.02235371433198452 -0.02235371433198452 -0.02235371433198452 -0.02235371433198452 -0.02235371433198452 -0.02235371433198452 -0.02235371433198452 -0.02235371433198452 -0.02235371433198452 -0.02235371433198452 -0.02235371433198452 -0.02235371433198452 -0.017530076205730438 -0.017530076205730438 -0.004611325450241566 -0.010385345667600632 -0.005099428351968527 -0.0038409049157053232 -0.004362544044852257 -0.0037704743444919586 -0.0031596627086400986 -0.0027066206093877554 -0.0020830328576266766 -0.0013653947971761227 -0.0013042058562859893 -0.0011908754240721464
-0.16096055507659912 -0.16096055507659912 -0.16096055507659912 -0.16096055507659912 -0.16096055507659912 -0.16096055507659912 -0.16096055507659912 -0.16096055507659912 -0.16096055507659912 -0.16096055507659912 -0.16096055507659912 -0.16096055507659912 -0.16096055507659912 -0.16096055507659912 -0.16096055507659912 -0.16096055507659912 -0.16096055507659912 -0.16096055507659912 -0.16096055507659912 -0.14266444742679596 -0.14056967198848724 -0.10900036990642548 -0.035541098564863205 -0.02736268937587738 -0.02235371433198452 -0.017530076205730438 -0.017530076205730438 -0.004611325450241566 -0.010385345667600632 -0.005099428351968527 -0.0038409049157053232 -0.004362544044852257 -0.0037704743444919586 -0.0031596627086400986 -0.0027066206093877554 -0.0020830328576266766 -0.0013653947971761227 -0.0013042058562859893 -0.0011908754240721464
-0.14614719152450562 -0.14614719152450562 -0.14614719152450562 -0.14614719152450562 -0.14614719152450562 -0.14614719152450562 -0.14614719152450562 -0.14614719152450562 -0.14614719152450562 -0.14614719152450562 -0.14614719152450562 -0.14614719152450562 -0.14614719152450562 -0.14614719152450562 -0.14614719152450562 -0.14614719152450562 -0.14614719152450562 -0.14614719152450562 -0.14614719152450562 -0.14266444742679596 -0.14056967198848724 -0.10900036990642548 -0.035541098564863205 -0.02736268937587738 -0.02235371433198452 -0.017530076205730438 -0.017530076205730438 -0.004611325450241566 -0.010385345667600632 -0.005099428351968527 -0.0038409049157053232 -0.004362544044852257 -0.0037704743444919586 -0.0031596627086400986 -0.0027066206093877554 -0.0020830328576266766 -0.0013653947971761227 -0.0013042058562859893 -0.0011908754240721464
-0.14530998468399048 -0.14530998468399048 -0.14530998468399048 -0.14530998468399048 -0.14530998468399048 -0.14530998468399048 -0.14530998468399048 -0.14530998468399048 -0.14530998468399048 -0.14530998468399048 -0.14530998468399048 -0.14530998468399048 -0.14530998468399048 -0.14530998468399048 -0.14530998468399048 -0.14530998468399048 -0.14530998468399048 -0.14530998468399048 -0.14530998468399048 -0.14266444742679596 -0.14056967198848724 -0.10900036990642548 -0.035541098564863205 -0.02736268937587738 -0.02235371433198452 -0.017530076205730438 -0.017530076205730438 -0.004611325450241566 -0.010385345667600632 -0.005099428351968527 -0.0038409049157053232 -0.004362544044852257 -0.0037704743444919586 -0.0031596627086400986 -0.0027066206093877554 -0.0020830328576266766 -0.0013653947971761227 -0.0013042058562859893 -0.0011908754240721464
-0.017530076205730438 -0.017530076205730438 -0.017530076205730438 -0.017530076205730438 -0.017530076205730438 -0.017530076205730438 -0.017530076205730438 -0.017530076205730438 -0.017530076205730438 -0.017530076205730438 -0.017530076205730438 -0.017530076205730438 -0.017530076205730438 -0.017530076205730438 -0.017530076205730438 -0.017530076205730438 -0.017530076205730438 -0.017530076205730438 -0.017530076205730438 -0.017530076205730438 -0.017530076205730438 -0.017530076205730438 -0.017530076205730438 -0.017530076205730438 -0.017530076205730438 -0.017530076205730438 -0.017530076205730438 -0.004611325450241566 -0.010385345667600632 -0.005099428351968527 -0.0038409049157053232 -0.004362544044852257 -0.0037704743444919586 -0.0031596627086400986 -0.0027066206093877554 -0.0020830328576266766 -0.0013653947971761227 -0.0013042058562859893 -0.0011908754240721464
-0.10900036990642548 -0.10900036990642548 -0.10900036990642548 -0.10900036990642548 -0.10900036990642548 -0.10900036990642548 -0.10900036990642548 -0.10900036990642548 -0.10900036990642548 -0.10900036990642548 -0.10900036990642548 -0.10900036990642548 -0.10900036990642548 -0.10900036990642548 -0.10900036990642548 -0.10900036990642548 -0.10900036990642548 -0.10900036990642548 -0.10900036990642548 -0.10900036990642548 -0.10900036990642548 -0.10900036990642548 -0.035541098564863205 -0.02736268937587738 -0.02235371433198452 -0.017530076205730438 -0.017530076205730438 -0.004611325450241566 -0.010385345667600632 -0.005099428351968527 -0.0038409049157053232 -0.004362544044852257 -0.0037704743444919586 -0.0031596627086400986 -0.0027066206093877554 -0.0020830328576266766 -0.0013653947971761227 -0.0013042058562859893 -0.0011908754240721464
-0.10900036990642548 -0.10900036990642548 -0.10900036990642548 -0.10900036990642548 -0.10900036990642548 -0.10900036990642548 -0.10900036990642548 -0.10900036990642548 -0.10900036990642548 -0.10900036990642548 -0.10900036990642548 -0.10900036990642548 -0.10900036990642548 -0.10900036990642548 -0.10900036990642548 -0.10900036990642548 -0.10900036990642548 -0.10900036990642548 -0.10900036990642548 -0.10900036990642548 -0.10900036990642548 -0.10900036990642548 -0.035541098564863205 -0.02736268937587738 -0.02235371433198452 -0.017530076205730438 -0.017530076205730438 -0.004611325450241566 -0.010385345667600632 -0.005099428351968527 -0.0038409049157053232 -0.004362544044852257 -0.0037704743444919586 -0.0031596627086400986 -0.0027066206093877554 -0.0020830328576266766 -0.0013653947971761227 -0.0013042058562859893 -0.0011908754240721464
-0.12265844643115997 -0.12265844643115997 -0.12265844643115997 -0.12265844643115997 -0.12265844643115997 -0.12265844643115997 -0.12265844643115997 -0.12265844643115997 -0.12265844643115997 -0.12265844643115997 -0.12265844643115997 -0.12265844643115997 -0.12265844643115997 -0.12265844643115997 -0.12265844643115997 -0.12265844643115997 -0.12265844643115997 -0.12265844643115997 -0.12265844643115997 -0.12265844643115997 -0.12265844643115997 -0.10900036990642548 -0.035541098564863205 -0.02736268937587738 -0.02235371433198452 -0.017530076205730438 -0.017530076205730438 -0.004611325450241566 -0.010385345667600632 -0.005099428351968527 -0.0038409049157053232 -0.004362544044852257 -0.0037704743444919586 -0.0031596627086400986 -0.0027066206093877554 -0.0020830328576266766 -0.0013653947971761227 -0.0013042058562859893 -0.0011908754240721464
-0.11352257430553436 -0.11352257430553436 -0.11352257430553436 -0.11352257430553436 -0.11352257430553436 -0.11352257430553436 -0.11352257430553436 -0.11352257430553436 -0.11352257430553436 -0.11352257430553436 -0.11352257430553436 -0.11352257430553436 -0.11352257430553436 -0.11352257430553436 -0.11352257430553436 -0.11352257430553436 -0.11352257430553436 -0.11352257430553436 -0.11352257430553436 -0.11352257430553436 -0.11352257430553436 -0.10900036990642548 -0.035541098564863205 -0.02736268937587738 -0.02235371433198452 -0.017530076205730438 -0.017530076205730438 -0.004611325450241566 -0.010385345667600632 -0.005099428351968527 -0.0038409049157053232 -0.004362544044852257 -0.0037704743444919586 -0.0031596627086400986 -0.0027066206093877554 -0.0020830328576266766 -0.0013653947971761227 -0.0013042058562859893 -0.0011908754240721464
-0.10353954136371613 -0.10353954136371613 -0.10353954136371613 -0.10353954136371613 -0.10353954136371613 -0.10353954136371613 -0.10353954136371613 -0.10353954136371613 -0.10353954136371613 -0.10353954136371613 -0.10353954136371613 -0.10353954136371613 -0.10353954136371613 -0.10353954136371613 -0.10353954136371613 -0.10353954136371613 -0.10353954136371613 -0.10353954136371613 -0.10353954136371613 -0.10353954136371613 -0.10353954136371613 -0.10353954136371613 -0.035541098564863205 -0.02736268937587738 -0.02235371433198452 -0.017530076205730438 -0.017530076205730438 -0.004611325450241566 -0.010385345667600632 -0.005099428351968527 -0.0038409049157053232 -0.004362544044852257 -0.0037704743444919586 -0.0031596627086400986 -0.0027066206093877554 -0.0020830328576266766 -0.0013653947971761227 -0.0013042058562859893 -0.0011908754240721464
-0.09927888214588165 -0.09927888214588165 -0.09927888214588165 -0.09927888214588165 -0.09927888214588165 -0.09927888214588165 -0.09927888214588165 -0.09927888214588165 -0.09927888214588165 -0.09927888214588165 -0.09927888214588165 -0.09927888214588165 -0.09927888214588165 -0.09927888214588165 -0.09927888214588165 -0.09927888214588165 -0.09927888214588165 -0.09927888214588165 -0.09927888214588165 -0.09927888214588165 -0.09927888214588165 -0.09927888214588165 -0.035541098564863205 -0.02736268937587738 -0.02235371433198452 -0.017530076205730438 -0.017530076205730438 -0.004611325450241566 -0.010385345667600632 -0.005099428351968527 -0.0038409049157053232 -0.004362544044852257 -0.0037704743444919586 -0.0031596627086400986 -0.0027066206093877554 -0.0020830328576266766 -0.0013653947971761227 -0.0013042058562859893 -0.0011908754240721464
-0.0981038436293602 -0.0981038436293602 -0.0981038436293602 -0.0981038436293602 -0.0981038436293602 -0.0981038436293602 -0.0981038436293602 -0.0981038436293602 -0.0981038436293602 -0.0981038436293602 -0.0981038436293602 -0.0981038436293602 -0.0981038436293602 -0.0981038436293602 -0.0981038436293602 -0.0981038436293602 -0.0981038436293602 -0.0981038436293602 -0.0981038436293602 -0.0981038436293602 -0.0981038436293602 -0.0981038436293602 -0.035541098564863205 -0.02736268937587738 -0.02235371433198452 -0.017530076205730438 -0.017530076205730438 -0.004611325450241566 -0.010385345667600632 -0.005099428351968527 -0.0038409049157053232 -0.004362544044852257 -0.0037704743444919586 -0.0031596627086400986 -0.0027066206093877554 -0.0020830328576266766 -0.0013653947971761227 -0.0013042058562859893 -0.0011908754240721464
-0.02235371433198452 -0.02235371433198452 -0.02235371433198452 -0.02235371433198452 -0.02235371433198452 -0.02235371433198452 -0.02235371433198452 -0.02235371433198452 -0.02235371433198452 -0.02235371433198452 -0.02235371433198452 -0.02235371433198452 -0.02235371433198452 -0.02235371433198452 -0.02235371433198452 -0.02235371433198452 -0.02235371433198452 -0.02235371433198452 -0.02235371433198452 -0.02235371433198452 -0.02235371433198452 -0.02235371433198452 -0.02235371433198452 -0.02235371433198452 -0.02235371433198452 -0.017530076205730438 -0.017530076205730438 -0.004611325450241566 -0.010385345667600632 -0.005099428351968527 -0.0038409049157053232 -0.004362544044852257 -0.0037704743444919586 -0.0031596627086400986 -0.0027066206093877554 -0.0020830328576266766 -0.0013653947971761227 -0.0013042058562859893 -0.0011908754240721464
-0.07705168426036835 -0.07705168426036835 -0.07705168426036835 -0.07705168426036835 -0.07705168426036835 -0.07705168426036835 -0.07705168426036835 -0.07705168426036835 -0.07705168426036835 -0.07705168426036835 -0.07705168426036835 -0.07705168426036835 -0.07705168426036835 -0.07705168426036835 -0.07705168426036835 -0.07705168426036835 -0.07705168426036835 -0.07705168426036835 -0.07705168426036835 -0.07705168426036835 -0.07705168426036835 -0.07705168426036835 -0.035541098564863205 -0.02736268937587738 -0.02235371433198452 -0.017530076205730438 -0.017530076205730438 -0.004611325450241566 -0.010385345667600632 -0.005099428351968527 -0.0038409049157053232 -0.004362544044852257 -0.0037704743444919586 -0.0031596627086400986 -0.0027066206093877554 -0.0020830328576266766 -0.0013653947971761227 -0.0013042058562859893 -0.0011908754240721464
-0.035541098564863205 -0.035541098564863205 -0.035541098564863205 -0.035541098564863205 -0.035541098564863205 -0.035541098564863205 -0.035541098564863205 -0.035541098564863205 -0.035541098564863205 -0.035541098564863205 -0.035541098564863205 -0.035541098564863205 -0.035541098564863205 -0.035541098564863205 -0.035541098564863205 -0.035541098564863205 -0.035541098564863205 -0.035541098564863205 -0.035541098564863205 -0.035541098564863205 -0.035541098564863205 -0.035541098564863205 -0.035541098564863205 -0.02736268937587738 -0.02235371433198452 -0.017530076205730438 -0.017530076205730438 -0.004611325450241566 -0.010385345667600632 -0.005099428351968527 -0.0038409049157053232 -0.004362544044852257 -0.0037704743444919586 -0.0031596627086400986 -0.0027066206093877554 -0.0020830328576266766 -0.0013653947971761227 -0.0013042058562859893 -0.0011908754240721464
-0.005099428351968527 -0.005099428351968527 -0.005099428351968527 -0.005099428351968527 -0.005099428351968527 -0.005099428351968527 -0.005099428351968527 -0.005099428351968527 -0.005099428351968527 -0.005099428351968527 -0.005099428351968527 -0.005099428351968527 -0.005099428351968527 -0.005099428351968527 -0.005099428351968527 -0.005099428351968527 -0.005099428351968527 -0.005099428351968527 -0.005099428351968527 -0.005099428351968527 -0.005099428351968527 -0.005099428351968527 -0.005099428351968527 -0.005099428351968527 -0.005099428351968527 -0.005099428351968527 -0.005099428351968527 -0.004611325450241566 -0.005099428351968527 -0.005099428351968527 -0.0038409049157053232 -0.004362544044852257 -0.0037704743444919586 -0.0031596627086400986 -0.0027066206093877554 -0.0020830328576266766 -0.0013653947971761227 -0.0013042058562859893 -0.0011908754240721464
-0.004611325450241566 -0.004611325450241566 -0.004611325450241566 -0.004611325450241566 -0.004611325450241566 -0.004611325450241566 -0.004611325450241566 -0.004611325450241566 -0.004611325450241566 -0.004611325450241566 -0.004611325450241566 -0.004611325450241566 -0.004611325450241566 -0.004611325450241566 -0.004611325450241566 -0.004611325450241566 -0.004611325450241566 -0.004611325450241566 -0.004611325450241566 -0.004611325450241566 -0.004611325450241566 -0.004611325450241566 -0.004611325450241566 -0.004611325450241566 -0.004611325450241566 -0.004611325450241566 -0.004611325450241566 -0.011903726495802402 -0.004611325450241566 -0.004611325450241566 -0.0038409049157053232 -0.004362544044852257 -0.0037704743444919586 -0.0031596627086400986 -0.0027066206093877554 -0.0020830328576266766 -0.0013653947971761227 -0.0013042058562859893 -0.0011908754240721464
-0.0068481359630823135 -0.0068481359630823135 -0.0068481359630823135 -0.0068481359630823135 -0.0068481359630823135 -0.0068481359630823135 -0.0068481359630823135 -0.0068481359630823135 -0.0068481359630823135 -0.0068481359630823135 -0.0068481359630823135 -0.0068481359630823135 -0.0068481359630823135 -0.0068481359630823135 -0.0068481359630823135 -0.0068481359630823135 -0.0068481359630823135 -0.0068481359630823135 -0.0068481359630823135 -0.0068481359630823135 -0.0068481359630823135 -0.0068481359630823135 -0.0068481359630823135 -0.0068481359630823135 -0.0068481359630823135 -0.0068481359630823135 -0.0068481359630823135 -0.004611325450241566 -0.0068481359630823135 -0.005099428351968527 -0.0038409049157053232 -0.004362544044852257 -0.0037704743444919586 -0.0031596627086400986 -0.0027066206093877554 -0.0020830328576266766 -0.0013653947971761227 -0.0013042058562859893 -0.0011908754240721464
-0.0013653947971761227 -0.0013653947971761227 -0.0013653947971761227 -0.0013653947971761227 -0.0013653947971761227 -0.0013653947971761227 -0.0013653947971761227 -0.0013653947971761227 -0.0013653947971761227 -0.0013653947971761227 -0.0013653947971761227 -0.0013653947971761227 -0.0013653947971761227 -0.0013653947971761227 -0.0013653947971761227 -0.0013653947971761227 -0.0013653947971761227 -0.0013653947971761227 -0.0013653947971761227 -0.0013653947971761227 -0.0013653947971761227 -0.0013653947971761227 -0.0013653947971761227 -0.0013653947971761227 -0.0013653947971761227 -0.0013653947971761227 -0.0013653947971761227 -0.0013653947971761227 -0.0013653947971761227 -0.0013653947971761227 -0.0013653947971761227 -0.0013653947971761227 -0.0013653947971761227 -0.0013653947971761227 -0.0013653947971761227 -0.0013653947971761227 -0.0016790005611255765 -0.0013042058562859893 -0.0011908754240721464
-0.0011908754240721464 -0.0011908754240721464 -0.0011908754240721464 -0.0011908754240721464 -0.0011908754240721464 -0.0011908754240721464 -0.0011908754240721464 -0.0011908754240721464 -0.0011908754240721464 -0.0011908754240721464 -0.0011908754240721464 -0.0011908754240721464 -0.0011908754240721464 -0.0011908754240721464 -0.0011908754240721464 -0.0011908754240721464 -0.0011908754240721464 -0.0011908754240721464 -0.0011908754240721464 -0.0011908754240721464 -0.0011908754240721464 -0.0011908754240721464 -0.0011908754240721464 -0.0011908754240721464 -0.0011908754240721464 -0.0011908754240721464 -0.0011908754240721464 -0.0011908754240721464 -0.0011908754240721464 -0.0011908754240721464 -0.0011908754240721464 -0.0011908754240721464 -0.0011908754240721464 -0.0011908754240721464 -0.0011908754240721464 -0.0011908754240721464 -0.0011908754240721464 -0.0011908754240721464 -0.0011908754240721464
-0.0036947589833289385 -0.0036947589833289385 -0.0036947589833289385 -0.0036947589833289385 -0.0036947589833289385 -0.0036947589833289385 -0.0036947589833289385 -0.0036947589833289385 -0.0036947589833289385 -0.0036947589833289385 -0.0036947589833289385 -0.0036947589833289385 -0.0036947589833289385 -0.0036947589833289385 -0.0036947589833289385 -0.0036947589833289385 -0.0036947589833289385 -0.0036947589833289385 -0.0036947589833289385 -0.0036947589833289385 -0.0036947589833289385 -0.0036947589833289385 -0.0036947589833289385 -0.0036947589833289385 -0.0036947589833289385 -0.0036947589833289385 -0.0036947589833289385 -0.0036947589833289385 -0.0036947589833289385 -0.0036947589833289385 -0.0036947589833289385 -0.0036947589833289385 -0.0036947589833289385 -0.0031596627086400986 -0.0027066206093877554 -0.0020830328576266766 -0.0013653947971761227 -0.0013042058562859893 -0.0011908754240721464
-0.003003573277965188 -0.003003573277965188 -0.003003573277965188 -0.003003573277965188 -0.003003573277965188 -0.003003573277965188 -0.003003573277965188 -0.003003573277965188 -0.003003573277965188 -0.003003573277965188 -0.003003573277965188 -0.003003573277965188 -0.003003573277965188 -0.003003573277965188 -0.003003573277965188 -0.003003573277965188 -0.003003573277965188 -0.003003573277965188 -0.003003573277965188 -0.003003573277965188 -0.003003573277965188 -0.003003573277965188 -0.003003573277965188 -0.003003573277965188 -0.003003573277965188 -0.003003573277965188 -0.003003573277965188 -0.003003573277965188 -0.003003573277965188 -0.003003573277965188 -0.003003573277965188 -0.003003573277965188 -0.003003573277965188 -0.003003573277965188 -0.0027066206093877554 -0.0020830328576266766 -0.0013653947971761227 -0.0013042058562859893 -0.0011908754240721464
-0.0027000263798981905 -0.0027000263798981905 -0.0027000263798981905 -0.0027000263798981905 -0.0027000263798981905 -0.0027000263798981905 -0.0027000263798981905 -0.0027000263798981905 -0.0027000263798981905 -0.0027000263798981905 -0.0027000263798981905 -0.0027000263798981905 -0.0027000263798981905 -0.0027000263798981905 -0.0027000263798981905 -0.0027000263798981905 -0.0027000263798981905 -0.0027000263798981905 -0.0027000263798981905 -0.0027000263798981905 -0.0027000263798981905 -0.0027000263798981905 -0.0027000263798981905 -0.0027000263798981905 -0.0027000263798981905 -0.0027000263798981905 -0.0027000263798981905 -0.0027000263798981905 -0.0027000263798981905 -0.0027000263798981905 -0.0027000263798981905 -0.0027000263798981905 -0.0027000263798981905 -0.0027000263798981905 -0.0027000263798981905 -0.0020830328576266766 -0.0013653947971761227 -0.0013042058562859893 -0.0011908754240721464