-0.6296316385269165 -0.41082775592803955 -0.41082775592803955 -0.15014219284057617 -0.15014219284057617 -0.23135621845722198 -0.11140314489603043 -0.2673846483230591 -0.2673846483230591 -0.23135621845722198 -0.27162888646125793 -0.15014219284057617 -0.15014219284057617 -0.15014219284057617 -0.11140314489603043 -0.15014219284057617 -0.15014219284057617 -0.11574030667543411 -0.11140314489603043 -0.11140314489603043 -0.11140314489603043 -0.11140314489603043 -0.14827632904052734 -0.11140314489603043 -0.12295447289943695 -0.11440322548151016 -0.10330824553966522 -0.08327828347682953 -0.07100258767604828 -0.057324305176734924 -0.0021115578711032867 -0.004927592817693949 -0.0036565272603183985 -0.0036451583728194237 -0.002990358741953969 -0.0020504905842244625 -0.001073810737580061 -0.00173016800545156 -0.0014935905346646905 -0.0014501441037282348 -0.0002810426813084632
-0.41082775592803955 -0.47807836532592773 -0.47807836532592773 -0.15014219284057617 -0.15014219284057617 -0.23135621845722198 -0.11140314489603043 -0.2673846483230591 -0.2673846483230591 -0.23135621845722198 -0.27162888646125793 -0.15014219284057617 -0.15014219284057617 -0.15014219284057617 -0.11140314489603043 -0.15014219284057617 -0.15014219284057617 -0.11574030667543411 -0.11140314489603043 -0.11140314489603043 -0.11140314489603043 -0.11140314489603043 -0.14827632904052734 -0.11140314489603043 -0.12295447289943695 -0.11440322548151016 -0.10330824553966522 -0.08327828347682953 -0.07100258767604828 -0.057324305176734924 -0.0021115578711032867 -0.004927592817693949 -0.0036565272603183985 -0.0036451583728194237 -0.002990358741953969 -0.0020504905842244625 -0.001073810737580061 -0.00173016800545156 -0.0014935905346646905 -0.0014501441037282348 -0.0002810426813084632
-0.41082775592803955 -0.41082775592803955 -0.41082775592803955 -0.15014219284057617 -0.15014219284057617 -0.23135621845722198 -0.11140314489603043 -0.2673846483230591 -0.2673846483230591 -0.23135621845722198 -0.27162888646125793 -0.15014219284057617 -0.15014219284057617 -0.15014219284057617 -0.11140314489603043 -0.15014219284057617 -0.15014219284057617 -0.11574030667543411 -0.11140314489603043 -0.11140314489603043 -0.11140314489603043 -0.11140314489603043 -0.14827632904052734 -0.11140314489603043 -0.12295447289943695 -0.11440322548151016 -0.10330824553966522 -0.08327828347682953 -0.07100258767604828 -0.057324305176734924 -0.0021115578711032867 -0.004927592817693949 -0.0036565272603183985 -0.0036451583728194237 -0.002990358741953969 -0.0020504905842244625 -0.001073810737580061 -0.00173016800545156 -0.0014935905346646905 -0.0014501441037282348 -0.0002810426813084632
-0.2673846483230591 -0.2673846483230591 -0.2673846483230591 -0.15014219284057617 -0.15014219284057617 -0.23135621845722198 -0.11140314489603043 -0.2673846483230591 -0.2673846483230591 -0.23135621845722198 -0.2673846483230591 -0.15014219284057617 -0.15014219284057617 -0.15014219284057617 -0.11140314489603043 -0.15014219284057617 -0.15014219284057617 -0.11574030667543411 -0.11140314489603043 -0.11140314489603043 -0.11140314489603043 -0.11140314489603043 -0.14827632904052734 -0.11140314489603043 -0.12295447289943695 -0.11440322548151016 -0.10330824553966522 -0.08327828347682953 -0.07100258767604828 -0.057324305176734924 -0.0021115578711032867 -0.004927592817693949 -0.0036565272603183985 -0.0036451583728194237 -0.002990358741953969 -0.0020504905842244625 -0.001073810737580061 -0.00173016800545156 -0.0014935905346646905 -0.0014501441037282348 -0.0002810426813084632
-0.2673846483230591 -0.2673846483230591 -0.2673846483230591 -0.15014219284057617 -0.15014219284057617 -0.23135621845722198 -0.11140314489603043 -0.2673846483230591 -0.2673846483230591 -0.23135621845722198 -0.2673846483230591 -0.15014219284057617 -0.15014219284057617 -0.15014219284057617 -0.11140314489603043 -0.15014219284057617 -0.15014219284057617 -0.11574030667543411 -0.11140314489603043 -0.11140314489603043 -0.11140314489603043 -0.11140314489603043 -0.14827632904052734 -0.11140314489603043 -0.12295447289943695 -0.11440322548151016 -0.10330824553966522 -0.08327828347682953 -0.07100258767604828 -0.057324305176734924 -0.0021115578711032867 -0.004927592817693949 -0.0036565272603183985 -0.0036451583728194237 -0.002990358741953969 -0.0020504905842244625 -0.001073810737580061 -0.00173016800545156 -0.0014935905346646905 -0.0014501441037282348 -0.0002810426813084632
-0.10330824553966522 -0.10330824553966522 -0.10330824553966522 -0.10330824553966522 -0.10330824553966522 -0.10330824553966522 -0.10330824553966522 -0.10330824553966522 -0.10330824553966522 -0.10330824553966522 -0.10330824553966522 -0.10330824553966522 -0.10330824553966522 -0.10330824553966522 -0.10330824553966522 -0.10330824553966522 -0.10330824553966522 -0.10330824553966522 -0.10330824553966522 -0.10330824553966522 -0.10330824553966522 -0.10330824553966522 -0.10330824553966522 -0.10330824553966522 -0.10330824553966522 -0.10330824553966522 -0.10330824553966522 -0.08327828347682953 -0.07100258767604828 -0.057324305176734924 -0.0021115578711032867 -0.004927592817693949 -0.0036565272603183985 -0.0036451583728194237 -0.002990358741953969 -0.0020504905842244625 -0.001073810737580061 -0.00173016800545156 -0.0014935905346646905 -0.0014501441037282348 -0.0002810426813084632
-0.15014219284057617 -0.15014219284057617 -0.15014219284057617 -0.1707010269165039 -0.1707010269165039 -0.15014219284057617 -0.11140314489603043 -0.15014219284057617 -0.15014219284057617 -0.15014219284057617 -0.15014219284057617 -0.26465466618537903 -0.2053440511226654 -0.1707010269165039 -0.11140314489603043 -0.2053440511226654 -0.2053440511226654 -0.11574030667543411 -0.11140314489603043 -0.11140314489603043 -0.11140314489603043 -0.11140314489603043 -0.14827632904052734 -0.11140314489603043 -0.12295447289943695 -0.11440322548151016 -0.10330824553966522 -0.08327828347682953 -0.07100258767604828 -0.057324305176734924 -0.0021115578711032867 -0.004927592817693949 -0.0036565272603183985 -0.0036451583728194237 -0.002990358741953969 -0.0020504905842244625 -0.001073810737580061 -0.00173016800545156 -0.0014935905346646905 -0.0014501441037282348 -0.0002810426813084632
-0.14827632904052734 -0.14827632904052734 -0.14827632904052734 -0.14827632904052734 -0.14827632904052734 -0.14827632904052734 -0.11140314489603043 -0.14827632904052734 -0.14827632904052734 -0.14827632904052734 -0.14827632904052734 -0.14827632904052734 -0.14827632904052734 -0.14827632904052734 -0.11140314489603043 -0.14827632904052734 -0.14827632904052734 -0.11574030667543411 -0.11140314489603043 -0.11140314489603043 -0.11140314489603043 -0.11140314489603043 -0.14827632904052734 -0.11140314489603043 -0.12295447289943695 -0.11440322548151016 -0.10330824553966522 -0.08327828347682953 -0.07100258767604828 -0.057324305176734924 -0.0021115578711032867 -0.004927592817693949 -0.0036565272603183985 -0.0036451583728194237 -0.002990358741953969 -0.0020504905842244625 -0.001073810737580061 -0.00173016800545156 -0.0014935905346646905 -0.0014501441037282348 -0.0002810426813084632
-0.23135621845722198 -0.23135621845722198 -0.23135621845722198 -0.15014219284057617 -0.15014219284057617 -0.23135621845722198 -0.11140314489603043 -0.23135621845722198 -0.23135621845722198 -0.23135621845722198 -0.23135621845722198 -0.15014219284057617 -0.15014219284057617 -0.15014219284057617 -0.11140314489603043 -0.15014219284057617 -0.15014219284057617 -0.11574030667543411 -0.11140314489603043 -0.11140314489603043 -0.11140314489603043 -0.11140314489603043 -0.14827632904052734 -0.11140314489603043 -0.12295447289943695 -0.11440322548151016 -0.10330824553966522 -0.08327828347682953 -0.07100258767604828 -0.057324305176734924 -0.0021115578711032867 -0.004927592817693949 -0.0036565272603183985 -0.0036451583728194237 -0.002990358741953969 -0.0020504905842244625 -0.001073810737580061 -0.00173016800545156 -0.0014935905346646905 -0.0014501441037282348 -0.0002810426813084632
-0.23135621845722198 -0.23135621845722198 -0.23135621845722198 -0.15014219284057617 -0.15014219284057617 -0.23135621845722198 -0.11140314489603043 -0.23135621845722198 -0.23135621845722198 -0.23135621845722198 -0.23135621845722198 -0.15014219284057617 -0.15014219284057617 -0.15014219284057617 -0.11140314489603043 -0.15014219284057617 -0.15014219284057617 -0.11574030667543411 -0.11140314489603043 -0.11140314489603043 -0.11140314489603043 -0.11140314489603043 -0.14827632904052734 -0.11140314489603043 -0.12295447289943695 -0.11440322548151016 -0.10330824553966522 -0.08327828347682953 -0.07100258767604828 -0.057324305176734924 -0.0021115578711032867 -0.004927592817693949 -0.0036565272603183985 -0.0036451583728194237 -0.002990358741953969 -0.0020504905842244625 -0.001073810737580061 -0.00173016800545156 -0.0014935905346646905 -0.0014501441037282348 -0.0002810426813084632
-0.14827632904052734 -0.14827632904052734 -0.14827632904052734 -0.14827632904052734 -0.14827632904052734 -0.14827632904052734 -0.11140314489603043 -0.14827632904052734 -0.14827632904052734 -0.14827632904052734 -0.14827632904052734 -0.14827632904052734 -0.14827632904052734 -0.14827632904052734 -0.11140314489603043 -0.14827632904052734 -0.14827632904052734 -0.11574030667543411 -0.11140314489603043 -0.11140314489603043 -0.11140314489603043 -0.11140314489603043 -0.14827632904052734 -0.11140314489603043 -0.12295447289943695 -0.11440322548151016 -0.10330824553966522 -0.08327828347682953 -0.07100258767604828 -0.057324305176734924 -0.0021115578711032867 -0.004927592817693949 -0.0036565272603183985 -0.0036451583728194237 -0.002990358741953969 -0.0020504905842244625 -0.001073810737580061 -0.00173016800545156 -0.0014935905346646905 -0.0014501441037282348 -0.0002810426813084632
-0.23135621845722198 -0.23135621845722198 -0.23135621845722198 -0.15014219284057617 -0.15014219284057617 -0.23135621845722198 -0.11140314489603043 -0.23135621845722198 -0.23135621845722198 -0.23135621845722198 -0.23135621845722198 -0.15014219284057617 -0.15014219284057617 -0.15014219284057617 -0.11140314489603043 -0.15014219284057617 -0.15014219284057617 -0.11574030667543411 -0.11140314489603043 -0.11140314489603043 -0.11140314489603043 -0.11140314489603043 -0.14827632904052734 -0.11140314489603043 -0.12295447289943695 -0.11440322548151016 -0.10330824553966522 -0.08327828347682953 -0.07100258767604828 -0.057324305176734924 -0.0021115578711032867 -0.004927592817693949 -0.0036565272603183985 -0.0036451583728194237 -0.002990358741953969 -0.0020504905842244625 -0.001073810737580061 -0.00173016800545156 -0.0014935905346646905 -0.0014501441037282348 -0.0002810426813084632
-0.15014219284057617 -0.15014219284057617 -0.15014219284057617 -0.1707010269165039 -0.1707010269165039 -0.15014219284057617 -0.11140314489603043 -0.15014219284057617 -0.15014219284057617 -0.15014219284057617 -0.15014219284057617 -0.1707010269165039 -0.1707010269165039 -0.1707010269165039 -0.11140314489603043 -0.1707010269165039 -0.1707010269165039 -0.11574030667543411 -0.11140314489603043 -0.11140314489603043 -0.11140314489603043 -0.11140314489603043 -0.14827632904052734 -0.11140314489603043 -0.12295447289943695 -0.11440322548151016 -0.10330824553966522 -0.08327828347682953 -0.07100258767604828 -0.057324305176734924 -0.0021115578711032867 -0.004927592817693949 -0.0036565272603183985 -0.0036451583728194237 -0.002990358741953969 -0.0020504905842244625 -0.001073810737580061 -0.00173016800545156 -0.0014935905346646905 -0.0014501441037282348 -0.0002810426813084632
-0.15014219284057617 -0.15014219284057617 -0.15014219284057617 -0.21553868055343628 -0.21553868055343628 -0.15014219284057617 -0.11140314489603043 -0.15014219284057617 -0.15014219284057617 -0.15014219284057617 -0.15014219284057617 -0.1707010269165039 -0.1707010269165039 -0.21553868055343628 -0.11140314489603043 -0.1707010269165039 -0.1707010269165039 -0.11574030667543411 -0.11140314489603043 -0.11140314489603043 -0.11140314489603043 -0.11140314489603043 -0.14827632904052734 -0.11140314489603043 -0.12295447289943695 -0.11440322548151016 -0.10330824553966522 -0.08327828347682953 -0.07100258767604828 -0.057324305176734924 -0.0021115578711032867 -0.004927592817693949 -0.0036565272603183985 -0.0036451583728194237 -0.002990358741953969 -0.0020504905842244625 -0.001073810737580061 -0.00173016800545156 -0.0014935905346646905 -0.0014501441037282348 -0.0002810426813084632
-0.15014219284057617 -0.15014219284057617 -0.15014219284057617 -0.21553868055343628 -0.21553868055343628 -0.15014219284057617 -0.11140314489603043 -0.15014219284057617 -0.15014219284057617 -0.15014219284057617 -0.15014219284057617 -0.1707010269165039 -0.1707010269165039 -0.21553868055343628 -0.11140314489603043 -0.1707010269165039 -0.1707010269165039 -0.11574030667543411 -0.11140314489603043 -0.11140314489603043 -0.11140314489603043 -0.11140314489603043 -0.14827632904052734 -0.11140314489603043 -0.12295447289943695 -0.11440322548151016 -0.10330824553966522 -0.08327828347682953 -0.07100258767604828 -0.057324305176734924 -0.0021115578711032867 -0.004927592817693949 -0.0036565272603183985 -0.0036451583728194237 -0.002990358741953969 -0.0020504905842244625 -0.001073810737580061 -0.00173016800545156 -0.0014935905346646905 -0.0014501441037282348 -0.0002810426813084632
-0.23135621845722198 -0.23135621845722198 -0.23135621845722198 -0.15014219284057617 -0.15014219284057617 -0.23135621845722198 -0.11140314489603043 -0.23135621845722198 -0.23135621845722198 -0.23135621845722198 -0.23135621845722198 -0.15014219284057617 -0.15014219284057617 -0.15014219284057617 -0.11140314489603043 -0.15014219284057617 -0.15014219284057617 -0.11574030667543411 -0.11140314489603043 -0.11140314489603043 -0.11140314489603043 -0.11140314489603043 -0.14827632904052734 -0.11140314489603043 -0.12295447289943695 -0.11440322548151016 -0.10330824553966522 -0.08327828347682953 -0.07100258767604828 -0.057324305176734924 -0.0021115578711032867 -0.004927592817693949 -0.0036565272603183985 -0.0036451583728194237 -0.002990358741953969 -0.0020504905842244625 -0.001073810737580061 -0.00173016800545156 -0.0014935905346646905 -0.0014501441037282348 -0.0002810426813084632
-0.23135621845722198 -0.23135621845722198 -0.23135621845722198 -0.15014219284057617 -0.15014219284057617 -0.23135621845722198 -0.11140314489603043 -0.23135621845722198 -0.23135621845722198 -0.23135621845722198 -0.23135621845722198 -0.15014219284057617 -0.15014219284057617 -0.15014219284057617 -0.11140314489603043 -0.15014219284057617 -0.15014219284057617 -0.11574030667543411 -0.11140314489603043 -0.11140314489603043 -0.11140314489603043 -0.11140314489603043 -0.14827632904052734 -0.11140314489603043 -0.12295447289943695 -0.11440322548151016 -0.10330824553966522 -0.08327828347682953 -0.07100258767604828 -0.057324305176734924 -0.0021115578711032867 -0.004927592817693949 -0.0036565272603183985 -0.0036451583728194237 -0.002990358741953969 -0.0020504905842244625 -0.001073810737580061 -0.00173016800545156 -0.0014935905346646905 -0.0014501441037282348 -0.0002810426813084632
-0.23135621845722198 -0.23135621845722198 -0.23135621845722198 -0.15014219284057617 -0.15014219284057617 -0.23135621845722198 -0.11140314489603043 -0.23135621845722198 -0.23135621845722198 -0.23135621845722198 -0.23135621845722198 -0.15014219284057617 -0.15014219284057617 -0.15014219284057617 -0.11140314489603043 -0.15014219284057617 -0.15014219284057617 -0.11574030667543411 -0.11140314489603043 -0.11140314489603043 -0.11140314489603043 -0.11140314489603043 -0.14827632904052734 -0.11140314489603043 -0.12295447289943695 -0.11440322548151016 -0.10330824553966522 -0.08327828347682953 -0.07100258767604828 -0.057324305176734924 -0.0021115578711032867 -0.004927592817693949 -0.0036565272603183985 -0.0036451583728194237 -0.002990358741953969 -0.0020504905842244625 -0.001073810737580061 -0.00173016800545156 -0.0014935905346646905 -0.0014501441037282348 -0.0002810426813084632
-0.11574030667543411 -0.11574030667543411 -0.11574030667543411 -0.11574030667543411 -0.11574030667543411 -0.11574030667543411 -0.11140314489603043 -0.11574030667543411 -0.11574030667543411 -0.11574030667543411 -0.11574030667543411 -0.11574030667543411 -0.11574030667543411 -0.11574030667543411 -0.11140314489603043 -0.11574030667543411 -0.11574030667543411 -0.1883522868156433 -0.11140314489603043 -0.11140314489603043 -0.11140314489603043 -0.11140314489603043 -0.11574030667543411 -0.11140314489603043 -0.11574030667543411 -0.11440322548151016 -0.10330824553966522 -0.08327828347682953 -0.07100258767604828 -0.057324305176734924 -0.0021115578711032867 -0.004927592817693949 -0.0036565272603183985 -0.0036451583728194237 -0.002990358741953969 -0.0020504905842244625 -0.001073810737580061 -0.00173016800545156 -0.0014935905346646905 -0.0014501441037282348 -0.0002810426813084632
-0.11140314489603043 -0.11140314489603043 -0.11140314489603043 -0.11140314489603043 -0.11140314489603043 -0.11140314489603043 -0.13456568121910095 -0.11140314489603043 -0.11140314489603043 -0.11140314489603043 -0.11140314489603043 -0.11140314489603043 -0.11140314489603043 -0.11140314489603043 -0.13456568121910095 -0.11140314489603043 -0.11140314489603043 -0.11140314489603043 -0.13456568121910095 -0.11870801448822021 -0.13456568121910095 -0.13456568121910095 -0.11140314489603043 -0.13456568121910095 -0.11140314489603043 -0.11140314489603043 -0.10330824553966522 -0.08327828347682953 -0.07100258767604828 -0.057324305176734924 -0.0021115578711032867 -0.004927592817693949 -0.0036565272603183985 -0.0036451583728194237 -0.002990358741953969 -0.0020504905842244625 -0.001073810737580061 -0.00173016800545156 -0.0014935905346646905 -0.0014501441037282348 -0.0002810426813084632
-0.10330824553966522 -0.10330824553966522 -0.10330824553966522 -0.10330824553966522 -0.10330824553966522 -0.10330824553966522 -0.10330824553966522 -0.10330824553966522 -0.10330824553966522 -0.10330824553966522 -0.10330824553966522 -0.10330824553966522 -0.10330824553966522 -0.10330824553966522 -0.10330824553966522 -0.10330824553966522 -0.10330824553966522 -0.10330824553966522 -0.10330824553966522 -0.10330824553966522 -0.10330824553966522 -0.10330824553966522 -0.10330824553966522 -0.10330824553966522 -0.10330824553966522 -0.10330824553966522 -0.10330824553966522 -0.08327828347682953 -0.07100258767604828 -0.057324305176734924 -0.0021115578711032867 -0.004927592817693949 -0.0036565272603183985 -0.0036451583728194237 -0.002990358741953969 -0.0020504905842244625 -0.001073810737580061 -0.00173016800545156 -0.0014935905346646905 -0.0014501441037282348 -0.0002810426813084632
-0.11140314489603043 -0.11140314489603043 -0.11140314489603043 -0.11140314489603043 -0.11140314489603043 -0.11140314489603043 -0.20339733362197876 -0.11140314489603043 -0.11140314489603043 -0.11140314489603043 -0.11140314489603043 -0.11140314489603043 -0.11140314489603043 -0.11140314489603043 -0.22692687809467316 -0.11140314489603043 -0.11140314489603043 -0.11140314489603043 -0.15963749587535858 -0.11870801448822021 -0.15963749587535858 -0.1634272187948227 -0.11140314489603043 -0.13456568121910095 -0.11140314489603043 -0.11140314489603043 -0.10330824553966522 -0.08327828347682953 -0.07100258767604828 -0.057324305176734924 -0.0021115578711032867 -0.004927592817693949 -0.0036565272603183985 -0.0036451583728194237 -0.002990358741953969 -0.0020504905842244625 -0.001073810737580061 -0.00173016800545156 -0.0014935905346646905 -0.0014501441037282348 -0.0002810426813084632
-0.11140314489603043 -0.11140314489603043 -0.11140314489603043 -0.11140314489603043 -0.11140314489603043 -0.11140314489603043 -0.2997679114341736 -0.11140314489603043 -0.11140314489603043 -0.11140314489603043 -0.11140314489603043 -0.11140314489603043 -0.11140314489603043 -0.11140314489603043 -0.20339733362197876 -0.11140314489603043 -0.11140314489603043 -0.11140314489603043 -0.15963749587535858 -0.11870801448822021 -0.15963749587535858 -0.1634272187948227 -0.11140314489603043 -0.13456568121910095 -0.11140314489603043 -0.11140314489603043 -0.10330824553966522 -0.08327828347682953 -0.07100258767604828 -0.057324305176734924 -0.0021115578711032867 -0.004927592817693949 -0.0036565272603183985 -0.0036451583728194237 -0.002990358741953969 -0.0020504905842244625 -0.001073810737580061 -0.00173016800545156 -0.0014935905346646905 -0.0014501441037282348 -0.0002810426813084632
-0.15014219284057617 -0.15014219284057617 -0.15014219284057617 -0.21553868055343628 -0.21553868055343628 -0.15014219284057617 -0.11140314489603043 -0.15014219284057617 -0.15014219284057617 -0.15014219284057617 -0.15014219284057617 -0.1707010269165039 -0.1707010269165039 -0.2353917360305786 -0.11140314489603043 -0.1707010269165039 -0.1707010269165039 -0.11574030667543411 -0.11140314489603043 -0.11140314489603043 -0.11140314489603043 -0.11140314489603043 -0.14827632904052734 -0.11140314489603043 -0.12295447289943695 -0.11440322548151016 -0.10330824553966522 -0.08327828347682953 -0.07100258767604828 -0.057324305176734924 -0.0021115578711032867 -0.004927592817693949 -0.0036565272603183985 -0.0036451583728194237 -0.002990358741953969 -0.0020504905842244625 -0.001073810737580061 -0.00173016800545156 -0.0014935905346646905 -0.0014501441037282348 -0.0002810426813084632
-0.11140314489603043 -0.11140314489603043 -0.11140314489603043 -0.11140314489603043 -0.11140314489603043 -0.11140314489603043 -0.2997679114341736 -0.11140314489603043 -0.11140314489603043 -0.11140314489603043 -0.11140314489603043 -0.11140314489603043 -0.11140314489603043 -0.11140314489603043 -0.20339733362197876 -0.11140314489603043 -0.11140314489603043 -0.11140314489603043 -0.15963749587535858 -0.11870801448822021 -0.15963749587535858 -0.1634272187948227 -0.11140314489603043 -0.13456568121910095 -0.11140314489603043 -0.11140314489603043 -0.10330824553966522 -0.08327828347682953 -0.07100258767604828 -0.057324305176734924 -0.0021115578711032867 -0.004927592817693949 -0.0036565272603183985 -0.0036451583728194237 -0.002990358741953969 -0.0020504905842244625 -0.001073810737580061 -0.00173016800545156 -0.0014935905346646905 -0.0014501441037282348 -0.0002810426813084632
-0.11140314489603043 -0.11140314489603043 -0.11140314489603043 -0.11140314489603043 -0.11140314489603043 -0.11140314489603043 -0.15963749587535858 -0.11140314489603043 -0.11140314489603043 -0.11140314489603043 -0.11140314489603043 -0.11140314489603043 -0.11140314489603043 -0.11140314489603043 -0.15963749587535858 -0.11140314489603043 -0.11140314489603043 -0.11140314489603043 -0.15963749587535858 -0.11870801448822021 -0.15963749587535858 -0.15963749587535858 -0.11140314489603043 -0.13456568121910095 -0.11140314489603043 -0.11140314489603043 -0.10330824553966522 -0.08327828347682953 -0.07100258767604828 -0.057324305176734924 -0.0021115578711032867 -0.004927592817693949 -0.0036565272603183985 -0.0036451583728194237 -0.002990358741953969 -0.0020504905842244625 -0.001073810737580061 -0.00173016800545156 -0.0014935905346646905 -0.0014501441037282348 -0.0002810426813084632
-0.11140314489603043 -0.11140314489603043 -0.11140314489603043 -0.11140314489603043 -0.11140314489603043 -0.11140314489603043 -0.26078084111213684 -0.11140314489603043 -0.11140314489603043 -0.11140314489603043 -0.11140314489603043 -0.11140314489603043 -0.11140314489603043 -0.11140314489603043 -0.20339733362197876 -0.11140314489603043 -0.11140314489603043 -0.11140314489603043 -0.15963749587535858 -0.11870801448822021 -0.15963749587535858 -0.1634272187948227 -0.11140314489603043 -0.13456568121910095 -0.11140314489603043 -0.11140314489603043 -0.10330824553966522 -0.08327828347682953 -0.07100258767604828 -0.057324305176734924 -0.0021115578711032867 -0.004927592817693949 -0.0036565272603183985 -0.0036451583728194237 -0.002990358741953969 -0.0020504905842244625 -0.001073810737580061 -0.00173016800545156 -0.0014935905346646905 -0.0014501441037282348 -0.0002810426813084632
-0.25013619661331177 -0.25013619661331177 -0.25013619661331177 -0.15014219284057617 -0.15014219284057617 -0.23135621845722198 -0.11140314489603043 -0.25013619661331177 -0.25013619661331177 -0.23135621845722198 -0.25013619661331177 -0.15014219284057617 -0.15014219284057617 -0.15014219284057617 -0.11140314489603043 -0.15014219284057617 -0.15014219284057617 -0.11574030667543411 -0.11140314489603043 -0.11140314489603043 -0.11140314489603043 -0.11140314489603043 -0.14827632904052734 -0.11140314489603043 -0.12295447289943695 -0.11440322548151016 -0.10330824553966522 -0.08327828347682953 -0.07100258767604828 -0.057324305176734924 -0.0021115578711032867 -0.004927592817693949 -0.0036565272603183985 -0.0036451583728194237 -0.002990358741953969 -0.0020504905842244625 -0.001073810737580061 -0.00173016800545156 -0.0014935905346646905 -0.0014501441037282348 -0.0002810426813084632
-0.14827632904052734 -0.14827632904052734 -0.14827632904052734 -0.14827632904052734 -0.14827632904052734 -0.14827632904052734 -0.11140314489603043 -0.14827632904052734 -0.14827632904052734 -0.14827632904052734 -0.14827632904052734 -0.14827632904052734 -0.14827632904052734 -0.14827632904052734 -0.11140314489603043 -0.14827632904052734 -0.14827632904052734 -0.11574030667543411 -0.11140314489603043 -0.11140314489603043 -0.11140314489603043 -0.11140314489603043 -0.14827632904052734 -0.11140314489603043 -0.12295447289943695 -0.11440322548151016 -0.10330824553966522 -0.08327828347682953 -0.07100258767604828 -0.057324305176734924 -0.0021115578711032867 -0.004927592817693949 -0.0036565272603183985 -0.0036451583728194237 -0.002990358741953969 -0.0020504905842244625 -0.001073810737580061 -0.00173016800545156 -0.0014935905346646905 -0.0014501441037282348 -0.0002810426813084632
-0.15014219284057617 -0.15014219284057617 -0.15014219284057617 -0.1707010269165039 -0.1707010269165039 -0.15014219284057617 -0.11140314489603043 -0.15014219284057617 -0.15014219284057617 -0.15014219284057617 -0.15014219284057617 -0.2053440511226654 -0.21032585203647614 -0.1707010269165039 -0.11140314489603043 -0.21032585203647614 -0.21032585203647614 -0.11574030667543411 -0.11140314489603043 -0.11140314489603043 -0.11140314489603043 -0.11140314489603043 -0.14827632904052734 -0.11140314489603043 -0.12295447289943695 -0.11440322548151016 -0.10330824553966522 -0.08327828347682953 -0.07100258767604828 -0.057324305176734924 -0.0021115578711032867 -0.004927592817693949 -0.0036565272603183985 -0.0036451583728194237 -0.002990358741953969 -0.0020504905842244625 -0.001073810737580061 -0.00173016800545156 -0.0014935905346646905 -0.0014501441037282348 -0.0002810426813084632
-0.14827632904052734 -0.14827632904052734 -0.14827632904052734 -0.14827632904052734 -0.14827632904052734 -0.14827632904052734 -0.11140314489603043 -0.14827632904052734 -0.14827632904052734 -0.14827632904052734 -0.14827632904052734 -0.14827632904052734 -0.14827632904052734 -0.14827632904052734 -0.11140314489603043 -0.14827632904052734 -0.14827632904052734 -0.11574030667543411 -0.11140314489603043 -0.11140314489603043 -0.11140314489603043 -0.11140314489603043 -0.14827632904052734 -0.11140314489603043 -0.12295447289943695 -0.11440322548151016 -0.10330824553966522 -0.08327828347682953 -0.07100258767604828 -0.057324305176734924 -0.0021115578711032867 -0.004927592817693949 -0.0036565272603183985 -0.0036451583728194237 -0.002990358741953969 -0.0020504905842244625 -0.001073810737580061 -0.00173016800545156 -0.0014935905346646905 -0.0014501441037282348 -0.0002810426813084632
-0.11440322548151016 -0.11440322548151016 -0.11440322548151016 -0.11440322548151016 -0.11440322548151016 -0.11440322548151016 -0.11140314489603043 -0.11440322548151016 -0.11440322548151016 -0.11440322548151016 -0.11440322548151016 -0.11440322548151016 -0.11440322548151016 -0.11440322548151016 -0.11140314489603043 -0.11440322548151016 -0.11440322548151016 -0.11440322548151016 -0.11140314489603043 -0.11140314489603043 -0.11140314489603043 -0.11140314489603043 -0.11440322548151016 -0.11140314489603043 -0.11440322548151016 -0.13072046637535095 -0.10330824553966522 -0.08327828347682953 -0.07100258767604828 -0.057324305176734924 -0.0021115578711032867 -0.004927592817693949 -0.0036565272603183985 -0.0036451583728194237 -0.002990358741953969 -0.0020504905842244625 -0.001073810737580061 -0.00173016800545156 -0.0014935905346646905 -0.0014501441037282348 -0.0002810426813084632
-0.16096055507659912 -0.16096055507659912 -0.16096055507659912 -0.15014219284057617 -0.15014219284057617 -0.16096055507659912 -0.11140314489603043 -0.16096055507659912 -0.16096055507659912 -0.16096055507659912 -0.16096055507659912 -0.15014219284057617 -0.15014219284057617 -0.15014219284057617 -0.11140314489603043 -0.15014219284057617 -0.15014219284057617 -0.11574030667543411 -0.11140314489603043 -0.11140314489603043 -0.11140314489603043 -0.11140314489603043 -0.14827632904052734 -0.11140314489603043 -0.12295447289943695 -0.11440322548151016 -0.10330824553966522 -0.08327828347682953 -0.07100258767604828 -0.057324305176734924 -0.0021115578711032867 -0.004927592817693949 -0.0036565272603183985 -0.0036451583728194237 -0.002990358741953969 -0.0020504905842244625 -0.001073810737580061 -0.00173016800545156 -0.0014935905346646905 -0.0014501441037282348 -0.0002810426813084632
-0.057324305176734924 -0.057324305176734924 -0.057324305176734924 -0.057324305176734924 -0.057324305176734924 -0.057324305176734924 -0.057324305176734924 -0.057324305176734924 -0.057324305176734924 -0.057324305176734924 -0.057324305176734924 -0.057324305176734924 -0.057324305176734924 -0.057324305176734924 -0.057324305176734924 -0.057324305176734924 -0.057324305176734924 -0.057324305176734924 -0.057324305176734924 -0.057324305176734924 -0.057324305176734924 -0.057324305176734924 -0.057324305176734924 -0.057324305176734924 -0.057324305176734924 -0.057324305176734924 -0.057324305176734924 -0.057324305176734924 -0.057324305176734924 -0.057324305176734924 -0.0021115578711032867 -0.004927592817693949 -0.0036565272603183985 -0.0036451583728194237 -0.002990358741953969 -0.0020504905842244625 -0.001073810737580061 -0.00173016800545156 -0.0014935905346646905 -0.0014501441037282348 -0.0002810426813084632
-0.14530998468399048 -0.14530998468399048 -0.14530998468399048 -0.14530998468399048 -0.14530998468399048 -0.14530998468399048 -0.11140314489603043 -0.14530998468399048 -0.14530998468399048 -0.14530998468399048 -0.14530998468399048 -0.14530998468399048 -0.14530998468399048 -0.14530998468399048 -0.11140314489603043 -0.14530998468399048 -0.14530998468399048 -0.11574030667543411 -0.11140314489603043 -0.11140314489603043 -0.11140314489603043 -0.11140314489603043 -0.14530998468399048 -0.11140314489603043 -0.12295447289943695 -0.11440322548151016 -0.10330824553966522 -0.08327828347682953 -0.07100258767604828 -0.057324305176734924 -0.0021115578711032867 -0.004927592817693949 -0.0036565272603183985 -0.0036451583728194237 -0.002990358741953969 -0.0020504905842244625 -0.001073810737580061 -0.00173016800545156 -0.0014935905346646905 -0.0014501441037282348 -0.0002810426813084632
-0.057324305176734924 -0.057324305176734924 -0.057324305176734924 -0.057324305176734924 -0.057324305176734924 -0.057324305176734924 -0.057324305176734924 -0.057324305176734924 -0.057324305176734924 -0.057324305176734924 -0.057324305176734924 -0.057324305176734924 -0.057324305176734924 -0.057324305176734924 -0.057324305176734924 -0.057324305176734924 -0.057324305176734924 -0.057324305176734924 -0.057324305176734924 -0.057324305176734924 -0.057324305176734924 -0.057324305176734924 -0.057324305176734924 -0.057324305176734924 -0.057324305176734924 -0.057324305176734924 -0.057324305176734924 -0.057324305176734924 -0.057324305176734924 -0.057324305176734924 -0.0021115578711032867 -0.004927592817693949 -0.0036565272603183985 -0.0036451583728194237 -0.002990358741953969 -0.0020504905842244625 -0.001073810737580061 -0.00173016800545156 -0.0014935905346646905 -0.0014501441037282348 -0.0002810426813084632
-0.11140314489603043 -0.11140314489603043 -0.11140314489603043 -0.11140314489603043 -0.11140314489603043 -0.11140314489603043 -0.12551744282245636 -0.11140314489603043 -0.11140314489603043 -0.11140314489603043 -0.11140314489603043 -0.11140314489603043 -0.11140314489603043 -0.11140314489603043 -0.12551744282245636 -0.11140314489603043 -0.11140314489603043 -0.11140314489603043 -0.12551744282245636 -0.11870801448822021 -0.12551744282245636 -0.12551744282245636 -0.11140314489603043 -0.12551744282245636 -0.11140314489603043 -0.11140314489603043 -0.10330824553966522 -0.08327828347682953 -0.07100258767604828 -0.057324305176734924 -0.0021115578711032867 -0.004927592817693949 -0.0036565272603183985 -0.0036451583728194237 -0.002990358741953969 -0.0020504905842244625 -0.001073810737580061 -0.00173016800545156 -0.0014935905346646905 -0.0014501441037282348 -0.0002810426813084632
-0.057324305176734924 -0.057324305176734924 -0.057324305176734924 -0.057324305176734924 -0.057324305176734924 -0.057324305176734924 -0.057324305176734924 -0.057324305176734924 -0.057324305176734924 -0.057324305176734924 -0.057324305176734924 -0.057324305176734924 -0.057324305176734924 -0.057324305176734924 -0.057324305176734924 -0.057324305176734924 -0.057324305176734924 -0.057324305176734924 -0.057324305176734924 -0.057324305176734924 -0.057324305176734924 -0.057324305176734924 -0.057324305176734924 -0.057324305176734924 -0.057324305176734924 -0.057324305176734924 -0.057324305176734924 -0.057324305176734924 -0.057324305176734924 -0.057324305176734924 -0.0021115578711032867 -0.004927592817693949 -0.0036565272603183985 -0.0036451583728194237 -0.002990358741953969 -0.0020504905842244625 -0.001073810737580061 -0.00173016800545156 -0.0014935905346646905 -0.0014501441037282348 -0.0002810426813084632
-0.12265844643115997 -0.12265844643115997 -0.12265844643115997 -0.12265844643115997 -0.12265844643115997 -0.12265844643115997 -0.11140314489603043 -0.12265844643115997 -0.12265844643115997 -0.12265844643115997 -0.12265844643115997 -0.12265844643115997 -0.12265844643115997 -0.12265844643115997 -0.11140314489603043 -0.12265844643115997 -0.12265844643115997 -0.11574030667543411 -0.11140314489603043 -0.11140314489603043 -0.11140314489603043 -0.11140314489603043 -0.12265844643115997 -0.11140314489603043 -0.12265844643115997 -0.11440322548151016 -0.10330824553966522 -0.08327828347682953 -0.07100258767604828 -0.057324305176734924 -0.0021115578711032867 -0.004927592817693949 -0.0036565272603183985 -0.0036451583728194237 -0.002990358741953969 -0.0020504905842244625 -0.001073810737580061 -0.00173016800545156 -0.0014935905346646905 -0.0014501441037282348 -0.0002810426813084632
-0.11352257430553436 -0.11352257430553436 -0.11352257430553436 -0.11352257430553436 -0.11352257430553436 -0.11352257430553436 -0.11140314489603043 -0.11352257430553436 -0.11352257430553436 -0.11352257430553436 -0.11352257430553436 -0.11352257430553436 -0.11352257430553436 -0.11352257430553436 -0.11140314489603043 -0.11352257430553436 -0.11352257430553436 -0.11352257430553436 -0.11140314489603043 -0.11140314489603043 -0.11140314489603043 -0.11140314489603043 -0.11352257430553436 -0.11140314489603043 -0.11352257430553436 -0.11352257430553436 -0.10330824553966522 -0.08327828347682953 -0.07100258767604828 -0.057324305176734924 -0.0021115578711032867 -0.004927592817693949 -0.0036565272603183985 -0.0036451583728194237 -0.002990358741953969 -0.0020504905842244625 -0.001073810737580061 -0.00173016800545156 -0.0014935905346646905 -0.0014501441037282348 -0.0002810426813084632
-0.10353954136371613 -0.10353954136371613 -0.10353954136371613 -0.10353954136371613 -0.10353954136371613 -0.10353954136371613 -0.10353954136371613 -0.10353954136371613 -0.10353954136371613 -0.10353954136371613 -0.10353954136371613 -0.10353954136371613 -0.10353954136371613 -0.10353954136371613 -0.10353954136371613 -0.10353954136371613 -0.10353954136371613 -0.10353954136371613 -0.10353954136371613 -0.10353954136371613 -0.10353954136371613 -0.10353954136371613 -0.10353954136371613 -0.10353954136371613 -0.10353954136371613 -0.10353954136371613 -0.10330824553966522 -0.08327828347682953 -0.07100258767604828 -0.057324305176734924 -0.0021115578711032867 -0.004927592817693949 -0.0036565272603183985 -0.0036451583728194237 -0.002990358741953969 -0.0020504905842244625 -0.001073810737580061 -0.00173016800545156 -0.0014935905346646905 -0.0014501441037282348 -0.0002810426813084632
-0.09927888214588165 -0.09927888214588165 -0.09927888214588165 -0.09927888214588165 -0.09927888214588165 -0.09927888214588165 -0.09927888214588165 -0.09927888214588165 -0.09927888214588165 -0.09927888214588165 -0.09927888214588165 -0.09927888214588165 -0.09927888214588165 -0.09927888214588165 -0.09927888214588165 -0.09927888214588165 -0.09927888214588165 -0.09927888214588165 -0.09927888214588165 -0.09927888214588165 -0.09927888214588165 -0.09927888214588165 -0.09927888214588165 -0.09927888214588165 -0.09927888214588165 -0.09927888214588165 -0.09927888214588165 -0.08327828347682953 -0.07100258767604828 -0.057324305176734924 -0.0021115578711032867 -0.004927592817693949 -0.0036565272603183985 -0.0036451583728194237 -0.002990358741953969 -0.0020504905842244625 -0.001073810737580061 -0.00173016800545156 -0.0014935905346646905 -0.0014501441037282348 -0.0002810426813084632
-0.0981038436293602 -0.0981038436293602 -0.0981038436293602 -0.0981038436293602 -0.0981038436293602 -0.0981038436293602 -0.0981038436293602 -0.0981038436293602 -0.0981038436293602 -0.0981038436293602 -0.0981038436293602 -0.0981038436293602 -0.0981038436293602 -0.0981038436293602 -0.0981038436293602 -0.0981038436293602 -0.0981038436293602 -0.0981038436293602 -0.0981038436293602 -0.0981038436293602 -0.0981038436293602 -0.0981038436293602 -0.0981038436293602 -0.0981038436293602 -0.0981038436293602 -0.0981038436293602 -0.0981038436293602 -0.08327828347682953 -0.07100258767604828 -0.057324305176734924 -0.0021115578711032867 -0.004927592817693949 -0.0036565272603183985 -0.0036451583728194237 -0.002990358741953969 -0.0020504905842244625 -0.001073810737580061 -0.00173016800545156 -0.0014935905346646905 -0.0014501441037282348 -0.0002810426813084632
-0.09137385338544846 -0.09137385338544846 -0.09137385338544846 -0.09137385338544846 -0.09137385338544846 -0.09137385338544846 -0.09137385338544846 -0.09137385338544846 -0.09137385338544846 -0.09137385338544846 -0.09137385338544846 -0.09137385338544846 -0.09137385338544846 -0.09137385338544846 -0.09137385338544846 -0.09137385338544846 -0.09137385338544846 -0.09137385338544846 -0.09137385338544846 -0.09137385338544846 -0.09137385338544846 -0.09137385338544846 -0.09137385338544846 -0.09137385338544846 -0.09137385338544846 -0.09137385338544846 -0.09137385338544846 -0.08327828347682953 -0.07100258767604828 -0.057324305176734924 -0.0021115578711032867 -0.004927592817693949 -0.0036565272603183985 -0.0036451583728194237 -0.002990358741953969 -0.0020504905842244625 -0.001073810737580061 -0.00173016800545156 -0.0014935905346646905 -0.0014501441037282348 -0.0002810426813084632
-0.07705168426036835 -0.07705168426036835 -0.07705168426036835 -0.07705168426036835 -0.07705168426036835 -0.07705168426036835 -0.07705168426036835 -0.07705168426036835 -0.07705168426036835 -0.07705168426036835 -0.07705168426036835 -0.07705168426036835 -0.07705168426036835 -0.07705168426036835 -0.07705168426036835 -0.07705168426036835 -0.07705168426036835 -0.07705168426036835 -0.07705168426036835 -0.07705168426036835 -0.07705168426036835 -0.07705168426036835 -0.07705168426036835 -0.07705168426036835 -0.07705168426036835 -0.07705168426036835 -0.07705168426036835 -0.07705168426036835 -0.07100258767604828 -0.057324305176734924 -0.0021115578711032867 -0.004927592817693949 -0.0036565272603183985 -0.0036451583728194237 -0.002990358741953969 -0.0020504905842244625 -0.001073810737580061 -0.00173016800545156 -0.0014935905346646905 -0.0014501441037282348 -0.0002810426813084632
-0.04552236571907997 -0.04552236571907997 -0.04552236571907997 -0.04552236571907997 -0.04552236571907997 -0.04552236571907997 -0.04552236571907997 -0.04552236571907997 -0.04552236571907997 -0.04552236571907997 -0.04552236571907997 -0.04552236571907997 -0.04552236571907997 -0.04552236571907997 -0.04552236571907997 -0.04552236571907997 -0.04552236571907997 -0.04552236571907997 -0.04552236571907997 -0.04552236571907997 -0.04552236571907997 -0.04552236571907997 -0.04552236571907997 -0.04552236571907997 -0.04552236571907997 -0.04552236571907997 -0.04552236571907997 -0.04552236571907997 -0.04552236571907997 -0.04552236571907997 -0.0021115578711032867 -0.004927592817693949 -0.0036565272603183985 -0.0036451583728194237 -0.002990358741953969 -0.0020504905842244625 -0.001073810737580061 -0.00173016800545156 -0.0014935905346646905 -0.0014501441037282348 -0.0002810426813084632
-0.02542715147137642 -0.02542715147137642 -0.02542715147137642 -0.02542715147137642 -0.02542715147137642 -0.02542715147137642 -0.02542715147137642 -0.02542715147137642 -0.02542715147137642 -0.02542715147137642 -0.02542715147137642 -0.02542715147137642 -0.02542715147137642 -0.02542715147137642 -0.02542715147137642 -0.02542715147137642 -0.02542715147137642 -0.02542715147137642 -0.02542715147137642 -0.02542715147137642 -0.02542715147137642 -0.02542715147137642 -0.02542715147137642 -0.02542715147137642 -0.02542715147137642 -0.02542715147137642 -0.02542715147137642 -0.02542715147137642 -0.02542715147137642 -0.02542715147137642 -0.0021115578711032867 -0.004927592817693949 -0.0036565272603183985 -0.0036451583728194237 -0.002990358741953969 -0.0020504905842244625 -0.001073810737580061 -0.00173016800545156 -0.0014935905346646905 -0.0014501441037282348 -0.0002810426813084632
-0.0021115578711032867 -0.0021115578711032867 -0.0021115578711032867 -0.0021115578711032867 -0.0021115578711032867 -0.0021115578711032867 -0.0021115578711032867 -0.0021115578711032867 -0.0021115578711032867 -0.0021115578711032867 -0.0021115578711032867 -0.0021115578711032867 -0.0021115578711032867 -0.0021115578711032867 -0.0021115578711032867 -0.0021115578711032867 -0.0021115578711032867 -0.0021115578711032867 -0.0021115578711032867 -0.0021115578711032867 -0.0021115578711032867 -0.0021115578711032867 -0.0021115578711032867 -0.0021115578711032867 -0.0021115578711032867 -0.0021115578711032867 -0.0021115578711032867 -0.0021115578711032867 -0.0021115578711032867 -0.0021115578711032867 -0.006719053722918034 -0.0021115578711032867 -0.0021115578711032867 -0.0021115578711032867 -0.0021115578711032867 -0.0020504905842244625 -0.001073810737580061 -0.00173016800545156 -0.0014935905346646905 -0.0014501441037282348 -0.0002810426813084632
-0.0036565272603183985 -0.0036565272603183985 -0.0036565272603183985 -0.0036565272603183985 -0.0036565272603183985 -0.0036565272603183985 -0.0036565272603183985 -0.0036565272603183985 -0.0036565272603183985 -0.0036565272603183985 -0.0036565272603183985 -0.0036565272603183985 -0.0036565272603183985 -0.0036565272603183985 -0.0036565272603183985 -0.0036565272603183985 -0.0036565272603183985 -0.0036565272603183985 -0.0036565272603183985 -0.0036565272603183985 -0.0036565272603183985 -0.0036565272603183985 -0.0036565272603183985 -0.0036565272603183985 -0.0036565272603183985 -0.0036565272603183985 -0.0036565272603183985 -0.0036565272603183985 -0.0036565272603183985 -0.0036565272603183985 -0.0021115578711032867 -0.0036565272603183985 -0.0048660533502697945 -0.0036451583728194237 -0.002990358741953969 -0.0020504905842244625 -0.001073810737580061 -0.00173016800545156 -0.0014935905346646905 -0.0014501441037282348 -0.0002810426813084632
-0.001073810737580061 -0.001073810737580061 -0.001073810737580061 -0.001073810737580061 -0.001073810737580061 -0.001073810737580061 -0.001073810737580061 -0.001073810737580061 -0.001073810737580061 -0.001073810737580061 -0.001073810737580061 -0.001073810737580061 -0.001073810737580061 -0.001073810737580061 -0.001073810737580061 -0.001073810737580061 -0.001073810737580061 -0.001073810737580061 -0.001073810737580061 -0.001073810737580061 -0.001073810737580061 -0.001073810737580061 -0.001073810737580061 -0.001073810737580061 -0.001073810737580061 -0.001073810737580061 -0.001073810737580061 -0.001073810737580061 -0.001073810737580061 -0.001073810737580061 -0.001073810737580061 -0.001073810737580061 -0.001073810737580061 -0.001073810737580061 -0.001073810737580061 -0.001073810737580061 -0.0021935561671853065 -0.001073810737580061 -0.001073810737580061 -0.001073810737580061 -0.0002810426813084632
-0.001073810737580061 -0.001073810737580061 -0.001073810737580061 -0.001073810737580061 -0.001073810737580061 -0.001073810737580061 -0.001073810737580061 -0.001073810737580061 -0.001073810737580061 -0.001073810737580061 -0.001073810737580061 -0.001073810737580061 -0.001073810737580061 -0.001073810737580061 -0.001073810737580061 -0.001073810737580061 -0.001073810737580061 -0.001073810737580061 -0.001073810737580061 -0.001073810737580061 -0.001073810737580061 -0.001073810737580061 -0.001073810737580061 -0.001073810737580061 -0.001073810737580061 -0.001073810737580061 -0.001073810737580061 -0.001073810737580061 -0.001073810737580061 -0.001073810737580061 -0.001073810737580061 -0.001073810737580061 -0.001073810737580061 -0.001073810737580061 -0.001073810737580061 -0.001073810737580061 -0.0021935561671853065 -0.001073810737580061 -0.001073810737580061 -0.001073810737580061 -0.0002810426813084632
-0.0036947589833289385 -0.0036947589833289385 -0.0036947589833289385 -0.0036947589833289385 -0.0036947589833289385 -0.0036947589833289385 -0.0036947589833289385 -0.0036947589833289385 -0.0036947589833289385 -0.0036947589833289385 -0.0036947589833289385 -0.0036947589833289385 -0.0036947589833289385 -0.0036947589833289385 -0.0036947589833289385 -0.0036947589833289385 -0.0036947589833289385 -0.0036947589833289385 -0.0036947589833289385 -0.0036947589833289385 -0.0036947589833289385 -0.0036947589833289385 -0.0036947589833289385 -0.0036947589833289385 -0.0036947589833289385 -0.0036947589833289385 -0.0036947589833289385 -0.0036947589833289385 -0.0036947589833289385 -0.0036947589833289385 -0.0021115578711032867 -0.0036947589833289385 -0.0036565272603183985 -0.0036451583728194237 -0.002990358741953969 -0.0020504905842244625 -0.001073810737580061 -0.00173016800545156 -0.0014935905346646905 -0.0014501441037282348 -0.0002810426813084632
-0.003003573277965188 -0.003003573277965188 -0.003003573277965188 -0.003003573277965188 -0.003003573277965188 -0.003003573277965188 -0.003003573277965188 -0.003003573277965188 -0.003003573277965188 -0.003003573277965188 -0.003003573277965188 -0.003003573277965188 -0.003003573277965188 -0.003003573277965188 -0.003003573277965188 -0.003003573277965188 -0.003003573277965188 -0.003003573277965188 -0.003003573277965188 -0.003003573277965188 -0.003003573277965188 -0.003003573277965188 -0.003003573277965188 -0.003003573277965188 -0.003003573277965188 -0.003003573277965188 -0.003003573277965188 -0.003003573277965188 -0.003003573277965188 -0.003003573277965188 -0.0021115578711032867 -0.003003573277965188 -0.003003573277965188 -0.003003573277965188 -0.002990358741953969 -0.0020504905842244625 -0.001073810737580061 -0.00173016800545156 -0.0014935905346646905 -0.0014501441037282348 -0.0002810426813084632
-0.0027000263798981905 -0.0027000263798981905 -0.0027000263798981905 -0.0027000263798981905 -0.0027000263798981905 -0.0027000263798981905 -0.0027000263798981905 -0.0027000263798981905 -0.0027000263798981905 -0.0027000263798981905 -0.0027000263798981905 -0.0027000263798981905 -0.0027000263798981905 -0.0027000263798981905 -0.0027000263798981905 -0.0027000263798981905 -0.0027000263798981905 -0.0027000263798981905 -0.0027000263798981905 -0.0027000263798981905 -0.0027000263798981905 -0.0027000263798981905 -0.0027000263798981905 -0.0027000263798981905 -0.0027000263798981905 -0.0027000263798981905 -0.0027000263798981905 -0.0027000263798981905 -0.0027000263798981905 -0.0027000263798981905 -0.0021115578711032867 -0.0027000263798981905 -0.0027000263798981905 -0.0027000263798981905 -0.0027000263798981905 -0.0020504905842244625 -0.001073810737580061 -0.00173016800545156 -0.0014935905346646905 -0.0014501441037282348 -0.0002810426813084632