-0.6528249979019165 -0.6528249979019165 -0.6528249979019165 -0.16292919218540192 -0.16292919218540192 -0.16292919218540192 -0.16292919218540192 -0.16292919218540192 -0.16292919218540192 -0.16292919218540192 -0.16292919218540192 -0.16292919218540192 -0.16292919218540192 -0.16292919218540192 -0.22408916056156158 -0.16292919218540192 -0.22408916056156158 -0.22408916056156158 -0.22408916056156158 -0.16292919218540192 -0.22408916056156158 -0.16292919218540192 -0.16292919218540192 -0.22408916056156158 -0.16292919218540192 -0.16292919218540192 -0.20856285095214844 -0.20856285095214844 -0.16292919218540192 -0.16292919218540192 -0.155852273106575 -0.09172462671995163 -0.09172462671995163 -0.08639372140169144 -0.0805484876036644 -0.0696137547492981 -0.07107242941856384 -0.03296481817960739 -0.03296481817960739 -0.048824623227119446 -0.04035237058997154 -0.047383494675159454 -0.03296481817960739 -0.03957798704504967 -0.017673084512352943 -0.009293464943766594 -0.0016205960419028997 -0.0014713199343532324 -0.0014155721291899681 -0.0007059267954900861 -0.000720153737347573 -0.0006394173833541572 -0.0006160400807857513
-0.7603706121444702 -0.6528249979019165 -0.6967071890830994 -0.16292919218540192 -0.16292919218540192 -0.16292919218540192 -0.16292919218540192 -0.16292919218540192 -0.16292919218540192 -0.16292919218540192 -0.16292919218540192 -0.16292919218540192 -0.16292919218540192 -0.16292919218540192 -0.22408916056156158 -0.16292919218540192 -0.22408916056156158 -0.22408916056156158 -0.22408916056156158 -0.16292919218540192 -0.22408916056156158 -0.16292919218540192 -0.16292919218540192 -0.22408916056156158 -0.16292919218540192 -0.16292919218540192 -0.20856285095214844 -0.20856285095214844 -0.16292919218540192 -0.16292919218540192 -0.155852273106575 -0.09172462671995163 -0.09172462671995163 -0.08639372140169144 -0.0805484876036644 -0.0696137547492981 -0.07107242941856384 -0.03296481817960739 -0.03296481817960739 -0.048824623227119446 -0.04035237058997154 -0.047383494675159454 -0.03296481817960739 -0.03957798704504967 -0.017673084512352943 -0.009293464943766594 -0.0016205960419028997 -0.0014713199343532324 -0.0014155721291899681 -0.0007059267954900861 -0.000720153737347573 -0.0006394173833541572 -0.0006160400807857513
-0.7236966490745544 -0.6528249979019165 -0.6967071890830994 -0.16292919218540192 -0.16292919218540192 -0.16292919218540192 -0.16292919218540192 -0.16292919218540192 -0.16292919218540192 -0.16292919218540192 -0.16292919218540192 -0.16292919218540192 -0.16292919218540192 -0.16292919218540192 -0.22408916056156158 -0.16292919218540192 -0.22408916056156158 -0.22408916056156158 -0.22408916056156158 -0.16292919218540192 -0.22408916056156158 -0.16292919218540192 -0.16292919218540192 -0.22408916056156158 -0.16292919218540192 -0.16292919218540192 -0.20856285095214844 -0.20856285095214844 -0.16292919218540192 -0.16292919218540192 -0.155852273106575 -0.09172462671995163 -0.09172462671995163 -0.08639372140169144 -0.0805484876036644 -0.0696137547492981 -0.07107242941856384 -0.03296481817960739 -0.03296481817960739 -0.048824623227119446 -0.04035237058997154 -0.047383494675159454 -0.03296481817960739 -0.03957798704504967 -0.017673084512352943 -0.009293464943766594 -0.0016205960419028997 -0.0014713199343532324 -0.0014155721291899681 -0.0007059267954900861 -0.000720153737347573 -0.0006394173833541572 -0.0006160400807857513
-0.6528249979019165 -0.6733892560005188 -0.6528249979019165 -0.16292919218540192 -0.16292919218540192 -0.16292919218540192 -0.16292919218540192 -0.16292919218540192 -0.16292919218540192 -0.16292919218540192 -0.16292919218540192 -0.16292919218540192 -0.16292919218540192 -0.16292919218540192 -0.22408916056156158 -0.16292919218540192 -0.22408916056156158 -0.22408916056156158 -0.22408916056156158 -0.16292919218540192 -0.22408916056156158 -0.16292919218540192 -0.16292919218540192 -0.22408916056156158 -0.16292919218540192 -0.16292919218540192 -0.20856285095214844 -0.20856285095214844 -0.16292919218540192 -0.16292919218540192 -0.155852273106575 -0.09172462671995163 -0.09172462671995163 -0.08639372140169144 -0.0805484876036644 -0.0696137547492981 -0.07107242941856384 -0.03296481817960739 -0.03296481817960739 -0.048824623227119446 -0.04035237058997154 -0.047383494675159454 -0.03296481817960739 -0.03957798704504967 -0.017673084512352943 -0.009293464943766594 -0.0016205960419028997 -0.0014713199343532324 -0.0014155721291899681 -0.0007059267954900861 -0.000720153737347573 -0.0006394173833541572 -0.0006160400807857513
-0.6528249979019165 -0.6717488169670105 -0.6528249979019165 -0.16292919218540192 -0.16292919218540192 -0.16292919218540192 -0.16292919218540192 -0.16292919218540192 -0.16292919218540192 -0.16292919218540192 -0.16292919218540192 -0.16292919218540192 -0.16292919218540192 -0.16292919218540192 -0.22408916056156158 -0.16292919218540192 -0.22408916056156158 -0.22408916056156158 -0.22408916056156158 -0.16292919218540192 -0.22408916056156158 -0.16292919218540192 -0.16292919218540192 -0.22408916056156158 -0.16292919218540192 -0.16292919218540192 -0.20856285095214844 -0.20856285095214844 -0.16292919218540192 -0.16292919218540192 -0.155852273106575 -0.09172462671995163 -0.09172462671995163 -0.08639372140169144 -0.0805484876036644 -0.0696137547492981 -0.07107242941856384 -0.03296481817960739 -0.03296481817960739 -0.048824623227119446 -0.04035237058997154 -0.047383494675159454 -0.03296481817960739 -0.03957798704504967 -0.017673084512352943 -0.009293464943766594 -0.0016205960419028997 -0.0014713199343532324 -0.0014155721291899681 -0.0007059267954900861 -0.000720153737347573 -0.0006394173833541572 -0.0006160400807857513
-0.16292919218540192 -0.16292919218540192 -0.16292919218540192 -0.56099534034729 -0.56099534034729 -0.56099534034729 -0.4184073209762573 -0.4184073209762573 -0.4184073209762573 -0.4184073209762573 -0.4184073209762573 -0.4184073209762573 -0.4184073209762573 -0.4184073209762573 -0.16292919218540192 -0.20571306347846985 -0.16292919218540192 -0.16292919218540192 -0.16292919218540192 -0.20571306347846985 -0.16292919218540192 -0.3343602120876312 -0.3315899968147278 -0.16292919218540192 -0.20571306347846985 -0.23562099039554596 -0.16292919218540192 -0.16292919218540192 -0.20571306347846985 -0.18983423709869385 -0.155852273106575 -0.09172462671995163 -0.09172462671995163 -0.08639372140169144 -0.0805484876036644 -0.0696137547492981 -0.07107242941856384 -0.03296481817960739 -0.03296481817960739 -0.048824623227119446 -0.04035237058997154 -0.047383494675159454 -0.03296481817960739 -0.03957798704504967 -0.017673084512352943 -0.009293464943766594 -0.0016205960419028997 -0.0014713199343532324 -0.0014155721291899681 -0.0007059267954900861 -0.000720153737347573 -0.0006394173833541572 -0.0006160400807857513
-0.16292919218540192 -0.16292919218540192 -0.16292919218540192 -0.56099534034729 -0.56099534034729 -0.56099534034729 -0.4184073209762573 -0.4184073209762573 -0.4184073209762573 -0.4184073209762573 -0.4184073209762573 -0.4184073209762573 -0.4184073209762573 -0.4184073209762573 -0.16292919218540192 -0.20571306347846985 -0.16292919218540192 -0.16292919218540192 -0.16292919218540192 -0.20571306347846985 -0.16292919218540192 -0.3343602120876312 -0.3315899968147278 -0.16292919218540192 -0.20571306347846985 -0.23562099039554596 -0.16292919218540192 -0.16292919218540192 -0.20571306347846985 -0.18983423709869385 -0.155852273106575 -0.09172462671995163 -0.09172462671995163 -0.08639372140169144 -0.0805484876036644 -0.0696137547492981 -0.07107242941856384 -0.03296481817960739 -0.03296481817960739 -0.048824623227119446 -0.04035237058997154 -0.047383494675159454 -0.03296481817960739 -0.03957798704504967 -0.017673084512352943 -0.009293464943766594 -0.0016205960419028997 -0.0014713199343532324 -0.0014155721291899681 -0.0007059267954900861 -0.000720153737347573 -0.0006394173833541572 -0.0006160400807857513
-0.16292919218540192 -0.16292919218540192 -0.16292919218540192 -0.4184073209762573 -0.4184073209762573 -0.4184073209762573 -0.4184073209762573 -0.4184073209762573 -0.4184073209762573 -0.4184073209762573 -0.4184073209762573 -0.4184073209762573 -0.4184073209762573 -0.4184073209762573 -0.16292919218540192 -0.20571306347846985 -0.16292919218540192 -0.16292919218540192 -0.16292919218540192 -0.20571306347846985 -0.16292919218540192 -0.3343602120876312 -0.3315899968147278 -0.16292919218540192 -0.20571306347846985 -0.23562099039554596 -0.16292919218540192 -0.16292919218540192 -0.20571306347846985 -0.18983423709869385 -0.155852273106575 -0.09172462671995163 -0.09172462671995163 -0.08639372140169144 -0.0805484876036644 -0.0696137547492981 -0.07107242941856384 -0.03296481817960739 -0.03296481817960739 -0.048824623227119446 -0.04035237058997154 -0.047383494675159454 -0.03296481817960739 -0.03957798704504967 -0.017673084512352943 -0.009293464943766594 -0.0016205960419028997 -0.0014713199343532324 -0.0014155721291899681 -0.0007059267954900861 -0.000720153737347573 -0.0006394173833541572 -0.0006160400807857513
-0.22408916056156158 -0.22408916056156158 -0.22408916056156158 -0.16292919218540192 -0.16292919218540192 -0.16292919218540192 -0.16292919218540192 -0.16292919218540192 -0.16292919218540192 -0.16292919218540192 -0.16292919218540192 -0.16292919218540192 -0.16292919218540192 -0.16292919218540192 -0.24503260850906372 -0.16292919218540192 -0.40627962350845337 -0.24503260850906372 -0.24503260850906372 -0.16292919218540192 -0.2940935492515564 -0.16292919218540192 -0.16292919218540192 -0.24503260850906372 -0.16292919218540192 -0.16292919218540192 -0.20856285095214844 -0.20856285095214844 -0.16292919218540192 -0.16292919218540192 -0.155852273106575 -0.09172462671995163 -0.09172462671995163 -0.08639372140169144 -0.0805484876036644 -0.0696137547492981 -0.07107242941856384 -0.03296481817960739 -0.03296481817960739 -0.048824623227119446 -0.04035237058997154 -0.047383494675159454 -0.03296481817960739 -0.03957798704504967 -0.017673084512352943 -0.009293464943766594 -0.0016205960419028997 -0.0014713199343532324 -0.0014155721291899681 -0.0007059267954900861 -0.000720153737347573 -0.0006394173833541572 -0.0006160400807857513
-0.22408916056156158 -0.22408916056156158 -0.22408916056156158 -0.16292919218540192 -0.16292919218540192 -0.16292919218540192 -0.16292919218540192 -0.16292919218540192 -0.16292919218540192 -0.16292919218540192 -0.16292919218540192 -0.16292919218540192 -0.16292919218540192 -0.16292919218540192 -0.24503260850906372 -0.16292919218540192 -0.40627962350845337 -0.24503260850906372 -0.24503260850906372 -0.16292919218540192 -0.2940935492515564 -0.16292919218540192 -0.16292919218540192 -0.24503260850906372 -0.16292919218540192 -0.16292919218540192 -0.20856285095214844 -0.20856285095214844 -0.16292919218540192 -0.16292919218540192 -0.155852273106575 -0.09172462671995163 -0.09172462671995163 -0.08639372140169144 -0.0805484876036644 -0.0696137547492981 -0.07107242941856384 -0.03296481817960739 -0.03296481817960739 -0.048824623227119446 -0.04035237058997154 -0.047383494675159454 -0.03296481817960739 -0.03957798704504967 -0.017673084512352943 -0.009293464943766594 -0.0016205960419028997 -0.0014713199343532324 -0.0014155721291899681 -0.0007059267954900861 -0.000720153737347573 -0.0006394173833541572 -0.0006160400807857513
-0.16292919218540192 -0.16292919218540192 -0.16292919218540192 -0.4184073209762573 -0.4184073209762573 -0.4184073209762573 -0.46064844727516174 -0.46064844727516174 -0.46064844727516174 -0.46064844727516174 -0.46064844727516174 -0.46064844727516174 -0.46064844727516174 -0.45724591612815857 -0.16292919218540192 -0.20571306347846985 -0.16292919218540192 -0.16292919218540192 -0.16292919218540192 -0.20571306347846985 -0.16292919218540192 -0.3343602120876312 -0.3315899968147278 -0.16292919218540192 -0.20571306347846985 -0.23562099039554596 -0.16292919218540192 -0.16292919218540192 -0.20571306347846985 -0.18983423709869385 -0.155852273106575 -0.09172462671995163 -0.09172462671995163 -0.08639372140169144 -0.0805484876036644 -0.0696137547492981 -0.07107242941856384 -0.03296481817960739 -0.03296481817960739 -0.048824623227119446 -0.04035237058997154 -0.047383494675159454 -0.03296481817960739 -0.03957798704504967 -0.017673084512352943 -0.009293464943766594 -0.0016205960419028997 -0.0014713199343532324 -0.0014155721291899681 -0.0007059267954900861 -0.000720153737347573 -0.0006394173833541572 -0.0006160400807857513
-0.22408916056156158 -0.22408916056156158 -0.22408916056156158 -0.16292919218540192 -0.16292919218540192 -0.16292919218540192 -0.16292919218540192 -0.16292919218540192 -0.16292919218540192 -0.16292919218540192 -0.16292919218540192 -0.16292919218540192 -0.16292919218540192 -0.16292919218540192 -0.24503260850906372 -0.16292919218540192 -0.40627962350845337 -0.24503260850906372 -0.24503260850906372 -0.16292919218540192 -0.2940935492515564 -0.16292919218540192 -0.16292919218540192 -0.24503260850906372 -0.16292919218540192 -0.16292919218540192 -0.20856285095214844 -0.20856285095214844 -0.16292919218540192 -0.16292919218540192 -0.155852273106575 -0.09172462671995163 -0.09172462671995163 -0.08639372140169144 -0.0805484876036644 -0.0696137547492981 -0.07107242941856384 -0.03296481817960739 -0.03296481817960739 -0.048824623227119446 -0.04035237058997154 -0.047383494675159454 -0.03296481817960739 -0.03957798704504967 -0.017673084512352943 -0.009293464943766594 -0.0016205960419028997 -0.0014713199343532324 -0.0014155721291899681 -0.0007059267954900861 -0.000720153737347573 -0.0006394173833541572 -0.0006160400807857513
-0.16292919218540192 -0.16292919218540192 -0.16292919218540192 -0.4184073209762573 -0.4184073209762573 -0.4184073209762573 -0.46064844727516174 -0.46064844727516174 -0.46064844727516174 -0.46064844727516174 -0.46064844727516174 -0.46064844727516174 -0.4620504081249237 -0.45724591612815857 -0.16292919218540192 -0.20571306347846985 -0.16292919218540192 -0.16292919218540192 -0.16292919218540192 -0.20571306347846985 -0.16292919218540192 -0.3343602120876312 -0.3315899968147278 -0.16292919218540192 -0.20571306347846985 -0.23562099039554596 -0.16292919218540192 -0.16292919218540192 -0.20571306347846985 -0.18983423709869385 -0.155852273106575 -0.09172462671995163 -0.09172462671995163 -0.08639372140169144 -0.0805484876036644 -0.0696137547492981 -0.07107242941856384 -0.03296481817960739 -0.03296481817960739 -0.048824623227119446 -0.04035237058997154 -0.047383494675159454 -0.03296481817960739 -0.03957798704504967 -0.017673084512352943 -0.009293464943766594 -0.0016205960419028997 -0.0014713199343532324 -0.0014155721291899681 -0.0007059267954900861 -0.000720153737347573 -0.0006394173833541572 -0.0006160400807857513
-0.16292919218540192 -0.16292919218540192 -0.16292919218540192 -0.4184073209762573 -0.4184073209762573 -0.4184073209762573 -0.45724591612815857 -0.45724591612815857 -0.45724591612815857 -0.45724591612815857 -0.45724591612815857 -0.45724591612815857 -0.45724591612815857 -0.45724591612815857 -0.16292919218540192 -0.20571306347846985 -0.16292919218540192 -0.16292919218540192 -0.16292919218540192 -0.20571306347846985 -0.16292919218540192 -0.3343602120876312 -0.3315899968147278 -0.16292919218540192 -0.20571306347846985 -0.23562099039554596 -0.16292919218540192 -0.16292919218540192 -0.20571306347846985 -0.18983423709869385 -0.155852273106575 -0.09172462671995163 -0.09172462671995163 -0.08639372140169144 -0.0805484876036644 -0.0696137547492981 -0.07107242941856384 -0.03296481817960739 -0.03296481817960739 -0.048824623227119446 -0.04035237058997154 -0.047383494675159454 -0.03296481817960739 -0.03957798704504967 -0.017673084512352943 -0.009293464943766594 -0.0016205960419028997 -0.0014713199343532324 -0.0014155721291899681 -0.0007059267954900861 -0.000720153737347573 -0.0006394173833541572 -0.0006160400807857513
-0.16292919218540192 -0.16292919218540192 -0.16292919218540192 -0.4184073209762573 -0.4184073209762573 -0.4184073209762573 -0.45724591612815857 -0.45724591612815857 -0.45724591612815857 -0.45724591612815857 -0.45724591612815857 -0.45724591612815857 -0.45724591612815857 -0.45724591612815857 -0.16292919218540192 -0.20571306347846985 -0.16292919218540192 -0.16292919218540192 -0.16292919218540192 -0.20571306347846985 -0.16292919218540192 -0.3343602120876312 -0.3315899968147278 -0.16292919218540192 -0.20571306347846985 -0.23562099039554596 -0.16292919218540192 -0.16292919218540192 -0.20571306347846985 -0.18983423709869385 -0.155852273106575 -0.09172462671995163 -0.09172462671995163 -0.08639372140169144 -0.0805484876036644 -0.0696137547492981 -0.07107242941856384 -0.03296481817960739 -0.03296481817960739 -0.048824623227119446 -0.04035237058997154 -0.047383494675159454 -0.03296481817960739 -0.03957798704504967 -0.017673084512352943 -0.009293464943766594 -0.0016205960419028997 -0.0014713199343532324 -0.0014155721291899681 -0.0007059267954900861 -0.000720153737347573 -0.0006394173833541572 -0.0006160400807857513
-0.22408916056156158 -0.22408916056156158 -0.22408916056156158 -0.16292919218540192 -0.16292919218540192 -0.16292919218540192 -0.16292919218540192 -0.16292919218540192 -0.16292919218540192 -0.16292919218540192 -0.16292919218540192 -0.16292919218540192 -0.16292919218540192 -0.16292919218540192 -0.24503260850906372 -0.16292919218540192 -0.40627962350845337 -0.24503260850906372 -0.24503260850906372 -0.16292919218540192 -0.2940935492515564 -0.16292919218540192 -0.16292919218540192 -0.24503260850906372 -0.16292919218540192 -0.16292919218540192 -0.20856285095214844 -0.20856285095214844 -0.16292919218540192 -0.16292919218540192 -0.155852273106575 -0.09172462671995163 -0.09172462671995163 -0.08639372140169144 -0.0805484876036644 -0.0696137547492981 -0.07107242941856384 -0.03296481817960739 -0.03296481817960739 -0.048824623227119446 -0.04035237058997154 -0.047383494675159454 -0.03296481817960739 -0.03957798704504967 -0.017673084512352943 -0.009293464943766594 -0.0016205960419028997 -0.0014713199343532324 -0.0014155721291899681 -0.0007059267954900861 -0.000720153737347573 -0.0006394173833541572 -0.0006160400807857513
-0.22408916056156158 -0.22408916056156158 -0.22408916056156158 -0.16292919218540192 -0.16292919218540192 -0.16292919218540192 -0.16292919218540192 -0.16292919218540192 -0.16292919218540192 -0.16292919218540192 -0.16292919218540192 -0.16292919218540192 -0.16292919218540192 -0.16292919218540192 -0.24503260850906372 -0.16292919218540192 -0.40627962350845337 -0.24503260850906372 -0.24503260850906372 -0.16292919218540192 -0.2940935492515564 -0.16292919218540192 -0.16292919218540192 -0.24503260850906372 -0.16292919218540192 -0.16292919218540192 -0.20856285095214844 -0.20856285095214844 -0.16292919218540192 -0.16292919218540192 -0.155852273106575 -0.09172462671995163 -0.09172462671995163 -0.08639372140169144 -0.0805484876036644 -0.0696137547492981 -0.07107242941856384 -0.03296481817960739 -0.03296481817960739 -0.048824623227119446 -0.04035237058997154 -0.047383494675159454 -0.03296481817960739 -0.03957798704504967 -0.017673084512352943 -0.009293464943766594 -0.0016205960419028997 -0.0014713199343532324 -0.0014155721291899681 -0.0007059267954900861 -0.000720153737347573 -0.0006394173833541572 -0.0006160400807857513
-0.16292919218540192 -0.16292919218540192 -0.16292919218540192 -0.3315899968147278 -0.3315899968147278 -0.3315899968147278 -0.3315899968147278 -0.3315899968147278 -0.3315899968147278 -0.3315899968147278 -0.3315899968147278 -0.3315899968147278 -0.3315899968147278 -0.3315899968147278 -0.16292919218540192 -0.20571306347846985 -0.16292919218540192 -0.16292919218540192 -0.16292919218540192 -0.20571306347846985 -0.16292919218540192 -0.3315899968147278 -0.3315899968147278 -0.16292919218540192 -0.20571306347846985 -0.23562099039554596 -0.16292919218540192 -0.16292919218540192 -0.20571306347846985 -0.18983423709869385 -0.155852273106575 -0.09172462671995163 -0.09172462671995163 -0.08639372140169144 -0.0805484876036644 -0.0696137547492981 -0.07107242941856384 -0.03296481817960739 -0.03296481817960739 -0.048824623227119446 -0.04035237058997154 -0.047383494675159454 -0.03296481817960739 -0.03957798704504967 -0.017673084512352943 -0.009293464943766594 -0.0016205960419028997 -0.0014713199343532324 -0.0014155721291899681 -0.0007059267954900861 -0.000720153737347573 -0.0006394173833541572 -0.0006160400807857513
-0.16292919218540192 -0.16292919218540192 -0.16292919218540192 -0.23562099039554596 -0.23562099039554596 -0.23562099039554596 -0.23562099039554596 -0.23562099039554596 -0.23562099039554596 -0.23562099039554596 -0.23562099039554596 -0.23562099039554596 -0.23562099039554596 -0.23562099039554596 -0.16292919218540192 -0.20571306347846985 -0.16292919218540192 -0.16292919218540192 -0.16292919218540192 -0.20571306347846985 -0.16292919218540192 -0.23562099039554596 -0.23562099039554596 -0.16292919218540192 -0.20571306347846985 -0.23562099039554596 -0.16292919218540192 -0.16292919218540192 -0.20571306347846985 -0.18983423709869385 -0.155852273106575 -0.09172462671995163 -0.09172462671995163 -0.08639372140169144 -0.0805484876036644 -0.0696137547492981 -0.07107242941856384 -0.03296481817960739 -0.03296481817960739 -0.048824623227119446 -0.04035237058997154 -0.047383494675159454 -0.03296481817960739 -0.03957798704504967 -0.017673084512352943 -0.009293464943766594 -0.0016205960419028997 -0.0014713199343532324 -0.0014155721291899681 -0.0007059267954900861 -0.000720153737347573 -0.0006394173833541572 -0.0006160400807857513
-0.22408916056156158 -0.22408916056156158 -0.22408916056156158 -0.16292919218540192 -0.16292919218540192 -0.16292919218540192 -0.16292919218540192 -0.16292919218540192 -0.16292919218540192 -0.16292919218540192 -0.16292919218540192 -0.16292919218540192 -0.16292919218540192 -0.16292919218540192 -0.3117484450340271 -0.16292919218540192 -0.24503260850906372 -0.3117484450340271 -0.37477225065231323 -0.16292919218540192 -0.24503260850906372 -0.16292919218540192 -0.16292919218540192 -0.3090195655822754 -0.16292919218540192 -0.16292919218540192 -0.20856285095214844 -0.20856285095214844 -0.16292919218540192 -0.16292919218540192 -0.155852273106575 -0.09172462671995163 -0.09172462671995163 -0.08639372140169144 -0.0805484876036644 -0.0696137547492981 -0.07107242941856384 -0.03296481817960739 -0.03296481817960739 -0.048824623227119446 -0.04035237058997154 -0.047383494675159454 -0.03296481817960739 -0.03957798704504967 -0.017673084512352943 -0.009293464943766594 -0.0016205960419028997 -0.0014713199343532324 -0.0014155721291899681 -0.0007059267954900861 -0.000720153737347573 -0.0006394173833541572 -0.0006160400807857513
-0.22408916056156158 -0.22408916056156158 -0.22408916056156158 -0.16292919218540192 -0.16292919218540192 -0.16292919218540192 -0.16292919218540192 -0.16292919218540192 -0.16292919218540192 -0.16292919218540192 -0.16292919218540192 -0.16292919218540192 -0.16292919218540192 -0.16292919218540192 -0.3117484450340271 -0.16292919218540192 -0.24503260850906372 -0.3117484450340271 -0.37477225065231323 -0.16292919218540192 -0.24503260850906372 -0.16292919218540192 -0.16292919218540192 -0.3090195655822754 -0.16292919218540192 -0.16292919218540192 -0.20856285095214844 -0.20856285095214844 -0.16292919218540192 -0.16292919218540192 -0.155852273106575 -0.09172462671995163 -0.09172462671995163 -0.08639372140169144 -0.0805484876036644 -0.0696137547492981 -0.07107242941856384 -0.03296481817960739 -0.03296481817960739 -0.048824623227119446 -0.04035237058997154 -0.047383494675159454 -0.03296481817960739 -0.03957798704504967 -0.017673084512352943 -0.009293464943766594 -0.0016205960419028997 -0.0014713199343532324 -0.0014155721291899681 -0.0007059267954900861 -0.000720153737347573 -0.0006394173833541572 -0.0006160400807857513
-0.22408916056156158 -0.22408916056156158 -0.22408916056156158 -0.16292919218540192 -0.16292919218540192 -0.16292919218540192 -0.16292919218540192 -0.16292919218540192 -0.16292919218540192 -0.16292919218540192 -0.16292919218540192 -0.16292919218540192 -0.16292919218540192 -0.16292919218540192 -0.3513878285884857 -0.16292919218540192 -0.24503260850906372 -0.3513878285884857 -0.3117484450340271 -0.16292919218540192 -0.24503260850906372 -0.16292919218540192 -0.16292919218540192 -0.3090195655822754 -0.16292919218540192 -0.16292919218540192 -0.20856285095214844 -0.20856285095214844 -0.16292919218540192 -0.16292919218540192 -0.155852273106575 -0.09172462671995163 -0.09172462671995163 -0.08639372140169144 -0.0805484876036644 -0.0696137547492981 -0.07107242941856384 -0.03296481817960739 -0.03296481817960739 -0.048824623227119446 -0.04035237058997154 -0.047383494675159454 -0.03296481817960739 -0.03957798704504967 -0.017673084512352943 -0.009293464943766594 -0.0016205960419028997 -0.0014713199343532324 -0.0014155721291899681 -0.0007059267954900861 -0.000720153737347573 -0.0006394173833541572 -0.0006160400807857513
-0.22408916056156158 -0.22408916056156158 -0.22408916056156158 -0.16292919218540192 -0.16292919218540192 -0.16292919218540192 -0.16292919218540192 -0.16292919218540192 -0.16292919218540192 -0.16292919218540192 -0.16292919218540192 -0.16292919218540192 -0.16292919218540192 -0.16292919218540192 -0.33232372999191284 -0.16292919218540192 -0.24503260850906372 -0.33232372999191284 -0.3117484450340271 -0.16292919218540192 -0.24503260850906372 -0.16292919218540192 -0.16292919218540192 -0.3090195655822754 -0.16292919218540192 -0.16292919218540192 -0.20856285095214844 -0.20856285095214844 -0.16292919218540192 -0.16292919218540192 -0.155852273106575 -0.09172462671995163 -0.09172462671995163 -0.08639372140169144 -0.0805484876036644 -0.0696137547492981 -0.07107242941856384 -0.03296481817960739 -0.03296481817960739 -0.048824623227119446 -0.04035237058997154 -0.047383494675159454 -0.03296481817960739 -0.03957798704504967 -0.017673084512352943 -0.009293464943766594 -0.0016205960419028997 -0.0014713199343532324 -0.0014155721291899681 -0.0007059267954900861 -0.000720153737347573 -0.0006394173833541572 -0.0006160400807857513
-0.16292919218540192 -0.16292919218540192 -0.16292919218540192 -0.23562099039554596 -0.23562099039554596 -0.23562099039554596 -0.23562099039554596 -0.23562099039554596 -0.23562099039554596 -0.23562099039554596 -0.23562099039554596 -0.23562099039554596 -0.23562099039554596 -0.23562099039554596 -0.16292919218540192 -0.20571306347846985 -0.16292919218540192 -0.16292919218540192 -0.16292919218540192 -0.20571306347846985 -0.16292919218540192 -0.23562099039554596 -0.23562099039554596 -0.16292919218540192 -0.20571306347846985 -0.25208717584609985 -0.16292919218540192 -0.16292919218540192 -0.20571306347846985 -0.18983423709869385 -0.155852273106575 -0.09172462671995163 -0.09172462671995163 -0.08639372140169144 -0.0805484876036644 -0.0696137547492981 -0.07107242941856384 -0.03296481817960739 -0.03296481817960739 -0.048824623227119446 -0.04035237058997154 -0.047383494675159454 -0.03296481817960739 -0.03957798704504967 -0.017673084512352943 -0.009293464943766594 -0.0016205960419028997 -0.0014713199343532324 -0.0014155721291899681 -0.0007059267954900861 -0.000720153737347573 -0.0006394173833541572 -0.0006160400807857513
-0.22408916056156158 -0.22408916056156158 -0.22408916056156158 -0.16292919218540192 -0.16292919218540192 -0.16292919218540192 -0.16292919218540192 -0.16292919218540192 -0.16292919218540192 -0.16292919218540192 -0.16292919218540192 -0.16292919218540192 -0.16292919218540192 -0.16292919218540192 -0.31562238931655884 -0.16292919218540192 -0.24503260850906372 -0.31562238931655884 -0.3117484450340271 -0.16292919218540192 -0.24503260850906372 -0.16292919218540192 -0.16292919218540192 -0.3090195655822754 -0.16292919218540192 -0.16292919218540192 -0.20856285095214844 -0.20856285095214844 -0.16292919218540192 -0.16292919218540192 -0.155852273106575 -0.09172462671995163 -0.09172462671995163 -0.08639372140169144 -0.0805484876036644 -0.0696137547492981 -0.07107242941856384 -0.03296481817960739 -0.03296481817960739 -0.048824623227119446 -0.04035237058997154 -0.047383494675159454 -0.03296481817960739 -0.03957798704504967 -0.017673084512352943 -0.009293464943766594 -0.0016205960419028997 -0.0014713199343532324 -0.0014155721291899681 -0.0007059267954900861 -0.000720153737347573 -0.0006394173833541572 -0.0006160400807857513
-0.22408916056156158 -0.22408916056156158 -0.22408916056156158 -0.16292919218540192 -0.16292919218540192 -0.16292919218540192 -0.16292919218540192 -0.16292919218540192 -0.16292919218540192 -0.16292919218540192 -0.16292919218540192 -0.16292919218540192 -0.16292919218540192 -0.16292919218540192 -0.30731505155563354 -0.16292919218540192 -0.24503260850906372 -0.30731505155563354 -0.30731505155563354 -0.16292919218540192 -0.24503260850906372 -0.16292919218540192 -0.16292919218540192 -0.30731505155563354 -0.16292919218540192 -0.16292919218540192 -0.20856285095214844 -0.20856285095214844 -0.16292919218540192 -0.16292919218540192 -0.155852273106575 -0.09172462671995163 -0.09172462671995163 -0.08639372140169144 -0.0805484876036644 -0.0696137547492981 -0.07107242941856384 -0.03296481817960739 -0.03296481817960739 -0.048824623227119446 -0.04035237058997154 -0.047383494675159454 -0.03296481817960739 -0.03957798704504967 -0.017673084512352943 -0.009293464943766594 -0.0016205960419028997 -0.0014713199343532324 -0.0014155721291899681 -0.0007059267954900861 -0.000720153737347573 -0.0006394173833541572 -0.0006160400807857513
-0.22408916056156158 -0.22408916056156158 -0.22408916056156158 -0.16292919218540192 -0.16292919218540192 -0.16292919218540192 -0.16292919218540192 -0.16292919218540192 -0.16292919218540192 -0.16292919218540192 -0.16292919218540192 -0.16292919218540192 -0.16292919218540192 -0.16292919218540192 -0.26078084111213684 -0.16292919218540192 -0.24503260850906372 -0.26078084111213684 -0.26078084111213684 -0.16292919218540192 -0.24503260850906372 -0.16292919218540192 -0.16292919218540192 -0.26078084111213684 -0.16292919218540192 -0.16292919218540192 -0.20856285095214844 -0.20856285095214844 -0.16292919218540192 -0.16292919218540192 -0.155852273106575 -0.09172462671995163 -0.09172462671995163 -0.08639372140169144 -0.0805484876036644 -0.0696137547492981 -0.07107242941856384 -0.03296481817960739 -0.03296481817960739 -0.048824623227119446 -0.04035237058997154 -0.047383494675159454 -0.03296481817960739 -0.03957798704504967 -0.017673084512352943 -0.009293464943766594 -0.0016205960419028997 -0.0014713199343532324 -0.0014155721291899681 -0.0007059267954900861 -0.000720153737347573 -0.0006394173833541572 -0.0006160400807857513
-0.20856285095214844 -0.20856285095214844 -0.20856285095214844 -0.16292919218540192 -0.16292919218540192 -0.16292919218540192 -0.16292919218540192 -0.16292919218540192 -0.16292919218540192 -0.16292919218540192 -0.16292919218540192 -0.16292919218540192 -0.16292919218540192 -0.16292919218540192 -0.20856285095214844 -0.16292919218540192 -0.20856285095214844 -0.20856285095214844 -0.20856285095214844 -0.16292919218540192 -0.20856285095214844 -0.16292919218540192 -0.16292919218540192 -0.20856285095214844 -0.16292919218540192 -0.16292919218540192 -0.20856285095214844 -0.20856285095214844 -0.16292919218540192 -0.16292919218540192 -0.155852273106575 -0.09172462671995163 -0.09172462671995163 -0.08639372140169144 -0.0805484876036644 -0.0696137547492981 -0.07107242941856384 -0.03296481817960739 -0.03296481817960739 -0.048824623227119446 -0.04035237058997154 -0.047383494675159454 -0.03296481817960739 -0.03957798704504967 -0.017673084512352943 -0.009293464943766594 -0.0016205960419028997 -0.0014713199343532324 -0.0014155721291899681 -0.0007059267954900861 -0.000720153737347573 -0.0006394173833541572 -0.0006160400807857513
-0.20856285095214844 -0.20856285095214844 -0.20856285095214844 -0.16292919218540192 -0.16292919218540192 -0.16292919218540192 -0.16292919218540192 -0.16292919218540192 -0.16292919218540192 -0.16292919218540192 -0.16292919218540192 -0.16292919218540192 -0.16292919218540192 -0.16292919218540192 -0.20856285095214844 -0.16292919218540192 -0.20856285095214844 -0.20856285095214844 -0.20856285095214844 -0.16292919218540192 -0.20856285095214844 -0.16292919218540192 -0.16292919218540192 -0.20856285095214844 -0.16292919218540192 -0.16292919218540192 -0.2119288593530655 -0.2119288593530655 -0.16292919218540192 -0.16292919218540192 -0.155852273106575 -0.09172462671995163 -0.09172462671995163 -0.08639372140169144 -0.0805484876036644 -0.0696137547492981 -0.07107242941856384 -0.03296481817960739 -0.03296481817960739 -0.048824623227119446 -0.04035237058997154 -0.047383494675159454 -0.03296481817960739 -0.03957798704504967 -0.017673084512352943 -0.009293464943766594 -0.0016205960419028997 -0.0014713199343532324 -0.0014155721291899681 -0.0007059267954900861 -0.000720153737347573 -0.0006394173833541572 -0.0006160400807857513
-0.16292919218540192 -0.16292919218540192 -0.16292919218540192 -0.21032585203647614 -0.21032585203647614 -0.21032585203647614 -0.21032585203647614 -0.21032585203647614 -0.21032585203647614 -0.21032585203647614 -0.21032585203647614 -0.21032585203647614 -0.21032585203647614 -0.21032585203647614 -0.16292919218540192 -0.20571306347846985 -0.16292919218540192 -0.16292919218540192 -0.16292919218540192 -0.20571306347846985 -0.16292919218540192 -0.21032585203647614 -0.21032585203647614 -0.16292919218540192 -0.20571306347846985 -0.21032585203647614 -0.16292919218540192 -0.16292919218540192 -0.20571306347846985 -0.18983423709869385 -0.155852273106575 -0.09172462671995163 -0.09172462671995163 -0.08639372140169144 -0.0805484876036644 -0.0696137547492981 -0.07107242941856384 -0.03296481817960739 -0.03296481817960739 -0.048824623227119446 -0.04035237058997154 -0.047383494675159454 -0.03296481817960739 -0.03957798704504967 -0.017673084512352943 -0.009293464943766594 -0.0016205960419028997 -0.0014713199343532324 -0.0014155721291899681 -0.0007059267954900861 -0.000720153737347573 -0.0006394173833541572 -0.0006160400807857513
-0.20754721760749817 -0.20754721760749817 -0.20754721760749817 -0.16292919218540192 -0.16292919218540192 -0.16292919218540192 -0.16292919218540192 -0.16292919218540192 -0.16292919218540192 -0.16292919218540192 -0.16292919218540192 -0.16292919218540192 -0.16292919218540192 -0.16292919218540192 -0.20754721760749817 -0.16292919218540192 -0.20754721760749817 -0.20754721760749817 -0.20754721760749817 -0.16292919218540192 -0.20754721760749817 -0.16292919218540192 -0.16292919218540192 -0.20754721760749817 -0.16292919218540192 -0.16292919218540192 -0.20754721760749817 -0.20754721760749817 -0.16292919218540192 -0.16292919218540192 -0.155852273106575 -0.09172462671995163 -0.09172462671995163 -0.08639372140169144 -0.0805484876036644 -0.0696137547492981 -0.07107242941856384 -0.03296481817960739 -0.03296481817960739 -0.048824623227119446 -0.04035237058997154 -0.047383494675159454 -0.03296481817960739 -0.03957798704504967 -0.017673084512352943 -0.009293464943766594 -0.0016205960419028997 -0.0014713199343532324 -0.0014155721291899681 -0.0007059267954900861 -0.000720153737347573 -0.0006394173833541572 -0.0006160400807857513
-0.16292919218540192 -0.16292919218540192 -0.16292919218540192 -0.20571306347846985 -0.20571306347846985 -0.20571306347846985 -0.20571306347846985 -0.20571306347846985 -0.20571306347846985 -0.20571306347846985 -0.20571306347846985 -0.20571306347846985 -0.20571306347846985 -0.20571306347846985 -0.16292919218540192 -0.20576727390289307 -0.16292919218540192 -0.16292919218540192 -0.16292919218540192 -0.20576727390289307 -0.16292919218540192 -0.20571306347846985 -0.20571306347846985 -0.16292919218540192 -0.20576727390289307 -0.20571306347846985 -0.16292919218540192 -0.16292919218540192 -0.20576727390289307 -0.18983423709869385 -0.155852273106575 -0.09172462671995163 -0.09172462671995163 -0.08639372140169144 -0.0805484876036644 -0.0696137547492981 -0.07107242941856384 -0.03296481817960739 -0.03296481817960739 -0.048824623227119446 -0.04035237058997154 -0.047383494675159454 -0.03296481817960739 -0.03957798704504967 -0.017673084512352943 -0.009293464943766594 -0.0016205960419028997 -0.0014713199343532324 -0.0014155721291899681 -0.0007059267954900861 -0.000720153737347573 -0.0006394173833541572 -0.0006160400807857513
-0.048824623227119446 -0.048824623227119446 -0.048824623227119446 -0.048824623227119446 -0.048824623227119446 -0.048824623227119446 -0.048824623227119446 -0.048824623227119446 -0.048824623227119446 -0.048824623227119446 -0.048824623227119446 -0.048824623227119446 -0.048824623227119446 -0.048824623227119446 -0.048824623227119446 -0.048824623227119446 -0.048824623227119446 -0.048824623227119446 -0.048824623227119446 -0.048824623227119446 -0.048824623227119446 -0.048824623227119446 -0.048824623227119446 -0.048824623227119446 -0.048824623227119446 -0.048824623227119446 -0.048824623227119446 -0.048824623227119446 -0.048824623227119446 -0.048824623227119446 -0.048824623227119446 -0.048824623227119446 -0.048824623227119446 -0.048824623227119446 -0.048824623227119446 -0.048824623227119446 -0.048824623227119446 -0.03296481817960739 -0.03296481817960739 -0.048824623227119446 -0.04035237058997154 -0.047383494675159454 -0.03296481817960739 -0.03957798704504967 -0.017673084512352943 -0.009293464943766594 -0.0016205960419028997 -0.0014713199343532324 -0.0014155721291899681 -0.0007059267954900861 -0.000720153737347573 -0.0006394173833541572 -0.0006160400807857513
-0.14614719152450562 -0.14614719152450562 -0.14614719152450562 -0.14614719152450562 -0.14614719152450562 -0.14614719152450562 -0.14614719152450562 -0.14614719152450562 -0.14614719152450562 -0.14614719152450562 -0.14614719152450562 -0.14614719152450562 -0.14614719152450562 -0.14614719152450562 -0.14614719152450562 -0.14614719152450562 -0.14614719152450562 -0.14614719152450562 -0.14614719152450562 -0.14614719152450562 -0.14614719152450562 -0.14614719152450562 -0.14614719152450562 -0.14614719152450562 -0.14614719152450562 -0.14614719152450562 -0.14614719152450562 -0.14614719152450562 -0.14614719152450562 -0.14614719152450562 -0.14614719152450562 -0.09172462671995163 -0.09172462671995163 -0.08639372140169144 -0.0805484876036644 -0.0696137547492981 -0.07107242941856384 -0.03296481817960739 -0.03296481817960739 -0.048824623227119446 -0.04035237058997154 -0.047383494675159454 -0.03296481817960739 -0.03957798704504967 -0.017673084512352943 -0.009293464943766594 -0.0016205960419028997 -0.0014713199343532324 -0.0014155721291899681 -0.0007059267954900861 -0.000720153737347573 -0.0006394173833541572 -0.0006160400807857513
-0.14530998468399048 -0.14530998468399048 -0.14530998468399048 -0.14530998468399048 -0.14530998468399048 -0.14530998468399048 -0.14530998468399048 -0.14530998468399048 -0.14530998468399048 -0.14530998468399048 -0.14530998468399048 -0.14530998468399048 -0.14530998468399048 -0.14530998468399048 -0.14530998468399048 -0.14530998468399048 -0.14530998468399048 -0.14530998468399048 -0.14530998468399048 -0.14530998468399048 -0.14530998468399048 -0.14530998468399048 -0.14530998468399048 -0.14530998468399048 -0.14530998468399048 -0.14530998468399048 -0.14530998468399048 -0.14530998468399048 -0.14530998468399048 -0.14530998468399048 -0.14530998468399048 -0.09172462671995163 -0.09172462671995163 -0.08639372140169144 -0.0805484876036644 -0.0696137547492981 -0.07107242941856384 -0.03296481817960739 -0.03296481817960739 -0.048824623227119446 -0.04035237058997154 -0.047383494675159454 -0.03296481817960739 -0.03957798704504967 -0.017673084512352943 -0.009293464943766594 -0.0016205960419028997 -0.0014713199343532324 -0.0014155721291899681 -0.0007059267954900861 -0.000720153737347573 -0.0006394173833541572 -0.0006160400807857513
-0.13224907219409943 -0.13224907219409943 -0.13224907219409943 -0.13224907219409943 -0.13224907219409943 -0.13224907219409943 -0.13224907219409943 -0.13224907219409943 -0.13224907219409943 -0.13224907219409943 -0.13224907219409943 -0.13224907219409943 -0.13224907219409943 -0.13224907219409943 -0.13224907219409943 -0.13224907219409943 -0.13224907219409943 -0.13224907219409943 -0.13224907219409943 -0.13224907219409943 -0.13224907219409943 -0.13224907219409943 -0.13224907219409943 -0.13224907219409943 -0.13224907219409943 -0.13224907219409943 -0.13224907219409943 -0.13224907219409943 -0.13224907219409943 -0.13224907219409943 -0.13224907219409943 -0.09172462671995163 -0.09172462671995163 -0.08639372140169144 -0.0805484876036644 -0.0696137547492981 -0.07107242941856384 -0.03296481817960739 -0.03296481817960739 -0.048824623227119446 -0.04035237058997154 -0.047383494675159454 -0.03296481817960739 -0.03957798704504967 -0.017673084512352943 -0.009293464943766594 -0.0016205960419028997 -0.0014713199343532324 -0.0014155721291899681 -0.0007059267954900861 -0.000720153737347573 -0.0006394173833541572 -0.0006160400807857513
-0.08639372140169144 -0.08639372140169144 -0.08639372140169144 -0.08639372140169144 -0.08639372140169144 -0.08639372140169144 -0.08639372140169144 -0.08639372140169144 -0.08639372140169144 -0.08639372140169144 -0.08639372140169144 -0.08639372140169144 -0.08639372140169144 -0.08639372140169144 -0.08639372140169144 -0.08639372140169144 -0.08639372140169144 -0.08639372140169144 -0.08639372140169144 -0.08639372140169144 -0.08639372140169144 -0.08639372140169144 -0.08639372140169144 -0.08639372140169144 -0.08639372140169144 -0.08639372140169144 -0.08639372140169144 -0.08639372140169144 -0.08639372140169144 -0.08639372140169144 -0.08639372140169144 -0.08639372140169144 -0.08639372140169144 -0.08639372140169144 -0.0805484876036644 -0.0696137547492981 -0.07107242941856384 -0.03296481817960739 -0.03296481817960739 -0.048824623227119446 -0.04035237058997154 -0.047383494675159454 -0.03296481817960739 -0.03957798704504967 -0.017673084512352943 -0.009293464943766594 -0.0016205960419028997 -0.0014713199343532324 -0.0014155721291899681 -0.0007059267954900861 -0.000720153737347573 -0.0006394173833541572 -0.0006160400807857513
-0.0696137547492981 -0.0696137547492981 -0.0696137547492981 -0.0696137547492981 -0.0696137547492981 -0.0696137547492981 -0.0696137547492981 -0.0696137547492981 -0.0696137547492981 -0.0696137547492981 -0.0696137547492981 -0.0696137547492981 -0.0696137547492981 -0.0696137547492981 -0.0696137547492981 -0.0696137547492981 -0.0696137547492981 -0.0696137547492981 -0.0696137547492981 -0.0696137547492981 -0.0696137547492981 -0.0696137547492981 -0.0696137547492981 -0.0696137547492981 -0.0696137547492981 -0.0696137547492981 -0.0696137547492981 -0.0696137547492981 -0.0696137547492981 -0.0696137547492981 -0.0696137547492981 -0.0696137547492981 -0.0696137547492981 -0.0696137547492981 -0.0696137547492981 -0.07515091449022293 -0.0696137547492981 -0.03296481817960739 -0.03296481817960739 -0.048824623227119446 -0.04035237058997154 -0.047383494675159454 -0.03296481817960739 -0.03957798704504967 -0.017673084512352943 -0.009293464943766594 -0.0016205960419028997 -0.0014713199343532324 -0.0014155721291899681 -0.0007059267954900861 -0.000720153737347573 -0.0006394173833541572 -0.0006160400807857513
-0.047383494675159454 -0.047383494675159454 -0.047383494675159454 -0.047383494675159454 -0.047383494675159454 -0.047383494675159454 -0.047383494675159454 -0.047383494675159454 -0.047383494675159454 -0.047383494675159454 -0.047383494675159454 -0.047383494675159454 -0.047383494675159454 -0.047383494675159454 -0.047383494675159454 -0.047383494675159454 -0.047383494675159454 -0.047383494675159454 -0.047383494675159454 -0.047383494675159454 -0.047383494675159454 -0.047383494675159454 -0.047383494675159454 -0.047383494675159454 -0.047383494675159454 -0.047383494675159454 -0.047383494675159454 -0.047383494675159454 -0.047383494675159454 -0.047383494675159454 -0.047383494675159454 -0.047383494675159454 -0.047383494675159454 -0.047383494675159454 -0.047383494675159454 -0.047383494675159454 -0.047383494675159454 -0.03296481817960739 -0.03296481817960739 -0.047383494675159454 -0.04035237058997154 -0.047383494675159454 -0.03296481817960739 -0.03957798704504967 -0.017673084512352943 -0.009293464943766594 -0.0016205960419028997 -0.0014713199343532324 -0.0014155721291899681 -0.0007059267954900861 -0.000720153737347573 -0.0006394173833541572 -0.0006160400807857513
-0.0805484876036644 -0.0805484876036644 -0.0805484876036644 -0.0805484876036644 -0.0805484876036644 -0.0805484876036644 -0.0805484876036644 -0.0805484876036644 -0.0805484876036644 -0.0805484876036644 -0.0805484876036644 -0.0805484876036644 -0.0805484876036644 -0.0805484876036644 -0.0805484876036644 -0.0805484876036644 -0.0805484876036644 -0.0805484876036644 -0.0805484876036644 -0.0805484876036644 -0.0805484876036644 -0.0805484876036644 -0.0805484876036644 -0.0805484876036644 -0.0805484876036644 -0.0805484876036644 -0.0805484876036644 -0.0805484876036644 -0.0805484876036644 -0.0805484876036644 -0.0805484876036644 -0.0805484876036644 -0.0805484876036644 -0.0805484876036644 -0.0805484876036644 -0.0696137547492981 -0.07107242941856384 -0.03296481817960739 -0.03296481817960739 -0.048824623227119446 -0.04035237058997154 -0.047383494675159454 -0.03296481817960739 -0.03957798704504967 -0.017673084512352943 -0.009293464943766594 -0.0016205960419028997 -0.0014713199343532324 -0.0014155721291899681 -0.0007059267954900861 -0.000720153737347573 -0.0006394173833541572 -0.0006160400807857513
-0.047383494675159454 -0.047383494675159454 -0.047383494675159454 -0.047383494675159454 -0.047383494675159454 -0.047383494675159454 -0.047383494675159454 -0.047383494675159454 -0.047383494675159454 -0.047383494675159454 -0.047383494675159454 -0.047383494675159454 -0.047383494675159454 -0.047383494675159454 -0.047383494675159454 -0.047383494675159454 -0.047383494675159454 -0.047383494675159454 -0.047383494675159454 -0.047383494675159454 -0.047383494675159454 -0.047383494675159454 -0.047383494675159454 -0.047383494675159454 -0.047383494675159454 -0.047383494675159454 -0.047383494675159454 -0.047383494675159454 -0.047383494675159454 -0.047383494675159454 -0.047383494675159454 -0.047383494675159454 -0.047383494675159454 -0.047383494675159454 -0.047383494675159454 -0.047383494675159454 -0.047383494675159454 -0.03296481817960739 -0.03296481817960739 -0.047383494675159454 -0.04035237058997154 -0.047383494675159454 -0.03296481817960739 -0.03957798704504967 -0.017673084512352943 -0.009293464943766594 -0.0016205960419028997 -0.0014713199343532324 -0.0014155721291899681 -0.0007059267954900861 -0.000720153737347573 -0.0006394173833541572 -0.0006160400807857513
-0.09927888214588165 -0.09927888214588165 -0.09927888214588165 -0.09927888214588165 -0.09927888214588165 -0.09927888214588165 -0.09927888214588165 -0.09927888214588165 -0.09927888214588165 -0.09927888214588165 -0.09927888214588165 -0.09927888214588165 -0.09927888214588165 -0.09927888214588165 -0.09927888214588165 -0.09927888214588165 -0.09927888214588165 -0.09927888214588165 -0.09927888214588165 -0.09927888214588165 -0.09927888214588165 -0.09927888214588165 -0.09927888214588165 -0.09927888214588165 -0.09927888214588165 -0.09927888214588165 -0.09927888214588165 -0.09927888214588165 -0.09927888214588165 -0.09927888214588165 -0.09927888214588165 -0.09172462671995163 -0.09172462671995163 -0.08639372140169144 -0.0805484876036644 -0.0696137547492981 -0.07107242941856384 -0.03296481817960739 -0.03296481817960739 -0.048824623227119446 -0.04035237058997154 -0.047383494675159454 -0.03296481817960739 -0.03957798704504967 -0.017673084512352943 -0.009293464943766594 -0.0016205960419028997 -0.0014713199343532324 -0.0014155721291899681 -0.0007059267954900861 -0.000720153737347573 -0.0006394173833541572 -0.0006160400807857513
-0.0981038436293602 -0.0981038436293602 -0.0981038436293602 -0.0981038436293602 -0.0981038436293602 -0.0981038436293602 -0.0981038436293602 -0.0981038436293602 -0.0981038436293602 -0.0981038436293602 -0.0981038436293602 -0.0981038436293602 -0.0981038436293602 -0.0981038436293602 -0.0981038436293602 -0.0981038436293602 -0.0981038436293602 -0.0981038436293602 -0.0981038436293602 -0.0981038436293602 -0.0981038436293602 -0.0981038436293602 -0.0981038436293602 -0.0981038436293602 -0.0981038436293602 -0.0981038436293602 -0.0981038436293602 -0.0981038436293602 -0.0981038436293602 -0.0981038436293602 -0.0981038436293602 -0.09172462671995163 -0.09172462671995163 -0.08639372140169144 -0.0805484876036644 -0.0696137547492981 -0.07107242941856384 -0.03296481817960739 -0.03296481817960739 -0.048824623227119446 -0.04035237058997154 -0.047383494675159454 -0.03296481817960739 -0.03957798704504967 -0.017673084512352943 -0.009293464943766594 -0.0016205960419028997 -0.0014713199343532324 -0.0014155721291899681 -0.0007059267954900861 -0.000720153737347573 -0.0006394173833541572 -0.0006160400807857513
-0.048824623227119446 -0.048824623227119446 -0.048824623227119446 -0.048824623227119446 -0.048824623227119446 -0.048824623227119446 -0.048824623227119446 -0.048824623227119446 -0.048824623227119446 -0.048824623227119446 -0.048824623227119446 -0.048824623227119446 -0.048824623227119446 -0.048824623227119446 -0.048824623227119446 -0.048824623227119446 -0.048824623227119446 -0.048824623227119446 -0.048824623227119446 -0.048824623227119446 -0.048824623227119446 -0.048824623227119446 -0.048824623227119446 -0.048824623227119446 -0.048824623227119446 -0.048824623227119446 -0.048824623227119446 -0.048824623227119446 -0.048824623227119446 -0.048824623227119446 -0.048824623227119446 -0.048824623227119446 -0.048824623227119446 -0.048824623227119446 -0.048824623227119446 -0.048824623227119446 -0.048824623227119446 -0.03296481817960739 -0.03296481817960739 -0.05850956216454506 -0.04035237058997154 -0.047383494675159454 -0.03296481817960739 -0.03957798704504967 -0.017673084512352943 -0.009293464943766594 -0.0016205960419028997 -0.0014713199343532324 -0.0014155721291899681 -0.0007059267954900861 -0.000720153737347573 -0.0006394173833541572 -0.0006160400807857513
-0.03957798704504967 -0.03957798704504967 -0.03957798704504967 -0.03957798704504967 -0.03957798704504967 -0.03957798704504967 -0.03957798704504967 -0.03957798704504967 -0.03957798704504967 -0.03957798704504967 -0.03957798704504967 -0.03957798704504967 -0.03957798704504967 -0.03957798704504967 -0.03957798704504967 -0.03957798704504967 -0.03957798704504967 -0.03957798704504967 -0.03957798704504967 -0.03957798704504967 -0.03957798704504967 -0.03957798704504967 -0.03957798704504967 -0.03957798704504967 -0.03957798704504967 -0.03957798704504967 -0.03957798704504967 -0.03957798704504967 -0.03957798704504967 -0.03957798704504967 -0.03957798704504967 -0.03957798704504967 -0.03957798704504967 -0.03957798704504967 -0.03957798704504967 -0.03957798704504967 -0.03957798704504967 -0.03296481817960739 -0.03296481817960739 -0.03957798704504967 -0.03957798704504967 -0.03957798704504967 -0.03296481817960739 -0.03957798704504967 -0.017673084512352943 -0.009293464943766594 -0.0016205960419028997 -0.0014713199343532324 -0.0014155721291899681 -0.0007059267954900861 -0.000720153737347573 -0.0006394173833541572 -0.0006160400807857513
-0.03296481817960739 -0.03296481817960739 -0.03296481817960739 -0.03296481817960739 -0.03296481817960739 -0.03296481817960739 -0.03296481817960739 -0.03296481817960739 -0.03296481817960739 -0.03296481817960739 -0.03296481817960739 -0.03296481817960739 -0.03296481817960739 -0.03296481817960739 -0.03296481817960739 -0.03296481817960739 -0.03296481817960739 -0.03296481817960739 -0.03296481817960739 -0.03296481817960739 -0.03296481817960739 -0.03296481817960739 -0.03296481817960739 -0.03296481817960739 -0.03296481817960739 -0.03296481817960739 -0.03296481817960739 -0.03296481817960739 -0.03296481817960739 -0.03296481817960739 -0.03296481817960739 -0.03296481817960739 -0.03296481817960739 -0.03296481817960739 -0.03296481817960739 -0.03296481817960739 -0.03296481817960739 -0.04552236571907997 -0.04552236571907997 -0.03296481817960739 -0.03296481817960739 -0.03296481817960739 -0.0423712432384491 -0.03296481817960739 -0.017673084512352943 -0.009293464943766594 -0.0016205960419028997 -0.0014713199343532324 -0.0014155721291899681 -0.0007059267954900861 -0.000720153737347573 -0.0006394173833541572 -0.0006160400807857513
-0.02542715147137642 -0.02542715147137642 -0.02542715147137642 -0.02542715147137642 -0.02542715147137642 -0.02542715147137642 -0.02542715147137642 -0.02542715147137642 -0.02542715147137642 -0.02542715147137642 -0.02542715147137642 -0.02542715147137642 -0.02542715147137642 -0.02542715147137642 -0.02542715147137642 -0.02542715147137642 -0.02542715147137642 -0.02542715147137642 -0.02542715147137642 -0.02542715147137642 -0.02542715147137642 -0.02542715147137642 -0.02542715147137642 -0.02542715147137642 -0.02542715147137642 -0.02542715147137642 -0.02542715147137642 -0.02542715147137642 -0.02542715147137642 -0.02542715147137642 -0.02542715147137642 -0.02542715147137642 -0.02542715147137642 -0.02542715147137642 -0.02542715147137642 -0.02542715147137642 -0.02542715147137642 -0.02542715147137642 -0.02542715147137642 -0.02542715147137642 -0.02542715147137642 -0.02542715147137642 -0.02542715147137642 -0.02542715147137642 -0.017673084512352943 -0.009293464943766594 -0.0016205960419028997 -0.0014713199343532324 -0.0014155721291899681 -0.0007059267954900861 -0.000720153737347573 -0.0006394173833541572 -0.0006160400807857513
-0.009293464943766594 -0.009293464943766594 -0.009293464943766594 -0.009293464943766594 -0.009293464943766594 -0.009293464943766594 -0.009293464943766594 -0.009293464943766594 -0.009293464943766594 -0.009293464943766594 -0.009293464943766594 -0.009293464943766594 -0.009293464943766594 -0.009293464943766594 -0.009293464943766594 -0.009293464943766594 -0.009293464943766594 -0.009293464943766594 -0.009293464943766594 -0.009293464943766594 -0.009293464943766594 -0.009293464943766594 -0.009293464943766594 -0.009293464943766594 -0.009293464943766594 -0.009293464943766594 -0.009293464943766594 -0.009293464943766594 -0.009293464943766594 -0.009293464943766594 -0.009293464943766594 -0.009293464943766594 -0.009293464943766594 -0.009293464943766594 -0.009293464943766594 -0.009293464943766594 -0.009293464943766594 -0.009293464943766594 -0.009293464943766594 -0.009293464943766594 -0.009293464943766594 -0.009293464943766594 -0.009293464943766594 -0.009293464943766594 -0.009293464943766594 -0.016145268455147743 -0.0016205960419028997 -0.0014713199343532324 -0.0014155721291899681 -0.0007059267954900861 -0.000720153737347573 -0.0006394173833541572 -0.0006160400807857513
-0.0068481359630823135 -0.0068481359630823135 -0.0068481359630823135 -0.0068481359630823135 -0.0068481359630823135 -0.0068481359630823135 -0.0068481359630823135 -0.0068481359630823135 -0.0068481359630823135 -0.0068481359630823135 -0.0068481359630823135 -0.0068481359630823135 -0.0068481359630823135 -0.0068481359630823135 -0.0068481359630823135 -0.0068481359630823135 -0.0068481359630823135 -0.0068481359630823135 -0.0068481359630823135 -0.0068481359630823135 -0.0068481359630823135 -0.0068481359630823135 -0.0068481359630823135 -0.0068481359630823135 -0.0068481359630823135 -0.0068481359630823135 -0.0068481359630823135 -0.0068481359630823135 -0.0068481359630823135 -0.0068481359630823135 -0.0068481359630823135 -0.0068481359630823135 -0.0068481359630823135 -0.0068481359630823135 -0.0068481359630823135 -0.0068481359630823135 -0.0068481359630823135 -0.0068481359630823135 -0.0068481359630823135 -0.0068481359630823135 -0.0068481359630823135 -0.0068481359630823135 -0.0068481359630823135 -0.0068481359630823135 -0.0068481359630823135 -0.0068481359630823135 -0.0016205960419028997 -0.0014713199343532324 -0.0014155721291899681 -0.0007059267954900861 -0.000720153737347573 -0.0006394173833541572 -0.0006160400807857513
-0.0014155721291899681 -0.0014155721291899681 -0.0014155721291899681 -0.0014155721291899681 -0.0014155721291899681 -0.0014155721291899681 -0.0014155721291899681 -0.0014155721291899681 -0.0014155721291899681 -0.0014155721291899681 -0.0014155721291899681 -0.0014155721291899681 -0.0014155721291899681 -0.0014155721291899681 -0.0014155721291899681 -0.0014155721291899681 -0.0014155721291899681 -0.0014155721291899681 -0.0014155721291899681 -0.0014155721291899681 -0.0014155721291899681 -0.0014155721291899681 -0.0014155721291899681 -0.0014155721291899681 -0.0014155721291899681 -0.0014155721291899681 -0.0014155721291899681 -0.0014155721291899681 -0.0014155721291899681 -0.0014155721291899681 -0.0014155721291899681 -0.0014155721291899681 -0.0014155721291899681 -0.0014155721291899681 -0.0014155721291899681 -0.0014155721291899681 -0.0014155721291899681 -0.0014155721291899681 -0.0014155721291899681 -0.0014155721291899681 -0.0014155721291899681 -0.0014155721291899681 -0.0014155721291899681 -0.0014155721291899681 -0.0014155721291899681 -0.0014155721291899681 -0.0014155721291899681 -0.0014155721291899681 -0.0014155721291899681 -0.0007059267954900861 -0.000720153737347573 -0.0006394173833541572 -0.0006160400807857513
-0.0006160400807857513 -0.0006160400807857513 -0.0006160400807857513 -0.0006160400807857513 -0.0006160400807857513 -0.0006160400807857513 -0.0006160400807857513 -0.0006160400807857513 -0.0006160400807857513 -0.0006160400807857513 -0.0006160400807857513 -0.0006160400807857513 -0.0006160400807857513 -0.0006160400807857513 -0.0006160400807857513 -0.0006160400807857513 -0.0006160400807857513 -0.0006160400807857513 -0.0006160400807857513 -0.0006160400807857513 -0.0006160400807857513 -0.0006160400807857513 -0.0006160400807857513 -0.0006160400807857513 -0.0006160400807857513 -0.0006160400807857513 -0.0006160400807857513 -0.0006160400807857513 -0.0006160400807857513 -0.0006160400807857513 -0.0006160400807857513 -0.0006160400807857513 -0.0006160400807857513 -0.0006160400807857513 -0.0006160400807857513 -0.0006160400807857513 -0.0006160400807857513 -0.0006160400807857513 -0.0006160400807857513 -0.0006160400807857513 -0.0006160400807857513 -0.0006160400807857513 -0.0006160400807857513 -0.0006160400807857513 -0.0006160400807857513 -0.0006160400807857513 -0.0006160400807857513 -0.0006160400807857513 -0.0006160400807857513 -0.0006160400807857513 -0.0006160400807857513 -0.0006160400807857513 -0.0006160400807857513
-0.0014713199343532324 -0.0014713199343532324 -0.0014713199343532324 -0.0014713199343532324 -0.0014713199343532324 -0.0014713199343532324 -0.0014713199343532324 -0.0014713199343532324 -0.0014713199343532324 -0.0014713199343532324 -0.0014713199343532324 -0.0014713199343532324 -0.0014713199343532324 -0.0014713199343532324 -0.0014713199343532324 -0.0014713199343532324 -0.0014713199343532324 -0.0014713199343532324 -0.0014713199343532324 -0.0014713199343532324 -0.0014713199343532324 -0.0014713199343532324 -0.0014713199343532324 -0.0014713199343532324 -0.0014713199343532324 -0.0014713199343532324 -0.0014713199343532324 -0.0014713199343532324 -0.0014713199343532324 -0.0014713199343532324 -0.0014713199343532324 -0.0014713199343532324 -0.0014713199343532324 -0.0014713199343532324 -0.0014713199343532324 -0.0014713199343532324 -0.0014713199343532324 -0.0014713199343532324 -0.0014713199343532324 -0.0014713199343532324 -0.0014713199343532324 -0.0014713199343532324 -0.0014713199343532324 -0.0014713199343532324 -0.0014713199343532324 -0.0014713199343532324 -0.0014713199343532324 -0.0017764318035915494 -0.0014155721291899681 -0.0007059267954900861 -0.000720153737347573 -0.0006394173833541572 -0.0006160400807857513
-0.0014155721291899681 -0.0014155721291899681 -0.0014155721291899681 -0.0014155721291899681 -0.0014155721291899681 -0.0014155721291899681 -0.0014155721291899681 -0.0014155721291899681 -0.0014155721291899681 -0.0014155721291899681 -0.0014155721291899681 -0.0014155721291899681 -0.0014155721291899681 -0.0014155721291899681 -0.0014155721291899681 -0.0014155721291899681 -0.0014155721291899681 -0.0014155721291899681 -0.0014155721291899681 -0.0014155721291899681 -0.0014155721291899681 -0.0014155721291899681 -0.0014155721291899681 -0.0014155721291899681 -0.0014155721291899681 -0.0014155721291899681 -0.0014155721291899681 -0.0014155721291899681 -0.0014155721291899681 -0.0014155721291899681 -0.0014155721291899681 -0.0014155721291899681 -0.0014155721291899681 -0.0014155721291899681 -0.0014155721291899681 -0.0014155721291899681 -0.0014155721291899681 -0.0014155721291899681 -0.0014155721291899681 -0.0014155721291899681 -0.0014155721291899681 -0.0014155721291899681 -0.0014155721291899681 -0.0014155721291899681 -0.0014155721291899681 -0.0014155721291899681 -0.0014155721291899681 -0.0014155721291899681 -0.001471515977755189 -0.0007059267954900861 -0.000720153737347573 -0.0006394173833541572 -0.0006160400807857513
-0.0016205960419028997 -0.0016205960419028997 -0.0016205960419028997 -0.0016205960419028997 -0.0016205960419028997 -0.0016205960419028997 -0.0016205960419028997 -0.0016205960419028997 -0.0016205960419028997 -0.0016205960419028997 -0.0016205960419028997 -0.0016205960419028997 -0.0016205960419028997 -0.0016205960419028997 -0.0016205960419028997 -0.0016205960419028997 -0.0016205960419028997 -0.0016205960419028997 -0.0016205960419028997 -0.0016205960419028997 -0.0016205960419028997 -0.0016205960419028997 -0.0016205960419028997 -0.0016205960419028997 -0.0016205960419028997 -0.0016205960419028997 -0.0016205960419028997 -0.0016205960419028997 -0.0016205960419028997 -0.0016205960419028997 -0.0016205960419028997 -0.0016205960419028997 -0.0016205960419028997 -0.0016205960419028997 -0.0016205960419028997 -0.0016205960419028997 -0.0016205960419028997 -0.0016205960419028997 -0.0016205960419028997 -0.0016205960419028997 -0.0016205960419028997 -0.0016205960419028997 -0.0016205960419028997 -0.0016205960419028997 -0.0016205960419028997 -0.0016205960419028997 -0.0017911980394273996 -0.0014713199343532324 -0.0014155721291899681 -0.0007059267954900861 -0.000720153737347573 -0.0006394173833541572 -0.0006160400807857513