-0.5135712027549744 -0.5556856393814087 -0.45049214363098145 -0.45049214363098145 -0.3516891598701477 -0.18790216743946075 -0.18790216743946075 -0.1275186538696289 -0.1275186538696289 -0.1275186538696289 -0.1275186538696289 -0.1275186538696289 -0.2925999164581299 -0.1829623579978943 -0.18790216743946075 -0.1829623579978943 -0.18790216743946075 -0.1275186538696289 -0.1275186538696289 -0.1275186538696289 -0.18790216743946075 -0.11387056112289429 -0.11387056112289429 -0.14319483935832977 -0.1275186538696289 -0.12359347194433212 -0.08638069033622742 -0.08638069033622742 -0.0688323900103569 -0.07324295490980148 -0.04665679857134819 -0.004573935642838478 -0.0026207820046693087 -0.0011911147739738226 -0.0018653590232133865 -0.0018743579275906086 -0.0014714781427755952 -0.0009918218711391091 -0.000735043897293508 -0.0008998595294542611 -0.0006738962256349623 -0.0009918218711391091 -0.0009426274336874485 -0.0009517124854028225 -0.0008839037618599832 -0.0007633605855517089 -0.0005858420627191663
-0.45049214363098145 -0.45049214363098145 -0.45049214363098145 -0.45049214363098145 -0.3516891598701477 -0.18790216743946075 -0.18790216743946075 -0.1275186538696289 -0.1275186538696289 -0.1275186538696289 -0.1275186538696289 -0.1275186538696289 -0.2925999164581299 -0.1829623579978943 -0.18790216743946075 -0.1829623579978943 -0.18790216743946075 -0.1275186538696289 -0.1275186538696289 -0.1275186538696289 -0.18790216743946075 -0.11387056112289429 -0.11387056112289429 -0.14319483935832977 -0.1275186538696289 -0.12359347194433212 -0.08638069033622742 -0.08638069033622742 -0.0688323900103569 -0.07324295490980148 -0.04665679857134819 -0.004573935642838478 -0.0026207820046693087 -0.0011911147739738226 -0.0018653590232133865 -0.0018743579275906086 -0.0014714781427755952 -0.0009918218711391091 -0.000735043897293508 -0.0008998595294542611 -0.0006738962256349623 -0.0009918218711391091 -0.0009426274336874485 -0.0009517124854028225 -0.0008839037618599832 -0.0007633605855517089 -0.0005858420627191663
-0.5566901564598083 -0.5135712027549744 -0.45049214363098145 -0.45049214363098145 -0.3516891598701477 -0.18790216743946075 -0.18790216743946075 -0.1275186538696289 -0.1275186538696289 -0.1275186538696289 -0.1275186538696289 -0.1275186538696289 -0.2925999164581299 -0.1829623579978943 -0.18790216743946075 -0.1829623579978943 -0.18790216743946075 -0.1275186538696289 -0.1275186538696289 -0.1275186538696289 -0.18790216743946075 -0.11387056112289429 -0.11387056112289429 -0.14319483935832977 -0.1275186538696289 -0.12359347194433212 -0.08638069033622742 -0.08638069033622742 -0.0688323900103569 -0.07324295490980148 -0.04665679857134819 -0.004573935642838478 -0.0026207820046693087 -0.0011911147739738226 -0.0018653590232133865 -0.0018743579275906086 -0.0014714781427755952 -0.0009918218711391091 -0.000735043897293508 -0.0008998595294542611 -0.0006738962256349623 -0.0009918218711391091 -0.0009426274336874485 -0.0009517124854028225 -0.0008839037618599832 -0.0007633605855517089 -0.0005858420627191663
-0.3516891598701477 -0.3516891598701477 -0.3516891598701477 -0.3516891598701477 -0.3516891598701477 -0.18790216743946075 -0.18790216743946075 -0.1275186538696289 -0.1275186538696289 -0.1275186538696289 -0.1275186538696289 -0.1275186538696289 -0.2925999164581299 -0.1829623579978943 -0.18790216743946075 -0.1829623579978943 -0.18790216743946075 -0.1275186538696289 -0.1275186538696289 -0.1275186538696289 -0.18790216743946075 -0.11387056112289429 -0.11387056112289429 -0.14319483935832977 -0.1275186538696289 -0.12359347194433212 -0.08638069033622742 -0.08638069033622742 -0.0688323900103569 -0.07324295490980148 -0.04665679857134819 -0.004573935642838478 -0.0026207820046693087 -0.0011911147739738226 -0.0018653590232133865 -0.0018743579275906086 -0.0014714781427755952 -0.0009918218711391091 -0.000735043897293508 -0.0008998595294542611 -0.0006738962256349623 -0.0009918218711391091 -0.0009426274336874485 -0.0009517124854028225 -0.0008839037618599832 -0.0007633605855517089 -0.0005858420627191663
-0.2925999164581299 -0.2925999164581299 -0.2925999164581299 -0.2925999164581299 -0.2925999164581299 -0.18790216743946075 -0.18790216743946075 -0.1275186538696289 -0.1275186538696289 -0.1275186538696289 -0.1275186538696289 -0.1275186538696289 -0.2925999164581299 -0.1829623579978943 -0.18790216743946075 -0.1829623579978943 -0.18790216743946075 -0.1275186538696289 -0.1275186538696289 -0.1275186538696289 -0.18790216743946075 -0.11387056112289429 -0.11387056112289429 -0.14319483935832977 -0.1275186538696289 -0.12359347194433212 -0.08638069033622742 -0.08638069033622742 -0.0688323900103569 -0.07324295490980148 -0.04665679857134819 -0.004573935642838478 -0.0026207820046693087 -0.0011911147739738226 -0.0018653590232133865 -0.0018743579275906086 -0.0014714781427755952 -0.0009918218711391091 -0.000735043897293508 -0.0008998595294542611 -0.0006738962256349623 -0.0009918218711391091 -0.0009426274336874485 -0.0009517124854028225 -0.0008839037618599832 -0.0007633605855517089 -0.0005858420627191663
-0.0688323900103569 -0.0688323900103569 -0.0688323900103569 -0.0688323900103569 -0.0688323900103569 -0.0688323900103569 -0.0688323900103569 -0.0688323900103569 -0.0688323900103569 -0.0688323900103569 -0.0688323900103569 -0.0688323900103569 -0.0688323900103569 -0.0688323900103569 -0.0688323900103569 -0.0688323900103569 -0.0688323900103569 -0.0688323900103569 -0.0688323900103569 -0.0688323900103569 -0.0688323900103569 -0.0688323900103569 -0.0688323900103569 -0.0688323900103569 -0.0688323900103569 -0.0688323900103569 -0.0688323900103569 -0.0688323900103569 -0.0688323900103569 -0.0688323900103569 -0.04665679857134819 -0.004573935642838478 -0.0026207820046693087 -0.0011911147739738226 -0.0018653590232133865 -0.0018743579275906086 -0.0014714781427755952 -0.0009918218711391091 -0.000735043897293508 -0.0008998595294542611 -0.0006738962256349623 -0.0009918218711391091 -0.0009426274336874485 -0.0009517124854028225 -0.0008839037618599832 -0.0007633605855517089 -0.0005858420627191663
-0.1275186538696289 -0.1275186538696289 -0.1275186538696289 -0.1275186538696289 -0.1275186538696289 -0.1275186538696289 -0.1275186538696289 -0.19003649055957794 -0.19003649055957794 -0.19003649055957794 -0.19003649055957794 -0.19003649055957794 -0.1275186538696289 -0.1275186538696289 -0.1275186538696289 -0.1275186538696289 -0.1275186538696289 -0.20522645115852356 -0.19003649055957794 -0.21625451743602753 -0.1275186538696289 -0.11387056112289429 -0.11387056112289429 -0.1275186538696289 -0.1553960144519806 -0.12359347194433212 -0.08638069033622742 -0.08638069033622742 -0.0688323900103569 -0.07324295490980148 -0.04665679857134819 -0.004573935642838478 -0.0026207820046693087 -0.0011911147739738226 -0.0018653590232133865 -0.0018743579275906086 -0.0014714781427755952 -0.0009918218711391091 -0.000735043897293508 -0.0008998595294542611 -0.0006738962256349623 -0.0009918218711391091 -0.0009426274336874485 -0.0009517124854028225 -0.0008839037618599832 -0.0007633605855517089 -0.0005858420627191663
-0.1275186538696289 -0.1275186538696289 -0.1275186538696289 -0.1275186538696289 -0.1275186538696289 -0.1275186538696289 -0.1275186538696289 -0.1553960144519806 -0.1553960144519806 -0.1553960144519806 -0.1553960144519806 -0.1553960144519806 -0.1275186538696289 -0.1275186538696289 -0.1275186538696289 -0.1275186538696289 -0.1275186538696289 -0.1553960144519806 -0.1553960144519806 -0.1553960144519806 -0.1275186538696289 -0.11387056112289429 -0.11387056112289429 -0.1275186538696289 -0.1553960144519806 -0.12359347194433212 -0.08638069033622742 -0.08638069033622742 -0.0688323900103569 -0.07324295490980148 -0.04665679857134819 -0.004573935642838478 -0.0026207820046693087 -0.0011911147739738226 -0.0018653590232133865 -0.0018743579275906086 -0.0014714781427755952 -0.0009918218711391091 -0.000735043897293508 -0.0008998595294542611 -0.0006738962256349623 -0.0009918218711391091 -0.0009426274336874485 -0.0009517124854028225 -0.0008839037618599832 -0.0007633605855517089 -0.0005858420627191663
-0.1829623579978943 -0.1829623579978943 -0.1829623579978943 -0.1829623579978943 -0.1829623579978943 -0.1829623579978943 -0.1829623579978943 -0.1275186538696289 -0.1275186538696289 -0.1275186538696289 -0.1275186538696289 -0.1275186538696289 -0.1829623579978943 -0.26893842220306396 -0.1829623579978943 -0.26893842220306396 -0.1829623579978943 -0.1275186538696289 -0.1275186538696289 -0.1275186538696289 -0.1829623579978943 -0.11387056112289429 -0.11387056112289429 -0.14319483935832977 -0.1275186538696289 -0.12359347194433212 -0.08638069033622742 -0.08638069033622742 -0.0688323900103569 -0.07324295490980148 -0.04665679857134819 -0.004573935642838478 -0.0026207820046693087 -0.0011911147739738226 -0.0018653590232133865 -0.0018743579275906086 -0.0014714781427755952 -0.0009918218711391091 -0.000735043897293508 -0.0008998595294542611 -0.0006738962256349623 -0.0009918218711391091 -0.0009426274336874485 -0.0009517124854028225 -0.0008839037618599832 -0.0007633605855517089 -0.0005858420627191663
-0.1829623579978943 -0.1829623579978943 -0.1829623579978943 -0.1829623579978943 -0.1829623579978943 -0.1829623579978943 -0.1829623579978943 -0.1275186538696289 -0.1275186538696289 -0.1275186538696289 -0.1275186538696289 -0.1275186538696289 -0.1829623579978943 -0.26893842220306396 -0.1829623579978943 -0.26893842220306396 -0.1829623579978943 -0.1275186538696289 -0.1275186538696289 -0.1275186538696289 -0.1829623579978943 -0.11387056112289429 -0.11387056112289429 -0.14319483935832977 -0.1275186538696289 -0.12359347194433212 -0.08638069033622742 -0.08638069033622742 -0.0688323900103569 -0.07324295490980148 -0.04665679857134819 -0.004573935642838478 -0.0026207820046693087 -0.0011911147739738226 -0.0018653590232133865 -0.0018743579275906086 -0.0014714781427755952 -0.0009918218711391091 -0.000735043897293508 -0.0008998595294542611 -0.0006738962256349623 -0.0009918218711391091 -0.0009426274336874485 -0.0009517124854028225 -0.0008839037618599832 -0.0007633605855517089 -0.0005858420627191663
-0.1275186538696289 -0.1275186538696289 -0.1275186538696289 -0.1275186538696289 -0.1275186538696289 -0.1275186538696289 -0.1275186538696289 -0.19003649055957794 -0.19003649055957794 -0.19003649055957794 -0.19003649055957794 -0.19003649055957794 -0.1275186538696289 -0.1275186538696289 -0.1275186538696289 -0.1275186538696289 -0.1275186538696289 -0.19003649055957794 -0.19003649055957794 -0.19003649055957794 -0.1275186538696289 -0.11387056112289429 -0.11387056112289429 -0.1275186538696289 -0.1553960144519806 -0.12359347194433212 -0.08638069033622742 -0.08638069033622742 -0.0688323900103569 -0.07324295490980148 -0.04665679857134819 -0.004573935642838478 -0.0026207820046693087 -0.0011911147739738226 -0.0018653590232133865 -0.0018743579275906086 -0.0014714781427755952 -0.0009918218711391091 -0.000735043897293508 -0.0008998595294542611 -0.0006738962256349623 -0.0009918218711391091 -0.0009426274336874485 -0.0009517124854028225 -0.0008839037618599832 -0.0007633605855517089 -0.0005858420627191663
-0.1829623579978943 -0.1829623579978943 -0.1829623579978943 -0.1829623579978943 -0.1829623579978943 -0.1829623579978943 -0.1829623579978943 -0.1275186538696289 -0.1275186538696289 -0.1275186538696289 -0.1275186538696289 -0.1275186538696289 -0.1829623579978943 -0.26893842220306396 -0.1829623579978943 -0.26893842220306396 -0.1829623579978943 -0.1275186538696289 -0.1275186538696289 -0.1275186538696289 -0.1829623579978943 -0.11387056112289429 -0.11387056112289429 -0.14319483935832977 -0.1275186538696289 -0.12359347194433212 -0.08638069033622742 -0.08638069033622742 -0.0688323900103569 -0.07324295490980148 -0.04665679857134819 -0.004573935642838478 -0.0026207820046693087 -0.0011911147739738226 -0.0018653590232133865 -0.0018743579275906086 -0.0014714781427755952 -0.0009918218711391091 -0.000735043897293508 -0.0008998595294542611 -0.0006738962256349623 -0.0009918218711391091 -0.0009426274336874485 -0.0009517124854028225 -0.0008839037618599832 -0.0007633605855517089 -0.0005858420627191663
-0.1275186538696289 -0.1275186538696289 -0.1275186538696289 -0.1275186538696289 -0.1275186538696289 -0.1275186538696289 -0.1275186538696289 -0.22697097063064575 -0.22697097063064575 -0.22697097063064575 -0.22697097063064575 -0.22697097063064575 -0.1275186538696289 -0.1275186538696289 -0.1275186538696289 -0.1275186538696289 -0.1275186538696289 -0.19003649055957794 -0.22697097063064575 -0.19003649055957794 -0.1275186538696289 -0.11387056112289429 -0.11387056112289429 -0.1275186538696289 -0.1553960144519806 -0.12359347194433212 -0.08638069033622742 -0.08638069033622742 -0.0688323900103569 -0.07324295490980148 -0.04665679857134819 -0.004573935642838478 -0.0026207820046693087 -0.0011911147739738226 -0.0018653590232133865 -0.0018743579275906086 -0.0014714781427755952 -0.0009918218711391091 -0.000735043897293508 -0.0008998595294542611 -0.0006738962256349623 -0.0009918218711391091 -0.0009426274336874485 -0.0009517124854028225 -0.0008839037618599832 -0.0007633605855517089 -0.0005858420627191663
-0.1275186538696289 -0.1275186538696289 -0.1275186538696289 -0.1275186538696289 -0.1275186538696289 -0.1275186538696289 -0.1275186538696289 -0.3278619945049286 -0.3278619945049286 -0.3278619945049286 -0.3278619945049286 -0.3278619945049286 -0.1275186538696289 -0.1275186538696289 -0.1275186538696289 -0.1275186538696289 -0.1275186538696289 -0.19003649055957794 -0.22697097063064575 -0.19003649055957794 -0.1275186538696289 -0.11387056112289429 -0.11387056112289429 -0.1275186538696289 -0.1553960144519806 -0.12359347194433212 -0.08638069033622742 -0.08638069033622742 -0.0688323900103569 -0.07324295490980148 -0.04665679857134819 -0.004573935642838478 -0.0026207820046693087 -0.0011911147739738226 -0.0018653590232133865 -0.0018743579275906086 -0.0014714781427755952 -0.0009918218711391091 -0.000735043897293508 -0.0008998595294542611 -0.0006738962256349623 -0.0009918218711391091 -0.0009426274336874485 -0.0009517124854028225 -0.0008839037618599832 -0.0007633605855517089 -0.0005858420627191663
-0.1275186538696289 -0.1275186538696289 -0.1275186538696289 -0.1275186538696289 -0.1275186538696289 -0.1275186538696289 -0.1275186538696289 -0.3278619945049286 -0.3278619945049286 -0.3278619945049286 -0.3278619945049286 -0.3278619945049286 -0.1275186538696289 -0.1275186538696289 -0.1275186538696289 -0.1275186538696289 -0.1275186538696289 -0.19003649055957794 -0.22697097063064575 -0.19003649055957794 -0.1275186538696289 -0.11387056112289429 -0.11387056112289429 -0.1275186538696289 -0.1553960144519806 -0.12359347194433212 -0.08638069033622742 -0.08638069033622742 -0.0688323900103569 -0.07324295490980148 -0.04665679857134819 -0.004573935642838478 -0.0026207820046693087 -0.0011911147739738226 -0.0018653590232133865 -0.0018743579275906086 -0.0014714781427755952 -0.0009918218711391091 -0.000735043897293508 -0.0008998595294542611 -0.0006738962256349623 -0.0009918218711391091 -0.0009426274336874485 -0.0009517124854028225 -0.0008839037618599832 -0.0007633605855517089 -0.0005858420627191663
-0.1829623579978943 -0.1829623579978943 -0.1829623579978943 -0.1829623579978943 -0.1829623579978943 -0.1829623579978943 -0.1829623579978943 -0.1275186538696289 -0.1275186538696289 -0.1275186538696289 -0.1275186538696289 -0.1275186538696289 -0.1829623579978943 -0.26893842220306396 -0.1829623579978943 -0.26893842220306396 -0.1829623579978943 -0.1275186538696289 -0.1275186538696289 -0.1275186538696289 -0.1829623579978943 -0.11387056112289429 -0.11387056112289429 -0.14319483935832977 -0.1275186538696289 -0.12359347194433212 -0.08638069033622742 -0.08638069033622742 -0.0688323900103569 -0.07324295490980148 -0.04665679857134819 -0.004573935642838478 -0.0026207820046693087 -0.0011911147739738226 -0.0018653590232133865 -0.0018743579275906086 -0.0014714781427755952 -0.0009918218711391091 -0.000735043897293508 -0.0008998595294542611 -0.0006738962256349623 -0.0009918218711391091 -0.0009426274336874485 -0.0009517124854028225 -0.0008839037618599832 -0.0007633605855517089 -0.0005858420627191663
-0.1829623579978943 -0.1829623579978943 -0.1829623579978943 -0.1829623579978943 -0.1829623579978943 -0.1829623579978943 -0.1829623579978943 -0.1275186538696289 -0.1275186538696289 -0.1275186538696289 -0.1275186538696289 -0.1275186538696289 -0.1829623579978943 -0.26893842220306396 -0.1829623579978943 -0.26893842220306396 -0.1829623579978943 -0.1275186538696289 -0.1275186538696289 -0.1275186538696289 -0.1829623579978943 -0.11387056112289429 -0.11387056112289429 -0.14319483935832977 -0.1275186538696289 -0.12359347194433212 -0.08638069033622742 -0.08638069033622742 -0.0688323900103569 -0.07324295490980148 -0.04665679857134819 -0.004573935642838478 -0.0026207820046693087 -0.0011911147739738226 -0.0018653590232133865 -0.0018743579275906086 -0.0014714781427755952 -0.0009918218711391091 -0.000735043897293508 -0.0008998595294542611 -0.0006738962256349623 -0.0009918218711391091 -0.0009426274336874485 -0.0009517124854028225 -0.0008839037618599832 -0.0007633605855517089 -0.0005858420627191663
-0.12359347194433212 -0.12359347194433212 -0.12359347194433212 -0.12359347194433212 -0.12359347194433212 -0.12359347194433212 -0.12359347194433212 -0.12359347194433212 -0.12359347194433212 -0.12359347194433212 -0.12359347194433212 -0.12359347194433212 -0.12359347194433212 -0.12359347194433212 -0.12359347194433212 -0.12359347194433212 -0.12359347194433212 -0.12359347194433212 -0.12359347194433212 -0.12359347194433212 -0.12359347194433212 -0.11387056112289429 -0.11387056112289429 -0.12359347194433212 -0.12359347194433212 -0.12359347194433212 -0.08638069033622742 -0.08638069033622742 -0.0688323900103569 -0.07324295490980148 -0.04665679857134819 -0.004573935642838478 -0.0026207820046693087 -0.0011911147739738226 -0.0018653590232133865 -0.0018743579275906086 -0.0014714781427755952 -0.0009918218711391091 -0.000735043897293508 -0.0008998595294542611 -0.0006738962256349623 -0.0009918218711391091 -0.0009426274336874485 -0.0009517124854028225 -0.0008839037618599832 -0.0007633605855517089 -0.0005858420627191663
-0.11387056112289429 -0.11387056112289429 -0.11387056112289429 -0.11387056112289429 -0.11387056112289429 -0.11387056112289429 -0.11387056112289429 -0.11387056112289429 -0.11387056112289429 -0.11387056112289429 -0.11387056112289429 -0.11387056112289429 -0.11387056112289429 -0.11387056112289429 -0.11387056112289429 -0.11387056112289429 -0.11387056112289429 -0.11387056112289429 -0.11387056112289429 -0.11387056112289429 -0.11387056112289429 -0.1973884403705597 -0.1973884403705597 -0.11387056112289429 -0.11387056112289429 -0.11387056112289429 -0.08638069033622742 -0.08638069033622742 -0.0688323900103569 -0.07324295490980148 -0.04665679857134819 -0.004573935642838478 -0.0026207820046693087 -0.0011911147739738226 -0.0018653590232133865 -0.0018743579275906086 -0.0014714781427755952 -0.0009918218711391091 -0.000735043897293508 -0.0008998595294542611 -0.0006738962256349623 -0.0009918218711391091 -0.0009426274336874485 -0.0009517124854028225 -0.0008839037618599832 -0.0007633605855517089 -0.0005858420627191663
-0.18790216743946075 -0.18790216743946075 -0.18790216743946075 -0.18790216743946075 -0.18790216743946075 -0.2563033401966095 -0.2563033401966095 -0.1275186538696289 -0.1275186538696289 -0.1275186538696289 -0.1275186538696289 -0.1275186538696289 -0.18790216743946075 -0.1829623579978943 -0.2563033401966095 -0.1829623579978943 -0.2563033401966095 -0.1275186538696289 -0.1275186538696289 -0.1275186538696289 -0.18854258954524994 -0.11387056112289429 -0.11387056112289429 -0.14319483935832977 -0.1275186538696289 -0.12359347194433212 -0.08638069033622742 -0.08638069033622742 -0.0688323900103569 -0.07324295490980148 -0.04665679857134819 -0.004573935642838478 -0.0026207820046693087 -0.0011911147739738226 -0.0018653590232133865 -0.0018743579275906086 -0.0014714781427755952 -0.0009918218711391091 -0.000735043897293508 -0.0008998595294542611 -0.0006738962256349623 -0.0009918218711391091 -0.0009426274336874485 -0.0009517124854028225 -0.0008839037618599832 -0.0007633605855517089 -0.0005858420627191663
-0.18790216743946075 -0.18790216743946075 -0.18790216743946075 -0.18790216743946075 -0.18790216743946075 -0.2563033401966095 -0.2563033401966095 -0.1275186538696289 -0.1275186538696289 -0.1275186538696289 -0.1275186538696289 -0.1275186538696289 -0.18790216743946075 -0.1829623579978943 -0.2563033401966095 -0.1829623579978943 -0.2563033401966095 -0.1275186538696289 -0.1275186538696289 -0.1275186538696289 -0.18854258954524994 -0.11387056112289429 -0.11387056112289429 -0.14319483935832977 -0.1275186538696289 -0.12359347194433212 -0.08638069033622742 -0.08638069033622742 -0.0688323900103569 -0.07324295490980148 -0.04665679857134819 -0.004573935642838478 -0.0026207820046693087 -0.0011911147739738226 -0.0018653590232133865 -0.0018743579275906086 -0.0014714781427755952 -0.0009918218711391091 -0.000735043897293508 -0.0008998595294542611 -0.0006738962256349623 -0.0009918218711391091 -0.0009426274336874485 -0.0009517124854028225 -0.0008839037618599832 -0.0007633605855517089 -0.0005858420627191663
-0.18790216743946075 -0.18790216743946075 -0.18790216743946075 -0.18790216743946075 -0.18790216743946075 -0.27516552805900574 -0.27516552805900574 -0.1275186538696289 -0.1275186538696289 -0.1275186538696289 -0.1275186538696289 -0.1275186538696289 -0.18790216743946075 -0.1829623579978943 -0.28491273522377014 -0.1829623579978943 -0.2563033401966095 -0.1275186538696289 -0.1275186538696289 -0.1275186538696289 -0.18854258954524994 -0.11387056112289429 -0.11387056112289429 -0.14319483935832977 -0.1275186538696289 -0.12359347194433212 -0.08638069033622742 -0.08638069033622742 -0.0688323900103569 -0.07324295490980148 -0.04665679857134819 -0.004573935642838478 -0.0026207820046693087 -0.0011911147739738226 -0.0018653590232133865 -0.0018743579275906086 -0.0014714781427755952 -0.0009918218711391091 -0.000735043897293508 -0.0008998595294542611 -0.0006738962256349623 -0.0009918218711391091 -0.0009426274336874485 -0.0009517124854028225 -0.0008839037618599832 -0.0007633605855517089 -0.0005858420627191663
-0.18790216743946075 -0.18790216743946075 -0.18790216743946075 -0.18790216743946075 -0.18790216743946075 -0.27516552805900574 -0.27516552805900574 -0.1275186538696289 -0.1275186538696289 -0.1275186538696289 -0.1275186538696289 -0.1275186538696289 -0.18790216743946075 -0.1829623579978943 -0.27516552805900574 -0.1829623579978943 -0.2563033401966095 -0.1275186538696289 -0.1275186538696289 -0.1275186538696289 -0.18854258954524994 -0.11387056112289429 -0.11387056112289429 -0.14319483935832977 -0.1275186538696289 -0.12359347194433212 -0.08638069033622742 -0.08638069033622742 -0.0688323900103569 -0.07324295490980148 -0.04665679857134819 -0.004573935642838478 -0.0026207820046693087 -0.0011911147739738226 -0.0018653590232133865 -0.0018743579275906086 -0.0014714781427755952 -0.0009918218711391091 -0.000735043897293508 -0.0008998595294542611 -0.0006738962256349623 -0.0009918218711391091 -0.0009426274336874485 -0.0009517124854028225 -0.0008839037618599832 -0.0007633605855517089 -0.0005858420627191663
-0.1275186538696289 -0.1275186538696289 -0.1275186538696289 -0.1275186538696289 -0.1275186538696289 -0.1275186538696289 -0.1275186538696289 -0.22697097063064575 -0.22697097063064575 -0.22697097063064575 -0.22697097063064575 -0.22697097063064575 -0.1275186538696289 -0.1275186538696289 -0.1275186538696289 -0.1275186538696289 -0.1275186538696289 -0.19003649055957794 -0.2330417037010193 -0.19003649055957794 -0.1275186538696289 -0.11387056112289429 -0.11387056112289429 -0.1275186538696289 -0.1553960144519806 -0.12359347194433212 -0.08638069033622742 -0.08638069033622742 -0.0688323900103569 -0.07324295490980148 -0.04665679857134819 -0.004573935642838478 -0.0026207820046693087 -0.0011911147739738226 -0.0018653590232133865 -0.0018743579275906086 -0.0014714781427755952 -0.0009918218711391091 -0.000735043897293508 -0.0008998595294542611 -0.0006738962256349623 -0.0009918218711391091 -0.0009426274336874485 -0.0009517124854028225 -0.0008839037618599832 -0.0007633605855517089 -0.0005858420627191663
-0.18790216743946075 -0.18790216743946075 -0.18790216743946075 -0.18790216743946075 -0.18790216743946075 -0.31562238931655884 -0.31562238931655884 -0.1275186538696289 -0.1275186538696289 -0.1275186538696289 -0.1275186538696289 -0.1275186538696289 -0.18790216743946075 -0.1829623579978943 -0.27516552805900574 -0.1829623579978943 -0.2563033401966095 -0.1275186538696289 -0.1275186538696289 -0.1275186538696289 -0.18854258954524994 -0.11387056112289429 -0.11387056112289429 -0.14319483935832977 -0.1275186538696289 -0.12359347194433212 -0.08638069033622742 -0.08638069033622742 -0.0688323900103569 -0.07324295490980148 -0.04665679857134819 -0.004573935642838478 -0.0026207820046693087 -0.0011911147739738226 -0.0018653590232133865 -0.0018743579275906086 -0.0014714781427755952 -0.0009918218711391091 -0.000735043897293508 -0.0008998595294542611 -0.0006738962256349623 -0.0009918218711391091 -0.0009426274336874485 -0.0009517124854028225 -0.0008839037618599832 -0.0007633605855517089 -0.0005858420627191663
-0.18790216743946075 -0.18790216743946075 -0.18790216743946075 -0.18790216743946075 -0.18790216743946075 -0.2563033401966095 -0.2563033401966095 -0.1275186538696289 -0.1275186538696289 -0.1275186538696289 -0.1275186538696289 -0.1275186538696289 -0.18790216743946075 -0.1829623579978943 -0.2563033401966095 -0.1829623579978943 -0.2563033401966095 -0.1275186538696289 -0.1275186538696289 -0.1275186538696289 -0.18854258954524994 -0.11387056112289429 -0.11387056112289429 -0.14319483935832977 -0.1275186538696289 -0.12359347194433212 -0.08638069033622742 -0.08638069033622742 -0.0688323900103569 -0.07324295490980148 -0.04665679857134819 -0.004573935642838478 -0.0026207820046693087 -0.0011911147739738226 -0.0018653590232133865 -0.0018743579275906086 -0.0014714781427755952 -0.0009918218711391091 -0.000735043897293508 -0.0008998595294542611 -0.0006738962256349623 -0.0009918218711391091 -0.0009426274336874485 -0.0009517124854028225 -0.0008839037618599832 -0.0007633605855517089 -0.0005858420627191663
-0.18790216743946075 -0.18790216743946075 -0.18790216743946075 -0.18790216743946075 -0.18790216743946075 -0.26078084111213684 -0.26078084111213684 -0.1275186538696289 -0.1275186538696289 -0.1275186538696289 -0.1275186538696289 -0.1275186538696289 -0.18790216743946075 -0.1829623579978943 -0.26078084111213684 -0.1829623579978943 -0.2563033401966095 -0.1275186538696289 -0.1275186538696289 -0.1275186538696289 -0.18854258954524994 -0.11387056112289429 -0.11387056112289429 -0.14319483935832977 -0.1275186538696289 -0.12359347194433212 -0.08638069033622742 -0.08638069033622742 -0.0688323900103569 -0.07324295490980148 -0.04665679857134819 -0.004573935642838478 -0.0026207820046693087 -0.0011911147739738226 -0.0018653590232133865 -0.0018743579275906086 -0.0014714781427755952 -0.0009918218711391091 -0.000735043897293508 -0.0008998595294542611 -0.0006738962256349623 -0.0009918218711391091 -0.0009426274336874485 -0.0009517124854028225 -0.0008839037618599832 -0.0007633605855517089 -0.0005858420627191663
-0.25013619661331177 -0.25013619661331177 -0.25013619661331177 -0.25013619661331177 -0.25013619661331177 -0.18790216743946075 -0.18790216743946075 -0.1275186538696289 -0.1275186538696289 -0.1275186538696289 -0.1275186538696289 -0.1275186538696289 -0.25013619661331177 -0.1829623579978943 -0.18790216743946075 -0.1829623579978943 -0.18790216743946075 -0.1275186538696289 -0.1275186538696289 -0.1275186538696289 -0.18790216743946075 -0.11387056112289429 -0.11387056112289429 -0.14319483935832977 -0.1275186538696289 -0.12359347194433212 -0.08638069033622742 -0.08638069033622742 -0.0688323900103569 -0.07324295490980148 -0.04665679857134819 -0.004573935642838478 -0.0026207820046693087 -0.0011911147739738226 -0.0018653590232133865 -0.0018743579275906086 -0.0014714781427755952 -0.0009918218711391091 -0.000735043897293508 -0.0008998595294542611 -0.0006738962256349623 -0.0009918218711391091 -0.0009426274336874485 -0.0009517124854028225 -0.0008839037618599832 -0.0007633605855517089 -0.0005858420627191663
-0.11387056112289429 -0.11387056112289429 -0.11387056112289429 -0.11387056112289429 -0.11387056112289429 -0.11387056112289429 -0.11387056112289429 -0.11387056112289429 -0.11387056112289429 -0.11387056112289429 -0.11387056112289429 -0.11387056112289429 -0.11387056112289429 -0.11387056112289429 -0.11387056112289429 -0.11387056112289429 -0.11387056112289429 -0.11387056112289429 -0.11387056112289429 -0.11387056112289429 -0.11387056112289429 -0.11387056112289429 -0.11387056112289429 -0.11387056112289429 -0.11387056112289429 -0.11387056112289429 -0.08638069033622742 -0.08638069033622742 -0.0688323900103569 -0.07324295490980148 -0.04665679857134819 -0.004573935642838478 -0.0026207820046693087 -0.0011911147739738226 -0.0018653590232133865 -0.0018743579275906086 -0.0014714781427755952 -0.0009918218711391091 -0.000735043897293508 -0.0008998595294542611 -0.0006738962256349623 -0.0009918218711391091 -0.0009426274336874485 -0.0009517124854028225 -0.0008839037618599832 -0.0007633605855517089 -0.0005858420627191663
-0.1275186538696289 -0.1275186538696289 -0.1275186538696289 -0.1275186538696289 -0.1275186538696289 -0.1275186538696289 -0.1275186538696289 -0.19003649055957794 -0.19003649055957794 -0.19003649055957794 -0.19003649055957794 -0.19003649055957794 -0.1275186538696289 -0.1275186538696289 -0.1275186538696289 -0.1275186538696289 -0.1275186538696289 -0.21032585203647614 -0.19003649055957794 -0.20522645115852356 -0.1275186538696289 -0.11387056112289429 -0.11387056112289429 -0.1275186538696289 -0.1553960144519806 -0.12359347194433212 -0.08638069033622742 -0.08638069033622742 -0.0688323900103569 -0.07324295490980148 -0.04665679857134819 -0.004573935642838478 -0.0026207820046693087 -0.0011911147739738226 -0.0018653590232133865 -0.0018743579275906086 -0.0014714781427755952 -0.0009918218711391091 -0.000735043897293508 -0.0008998595294542611 -0.0006738962256349623 -0.0009918218711391091 -0.0009426274336874485 -0.0009517124854028225 -0.0008839037618599832 -0.0007633605855517089 -0.0005858420627191663
-0.12359347194433212 -0.12359347194433212 -0.12359347194433212 -0.12359347194433212 -0.12359347194433212 -0.12359347194433212 -0.12359347194433212 -0.12359347194433212 -0.12359347194433212 -0.12359347194433212 -0.12359347194433212 -0.12359347194433212 -0.12359347194433212 -0.12359347194433212 -0.12359347194433212 -0.12359347194433212 -0.12359347194433212 -0.12359347194433212 -0.12359347194433212 -0.12359347194433212 -0.12359347194433212 -0.11387056112289429 -0.11387056112289429 -0.12359347194433212 -0.12359347194433212 -0.12359347194433212 -0.08638069033622742 -0.08638069033622742 -0.0688323900103569 -0.07324295490980148 -0.04665679857134819 -0.004573935642838478 -0.0026207820046693087 -0.0011911147739738226 -0.0018653590232133865 -0.0018743579275906086 -0.0014714781427755952 -0.0009918218711391091 -0.000735043897293508 -0.0008998595294542611 -0.0006738962256349623 -0.0009918218711391091 -0.0009426274336874485 -0.0009517124854028225 -0.0008839037618599832 -0.0007633605855517089 -0.0005858420627191663
-0.08638069033622742 -0.08638069033622742 -0.08638069033622742 -0.08638069033622742 -0.08638069033622742 -0.08638069033622742 -0.08638069033622742 -0.08638069033622742 -0.08638069033622742 -0.08638069033622742 -0.08638069033622742 -0.08638069033622742 -0.08638069033622742 -0.08638069033622742 -0.08638069033622742 -0.08638069033622742 -0.08638069033622742 -0.08638069033622742 -0.08638069033622742 -0.08638069033622742 -0.08638069033622742 -0.08638069033622742 -0.08638069033622742 -0.08638069033622742 -0.08638069033622742 -0.08638069033622742 -0.09026852995157242 -0.09026852995157242 -0.0688323900103569 -0.07324295490980148 -0.04665679857134819 -0.004573935642838478 -0.0026207820046693087 -0.0011911147739738226 -0.0018653590232133865 -0.0018743579275906086 -0.0014714781427755952 -0.0009918218711391091 -0.000735043897293508 -0.0008998595294542611 -0.0006738962256349623 -0.0009918218711391091 -0.0009426274336874485 -0.0009517124854028225 -0.0008839037618599832 -0.0007633605855517089 -0.0005858420627191663
-0.16096055507659912 -0.16096055507659912 -0.16096055507659912 -0.16096055507659912 -0.16096055507659912 -0.16096055507659912 -0.16096055507659912 -0.1275186538696289 -0.1275186538696289 -0.1275186538696289 -0.1275186538696289 -0.1275186538696289 -0.16096055507659912 -0.16096055507659912 -0.16096055507659912 -0.16096055507659912 -0.16096055507659912 -0.1275186538696289 -0.1275186538696289 -0.1275186538696289 -0.16096055507659912 -0.11387056112289429 -0.11387056112289429 -0.14319483935832977 -0.1275186538696289 -0.12359347194433212 -0.08638069033622742 -0.08638069033622742 -0.0688323900103569 -0.07324295490980148 -0.04665679857134819 -0.004573935642838478 -0.0026207820046693087 -0.0011911147739738226 -0.0018653590232133865 -0.0018743579275906086 -0.0014714781427755952 -0.0009918218711391091 -0.000735043897293508 -0.0008998595294542611 -0.0006738962256349623 -0.0009918218711391091 -0.0009426274336874485 -0.0009517124854028225 -0.0008839037618599832 -0.0007633605855517089 -0.0005858420627191663
-0.04665679857134819 -0.04665679857134819 -0.04665679857134819 -0.04665679857134819 -0.04665679857134819 -0.04665679857134819 -0.04665679857134819 -0.04665679857134819 -0.04665679857134819 -0.04665679857134819 -0.04665679857134819 -0.04665679857134819 -0.04665679857134819 -0.04665679857134819 -0.04665679857134819 -0.04665679857134819 -0.04665679857134819 -0.04665679857134819 -0.04665679857134819 -0.04665679857134819 -0.04665679857134819 -0.04665679857134819 -0.04665679857134819 -0.04665679857134819 -0.04665679857134819 -0.04665679857134819 -0.04665679857134819 -0.04665679857134819 -0.04665679857134819 -0.04665679857134819 -0.04665679857134819 -0.004573935642838478 -0.0026207820046693087 -0.0011911147739738226 -0.0018653590232133865 -0.0018743579275906086 -0.0014714781427755952 -0.0009918218711391091 -0.000735043897293508 -0.0008998595294542611 -0.0006738962256349623 -0.0009918218711391091 -0.0009426274336874485 -0.0009517124854028225 -0.0008839037618599832 -0.0007633605855517089 -0.0005858420627191663
-0.14319483935832977 -0.14319483935832977 -0.14319483935832977 -0.14319483935832977 -0.14319483935832977 -0.14319483935832977 -0.14319483935832977 -0.1275186538696289 -0.1275186538696289 -0.1275186538696289 -0.1275186538696289 -0.1275186538696289 -0.14319483935832977 -0.14319483935832977 -0.14319483935832977 -0.14319483935832977 -0.14319483935832977 -0.1275186538696289 -0.1275186538696289 -0.1275186538696289 -0.14319483935832977 -0.11387056112289429 -0.11387056112289429 -0.14319483935832977 -0.1275186538696289 -0.12359347194433212 -0.08638069033622742 -0.08638069033622742 -0.0688323900103569 -0.07324295490980148 -0.04665679857134819 -0.004573935642838478 -0.0026207820046693087 -0.0011911147739738226 -0.0018653590232133865 -0.0018743579275906086 -0.0014714781427755952 -0.0009918218711391091 -0.000735043897293508 -0.0008998595294542611 -0.0006738962256349623 -0.0009918218711391091 -0.0009426274336874485 -0.0009517124854028225 -0.0008839037618599832 -0.0007633605855517089 -0.0005858420627191663
-0.04665679857134819 -0.04665679857134819 -0.04665679857134819 -0.04665679857134819 -0.04665679857134819 -0.04665679857134819 -0.04665679857134819 -0.04665679857134819 -0.04665679857134819 -0.04665679857134819 -0.04665679857134819 -0.04665679857134819 -0.04665679857134819 -0.04665679857134819 -0.04665679857134819 -0.04665679857134819 -0.04665679857134819 -0.04665679857134819 -0.04665679857134819 -0.04665679857134819 -0.04665679857134819 -0.04665679857134819 -0.04665679857134819 -0.04665679857134819 -0.04665679857134819 -0.04665679857134819 -0.04665679857134819 -0.04665679857134819 -0.04665679857134819 -0.04665679857134819 -0.04665679857134819 -0.004573935642838478 -0.0026207820046693087 -0.0011911147739738226 -0.0018653590232133865 -0.0018743579275906086 -0.0014714781427755952 -0.0009918218711391091 -0.000735043897293508 -0.0008998595294542611 -0.0006738962256349623 -0.0009918218711391091 -0.0009426274336874485 -0.0009517124854028225 -0.0008839037618599832 -0.0007633605855517089 -0.0005858420627191663
-0.12551744282245636 -0.12551744282245636 -0.12551744282245636 -0.12551744282245636 -0.12551744282245636 -0.12551744282245636 -0.12551744282245636 -0.12551744282245636 -0.12551744282245636 -0.12551744282245636 -0.12551744282245636 -0.12551744282245636 -0.12551744282245636 -0.12551744282245636 -0.12551744282245636 -0.12551744282245636 -0.12551744282245636 -0.12551744282245636 -0.12551744282245636 -0.12551744282245636 -0.12551744282245636 -0.11387056112289429 -0.11387056112289429 -0.12551744282245636 -0.12551744282245636 -0.12359347194433212 -0.08638069033622742 -0.08638069033622742 -0.0688323900103569 -0.07324295490980148 -0.04665679857134819 -0.004573935642838478 -0.0026207820046693087 -0.0011911147739738226 -0.0018653590232133865 -0.0018743579275906086 -0.0014714781427755952 -0.0009918218711391091 -0.000735043897293508 -0.0008998595294542611 -0.0006738962256349623 -0.0009918218711391091 -0.0009426274336874485 -0.0009517124854028225 -0.0008839037618599832 -0.0007633605855517089 -0.0005858420627191663
-0.04665679857134819 -0.04665679857134819 -0.04665679857134819 -0.04665679857134819 -0.04665679857134819 -0.04665679857134819 -0.04665679857134819 -0.04665679857134819 -0.04665679857134819 -0.04665679857134819 -0.04665679857134819 -0.04665679857134819 -0.04665679857134819 -0.04665679857134819 -0.04665679857134819 -0.04665679857134819 -0.04665679857134819 -0.04665679857134819 -0.04665679857134819 -0.04665679857134819 -0.04665679857134819 -0.04665679857134819 -0.04665679857134819 -0.04665679857134819 -0.04665679857134819 -0.04665679857134819 -0.04665679857134819 -0.04665679857134819 -0.04665679857134819 -0.04665679857134819 -0.04951196536421776 -0.004573935642838478 -0.0026207820046693087 -0.0011911147739738226 -0.0018653590232133865 -0.0018743579275906086 -0.0014714781427755952 -0.0009918218711391091 -0.000735043897293508 -0.0008998595294542611 -0.0006738962256349623 -0.0009918218711391091 -0.0009426274336874485 -0.0009517124854028225 -0.0008839037618599832 -0.0007633605855517089 -0.0005858420627191663
-0.12265844643115997 -0.12265844643115997 -0.12265844643115997 -0.12265844643115997 -0.12265844643115997 -0.12265844643115997 -0.12265844643115997 -0.12265844643115997 -0.12265844643115997 -0.12265844643115997 -0.12265844643115997 -0.12265844643115997 -0.12265844643115997 -0.12265844643115997 -0.12265844643115997 -0.12265844643115997 -0.12265844643115997 -0.12265844643115997 -0.12265844643115997 -0.12265844643115997 -0.12265844643115997 -0.11387056112289429 -0.11387056112289429 -0.12265844643115997 -0.12265844643115997 -0.12265844643115997 -0.08638069033622742 -0.08638069033622742 -0.0688323900103569 -0.07324295490980148 -0.04665679857134819 -0.004573935642838478 -0.0026207820046693087 -0.0011911147739738226 -0.0018653590232133865 -0.0018743579275906086 -0.0014714781427755952 -0.0009918218711391091 -0.000735043897293508 -0.0008998595294542611 -0.0006738962256349623 -0.0009918218711391091 -0.0009426274336874485 -0.0009517124854028225 -0.0008839037618599832 -0.0007633605855517089 -0.0005858420627191663
-0.11352257430553436 -0.11352257430553436 -0.11352257430553436 -0.11352257430553436 -0.11352257430553436 -0.11352257430553436 -0.11352257430553436 -0.11352257430553436 -0.11352257430553436 -0.11352257430553436 -0.11352257430553436 -0.11352257430553436 -0.11352257430553436 -0.11352257430553436 -0.11352257430553436 -0.11352257430553436 -0.11352257430553436 -0.11352257430553436 -0.11352257430553436 -0.11352257430553436 -0.11352257430553436 -0.11352257430553436 -0.11352257430553436 -0.11352257430553436 -0.11352257430553436 -0.11352257430553436 -0.08638069033622742 -0.08638069033622742 -0.0688323900103569 -0.07324295490980148 -0.04665679857134819 -0.004573935642838478 -0.0026207820046693087 -0.0011911147739738226 -0.0018653590232133865 -0.0018743579275906086 -0.0014714781427755952 -0.0009918218711391091 -0.000735043897293508 -0.0008998595294542611 -0.0006738962256349623 -0.0009918218711391091 -0.0009426274336874485 -0.0009517124854028225 -0.0008839037618599832 -0.0007633605855517089 -0.0005858420627191663
-0.10353954136371613 -0.10353954136371613 -0.10353954136371613 -0.10353954136371613 -0.10353954136371613 -0.10353954136371613 -0.10353954136371613 -0.10353954136371613 -0.10353954136371613 -0.10353954136371613 -0.10353954136371613 -0.10353954136371613 -0.10353954136371613 -0.10353954136371613 -0.10353954136371613 -0.10353954136371613 -0.10353954136371613 -0.10353954136371613 -0.10353954136371613 -0.10353954136371613 -0.10353954136371613 -0.10353954136371613 -0.10353954136371613 -0.10353954136371613 -0.10353954136371613 -0.10353954136371613 -0.08638069033622742 -0.08638069033622742 -0.0688323900103569 -0.07324295490980148 -0.04665679857134819 -0.004573935642838478 -0.0026207820046693087 -0.0011911147739738226 -0.0018653590232133865 -0.0018743579275906086 -0.0014714781427755952 -0.0009918218711391091 -0.000735043897293508 -0.0008998595294542611 -0.0006738962256349623 -0.0009918218711391091 -0.0009426274336874485 -0.0009517124854028225 -0.0008839037618599832 -0.0007633605855517089 -0.0005858420627191663
-0.09927888214588165 -0.09927888214588165 -0.09927888214588165 -0.09927888214588165 -0.09927888214588165 -0.09927888214588165 -0.09927888214588165 -0.09927888214588165 -0.09927888214588165 -0.09927888214588165 -0.09927888214588165 -0.09927888214588165 -0.09927888214588165 -0.09927888214588165 -0.09927888214588165 -0.09927888214588165 -0.09927888214588165 -0.09927888214588165 -0.09927888214588165 -0.09927888214588165 -0.09927888214588165 -0.09927888214588165 -0.09927888214588165 -0.09927888214588165 -0.09927888214588165 -0.09927888214588165 -0.08638069033622742 -0.08638069033622742 -0.0688323900103569 -0.07324295490980148 -0.04665679857134819 -0.004573935642838478 -0.0026207820046693087 -0.0011911147739738226 -0.0018653590232133865 -0.0018743579275906086 -0.0014714781427755952 -0.0009918218711391091 -0.000735043897293508 -0.0008998595294542611 -0.0006738962256349623 -0.0009918218711391091 -0.0009426274336874485 -0.0009517124854028225 -0.0008839037618599832 -0.0007633605855517089 -0.0005858420627191663
-0.0981038436293602 -0.0981038436293602 -0.0981038436293602 -0.0981038436293602 -0.0981038436293602 -0.0981038436293602 -0.0981038436293602 -0.0981038436293602 -0.0981038436293602 -0.0981038436293602 -0.0981038436293602 -0.0981038436293602 -0.0981038436293602 -0.0981038436293602 -0.0981038436293602 -0.0981038436293602 -0.0981038436293602 -0.0981038436293602 -0.0981038436293602 -0.0981038436293602 -0.0981038436293602 -0.0981038436293602 -0.0981038436293602 -0.0981038436293602 -0.0981038436293602 -0.0981038436293602 -0.08638069033622742 -0.08638069033622742 -0.0688323900103569 -0.07324295490980148 -0.04665679857134819 -0.004573935642838478 -0.0026207820046693087 -0.0011911147739738226 -0.0018653590232133865 -0.0018743579275906086 -0.0014714781427755952 -0.0009918218711391091 -0.000735043897293508 -0.0008998595294542611 -0.0006738962256349623 -0.0009918218711391091 -0.0009426274336874485 -0.0009517124854028225 -0.0008839037618599832 -0.0007633605855517089 -0.0005858420627191663
-0.09137385338544846 -0.09137385338544846 -0.09137385338544846 -0.09137385338544846 -0.09137385338544846 -0.09137385338544846 -0.09137385338544846 -0.09137385338544846 -0.09137385338544846 -0.09137385338544846 -0.09137385338544846 -0.09137385338544846 -0.09137385338544846 -0.09137385338544846 -0.09137385338544846 -0.09137385338544846 -0.09137385338544846 -0.09137385338544846 -0.09137385338544846 -0.09137385338544846 -0.09137385338544846 -0.09137385338544846 -0.09137385338544846 -0.09137385338544846 -0.09137385338544846 -0.09137385338544846 -0.08638069033622742 -0.08638069033622742 -0.0688323900103569 -0.07324295490980148 -0.04665679857134819 -0.004573935642838478 -0.0026207820046693087 -0.0011911147739738226 -0.0018653590232133865 -0.0018743579275906086 -0.0014714781427755952 -0.0009918218711391091 -0.000735043897293508 -0.0008998595294542611 -0.0006738962256349623 -0.0009918218711391091 -0.0009426274336874485 -0.0009517124854028225 -0.0008839037618599832 -0.0007633605855517089 -0.0005858420627191663
-0.0688323900103569 -0.0688323900103569 -0.0688323900103569 -0.0688323900103569 -0.0688323900103569 -0.0688323900103569 -0.0688323900103569 -0.0688323900103569 -0.0688323900103569 -0.0688323900103569 -0.0688323900103569 -0.0688323900103569 -0.0688323900103569 -0.0688323900103569 -0.0688323900103569 -0.0688323900103569 -0.0688323900103569 -0.0688323900103569 -0.0688323900103569 -0.0688323900103569 -0.0688323900103569 -0.0688323900103569 -0.0688323900103569 -0.0688323900103569 -0.0688323900103569 -0.0688323900103569 -0.0688323900103569 -0.0688323900103569 -0.07462990283966064 -0.0688323900103569 -0.04665679857134819 -0.004573935642838478 -0.0026207820046693087 -0.0011911147739738226 -0.0018653590232133865 -0.0018743579275906086 -0.0014714781427755952 -0.0009918218711391091 -0.000735043897293508 -0.0008998595294542611 -0.0006738962256349623 -0.0009918218711391091 -0.0009426274336874485 -0.0009517124854028225 -0.0008839037618599832 -0.0007633605855517089 -0.0005858420627191663
-0.04552236571907997 -0.04552236571907997 -0.04552236571907997 -0.04552236571907997 -0.04552236571907997 -0.04552236571907997 -0.04552236571907997 -0.04552236571907997 -0.04552236571907997 -0.04552236571907997 -0.04552236571907997 -0.04552236571907997 -0.04552236571907997 -0.04552236571907997 -0.04552236571907997 -0.04552236571907997 -0.04552236571907997 -0.04552236571907997 -0.04552236571907997 -0.04552236571907997 -0.04552236571907997 -0.04552236571907997 -0.04552236571907997 -0.04552236571907997 -0.04552236571907997 -0.04552236571907997 -0.04552236571907997 -0.04552236571907997 -0.04552236571907997 -0.04552236571907997 -0.04552236571907997 -0.004573935642838478 -0.0026207820046693087 -0.0011911147739738226 -0.0018653590232133865 -0.0018743579275906086 -0.0014714781427755952 -0.0009918218711391091 -0.000735043897293508 -0.0008998595294542611 -0.0006738962256349623 -0.0009918218711391091 -0.0009426274336874485 -0.0009517124854028225 -0.0008839037618599832 -0.0007633605855517089 -0.0005858420627191663
-0.02542715147137642 -0.02542715147137642 -0.02542715147137642 -0.02542715147137642 -0.02542715147137642 -0.02542715147137642 -0.02542715147137642 -0.02542715147137642 -0.02542715147137642 -0.02542715147137642 -0.02542715147137642 -0.02542715147137642 -0.02542715147137642 -0.02542715147137642 -0.02542715147137642 -0.02542715147137642 -0.02542715147137642 -0.02542715147137642 -0.02542715147137642 -0.02542715147137642 -0.02542715147137642 -0.02542715147137642 -0.02542715147137642 -0.02542715147137642 -0.02542715147137642 -0.02542715147137642 -0.02542715147137642 -0.02542715147137642 -0.02542715147137642 -0.02542715147137642 -0.02542715147137642 -0.004573935642838478 -0.0026207820046693087 -0.0011911147739738226 -0.0018653590232133865 -0.0018743579275906086 -0.0014714781427755952 -0.0009918218711391091 -0.000735043897293508 -0.0008998595294542611 -0.0006738962256349623 -0.0009918218711391091 -0.0009426274336874485 -0.0009517124854028225 -0.0008839037618599832 -0.0007633605855517089 -0.0005858420627191663
-0.0011911147739738226 -0.0011911147739738226 -0.0011911147739738226 -0.0011911147739738226 -0.0011911147739738226 -0.0011911147739738226 -0.0011911147739738226 -0.0011911147739738226 -0.0011911147739738226 -0.0011911147739738226 -0.0011911147739738226 -0.0011911147739738226 -0.0011911147739738226 -0.0011911147739738226 -0.0011911147739738226 -0.0011911147739738226 -0.0011911147739738226 -0.0011911147739738226 -0.0011911147739738226 -0.0011911147739738226 -0.0011911147739738226 -0.0011911147739738226 -0.0011911147739738226 -0.0011911147739738226 -0.0011911147739738226 -0.0011911147739738226 -0.0011911147739738226 -0.0011911147739738226 -0.0011911147739738226 -0.0011911147739738226 -0.0011911147739738226 -0.0011911147739738226 -0.0011911147739738226 -0.0025496550370007753 -0.0011911147739738226 -0.0011911147739738226 -0.0011911147739738226 -0.0009918218711391091 -0.000735043897293508 -0.0008998595294542611 -0.0006738962256349623 -0.0009918218711391091 -0.0009426274336874485 -0.0009517124854028225 -0.0008839037618599832 -0.0007633605855517089 -0.0005858420627191663
-0.000735043897293508 -0.000735043897293508 -0.000735043897293508 -0.000735043897293508 -0.000735043897293508 -0.000735043897293508 -0.000735043897293508 -0.000735043897293508 -0.000735043897293508 -0.000735043897293508 -0.000735043897293508 -0.000735043897293508 -0.000735043897293508 -0.000735043897293508 -0.000735043897293508 -0.000735043897293508 -0.000735043897293508 -0.000735043897293508 -0.000735043897293508 -0.000735043897293508 -0.000735043897293508 -0.000735043897293508 -0.000735043897293508 -0.000735043897293508 -0.000735043897293508 -0.000735043897293508 -0.000735043897293508 -0.000735043897293508 -0.000735043897293508 -0.000735043897293508 -0.000735043897293508 -0.000735043897293508 -0.000735043897293508 -0.000735043897293508 -0.000735043897293508 -0.000735043897293508 -0.000735043897293508 -0.000735043897293508 -0.0014283540658652782 -0.000735043897293508 -0.0006738962256349623 -0.000735043897293508 -0.000735043897293508 -0.000735043897293508 -0.000735043897293508 -0.000735043897293508 -0.0005858420627191663
-0.0006738962256349623 -0.0006738962256349623 -0.0006738962256349623 -0.0006738962256349623 -0.0006738962256349623 -0.0006738962256349623 -0.0006738962256349623 -0.0006738962256349623 -0.0006738962256349623 -0.0006738962256349623 -0.0006738962256349623 -0.0006738962256349623 -0.0006738962256349623 -0.0006738962256349623 -0.0006738962256349623 -0.0006738962256349623 -0.0006738962256349623 -0.0006738962256349623 -0.0006738962256349623 -0.0006738962256349623 -0.0006738962256349623 -0.0006738962256349623 -0.0006738962256349623 -0.0006738962256349623 -0.0006738962256349623 -0.0006738962256349623 -0.0006738962256349623 -0.0006738962256349623 -0.0006738962256349623 -0.0006738962256349623 -0.0006738962256349623 -0.0006738962256349623 -0.0006738962256349623 -0.0006738962256349623 -0.0006738962256349623 -0.0006738962256349623 -0.0006738962256349623 -0.0006738962256349623 -0.0006738962256349623 -0.0006738962256349623 -0.0011666553327813745 -0.0006738962256349623 -0.0006738962256349623 -0.0006738962256349623 -0.0006738962256349623 -0.0006738962256349623 -0.0005858420627191663
-0.0006738962256349623 -0.0006738962256349623 -0.0006738962256349623 -0.0006738962256349623 -0.0006738962256349623 -0.0006738962256349623 -0.0006738962256349623 -0.0006738962256349623 -0.0006738962256349623 -0.0006738962256349623 -0.0006738962256349623 -0.0006738962256349623 -0.0006738962256349623 -0.0006738962256349623 -0.0006738962256349623 -0.0006738962256349623 -0.0006738962256349623 -0.0006738962256349623 -0.0006738962256349623 -0.0006738962256349623 -0.0006738962256349623 -0.0006738962256349623 -0.0006738962256349623 -0.0006738962256349623 -0.0006738962256349623 -0.0006738962256349623 -0.0006738962256349623 -0.0006738962256349623 -0.0006738962256349623 -0.0006738962256349623 -0.0006738962256349623 -0.0006738962256349623 -0.0006738962256349623 -0.0006738962256349623 -0.0006738962256349623 -0.0006738962256349623 -0.0006738962256349623 -0.0006738962256349623 -0.0006738962256349623 -0.0006738962256349623 -0.0011666553327813745 -0.0006738962256349623 -0.0006738962256349623 -0.0006738962256349623 -0.0006738962256349623 -0.0006738962256349623 -0.0005858420627191663
-0.0026207820046693087 -0.0026207820046693087 -0.0026207820046693087 -0.0026207820046693087 -0.0026207820046693087 -0.0026207820046693087 -0.0026207820046693087 -0.0026207820046693087 -0.0026207820046693087 -0.0026207820046693087 -0.0026207820046693087 -0.0026207820046693087 -0.0026207820046693087 -0.0026207820046693087 -0.0026207820046693087 -0.0026207820046693087 -0.0026207820046693087 -0.0026207820046693087 -0.0026207820046693087 -0.0026207820046693087 -0.0026207820046693087 -0.0026207820046693087 -0.0026207820046693087 -0.0026207820046693087 -0.0026207820046693087 -0.0026207820046693087 -0.0026207820046693087 -0.0026207820046693087 -0.0026207820046693087 -0.0026207820046693087 -0.0026207820046693087 -0.0026207820046693087 -0.002817036584019661 -0.0011911147739738226 -0.0018653590232133865 -0.0018743579275906086 -0.0014714781427755952 -0.0009918218711391091 -0.000735043897293508 -0.0008998595294542611 -0.0006738962256349623 -0.0009918218711391091 -0.0009426274336874485 -0.0009517124854028225 -0.0008839037618599832 -0.0007633605855517089 -0.0005858420627191663
-0.0018653590232133865 -0.0018653590232133865 -0.0018653590232133865 -0.0018653590232133865 -0.0018653590232133865 -0.0018653590232133865 -0.0018653590232133865 -0.0018653590232133865 -0.0018653590232133865 -0.0018653590232133865 -0.0018653590232133865 -0.0018653590232133865 -0.0018653590232133865 -0.0018653590232133865 -0.0018653590232133865 -0.0018653590232133865 -0.0018653590232133865 -0.0018653590232133865 -0.0018653590232133865 -0.0018653590232133865 -0.0018653590232133865 -0.0018653590232133865 -0.0018653590232133865 -0.0018653590232133865 -0.0018653590232133865 -0.0018653590232133865 -0.0018653590232133865 -0.0018653590232133865 -0.0018653590232133865 -0.0018653590232133865 -0.0018653590232133865 -0.0018653590232133865 -0.0018653590232133865 -0.0011911147739738226 -0.0019288401817902923 -0.0018653590232133865 -0.0014714781427755952 -0.0009918218711391091 -0.000735043897293508 -0.0008998595294542611 -0.0006738962256349623 -0.0009918218711391091 -0.0009426274336874485 -0.0009517124854028225 -0.0008839037618599832 -0.0007633605855517089 -0.0005858420627191663
-0.0014714781427755952 -0.0014714781427755952 -0.0014714781427755952 -0.0014714781427755952 -0.0014714781427755952 -0.0014714781427755952 -0.0014714781427755952 -0.0014714781427755952 -0.0014714781427755952 -0.0014714781427755952 -0.0014714781427755952 -0.0014714781427755952 -0.0014714781427755952 -0.0014714781427755952 -0.0014714781427755952 -0.0014714781427755952 -0.0014714781427755952 -0.0014714781427755952 -0.0014714781427755952 -0.0014714781427755952 -0.0014714781427755952 -0.0014714781427755952 -0.0014714781427755952 -0.0014714781427755952 -0.0014714781427755952 -0.0014714781427755952 -0.0014714781427755952 -0.0014714781427755952 -0.0014714781427755952 -0.0014714781427755952 -0.0014714781427755952 -0.0014714781427755952 -0.0014714781427755952 -0.0011911147739738226 -0.0014714781427755952 -0.0014714781427755952 -0.0016798160504549742 -0.0009918218711391091 -0.000735043897293508 -0.0008998595294542611 -0.0006738962256349623 -0.0009918218711391091 -0.0009426274336874485 -0.0009517124854028225 -0.0008839037618599832 -0.0007633605855517089 -0.0005858420627191663