-0.2573789954185486 -0.2573789954185486 -0.2573789954185486 -0.2573789954185486 -0.2573789954185486 -0.23392406105995178 -0.23392406105995178 -0.16856719553470612 -0.16856719553470612 -0.2573789954185486 -0.2573789954185486 -0.23392406105995178 -0.16856719553470612 -0.23392406105995178 -0.16856719553470612 -0.16856719553470612 -0.16856719553470612 -0.16856719553470612 -0.16856719553470612 -0.23392406105995178 -0.2252841740846634 -0.13302743434906006 -0.1142430379986763 -0.09400077164173126 -0.09021394699811935 -0.0711551159620285 -0.06821050494909286 -0.05950472876429558 -0.0624476857483387 -0.062208931893110275 -0.04935332387685776 -0.04226274788379669 -0.04077873378992081 -0.036103036254644394 -0.028324037790298462 -0.028324037790298462 -0.026725415140390396 -0.02264440804719925 -0.005367745645344257 -0.003245469881221652 -0.0009619990596547723 -0.0008308114483952522 -0.00033600424649193883 -0.0002664094208739698
-0.7603706121444702 -0.5938486456871033 -0.580757200717926 -0.5822571516036987 -0.4895090162754059 -0.23392406105995178 -0.23392406105995178 -0.16856719553470612 -0.16856719553470612 -0.2573789954185486 -0.38460052013397217 -0.23392406105995178 -0.16856719553470612 -0.23392406105995178 -0.16856719553470612 -0.16856719553470612 -0.16856719553470612 -0.16856719553470612 -0.16856719553470612 -0.23392406105995178 -0.2252841740846634 -0.13302743434906006 -0.1142430379986763 -0.09400077164173126 -0.09021394699811935 -0.0711551159620285 -0.06821050494909286 -0.05950472876429558 -0.0624476857483387 -0.062208931893110275 -0.04935332387685776 -0.04226274788379669 -0.04077873378992081 -0.036103036254644394 -0.028324037790298462 -0.028324037790298462 -0.026725415140390396 -0.02264440804719925 -0.005367745645344257 -0.003245469881221652 -0.0009619990596547723 -0.0008308114483952522 -0.00033600424649193883 -0.0002664094208739698
-0.7236966490745544 -0.5938486456871033 -0.580757200717926 -0.5822571516036987 -0.4895090162754059 -0.23392406105995178 -0.23392406105995178 -0.16856719553470612 -0.16856719553470612 -0.2573789954185486 -0.38460052013397217 -0.23392406105995178 -0.16856719553470612 -0.23392406105995178 -0.16856719553470612 -0.16856719553470612 -0.16856719553470612 -0.16856719553470612 -0.16856719553470612 -0.23392406105995178 -0.2252841740846634 -0.13302743434906006 -0.1142430379986763 -0.09400077164173126 -0.09021394699811935 -0.0711551159620285 -0.06821050494909286 -0.05950472876429558 -0.0624476857483387 -0.062208931893110275 -0.04935332387685776 -0.04226274788379669 -0.04077873378992081 -0.036103036254644394 -0.028324037790298462 -0.028324037790298462 -0.026725415140390396 -0.02264440804719925 -0.005367745645344257 -0.003245469881221652 -0.0009619990596547723 -0.0008308114483952522 -0.00033600424649193883 -0.0002664094208739698
-0.580757200717926 -0.580757200717926 -0.580757200717926 -0.580757200717926 -0.4895090162754059 -0.23392406105995178 -0.23392406105995178 -0.16856719553470612 -0.16856719553470612 -0.2573789954185486 -0.38460052013397217 -0.23392406105995178 -0.16856719553470612 -0.23392406105995178 -0.16856719553470612 -0.16856719553470612 -0.16856719553470612 -0.16856719553470612 -0.16856719553470612 -0.23392406105995178 -0.2252841740846634 -0.13302743434906006 -0.1142430379986763 -0.09400077164173126 -0.09021394699811935 -0.0711551159620285 -0.06821050494909286 -0.05950472876429558 -0.0624476857483387 -0.062208931893110275 -0.04935332387685776 -0.04226274788379669 -0.04077873378992081 -0.036103036254644394 -0.028324037790298462 -0.028324037790298462 -0.026725415140390396 -0.02264440804719925 -0.005367745645344257 -0.003245469881221652 -0.0009619990596547723 -0.0008308114483952522 -0.00033600424649193883 -0.0002664094208739698
-0.4895090162754059 -0.4895090162754059 -0.4895090162754059 -0.4895090162754059 -0.4895090162754059 -0.23392406105995178 -0.23392406105995178 -0.16856719553470612 -0.16856719553470612 -0.2573789954185486 -0.38460052013397217 -0.23392406105995178 -0.16856719553470612 -0.23392406105995178 -0.16856719553470612 -0.16856719553470612 -0.16856719553470612 -0.16856719553470612 -0.16856719553470612 -0.23392406105995178 -0.2252841740846634 -0.13302743434906006 -0.1142430379986763 -0.09400077164173126 -0.09021394699811935 -0.0711551159620285 -0.06821050494909286 -0.05950472876429558 -0.0624476857483387 -0.062208931893110275 -0.04935332387685776 -0.04226274788379669 -0.04077873378992081 -0.036103036254644394 -0.028324037790298462 -0.028324037790298462 -0.026725415140390396 -0.02264440804719925 -0.005367745645344257 -0.003245469881221652 -0.0009619990596547723 -0.0008308114483952522 -0.00033600424649193883 -0.0002664094208739698
-0.16856719553470612 -0.16856719553470612 -0.16856719553470612 -0.16856719553470612 -0.16856719553470612 -0.16856719553470612 -0.16856719553470612 -0.28177571296691895 -0.28177571296691895 -0.16856719553470612 -0.16856719553470612 -0.16856719553470612 -0.28177571296691895 -0.16856719553470612 -0.28177571296691895 -0.28177571296691895 -0.28177571296691895 -0.28177571296691895 -0.28177571296691895 -0.16856719553470612 -0.16856719553470612 -0.13302743434906006 -0.1142430379986763 -0.09400077164173126 -0.09021394699811935 -0.0711551159620285 -0.06821050494909286 -0.05950472876429558 -0.0624476857483387 -0.062208931893110275 -0.04935332387685776 -0.04226274788379669 -0.04077873378992081 -0.036103036254644394 -0.028324037790298462 -0.028324037790298462 -0.026725415140390396 -0.02264440804719925 -0.005367745645344257 -0.003245469881221652 -0.0009619990596547723 -0.0008308114483952522 -0.00033600424649193883 -0.0002664094208739698
-0.16856719553470612 -0.16856719553470612 -0.16856719553470612 -0.16856719553470612 -0.16856719553470612 -0.16856719553470612 -0.16856719553470612 -0.3983027935028076 -0.3983027935028076 -0.16856719553470612 -0.16856719553470612 -0.16856719553470612 -0.29767927527427673 -0.16856719553470612 -0.28335458040237427 -0.28335458040237427 -0.28335458040237427 -0.28335458040237427 -0.28177571296691895 -0.16856719553470612 -0.16856719553470612 -0.13302743434906006 -0.1142430379986763 -0.09400077164173126 -0.09021394699811935 -0.0711551159620285 -0.06821050494909286 -0.05950472876429558 -0.0624476857483387 -0.062208931893110275 -0.04935332387685776 -0.04226274788379669 -0.04077873378992081 -0.036103036254644394 -0.028324037790298462 -0.028324037790298462 -0.026725415140390396 -0.02264440804719925 -0.005367745645344257 -0.003245469881221652 -0.0009619990596547723 -0.0008308114483952522 -0.00033600424649193883 -0.0002664094208739698
-0.16856719553470612 -0.16856719553470612 -0.16856719553470612 -0.16856719553470612 -0.16856719553470612 -0.16856719553470612 -0.16856719553470612 -0.28177571296691895 -0.28177571296691895 -0.16856719553470612 -0.16856719553470612 -0.16856719553470612 -0.28177571296691895 -0.16856719553470612 -0.28177571296691895 -0.28177571296691895 -0.28177571296691895 -0.28177571296691895 -0.28177571296691895 -0.16856719553470612 -0.16856719553470612 -0.13302743434906006 -0.1142430379986763 -0.09400077164173126 -0.09021394699811935 -0.0711551159620285 -0.06821050494909286 -0.05950472876429558 -0.0624476857483387 -0.062208931893110275 -0.04935332387685776 -0.04226274788379669 -0.04077873378992081 -0.036103036254644394 -0.028324037790298462 -0.028324037790298462 -0.026725415140390396 -0.02264440804719925 -0.005367745645344257 -0.003245469881221652 -0.0009619990596547723 -0.0008308114483952522 -0.00033600424649193883 -0.0002664094208739698
-0.23392406105995178 -0.23392406105995178 -0.23392406105995178 -0.23392406105995178 -0.23392406105995178 -0.3149811923503876 -0.3149811923503876 -0.16856719553470612 -0.16856719553470612 -0.23392406105995178 -0.23392406105995178 -0.3149811923503876 -0.16856719553470612 -0.3149811923503876 -0.16856719553470612 -0.16856719553470612 -0.16856719553470612 -0.16856719553470612 -0.16856719553470612 -0.2520134449005127 -0.2252841740846634 -0.13302743434906006 -0.1142430379986763 -0.09400077164173126 -0.09021394699811935 -0.0711551159620285 -0.06821050494909286 -0.05950472876429558 -0.0624476857483387 -0.062208931893110275 -0.04935332387685776 -0.04226274788379669 -0.04077873378992081 -0.036103036254644394 -0.028324037790298462 -0.028324037790298462 -0.026725415140390396 -0.02264440804719925 -0.005367745645344257 -0.003245469881221652 -0.0009619990596547723 -0.0008308114483952522 -0.00033600424649193883 -0.0002664094208739698
-0.23392406105995178 -0.23392406105995178 -0.23392406105995178 -0.23392406105995178 -0.23392406105995178 -0.3149811923503876 -0.3149811923503876 -0.16856719553470612 -0.16856719553470612 -0.23392406105995178 -0.23392406105995178 -0.3149811923503876 -0.16856719553470612 -0.3149811923503876 -0.16856719553470612 -0.16856719553470612 -0.16856719553470612 -0.16856719553470612 -0.16856719553470612 -0.2520134449005127 -0.2252841740846634 -0.13302743434906006 -0.1142430379986763 -0.09400077164173126 -0.09021394699811935 -0.0711551159620285 -0.06821050494909286 -0.05950472876429558 -0.0624476857483387 -0.062208931893110275 -0.04935332387685776 -0.04226274788379669 -0.04077873378992081 -0.036103036254644394 -0.028324037790298462 -0.028324037790298462 -0.026725415140390396 -0.02264440804719925 -0.005367745645344257 -0.003245469881221652 -0.0009619990596547723 -0.0008308114483952522 -0.00033600424649193883 -0.0002664094208739698
-0.16856719553470612 -0.16856719553470612 -0.16856719553470612 -0.16856719553470612 -0.16856719553470612 -0.16856719553470612 -0.16856719553470612 -0.28177571296691895 -0.28177571296691895 -0.16856719553470612 -0.16856719553470612 -0.16856719553470612 -0.28177571296691895 -0.16856719553470612 -0.28177571296691895 -0.28177571296691895 -0.28177571296691895 -0.28177571296691895 -0.28177571296691895 -0.16856719553470612 -0.16856719553470612 -0.13302743434906006 -0.1142430379986763 -0.09400077164173126 -0.09021394699811935 -0.0711551159620285 -0.06821050494909286 -0.05950472876429558 -0.0624476857483387 -0.062208931893110275 -0.04935332387685776 -0.04226274788379669 -0.04077873378992081 -0.036103036254644394 -0.028324037790298462 -0.028324037790298462 -0.026725415140390396 -0.02264440804719925 -0.005367745645344257 -0.003245469881221652 -0.0009619990596547723 -0.0008308114483952522 -0.00033600424649193883 -0.0002664094208739698
-0.23392406105995178 -0.23392406105995178 -0.23392406105995178 -0.23392406105995178 -0.23392406105995178 -0.3149811923503876 -0.3149811923503876 -0.16856719553470612 -0.16856719553470612 -0.23392406105995178 -0.23392406105995178 -0.3149811923503876 -0.16856719553470612 -0.3149811923503876 -0.16856719553470612 -0.16856719553470612 -0.16856719553470612 -0.16856719553470612 -0.16856719553470612 -0.2520134449005127 -0.2252841740846634 -0.13302743434906006 -0.1142430379986763 -0.09400077164173126 -0.09021394699811935 -0.0711551159620285 -0.06821050494909286 -0.05950472876429558 -0.0624476857483387 -0.062208931893110275 -0.04935332387685776 -0.04226274788379669 -0.04077873378992081 -0.036103036254644394 -0.028324037790298462 -0.028324037790298462 -0.026725415140390396 -0.02264440804719925 -0.005367745645344257 -0.003245469881221652 -0.0009619990596547723 -0.0008308114483952522 -0.00033600424649193883 -0.0002664094208739698
-0.16856719553470612 -0.16856719553470612 -0.16856719553470612 -0.16856719553470612 -0.16856719553470612 -0.16856719553470612 -0.16856719553470612 -0.28177571296691895 -0.28177571296691895 -0.16856719553470612 -0.16856719553470612 -0.16856719553470612 -0.28177571296691895 -0.16856719553470612 -0.28177571296691895 -0.28177571296691895 -0.28177571296691895 -0.28177571296691895 -0.28177571296691895 -0.16856719553470612 -0.16856719553470612 -0.13302743434906006 -0.1142430379986763 -0.09400077164173126 -0.09021394699811935 -0.0711551159620285 -0.06821050494909286 -0.05950472876429558 -0.0624476857483387 -0.062208931893110275 -0.04935332387685776 -0.04226274788379669 -0.04077873378992081 -0.036103036254644394 -0.028324037790298462 -0.028324037790298462 -0.026725415140390396 -0.02264440804719925 -0.005367745645344257 -0.003245469881221652 -0.0009619990596547723 -0.0008308114483952522 -0.00033600424649193883 -0.0002664094208739698
-0.16856719553470612 -0.16856719553470612 -0.16856719553470612 -0.16856719553470612 -0.16856719553470612 -0.16856719553470612 -0.16856719553470612 -0.28177571296691895 -0.28177571296691895 -0.16856719553470612 -0.16856719553470612 -0.16856719553470612 -0.28177571296691895 -0.16856719553470612 -0.28177571296691895 -0.28177571296691895 -0.28177571296691895 -0.28177571296691895 -0.28177571296691895 -0.16856719553470612 -0.16856719553470612 -0.13302743434906006 -0.1142430379986763 -0.09400077164173126 -0.09021394699811935 -0.0711551159620285 -0.06821050494909286 -0.05950472876429558 -0.0624476857483387 -0.062208931893110275 -0.04935332387685776 -0.04226274788379669 -0.04077873378992081 -0.036103036254644394 -0.028324037790298462 -0.028324037790298462 -0.026725415140390396 -0.02264440804719925 -0.005367745645344257 -0.003245469881221652 -0.0009619990596547723 -0.0008308114483952522 -0.00033600424649193883 -0.0002664094208739698
-0.16856719553470612 -0.16856719553470612 -0.16856719553470612 -0.16856719553470612 -0.16856719553470612 -0.16856719553470612 -0.16856719553470612 -0.28177571296691895 -0.28177571296691895 -0.16856719553470612 -0.16856719553470612 -0.16856719553470612 -0.28177571296691895 -0.16856719553470612 -0.28177571296691895 -0.28177571296691895 -0.28177571296691895 -0.28177571296691895 -0.28177571296691895 -0.16856719553470612 -0.16856719553470612 -0.13302743434906006 -0.1142430379986763 -0.09400077164173126 -0.09021394699811935 -0.0711551159620285 -0.06821050494909286 -0.05950472876429558 -0.0624476857483387 -0.062208931893110275 -0.04935332387685776 -0.04226274788379669 -0.04077873378992081 -0.036103036254644394 -0.028324037790298462 -0.028324037790298462 -0.026725415140390396 -0.02264440804719925 -0.005367745645344257 -0.003245469881221652 -0.0009619990596547723 -0.0008308114483952522 -0.00033600424649193883 -0.0002664094208739698
-0.23392406105995178 -0.23392406105995178 -0.23392406105995178 -0.23392406105995178 -0.23392406105995178 -0.3149811923503876 -0.3149811923503876 -0.16856719553470612 -0.16856719553470612 -0.23392406105995178 -0.23392406105995178 -0.3149811923503876 -0.16856719553470612 -0.3149811923503876 -0.16856719553470612 -0.16856719553470612 -0.16856719553470612 -0.16856719553470612 -0.16856719553470612 -0.2520134449005127 -0.2252841740846634 -0.13302743434906006 -0.1142430379986763 -0.09400077164173126 -0.09021394699811935 -0.0711551159620285 -0.06821050494909286 -0.05950472876429558 -0.0624476857483387 -0.062208931893110275 -0.04935332387685776 -0.04226274788379669 -0.04077873378992081 -0.036103036254644394 -0.028324037790298462 -0.028324037790298462 -0.026725415140390396 -0.02264440804719925 -0.005367745645344257 -0.003245469881221652 -0.0009619990596547723 -0.0008308114483952522 -0.00033600424649193883 -0.0002664094208739698
-0.23392406105995178 -0.23392406105995178 -0.23392406105995178 -0.23392406105995178 -0.23392406105995178 -0.3149811923503876 -0.3149811923503876 -0.16856719553470612 -0.16856719553470612 -0.23392406105995178 -0.23392406105995178 -0.3149811923503876 -0.16856719553470612 -0.3149811923503876 -0.16856719553470612 -0.16856719553470612 -0.16856719553470612 -0.16856719553470612 -0.16856719553470612 -0.2520134449005127 -0.2252841740846634 -0.13302743434906006 -0.1142430379986763 -0.09400077164173126 -0.09021394699811935 -0.0711551159620285 -0.06821050494909286 -0.05950472876429558 -0.0624476857483387 -0.062208931893110275 -0.04935332387685776 -0.04226274788379669 -0.04077873378992081 -0.036103036254644394 -0.028324037790298462 -0.028324037790298462 -0.026725415140390396 -0.02264440804719925 -0.005367745645344257 -0.003245469881221652 -0.0009619990596547723 -0.0008308114483952522 -0.00033600424649193883 -0.0002664094208739698
-0.16856719553470612 -0.16856719553470612 -0.16856719553470612 -0.16856719553470612 -0.16856719553470612 -0.16856719553470612 -0.16856719553470612 -0.16856719553470612 -0.16856719553470612 -0.16856719553470612 -0.16856719553470612 -0.16856719553470612 -0.16856719553470612 -0.16856719553470612 -0.16856719553470612 -0.16856719553470612 -0.16856719553470612 -0.16856719553470612 -0.16856719553470612 -0.16856719553470612 -0.16856719553470612 -0.13302743434906006 -0.1142430379986763 -0.09400077164173126 -0.09021394699811935 -0.0711551159620285 -0.06821050494909286 -0.05950472876429558 -0.0624476857483387 -0.062208931893110275 -0.04935332387685776 -0.04226274788379669 -0.04077873378992081 -0.036103036254644394 -0.028324037790298462 -0.028324037790298462 -0.026725415140390396 -0.02264440804719925 -0.005367745645344257 -0.003245469881221652 -0.0009619990596547723 -0.0008308114483952522 -0.00033600424649193883 -0.0002664094208739698
-0.02264440804719925 -0.02264440804719925 -0.02264440804719925 -0.02264440804719925 -0.02264440804719925 -0.02264440804719925 -0.02264440804719925 -0.02264440804719925 -0.02264440804719925 -0.02264440804719925 -0.02264440804719925 -0.02264440804719925 -0.02264440804719925 -0.02264440804719925 -0.02264440804719925 -0.02264440804719925 -0.02264440804719925 -0.02264440804719925 -0.02264440804719925 -0.02264440804719925 -0.02264440804719925 -0.02264440804719925 -0.02264440804719925 -0.02264440804719925 -0.02264440804719925 -0.02264440804719925 -0.02264440804719925 -0.02264440804719925 -0.02264440804719925 -0.02264440804719925 -0.02264440804719925 -0.02264440804719925 -0.02264440804719925 -0.02264440804719925 -0.02264440804719925 -0.02264440804719925 -0.02264440804719925 -0.02264440804719925 -0.005367745645344257 -0.003245469881221652 -0.0009619990596547723 -0.0008308114483952522 -0.00033600424649193883 -0.0002664094208739698
-0.2252841740846634 -0.2252841740846634 -0.2252841740846634 -0.2252841740846634 -0.2252841740846634 -0.2252841740846634 -0.2252841740846634 -0.16856719553470612 -0.16856719553470612 -0.2252841740846634 -0.2252841740846634 -0.2252841740846634 -0.16856719553470612 -0.2252841740846634 -0.16856719553470612 -0.16856719553470612 -0.16856719553470612 -0.16856719553470612 -0.16856719553470612 -0.2252841740846634 -0.2252841740846634 -0.13302743434906006 -0.1142430379986763 -0.09400077164173126 -0.09021394699811935 -0.0711551159620285 -0.06821050494909286 -0.05950472876429558 -0.0624476857483387 -0.062208931893110275 -0.04935332387685776 -0.04226274788379669 -0.04077873378992081 -0.036103036254644394 -0.028324037790298462 -0.028324037790298462 -0.026725415140390396 -0.02264440804719925 -0.005367745645344257 -0.003245469881221652 -0.0009619990596547723 -0.0008308114483952522 -0.00033600424649193883 -0.0002664094208739698
-0.2252841740846634 -0.2252841740846634 -0.2252841740846634 -0.2252841740846634 -0.2252841740846634 -0.2252841740846634 -0.2252841740846634 -0.16856719553470612 -0.16856719553470612 -0.2252841740846634 -0.2252841740846634 -0.2252841740846634 -0.16856719553470612 -0.2252841740846634 -0.16856719553470612 -0.16856719553470612 -0.16856719553470612 -0.16856719553470612 -0.16856719553470612 -0.2252841740846634 -0.2252841740846634 -0.13302743434906006 -0.1142430379986763 -0.09400077164173126 -0.09021394699811935 -0.0711551159620285 -0.06821050494909286 -0.05950472876429558 -0.0624476857483387 -0.062208931893110275 -0.04935332387685776 -0.04226274788379669 -0.04077873378992081 -0.036103036254644394 -0.028324037790298462 -0.028324037790298462 -0.026725415140390396 -0.02264440804719925 -0.005367745645344257 -0.003245469881221652 -0.0009619990596547723 -0.0008308114483952522 -0.00033600424649193883 -0.0002664094208739698
-0.2573789954185486 -0.2573789954185486 -0.2573789954185486 -0.2573789954185486 -0.2573789954185486 -0.23392406105995178 -0.23392406105995178 -0.16856719553470612 -0.16856719553470612 -0.3513878285884857 -0.2573789954185486 -0.23392406105995178 -0.16856719553470612 -0.23392406105995178 -0.16856719553470612 -0.16856719553470612 -0.16856719553470612 -0.16856719553470612 -0.16856719553470612 -0.23392406105995178 -0.2252841740846634 -0.13302743434906006 -0.1142430379986763 -0.09400077164173126 -0.09021394699811935 -0.0711551159620285 -0.06821050494909286 -0.05950472876429558 -0.0624476857483387 -0.062208931893110275 -0.04935332387685776 -0.04226274788379669 -0.04077873378992081 -0.036103036254644394 -0.028324037790298462 -0.028324037790298462 -0.026725415140390396 -0.02264440804719925 -0.005367745645344257 -0.003245469881221652 -0.0009619990596547723 -0.0008308114483952522 -0.00033600424649193883 -0.0002664094208739698
-0.2573789954185486 -0.2573789954185486 -0.2573789954185486 -0.2573789954185486 -0.2573789954185486 -0.23392406105995178 -0.23392406105995178 -0.16856719553470612 -0.16856719553470612 -0.33232372999191284 -0.2573789954185486 -0.23392406105995178 -0.16856719553470612 -0.23392406105995178 -0.16856719553470612 -0.16856719553470612 -0.16856719553470612 -0.16856719553470612 -0.16856719553470612 -0.23392406105995178 -0.2252841740846634 -0.13302743434906006 -0.1142430379986763 -0.09400077164173126 -0.09021394699811935 -0.0711551159620285 -0.06821050494909286 -0.05950472876429558 -0.0624476857483387 -0.062208931893110275 -0.04935332387685776 -0.04226274788379669 -0.04077873378992081 -0.036103036254644394 -0.028324037790298462 -0.028324037790298462 -0.026725415140390396 -0.02264440804719925 -0.005367745645344257 -0.003245469881221652 -0.0009619990596547723 -0.0008308114483952522 -0.00033600424649193883 -0.0002664094208739698
-0.1142430379986763 -0.1142430379986763 -0.1142430379986763 -0.1142430379986763 -0.1142430379986763 -0.1142430379986763 -0.1142430379986763 -0.1142430379986763 -0.1142430379986763 -0.1142430379986763 -0.1142430379986763 -0.1142430379986763 -0.1142430379986763 -0.1142430379986763 -0.1142430379986763 -0.1142430379986763 -0.1142430379986763 -0.1142430379986763 -0.1142430379986763 -0.1142430379986763 -0.1142430379986763 -0.1142430379986763 -0.11975529789924622 -0.09400077164173126 -0.09021394699811935 -0.0711551159620285 -0.06821050494909286 -0.05950472876429558 -0.0624476857483387 -0.062208931893110275 -0.04935332387685776 -0.04226274788379669 -0.04077873378992081 -0.036103036254644394 -0.028324037790298462 -0.028324037790298462 -0.026725415140390396 -0.02264440804719925 -0.005367745645344257 -0.003245469881221652 -0.0009619990596547723 -0.0008308114483952522 -0.00033600424649193883 -0.0002664094208739698
-0.2573789954185486 -0.2573789954185486 -0.2573789954185486 -0.2573789954185486 -0.2573789954185486 -0.23392406105995178 -0.23392406105995178 -0.16856719553470612 -0.16856719553470612 -0.31562238931655884 -0.2573789954185486 -0.23392406105995178 -0.16856719553470612 -0.23392406105995178 -0.16856719553470612 -0.16856719553470612 -0.16856719553470612 -0.16856719553470612 -0.16856719553470612 -0.23392406105995178 -0.2252841740846634 -0.13302743434906006 -0.1142430379986763 -0.09400077164173126 -0.09021394699811935 -0.0711551159620285 -0.06821050494909286 -0.05950472876429558 -0.0624476857483387 -0.062208931893110275 -0.04935332387685776 -0.04226274788379669 -0.04077873378992081 -0.036103036254644394 -0.028324037790298462 -0.028324037790298462 -0.026725415140390396 -0.02264440804719925 -0.005367745645344257 -0.003245469881221652 -0.0009619990596547723 -0.0008308114483952522 -0.00033600424649193883 -0.0002664094208739698
-0.2573789954185486 -0.2573789954185486 -0.2573789954185486 -0.2573789954185486 -0.2573789954185486 -0.23392406105995178 -0.23392406105995178 -0.16856719553470612 -0.16856719553470612 -0.30731505155563354 -0.2573789954185486 -0.23392406105995178 -0.16856719553470612 -0.23392406105995178 -0.16856719553470612 -0.16856719553470612 -0.16856719553470612 -0.16856719553470612 -0.16856719553470612 -0.23392406105995178 -0.2252841740846634 -0.13302743434906006 -0.1142430379986763 -0.09400077164173126 -0.09021394699811935 -0.0711551159620285 -0.06821050494909286 -0.05950472876429558 -0.0624476857483387 -0.062208931893110275 -0.04935332387685776 -0.04226274788379669 -0.04077873378992081 -0.036103036254644394 -0.028324037790298462 -0.028324037790298462 -0.026725415140390396 -0.02264440804719925 -0.005367745645344257 -0.003245469881221652 -0.0009619990596547723 -0.0008308114483952522 -0.00033600424649193883 -0.0002664094208739698
-0.2573789954185486 -0.2573789954185486 -0.2573789954185486 -0.2573789954185486 -0.2573789954185486 -0.23392406105995178 -0.23392406105995178 -0.16856719553470612 -0.16856719553470612 -0.26078084111213684 -0.2573789954185486 -0.23392406105995178 -0.16856719553470612 -0.23392406105995178 -0.16856719553470612 -0.16856719553470612 -0.16856719553470612 -0.16856719553470612 -0.16856719553470612 -0.23392406105995178 -0.2252841740846634 -0.13302743434906006 -0.1142430379986763 -0.09400077164173126 -0.09021394699811935 -0.0711551159620285 -0.06821050494909286 -0.05950472876429558 -0.0624476857483387 -0.062208931893110275 -0.04935332387685776 -0.04226274788379669 -0.04077873378992081 -0.036103036254644394 -0.028324037790298462 -0.028324037790298462 -0.026725415140390396 -0.02264440804719925 -0.005367745645344257 -0.003245469881221652 -0.0009619990596547723 -0.0008308114483952522 -0.00033600424649193883 -0.0002664094208739698
-0.25013619661331177 -0.25013619661331177 -0.25013619661331177 -0.25013619661331177 -0.25013619661331177 -0.23392406105995178 -0.23392406105995178 -0.16856719553470612 -0.16856719553470612 -0.25013619661331177 -0.25013619661331177 -0.23392406105995178 -0.16856719553470612 -0.23392406105995178 -0.16856719553470612 -0.16856719553470612 -0.16856719553470612 -0.16856719553470612 -0.16856719553470612 -0.23392406105995178 -0.2252841740846634 -0.13302743434906006 -0.1142430379986763 -0.09400077164173126 -0.09021394699811935 -0.0711551159620285 -0.06821050494909286 -0.05950472876429558 -0.0624476857483387 -0.062208931893110275 -0.04935332387685776 -0.04226274788379669 -0.04077873378992081 -0.036103036254644394 -0.028324037790298462 -0.028324037790298462 -0.026725415140390396 -0.02264440804719925 -0.005367745645344257 -0.003245469881221652 -0.0009619990596547723 -0.0008308114483952522 -0.00033600424649193883 -0.0002664094208739698
-0.13302743434906006 -0.13302743434906006 -0.13302743434906006 -0.13302743434906006 -0.13302743434906006 -0.13302743434906006 -0.13302743434906006 -0.13302743434906006 -0.13302743434906006 -0.13302743434906006 -0.13302743434906006 -0.13302743434906006 -0.13302743434906006 -0.13302743434906006 -0.13302743434906006 -0.13302743434906006 -0.13302743434906006 -0.13302743434906006 -0.13302743434906006 -0.13302743434906006 -0.13302743434906006 -0.13302743434906006 -0.1142430379986763 -0.09400077164173126 -0.09021394699811935 -0.0711551159620285 -0.06821050494909286 -0.05950472876429558 -0.0624476857483387 -0.062208931893110275 -0.04935332387685776 -0.04226274788379669 -0.04077873378992081 -0.036103036254644394 -0.028324037790298462 -0.028324037790298462 -0.026725415140390396 -0.02264440804719925 -0.005367745645344257 -0.003245469881221652 -0.0009619990596547723 -0.0008308114483952522 -0.00033600424649193883 -0.0002664094208739698
-0.16856719553470612 -0.16856719553470612 -0.16856719553470612 -0.16856719553470612 -0.16856719553470612 -0.16856719553470612 -0.16856719553470612 -0.21032585203647614 -0.21032585203647614 -0.16856719553470612 -0.16856719553470612 -0.16856719553470612 -0.21032585203647614 -0.16856719553470612 -0.21032585203647614 -0.21032585203647614 -0.21032585203647614 -0.21032585203647614 -0.21032585203647614 -0.16856719553470612 -0.16856719553470612 -0.13302743434906006 -0.1142430379986763 -0.09400077164173126 -0.09021394699811935 -0.0711551159620285 -0.06821050494909286 -0.05950472876429558 -0.0624476857483387 -0.062208931893110275 -0.04935332387685776 -0.04226274788379669 -0.04077873378992081 -0.036103036254644394 -0.028324037790298462 -0.028324037790298462 -0.026725415140390396 -0.02264440804719925 -0.005367745645344257 -0.003245469881221652 -0.0009619990596547723 -0.0008308114483952522 -0.00033600424649193883 -0.0002664094208739698
-0.16856719553470612 -0.16856719553470612 -0.16856719553470612 -0.16856719553470612 -0.16856719553470612 -0.16856719553470612 -0.16856719553470612 -0.16856719553470612 -0.16856719553470612 -0.16856719553470612 -0.16856719553470612 -0.16856719553470612 -0.16856719553470612 -0.16856719553470612 -0.16856719553470612 -0.16856719553470612 -0.16856719553470612 -0.16856719553470612 -0.16856719553470612 -0.16856719553470612 -0.16856719553470612 -0.13302743434906006 -0.1142430379986763 -0.09400077164173126 -0.09021394699811935 -0.0711551159620285 -0.06821050494909286 -0.05950472876429558 -0.0624476857483387 -0.062208931893110275 -0.04935332387685776 -0.04226274788379669 -0.04077873378992081 -0.036103036254644394 -0.028324037790298462 -0.028324037790298462 -0.026725415140390396 -0.02264440804719925 -0.005367745645344257 -0.003245469881221652 -0.0009619990596547723 -0.0008308114483952522 -0.00033600424649193883 -0.0002664094208739698
-0.036103036254644394 -0.036103036254644394 -0.036103036254644394 -0.036103036254644394 -0.036103036254644394 -0.036103036254644394 -0.036103036254644394 -0.036103036254644394 -0.036103036254644394 -0.036103036254644394 -0.036103036254644394 -0.036103036254644394 -0.036103036254644394 -0.036103036254644394 -0.036103036254644394 -0.036103036254644394 -0.036103036254644394 -0.036103036254644394 -0.036103036254644394 -0.036103036254644394 -0.036103036254644394 -0.036103036254644394 -0.036103036254644394 -0.036103036254644394 -0.036103036254644394 -0.036103036254644394 -0.036103036254644394 -0.036103036254644394 -0.036103036254644394 -0.036103036254644394 -0.036103036254644394 -0.036103036254644394 -0.036103036254644394 -0.036103036254644394 -0.028324037790298462 -0.028324037790298462 -0.026725415140390396 -0.02264440804719925 -0.005367745645344257 -0.003245469881221652 -0.0009619990596547723 -0.0008308114483952522 -0.00033600424649193883 -0.0002664094208739698
-0.16096055507659912 -0.16096055507659912 -0.16096055507659912 -0.16096055507659912 -0.16096055507659912 -0.16096055507659912 -0.16096055507659912 -0.16096055507659912 -0.16096055507659912 -0.16096055507659912 -0.16096055507659912 -0.16096055507659912 -0.16096055507659912 -0.16096055507659912 -0.16096055507659912 -0.16096055507659912 -0.16096055507659912 -0.16096055507659912 -0.16096055507659912 -0.16096055507659912 -0.16096055507659912 -0.13302743434906006 -0.1142430379986763 -0.09400077164173126 -0.09021394699811935 -0.0711551159620285 -0.06821050494909286 -0.05950472876429558 -0.0624476857483387 -0.062208931893110275 -0.04935332387685776 -0.04226274788379669 -0.04077873378992081 -0.036103036254644394 -0.028324037790298462 -0.028324037790298462 -0.026725415140390396 -0.02264440804719925 -0.005367745645344257 -0.003245469881221652 -0.0009619990596547723 -0.0008308114483952522 -0.00033600424649193883 -0.0002664094208739698
-0.14614719152450562 -0.14614719152450562 -0.14614719152450562 -0.14614719152450562 -0.14614719152450562 -0.14614719152450562 -0.14614719152450562 -0.14614719152450562 -0.14614719152450562 -0.14614719152450562 -0.14614719152450562 -0.14614719152450562 -0.14614719152450562 -0.14614719152450562 -0.14614719152450562 -0.14614719152450562 -0.14614719152450562 -0.14614719152450562 -0.14614719152450562 -0.14614719152450562 -0.14614719152450562 -0.13302743434906006 -0.1142430379986763 -0.09400077164173126 -0.09021394699811935 -0.0711551159620285 -0.06821050494909286 -0.05950472876429558 -0.0624476857483387 -0.062208931893110275 -0.04935332387685776 -0.04226274788379669 -0.04077873378992081 -0.036103036254644394 -0.028324037790298462 -0.028324037790298462 -0.026725415140390396 -0.02264440804719925 -0.005367745645344257 -0.003245469881221652 -0.0009619990596547723 -0.0008308114483952522 -0.00033600424649193883 -0.0002664094208739698
-0.14530998468399048 -0.14530998468399048 -0.14530998468399048 -0.14530998468399048 -0.14530998468399048 -0.14530998468399048 -0.14530998468399048 -0.14530998468399048 -0.14530998468399048 -0.14530998468399048 -0.14530998468399048 -0.14530998468399048 -0.14530998468399048 -0.14530998468399048 -0.14530998468399048 -0.14530998468399048 -0.14530998468399048 -0.14530998468399048 -0.14530998468399048 -0.14530998468399048 -0.14530998468399048 -0.13302743434906006 -0.1142430379986763 -0.09400077164173126 -0.09021394699811935 -0.0711551159620285 -0.06821050494909286 -0.05950472876429558 -0.0624476857483387 -0.062208931893110275 -0.04935332387685776 -0.04226274788379669 -0.04077873378992081 -0.036103036254644394 -0.028324037790298462 -0.028324037790298462 -0.026725415140390396 -0.02264440804719925 -0.005367745645344257 -0.003245469881221652 -0.0009619990596547723 -0.0008308114483952522 -0.00033600424649193883 -0.0002664094208739698
-0.1142430379986763 -0.1142430379986763 -0.1142430379986763 -0.1142430379986763 -0.1142430379986763 -0.1142430379986763 -0.1142430379986763 -0.1142430379986763 -0.1142430379986763 -0.1142430379986763 -0.1142430379986763 -0.1142430379986763 -0.1142430379986763 -0.1142430379986763 -0.1142430379986763 -0.1142430379986763 -0.1142430379986763 -0.1142430379986763 -0.1142430379986763 -0.1142430379986763 -0.1142430379986763 -0.1142430379986763 -0.1142430379986763 -0.09400077164173126 -0.09021394699811935 -0.0711551159620285 -0.06821050494909286 -0.05950472876429558 -0.0624476857483387 -0.062208931893110275 -0.04935332387685776 -0.04226274788379669 -0.04077873378992081 -0.036103036254644394 -0.028324037790298462 -0.028324037790298462 -0.026725415140390396 -0.02264440804719925 -0.005367745645344257 -0.003245469881221652 -0.0009619990596547723 -0.0008308114483952522 -0.00033600424649193883 -0.0002664094208739698
-0.1142430379986763 -0.1142430379986763 -0.1142430379986763 -0.1142430379986763 -0.1142430379986763 -0.1142430379986763 -0.1142430379986763 -0.1142430379986763 -0.1142430379986763 -0.1142430379986763 -0.1142430379986763 -0.1142430379986763 -0.1142430379986763 -0.1142430379986763 -0.1142430379986763 -0.1142430379986763 -0.1142430379986763 -0.1142430379986763 -0.1142430379986763 -0.1142430379986763 -0.1142430379986763 -0.1142430379986763 -0.1142430379986763 -0.09400077164173126 -0.09021394699811935 -0.0711551159620285 -0.06821050494909286 -0.05950472876429558 -0.0624476857483387 -0.062208931893110275 -0.04935332387685776 -0.04226274788379669 -0.04077873378992081 -0.036103036254644394 -0.028324037790298462 -0.028324037790298462 -0.026725415140390396 -0.02264440804719925 -0.005367745645344257 -0.003245469881221652 -0.0009619990596547723 -0.0008308114483952522 -0.00033600424649193883 -0.0002664094208739698
-0.02264440804719925 -0.02264440804719925 -0.02264440804719925 -0.02264440804719925 -0.02264440804719925 -0.02264440804719925 -0.02264440804719925 -0.02264440804719925 -0.02264440804719925 -0.02264440804719925 -0.02264440804719925 -0.02264440804719925 -0.02264440804719925 -0.02264440804719925 -0.02264440804719925 -0.02264440804719925 -0.02264440804719925 -0.02264440804719925 -0.02264440804719925 -0.02264440804719925 -0.02264440804719925 -0.02264440804719925 -0.02264440804719925 -0.02264440804719925 -0.02264440804719925 -0.02264440804719925 -0.02264440804719925 -0.02264440804719925 -0.02264440804719925 -0.02264440804719925 -0.02264440804719925 -0.02264440804719925 -0.02264440804719925 -0.02264440804719925 -0.02264440804719925 -0.02264440804719925 -0.02264440804719925 -0.02264440804719925 -0.005367745645344257 -0.003245469881221652 -0.0009619990596547723 -0.0008308114483952522 -0.00033600424649193883 -0.0002664094208739698
-0.12265844643115997 -0.12265844643115997 -0.12265844643115997 -0.12265844643115997 -0.12265844643115997 -0.12265844643115997 -0.12265844643115997 -0.12265844643115997 -0.12265844643115997 -0.12265844643115997 -0.12265844643115997 -0.12265844643115997 -0.12265844643115997 -0.12265844643115997 -0.12265844643115997 -0.12265844643115997 -0.12265844643115997 -0.12265844643115997 -0.12265844643115997 -0.12265844643115997 -0.12265844643115997 -0.12265844643115997 -0.1142430379986763 -0.09400077164173126 -0.09021394699811935 -0.0711551159620285 -0.06821050494909286 -0.05950472876429558 -0.0624476857483387 -0.062208931893110275 -0.04935332387685776 -0.04226274788379669 -0.04077873378992081 -0.036103036254644394 -0.028324037790298462 -0.028324037790298462 -0.026725415140390396 -0.02264440804719925 -0.005367745645344257 -0.003245469881221652 -0.0009619990596547723 -0.0008308114483952522 -0.00033600424649193883 -0.0002664094208739698
-0.11352257430553436 -0.11352257430553436 -0.11352257430553436 -0.11352257430553436 -0.11352257430553436 -0.11352257430553436 -0.11352257430553436 -0.11352257430553436 -0.11352257430553436 -0.11352257430553436 -0.11352257430553436 -0.11352257430553436 -0.11352257430553436 -0.11352257430553436 -0.11352257430553436 -0.11352257430553436 -0.11352257430553436 -0.11352257430553436 -0.11352257430553436 -0.11352257430553436 -0.11352257430553436 -0.11352257430553436 -0.11352257430553436 -0.09400077164173126 -0.09021394699811935 -0.0711551159620285 -0.06821050494909286 -0.05950472876429558 -0.0624476857483387 -0.062208931893110275 -0.04935332387685776 -0.04226274788379669 -0.04077873378992081 -0.036103036254644394 -0.028324037790298462 -0.028324037790298462 -0.026725415140390396 -0.02264440804719925 -0.005367745645344257 -0.003245469881221652 -0.0009619990596547723 -0.0008308114483952522 -0.00033600424649193883 -0.0002664094208739698
-0.10353954136371613 -0.10353954136371613 -0.10353954136371613 -0.10353954136371613 -0.10353954136371613 -0.10353954136371613 -0.10353954136371613 -0.10353954136371613 -0.10353954136371613 -0.10353954136371613 -0.10353954136371613 -0.10353954136371613 -0.10353954136371613 -0.10353954136371613 -0.10353954136371613 -0.10353954136371613 -0.10353954136371613 -0.10353954136371613 -0.10353954136371613 -0.10353954136371613 -0.10353954136371613 -0.10353954136371613 -0.10353954136371613 -0.09400077164173126 -0.09021394699811935 -0.0711551159620285 -0.06821050494909286 -0.05950472876429558 -0.0624476857483387 -0.062208931893110275 -0.04935332387685776 -0.04226274788379669 -0.04077873378992081 -0.036103036254644394 -0.028324037790298462 -0.028324037790298462 -0.026725415140390396 -0.02264440804719925 -0.005367745645344257 -0.003245469881221652 -0.0009619990596547723 -0.0008308114483952522 -0.00033600424649193883 -0.0002664094208739698
-0.09927888214588165 -0.09927888214588165 -0.09927888214588165 -0.09927888214588165 -0.09927888214588165 -0.09927888214588165 -0.09927888214588165 -0.09927888214588165 -0.09927888214588165 -0.09927888214588165 -0.09927888214588165 -0.09927888214588165 -0.09927888214588165 -0.09927888214588165 -0.09927888214588165 -0.09927888214588165 -0.09927888214588165 -0.09927888214588165 -0.09927888214588165 -0.09927888214588165 -0.09927888214588165 -0.09927888214588165 -0.09927888214588165 -0.09400077164173126 -0.09021394699811935 -0.0711551159620285 -0.06821050494909286 -0.05950472876429558 -0.0624476857483387 -0.062208931893110275 -0.04935332387685776 -0.04226274788379669 -0.04077873378992081 -0.036103036254644394 -0.028324037790298462 -0.028324037790298462 -0.026725415140390396 -0.02264440804719925 -0.005367745645344257 -0.003245469881221652 -0.0009619990596547723 -0.0008308114483952522 -0.00033600424649193883 -0.0002664094208739698
-0.0981038436293602 -0.0981038436293602 -0.0981038436293602 -0.0981038436293602 -0.0981038436293602 -0.0981038436293602 -0.0981038436293602 -0.0981038436293602 -0.0981038436293602 -0.0981038436293602 -0.0981038436293602 -0.0981038436293602 -0.0981038436293602 -0.0981038436293602 -0.0981038436293602 -0.0981038436293602 -0.0981038436293602 -0.0981038436293602 -0.0981038436293602 -0.0981038436293602 -0.0981038436293602 -0.0981038436293602 -0.0981038436293602 -0.09400077164173126 -0.09021394699811935 -0.0711551159620285 -0.06821050494909286 -0.05950472876429558 -0.0624476857483387 -0.062208931893110275 -0.04935332387685776 -0.04226274788379669 -0.04077873378992081 -0.036103036254644394 -0.028324037790298462 -0.028324037790298462 -0.026725415140390396 -0.02264440804719925 -0.005367745645344257 -0.003245469881221652 -0.0009619990596547723 -0.0008308114483952522 -0.00033600424649193883 -0.0002664094208739698
-0.09021394699811935 -0.09021394699811935 -0.09021394699811935 -0.09021394699811935 -0.09021394699811935 -0.09021394699811935 -0.09021394699811935 -0.09021394699811935 -0.09021394699811935 -0.09021394699811935 -0.09021394699811935 -0.09021394699811935 -0.09021394699811935 -0.09021394699811935 -0.09021394699811935 -0.09021394699811935 -0.09021394699811935 -0.09021394699811935 -0.09021394699811935 -0.09021394699811935 -0.09021394699811935 -0.09021394699811935 -0.09021394699811935 -0.09021394699811935 -0.09021394699811935 -0.0711551159620285 -0.06821050494909286 -0.05950472876429558 -0.0624476857483387 -0.062208931893110275 -0.04935332387685776 -0.04226274788379669 -0.04077873378992081 -0.036103036254644394 -0.028324037790298462 -0.028324037790298462 -0.026725415140390396 -0.02264440804719925 -0.005367745645344257 -0.003245469881221652 -0.0009619990596547723 -0.0008308114483952522 -0.00033600424649193883 -0.0002664094208739698
-0.036103036254644394 -0.036103036254644394 -0.036103036254644394 -0.036103036254644394 -0.036103036254644394 -0.036103036254644394 -0.036103036254644394 -0.036103036254644394 -0.036103036254644394 -0.036103036254644394 -0.036103036254644394 -0.036103036254644394 -0.036103036254644394 -0.036103036254644394 -0.036103036254644394 -0.036103036254644394 -0.036103036254644394 -0.036103036254644394 -0.036103036254644394 -0.036103036254644394 -0.036103036254644394 -0.036103036254644394 -0.036103036254644394 -0.036103036254644394 -0.036103036254644394 -0.036103036254644394 -0.036103036254644394 -0.036103036254644394 -0.036103036254644394 -0.036103036254644394 -0.036103036254644394 -0.036103036254644394 -0.036103036254644394 -0.036103036254644394 -0.028324037790298462 -0.028324037790298462 -0.026725415140390396 -0.02264440804719925 -0.005367745645344257 -0.003245469881221652 -0.0009619990596547723 -0.0008308114483952522 -0.00033600424649193883 -0.0002664094208739698
-0.04552236571907997 -0.04552236571907997 -0.04552236571907997 -0.04552236571907997 -0.04552236571907997 -0.04552236571907997 -0.04552236571907997 -0.04552236571907997 -0.04552236571907997 -0.04552236571907997 -0.04552236571907997 -0.04552236571907997 -0.04552236571907997 -0.04552236571907997 -0.04552236571907997 -0.04552236571907997 -0.04552236571907997 -0.04552236571907997 -0.04552236571907997 -0.04552236571907997 -0.04552236571907997 -0.04552236571907997 -0.04552236571907997 -0.04552236571907997 -0.04552236571907997 -0.04552236571907997 -0.04552236571907997 -0.04552236571907997 -0.04552236571907997 -0.04552236571907997 -0.04552236571907997 -0.04226274788379669 -0.04077873378992081 -0.036103036254644394 -0.028324037790298462 -0.028324037790298462 -0.026725415140390396 -0.02264440804719925 -0.005367745645344257 -0.003245469881221652 -0.0009619990596547723 -0.0008308114483952522 -0.00033600424649193883 -0.0002664094208739698
-0.02542715147137642 -0.02542715147137642 -0.02542715147137642 -0.02542715147137642 -0.02542715147137642 -0.02542715147137642 -0.02542715147137642 -0.02542715147137642 -0.02542715147137642 -0.02542715147137642 -0.02542715147137642 -0.02542715147137642 -0.02542715147137642 -0.02542715147137642 -0.02542715147137642 -0.02542715147137642 -0.02542715147137642 -0.02542715147137642 -0.02542715147137642 -0.02542715147137642 -0.02542715147137642 -0.02542715147137642 -0.02542715147137642 -0.02542715147137642 -0.02542715147137642 -0.02542715147137642 -0.02542715147137642 -0.02542715147137642 -0.02542715147137642 -0.02542715147137642 -0.02542715147137642 -0.02542715147137642 -0.02542715147137642 -0.02542715147137642 -0.02542715147137642 -0.02542715147137642 -0.02542715147137642 -0.02264440804719925 -0.005367745645344257 -0.003245469881221652 -0.0009619990596547723 -0.0008308114483952522 -0.00033600424649193883 -0.0002664094208739698
-0.005367745645344257 -0.005367745645344257 -0.005367745645344257 -0.005367745645344257 -0.005367745645344257 -0.005367745645344257 -0.005367745645344257 -0.005367745645344257 -0.005367745645344257 -0.005367745645344257 -0.005367745645344257 -0.005367745645344257 -0.005367745645344257 -0.005367745645344257 -0.005367745645344257 -0.005367745645344257 -0.005367745645344257 -0.005367745645344257 -0.005367745645344257 -0.005367745645344257 -0.005367745645344257 -0.005367745645344257 -0.005367745645344257 -0.005367745645344257 -0.005367745645344257 -0.005367745645344257 -0.005367745645344257 -0.005367745645344257 -0.005367745645344257 -0.005367745645344257 -0.005367745645344257 -0.005367745645344257 -0.005367745645344257 -0.005367745645344257 -0.005367745645344257 -0.005367745645344257 -0.005367745645344257 -0.005367745645344257 -0.014210824854671955 -0.003245469881221652 -0.0009619990596547723 -0.0008308114483952522 -0.00033600424649193883 -0.0002664094208739698
-0.0068481359630823135 -0.0068481359630823135 -0.0068481359630823135 -0.0068481359630823135 -0.0068481359630823135 -0.0068481359630823135 -0.0068481359630823135 -0.0068481359630823135 -0.0068481359630823135 -0.0068481359630823135 -0.0068481359630823135 -0.0068481359630823135 -0.0068481359630823135 -0.0068481359630823135 -0.0068481359630823135 -0.0068481359630823135 -0.0068481359630823135 -0.0068481359630823135 -0.0068481359630823135 -0.0068481359630823135 -0.0068481359630823135 -0.0068481359630823135 -0.0068481359630823135 -0.0068481359630823135 -0.0068481359630823135 -0.0068481359630823135 -0.0068481359630823135 -0.0068481359630823135 -0.0068481359630823135 -0.0068481359630823135 -0.0068481359630823135 -0.0068481359630823135 -0.0068481359630823135 -0.0068481359630823135 -0.0068481359630823135 -0.0068481359630823135 -0.0068481359630823135 -0.0068481359630823135 -0.005367745645344257 -0.003245469881221652 -0.0009619990596547723 -0.0008308114483952522 -0.00033600424649193883 -0.0002664094208739698
-0.0009619990596547723 -0.0009619990596547723 -0.0009619990596547723 -0.0009619990596547723 -0.0009619990596547723 -0.0009619990596547723 -0.0009619990596547723 -0.0009619990596547723 -0.0009619990596547723 -0.0009619990596547723 -0.0009619990596547723 -0.0009619990596547723 -0.0009619990596547723 -0.0009619990596547723 -0.0009619990596547723 -0.0009619990596547723 -0.0009619990596547723 -0.0009619990596547723 -0.0009619990596547723 -0.0009619990596547723 -0.0009619990596547723 -0.0009619990596547723 -0.0009619990596547723 -0.0009619990596547723 -0.0009619990596547723 -0.0009619990596547723 -0.0009619990596547723 -0.0009619990596547723 -0.0009619990596547723 -0.0009619990596547723 -0.0009619990596547723 -0.0009619990596547723 -0.0009619990596547723 -0.0009619990596547723 -0.0009619990596547723 -0.0009619990596547723 -0.0009619990596547723 -0.0009619990596547723 -0.0009619990596547723 -0.0009619990596547723 -0.0009619990596547723 -0.0008308114483952522 -0.00033600424649193883 -0.0002664094208739698
-0.0008308114483952522 -0.0008308114483952522 -0.0008308114483952522 -0.0008308114483952522 -0.0008308114483952522 -0.0008308114483952522 -0.0008308114483952522 -0.0008308114483952522 -0.0008308114483952522 -0.0008308114483952522 -0.0008308114483952522 -0.0008308114483952522 -0.0008308114483952522 -0.0008308114483952522 -0.0008308114483952522 -0.0008308114483952522 -0.0008308114483952522 -0.0008308114483952522 -0.0008308114483952522 -0.0008308114483952522 -0.0008308114483952522 -0.0008308114483952522 -0.0008308114483952522 -0.0008308114483952522 -0.0008308114483952522 -0.0008308114483952522 -0.0008308114483952522 -0.0008308114483952522 -0.0008308114483952522 -0.0008308114483952522 -0.0008308114483952522 -0.0008308114483952522 -0.0008308114483952522 -0.0008308114483952522 -0.0008308114483952522 -0.0008308114483952522 -0.0008308114483952522 -0.0008308114483952522 -0.0008308114483952522 -0.0008308114483952522 -0.0008308114483952522 -0.0008308114483952522 -0.00033600424649193883 -0.0002664094208739698
-0.003245469881221652 -0.003245469881221652 -0.003245469881221652 -0.003245469881221652 -0.003245469881221652 -0.003245469881221652 -0.003245469881221652 -0.003245469881221652 -0.003245469881221652 -0.003245469881221652 -0.003245469881221652 -0.003245469881221652 -0.003245469881221652 -0.003245469881221652 -0.003245469881221652 -0.003245469881221652 -0.003245469881221652 -0.003245469881221652 -0.003245469881221652 -0.003245469881221652 -0.003245469881221652 -0.003245469881221652 -0.003245469881221652 -0.003245469881221652 -0.003245469881221652 -0.003245469881221652 -0.003245469881221652 -0.003245469881221652 -0.003245469881221652 -0.003245469881221652 -0.003245469881221652 -0.003245469881221652 -0.003245469881221652 -0.003245469881221652 -0.003245469881221652 -0.003245469881221652 -0.003245469881221652 -0.003245469881221652 -0.003245469881221652 -0.0032970283646136522 -0.0009619990596547723 -0.0008308114483952522 -0.00033600424649193883 -0.0002664094208739698
-0.003003573277965188 -0.003003573277965188 -0.003003573277965188 -0.003003573277965188 -0.003003573277965188 -0.003003573277965188 -0.003003573277965188 -0.003003573277965188 -0.003003573277965188 -0.003003573277965188 -0.003003573277965188 -0.003003573277965188 -0.003003573277965188 -0.003003573277965188 -0.003003573277965188 -0.003003573277965188 -0.003003573277965188 -0.003003573277965188 -0.003003573277965188 -0.003003573277965188 -0.003003573277965188 -0.003003573277965188 -0.003003573277965188 -0.003003573277965188 -0.003003573277965188 -0.003003573277965188 -0.003003573277965188 -0.003003573277965188 -0.003003573277965188 -0.003003573277965188 -0.003003573277965188 -0.003003573277965188 -0.003003573277965188 -0.003003573277965188 -0.003003573277965188 -0.003003573277965188 -0.003003573277965188 -0.003003573277965188 -0.003003573277965188 -0.003003573277965188 -0.0009619990596547723 -0.0008308114483952522 -0.00033600424649193883 -0.0002664094208739698
-0.0027000263798981905 -0.0027000263798981905 -0.0027000263798981905 -0.0027000263798981905 -0.0027000263798981905 -0.0027000263798981905 -0.0027000263798981905 -0.0027000263798981905 -0.0027000263798981905 -0.0027000263798981905 -0.0027000263798981905 -0.0027000263798981905 -0.0027000263798981905 -0.0027000263798981905 -0.0027000263798981905 -0.0027000263798981905 -0.0027000263798981905 -0.0027000263798981905 -0.0027000263798981905 -0.0027000263798981905 -0.0027000263798981905 -0.0027000263798981905 -0.0027000263798981905 -0.0027000263798981905 -0.0027000263798981905 -0.0027000263798981905 -0.0027000263798981905 -0.0027000263798981905 -0.0027000263798981905 -0.0027000263798981905 -0.0027000263798981905 -0.0027000263798981905 -0.0027000263798981905 -0.0027000263798981905 -0.0027000263798981905 -0.0027000263798981905 -0.0027000263798981905 -0.0027000263798981905 -0.0027000263798981905 -0.0027000263798981905 -0.0009619990596547723 -0.0008308114483952522 -0.00033600424649193883 -0.0002664094208739698