-0.5672623515129089 -0.4277589023113251 -0.4277589023113251 -0.4277589023113251 -0.3938695192337036 -0.13077637553215027 -0.13077637553215027 -0.13077637553215027 -0.3938695192337036 -0.13077637553215027 -0.13077637553215027 -0.35045677423477173 -0.19065213203430176 -0.19065213203430176 -0.19065213203430176 -0.19065213203430176 -0.13077637553215027 -0.19065213203430176 -0.13077637553215027 -0.19065213203430176 -0.13077637553215027 -0.13077637553215027 -0.19065213203430176 -0.19065213203430176 -0.19065213203430176 -0.18431222438812256 -0.16774003207683563 -0.13077637553215027 -0.18709281086921692 -0.18431222438812256 -0.12920399010181427 -0.17301736772060394 -0.12920399010181427 -0.17542514204978943 -0.15052007138729095 -0.08348725736141205 -0.08348725736141205 -0.062675841152668 -0.035062845796346664 -0.0029575892258435488 -0.0023774292785674334 -0.001963019371032715 -0.0012783055426552892 -0.000990282162092626 -0.000990282162092626 -0.0010826551588252187 -0.000794630846939981 -0.000990282162092626 -0.0006941705360077322 -0.0007446265080943704 -0.0007446265080943704 -0.000712122127879411
-0.4277589023113251 -0.5444208383560181 -0.5444208383560181 -0.4335419237613678 -0.3938695192337036 -0.13077637553215027 -0.13077637553215027 -0.13077637553215027 -0.3938695192337036 -0.13077637553215027 -0.13077637553215027 -0.35045677423477173 -0.19065213203430176 -0.19065213203430176 -0.19065213203430176 -0.19065213203430176 -0.13077637553215027 -0.19065213203430176 -0.13077637553215027 -0.19065213203430176 -0.13077637553215027 -0.13077637553215027 -0.19065213203430176 -0.19065213203430176 -0.19065213203430176 -0.18431222438812256 -0.16774003207683563 -0.13077637553215027 -0.18709281086921692 -0.18431222438812256 -0.12920399010181427 -0.17301736772060394 -0.12920399010181427 -0.17542514204978943 -0.15052007138729095 -0.08348725736141205 -0.08348725736141205 -0.062675841152668 -0.035062845796346664 -0.0029575892258435488 -0.0023774292785674334 -0.001963019371032715 -0.0012783055426552892 -0.000990282162092626 -0.000990282162092626 -0.0010826551588252187 -0.000794630846939981 -0.000990282162092626 -0.0006941705360077322 -0.0007446265080943704 -0.0007446265080943704 -0.000712122127879411
-0.5672623515129089 -0.4277589023113251 -0.4277589023113251 -0.4277589023113251 -0.3938695192337036 -0.13077637553215027 -0.13077637553215027 -0.13077637553215027 -0.3938695192337036 -0.13077637553215027 -0.13077637553215027 -0.35045677423477173 -0.19065213203430176 -0.19065213203430176 -0.19065213203430176 -0.19065213203430176 -0.13077637553215027 -0.19065213203430176 -0.13077637553215027 -0.19065213203430176 -0.13077637553215027 -0.13077637553215027 -0.19065213203430176 -0.19065213203430176 -0.19065213203430176 -0.18431222438812256 -0.16774003207683563 -0.13077637553215027 -0.18709281086921692 -0.18431222438812256 -0.12920399010181427 -0.17301736772060394 -0.12920399010181427 -0.17542514204978943 -0.15052007138729095 -0.08348725736141205 -0.08348725736141205 -0.062675841152668 -0.035062845796346664 -0.0029575892258435488 -0.0023774292785674334 -0.001963019371032715 -0.0012783055426552892 -0.000990282162092626 -0.000990282162092626 -0.0010826551588252187 -0.000794630846939981 -0.000990282162092626 -0.0006941705360077322 -0.0007446265080943704 -0.0007446265080943704 -0.000712122127879411
-0.35045677423477173 -0.35045677423477173 -0.35045677423477173 -0.35045677423477173 -0.35045677423477173 -0.13077637553215027 -0.13077637553215027 -0.13077637553215027 -0.35045677423477173 -0.13077637553215027 -0.13077637553215027 -0.35045677423477173 -0.19065213203430176 -0.19065213203430176 -0.19065213203430176 -0.19065213203430176 -0.13077637553215027 -0.19065213203430176 -0.13077637553215027 -0.19065213203430176 -0.13077637553215027 -0.13077637553215027 -0.19065213203430176 -0.19065213203430176 -0.19065213203430176 -0.18431222438812256 -0.16774003207683563 -0.13077637553215027 -0.18709281086921692 -0.18431222438812256 -0.12920399010181427 -0.17301736772060394 -0.12920399010181427 -0.17542514204978943 -0.15052007138729095 -0.08348725736141205 -0.08348725736141205 -0.062675841152668 -0.035062845796346664 -0.0029575892258435488 -0.0023774292785674334 -0.001963019371032715 -0.0012783055426552892 -0.000990282162092626 -0.000990282162092626 -0.0010826551588252187 -0.000794630846939981 -0.000990282162092626 -0.0006941705360077322 -0.0007446265080943704 -0.0007446265080943704 -0.000712122127879411
-0.35045677423477173 -0.35045677423477173 -0.35045677423477173 -0.35045677423477173 -0.35045677423477173 -0.13077637553215027 -0.13077637553215027 -0.13077637553215027 -0.35045677423477173 -0.13077637553215027 -0.13077637553215027 -0.35045677423477173 -0.19065213203430176 -0.19065213203430176 -0.19065213203430176 -0.19065213203430176 -0.13077637553215027 -0.19065213203430176 -0.13077637553215027 -0.19065213203430176 -0.13077637553215027 -0.13077637553215027 -0.19065213203430176 -0.19065213203430176 -0.19065213203430176 -0.18431222438812256 -0.16774003207683563 -0.13077637553215027 -0.18709281086921692 -0.18431222438812256 -0.12920399010181427 -0.17301736772060394 -0.12920399010181427 -0.17542514204978943 -0.15052007138729095 -0.08348725736141205 -0.08348725736141205 -0.062675841152668 -0.035062845796346664 -0.0029575892258435488 -0.0023774292785674334 -0.001963019371032715 -0.0012783055426552892 -0.000990282162092626 -0.000990282162092626 -0.0010826551588252187 -0.000794630846939981 -0.000990282162092626 -0.0006941705360077322 -0.0007446265080943704 -0.0007446265080943704 -0.000712122127879411
-0.062675841152668 -0.062675841152668 -0.062675841152668 -0.062675841152668 -0.062675841152668 -0.062675841152668 -0.062675841152668 -0.062675841152668 -0.062675841152668 -0.062675841152668 -0.062675841152668 -0.062675841152668 -0.062675841152668 -0.062675841152668 -0.062675841152668 -0.062675841152668 -0.062675841152668 -0.062675841152668 -0.062675841152668 -0.062675841152668 -0.062675841152668 -0.062675841152668 -0.062675841152668 -0.062675841152668 -0.062675841152668 -0.062675841152668 -0.062675841152668 -0.062675841152668 -0.062675841152668 -0.062675841152668 -0.062675841152668 -0.062675841152668 -0.062675841152668 -0.062675841152668 -0.062675841152668 -0.062675841152668 -0.062675841152668 -0.062675841152668 -0.035062845796346664 -0.0029575892258435488 -0.0023774292785674334 -0.001963019371032715 -0.0012783055426552892 -0.000990282162092626 -0.000990282162092626 -0.0010826551588252187 -0.000794630846939981 -0.000990282162092626 -0.0006941705360077322 -0.0007446265080943704 -0.0007446265080943704 -0.000712122127879411
-0.13077637553215027 -0.13077637553215027 -0.13077637553215027 -0.13077637553215027 -0.13077637553215027 -0.19213305413722992 -0.19213305413722992 -0.19213305413722992 -0.13077637553215027 -0.19213305413722992 -0.19213305413722992 -0.13077637553215027 -0.13077637553215027 -0.13077637553215027 -0.13077637553215027 -0.13077637553215027 -0.19213305413722992 -0.13077637553215027 -0.29613935947418213 -0.13077637553215027 -0.23856127262115479 -0.19213305413722992 -0.13077637553215027 -0.13077637553215027 -0.13077637553215027 -0.13077637553215027 -0.13077637553215027 -0.17186638712882996 -0.13077637553215027 -0.13077637553215027 -0.12920399010181427 -0.13077637553215027 -0.12920399010181427 -0.13077637553215027 -0.13077637553215027 -0.08348725736141205 -0.08348725736141205 -0.062675841152668 -0.035062845796346664 -0.0029575892258435488 -0.0023774292785674334 -0.001963019371032715 -0.0012783055426552892 -0.000990282162092626 -0.000990282162092626 -0.0010826551588252187 -0.000794630846939981 -0.000990282162092626 -0.0006941705360077322 -0.0007446265080943704 -0.0007446265080943704 -0.000712122127879411
-0.13077637553215027 -0.13077637553215027 -0.13077637553215027 -0.13077637553215027 -0.13077637553215027 -0.17186638712882996 -0.17186638712882996 -0.17186638712882996 -0.13077637553215027 -0.17186638712882996 -0.17186638712882996 -0.13077637553215027 -0.13077637553215027 -0.13077637553215027 -0.13077637553215027 -0.13077637553215027 -0.17186638712882996 -0.13077637553215027 -0.17186638712882996 -0.13077637553215027 -0.17186638712882996 -0.17186638712882996 -0.13077637553215027 -0.13077637553215027 -0.13077637553215027 -0.13077637553215027 -0.13077637553215027 -0.17186638712882996 -0.13077637553215027 -0.13077637553215027 -0.12920399010181427 -0.13077637553215027 -0.12920399010181427 -0.13077637553215027 -0.13077637553215027 -0.08348725736141205 -0.08348725736141205 -0.062675841152668 -0.035062845796346664 -0.0029575892258435488 -0.0023774292785674334 -0.001963019371032715 -0.0012783055426552892 -0.000990282162092626 -0.000990282162092626 -0.0010826551588252187 -0.000794630846939981 -0.000990282162092626 -0.0006941705360077322 -0.0007446265080943704 -0.0007446265080943704 -0.000712122127879411
-0.19065213203430176 -0.19065213203430176 -0.19065213203430176 -0.19065213203430176 -0.19065213203430176 -0.13077637553215027 -0.13077637553215027 -0.13077637553215027 -0.19065213203430176 -0.13077637553215027 -0.13077637553215027 -0.19065213203430176 -0.20553210377693176 -0.20553210377693176 -0.20553210377693176 -0.20553210377693176 -0.13077637553215027 -0.28342708945274353 -0.13077637553215027 -0.28342708945274353 -0.13077637553215027 -0.13077637553215027 -0.20553210377693176 -0.23878709971904755 -0.20553210377693176 -0.18431222438812256 -0.16774003207683563 -0.13077637553215027 -0.18709281086921692 -0.18431222438812256 -0.12920399010181427 -0.17301736772060394 -0.12920399010181427 -0.17542514204978943 -0.15052007138729095 -0.08348725736141205 -0.08348725736141205 -0.062675841152668 -0.035062845796346664 -0.0029575892258435488 -0.0023774292785674334 -0.001963019371032715 -0.0012783055426552892 -0.000990282162092626 -0.000990282162092626 -0.0010826551588252187 -0.000794630846939981 -0.000990282162092626 -0.0006941705360077322 -0.0007446265080943704 -0.0007446265080943704 -0.000712122127879411
-0.19065213203430176 -0.19065213203430176 -0.19065213203430176 -0.19065213203430176 -0.19065213203430176 -0.13077637553215027 -0.13077637553215027 -0.13077637553215027 -0.19065213203430176 -0.13077637553215027 -0.13077637553215027 -0.19065213203430176 -0.20553210377693176 -0.20553210377693176 -0.20553210377693176 -0.20553210377693176 -0.13077637553215027 -0.23878709971904755 -0.13077637553215027 -0.23878709971904755 -0.13077637553215027 -0.13077637553215027 -0.20553210377693176 -0.23878709971904755 -0.20553210377693176 -0.18431222438812256 -0.16774003207683563 -0.13077637553215027 -0.18709281086921692 -0.18431222438812256 -0.12920399010181427 -0.17301736772060394 -0.12920399010181427 -0.17542514204978943 -0.15052007138729095 -0.08348725736141205 -0.08348725736141205 -0.062675841152668 -0.035062845796346664 -0.0029575892258435488 -0.0023774292785674334 -0.001963019371032715 -0.0012783055426552892 -0.000990282162092626 -0.000990282162092626 -0.0010826551588252187 -0.000794630846939981 -0.000990282162092626 -0.0006941705360077322 -0.0007446265080943704 -0.0007446265080943704 -0.000712122127879411
-0.13077637553215027 -0.13077637553215027 -0.13077637553215027 -0.13077637553215027 -0.13077637553215027 -0.24219420552253723 -0.24219420552253723 -0.24219420552253723 -0.13077637553215027 -0.24219420552253723 -0.24219420552253723 -0.13077637553215027 -0.13077637553215027 -0.13077637553215027 -0.13077637553215027 -0.13077637553215027 -0.24219420552253723 -0.13077637553215027 -0.19213305413722992 -0.13077637553215027 -0.19213305413722992 -0.24219420552253723 -0.13077637553215027 -0.13077637553215027 -0.13077637553215027 -0.13077637553215027 -0.13077637553215027 -0.17186638712882996 -0.13077637553215027 -0.13077637553215027 -0.12920399010181427 -0.13077637553215027 -0.12920399010181427 -0.13077637553215027 -0.13077637553215027 -0.08348725736141205 -0.08348725736141205 -0.062675841152668 -0.035062845796346664 -0.0029575892258435488 -0.0023774292785674334 -0.001963019371032715 -0.0012783055426552892 -0.000990282162092626 -0.000990282162092626 -0.0010826551588252187 -0.000794630846939981 -0.000990282162092626 -0.0006941705360077322 -0.0007446265080943704 -0.0007446265080943704 -0.000712122127879411
-0.19065213203430176 -0.19065213203430176 -0.19065213203430176 -0.19065213203430176 -0.19065213203430176 -0.13077637553215027 -0.13077637553215027 -0.13077637553215027 -0.19065213203430176 -0.13077637553215027 -0.13077637553215027 -0.19065213203430176 -0.20553210377693176 -0.20553210377693176 -0.20553210377693176 -0.20553210377693176 -0.13077637553215027 -0.23878709971904755 -0.13077637553215027 -0.23878709971904755 -0.13077637553215027 -0.13077637553215027 -0.20553210377693176 -0.23878709971904755 -0.20553210377693176 -0.18431222438812256 -0.16774003207683563 -0.13077637553215027 -0.18709281086921692 -0.18431222438812256 -0.12920399010181427 -0.17301736772060394 -0.12920399010181427 -0.17542514204978943 -0.15052007138729095 -0.08348725736141205 -0.08348725736141205 -0.062675841152668 -0.035062845796346664 -0.0029575892258435488 -0.0023774292785674334 -0.001963019371032715 -0.0012783055426552892 -0.000990282162092626 -0.000990282162092626 -0.0010826551588252187 -0.000794630846939981 -0.000990282162092626 -0.0006941705360077322 -0.0007446265080943704 -0.0007446265080943704 -0.000712122127879411
-0.13077637553215027 -0.13077637553215027 -0.13077637553215027 -0.13077637553215027 -0.13077637553215027 -0.29517120122909546 -0.29517120122909546 -0.29517120122909546 -0.13077637553215027 -0.29517120122909546 -0.29517120122909546 -0.13077637553215027 -0.13077637553215027 -0.13077637553215027 -0.13077637553215027 -0.13077637553215027 -0.29517120122909546 -0.13077637553215027 -0.19213305413722992 -0.13077637553215027 -0.19213305413722992 -0.24219420552253723 -0.13077637553215027 -0.13077637553215027 -0.13077637553215027 -0.13077637553215027 -0.13077637553215027 -0.17186638712882996 -0.13077637553215027 -0.13077637553215027 -0.12920399010181427 -0.13077637553215027 -0.12920399010181427 -0.13077637553215027 -0.13077637553215027 -0.08348725736141205 -0.08348725736141205 -0.062675841152668 -0.035062845796346664 -0.0029575892258435488 -0.0023774292785674334 -0.001963019371032715 -0.0012783055426552892 -0.000990282162092626 -0.000990282162092626 -0.0010826551588252187 -0.000794630846939981 -0.000990282162092626 -0.0006941705360077322 -0.0007446265080943704 -0.0007446265080943704 -0.000712122127879411
-0.13077637553215027 -0.13077637553215027 -0.13077637553215027 -0.13077637553215027 -0.13077637553215027 -0.29517120122909546 -0.29517120122909546 -0.29517120122909546 -0.13077637553215027 -0.29517120122909546 -0.29517120122909546 -0.13077637553215027 -0.13077637553215027 -0.13077637553215027 -0.13077637553215027 -0.13077637553215027 -0.29517120122909546 -0.13077637553215027 -0.19213305413722992 -0.13077637553215027 -0.19213305413722992 -0.24219420552253723 -0.13077637553215027 -0.13077637553215027 -0.13077637553215027 -0.13077637553215027 -0.13077637553215027 -0.17186638712882996 -0.13077637553215027 -0.13077637553215027 -0.12920399010181427 -0.13077637553215027 -0.12920399010181427 -0.13077637553215027 -0.13077637553215027 -0.08348725736141205 -0.08348725736141205 -0.062675841152668 -0.035062845796346664 -0.0029575892258435488 -0.0023774292785674334 -0.001963019371032715 -0.0012783055426552892 -0.000990282162092626 -0.000990282162092626 -0.0010826551588252187 -0.000794630846939981 -0.000990282162092626 -0.0006941705360077322 -0.0007446265080943704 -0.0007446265080943704 -0.000712122127879411
-0.13077637553215027 -0.13077637553215027 -0.13077637553215027 -0.13077637553215027 -0.13077637553215027 -0.29517120122909546 -0.29517120122909546 -0.29517120122909546 -0.13077637553215027 -0.29517120122909546 -0.29517120122909546 -0.13077637553215027 -0.13077637553215027 -0.13077637553215027 -0.13077637553215027 -0.13077637553215027 -0.29517120122909546 -0.13077637553215027 -0.19213305413722992 -0.13077637553215027 -0.19213305413722992 -0.24219420552253723 -0.13077637553215027 -0.13077637553215027 -0.13077637553215027 -0.13077637553215027 -0.13077637553215027 -0.17186638712882996 -0.13077637553215027 -0.13077637553215027 -0.12920399010181427 -0.13077637553215027 -0.12920399010181427 -0.13077637553215027 -0.13077637553215027 -0.08348725736141205 -0.08348725736141205 -0.062675841152668 -0.035062845796346664 -0.0029575892258435488 -0.0023774292785674334 -0.001963019371032715 -0.0012783055426552892 -0.000990282162092626 -0.000990282162092626 -0.0010826551588252187 -0.000794630846939981 -0.000990282162092626 -0.0006941705360077322 -0.0007446265080943704 -0.0007446265080943704 -0.000712122127879411
-0.19065213203430176 -0.19065213203430176 -0.19065213203430176 -0.19065213203430176 -0.19065213203430176 -0.13077637553215027 -0.13077637553215027 -0.13077637553215027 -0.19065213203430176 -0.13077637553215027 -0.13077637553215027 -0.19065213203430176 -0.20553210377693176 -0.20553210377693176 -0.20553210377693176 -0.20553210377693176 -0.13077637553215027 -0.20553210377693176 -0.13077637553215027 -0.20553210377693176 -0.13077637553215027 -0.13077637553215027 -0.20553210377693176 -0.20553210377693176 -0.20553210377693176 -0.18431222438812256 -0.16774003207683563 -0.13077637553215027 -0.18709281086921692 -0.18431222438812256 -0.12920399010181427 -0.17301736772060394 -0.12920399010181427 -0.17542514204978943 -0.15052007138729095 -0.08348725736141205 -0.08348725736141205 -0.062675841152668 -0.035062845796346664 -0.0029575892258435488 -0.0023774292785674334 -0.001963019371032715 -0.0012783055426552892 -0.000990282162092626 -0.000990282162092626 -0.0010826551588252187 -0.000794630846939981 -0.000990282162092626 -0.0006941705360077322 -0.0007446265080943704 -0.0007446265080943704 -0.000712122127879411
-0.18709281086921692 -0.18709281086921692 -0.18709281086921692 -0.18709281086921692 -0.18709281086921692 -0.13077637553215027 -0.13077637553215027 -0.13077637553215027 -0.18709281086921692 -0.13077637553215027 -0.13077637553215027 -0.18709281086921692 -0.18709281086921692 -0.18709281086921692 -0.18709281086921692 -0.18709281086921692 -0.13077637553215027 -0.18709281086921692 -0.13077637553215027 -0.18709281086921692 -0.13077637553215027 -0.13077637553215027 -0.18709281086921692 -0.18709281086921692 -0.18709281086921692 -0.18431222438812256 -0.16774003207683563 -0.13077637553215027 -0.18709281086921692 -0.18431222438812256 -0.12920399010181427 -0.17301736772060394 -0.12920399010181427 -0.17542514204978943 -0.15052007138729095 -0.08348725736141205 -0.08348725736141205 -0.062675841152668 -0.035062845796346664 -0.0029575892258435488 -0.0023774292785674334 -0.001963019371032715 -0.0012783055426552892 -0.000990282162092626 -0.000990282162092626 -0.0010826551588252187 -0.000794630846939981 -0.000990282162092626 -0.0006941705360077322 -0.0007446265080943704 -0.0007446265080943704 -0.000712122127879411
-0.12920399010181427 -0.12920399010181427 -0.12920399010181427 -0.12920399010181427 -0.12920399010181427 -0.12920399010181427 -0.12920399010181427 -0.12920399010181427 -0.12920399010181427 -0.12920399010181427 -0.12920399010181427 -0.12920399010181427 -0.12920399010181427 -0.12920399010181427 -0.12920399010181427 -0.12920399010181427 -0.12920399010181427 -0.12920399010181427 -0.12920399010181427 -0.12920399010181427 -0.12920399010181427 -0.12920399010181427 -0.12920399010181427 -0.12920399010181427 -0.12920399010181427 -0.12920399010181427 -0.12920399010181427 -0.12920399010181427 -0.12920399010181427 -0.12920399010181427 -0.12920399010181427 -0.12920399010181427 -0.12920399010181427 -0.12920399010181427 -0.12920399010181427 -0.08348725736141205 -0.08348725736141205 -0.062675841152668 -0.035062845796346664 -0.0029575892258435488 -0.0023774292785674334 -0.001963019371032715 -0.0012783055426552892 -0.000990282162092626 -0.000990282162092626 -0.0010826551588252187 -0.000794630846939981 -0.000990282162092626 -0.0006941705360077322 -0.0007446265080943704 -0.0007446265080943704 -0.000712122127879411
-0.12920399010181427 -0.12920399010181427 -0.12920399010181427 -0.12920399010181427 -0.12920399010181427 -0.12920399010181427 -0.12920399010181427 -0.12920399010181427 -0.12920399010181427 -0.12920399010181427 -0.12920399010181427 -0.12920399010181427 -0.12920399010181427 -0.12920399010181427 -0.12920399010181427 -0.12920399010181427 -0.12920399010181427 -0.12920399010181427 -0.12920399010181427 -0.12920399010181427 -0.12920399010181427 -0.12920399010181427 -0.12920399010181427 -0.12920399010181427 -0.12920399010181427 -0.12920399010181427 -0.12920399010181427 -0.12920399010181427 -0.12920399010181427 -0.12920399010181427 -0.17828752100467682 -0.12920399010181427 -0.17828752100467682 -0.12920399010181427 -0.12920399010181427 -0.08348725736141205 -0.08348725736141205 -0.062675841152668 -0.035062845796346664 -0.0029575892258435488 -0.0023774292785674334 -0.001963019371032715 -0.0012783055426552892 -0.000990282162092626 -0.000990282162092626 -0.0010826551588252187 -0.000794630846939981 -0.000990282162092626 -0.0006941705360077322 -0.0007446265080943704 -0.0007446265080943704 -0.000712122127879411
-0.19065213203430176 -0.19065213203430176 -0.19065213203430176 -0.19065213203430176 -0.19065213203430176 -0.13077637553215027 -0.13077637553215027 -0.13077637553215027 -0.19065213203430176 -0.13077637553215027 -0.13077637553215027 -0.19065213203430176 -0.23616959154605865 -0.23616959154605865 -0.23616959154605865 -0.23616959154605865 -0.13077637553215027 -0.20553210377693176 -0.13077637553215027 -0.20553210377693176 -0.13077637553215027 -0.13077637553215027 -0.23616959154605865 -0.20553210377693176 -0.23616959154605865 -0.18431222438812256 -0.16774003207683563 -0.13077637553215027 -0.18709281086921692 -0.18431222438812256 -0.12920399010181427 -0.17301736772060394 -0.12920399010181427 -0.17542514204978943 -0.15052007138729095 -0.08348725736141205 -0.08348725736141205 -0.062675841152668 -0.035062845796346664 -0.0029575892258435488 -0.0023774292785674334 -0.001963019371032715 -0.0012783055426552892 -0.000990282162092626 -0.000990282162092626 -0.0010826551588252187 -0.000794630846939981 -0.000990282162092626 -0.0006941705360077322 -0.0007446265080943704 -0.0007446265080943704 -0.000712122127879411
-0.17301736772060394 -0.17301736772060394 -0.17301736772060394 -0.17301736772060394 -0.17301736772060394 -0.13077637553215027 -0.13077637553215027 -0.13077637553215027 -0.17301736772060394 -0.13077637553215027 -0.13077637553215027 -0.17301736772060394 -0.17301736772060394 -0.17301736772060394 -0.17301736772060394 -0.17301736772060394 -0.13077637553215027 -0.17301736772060394 -0.13077637553215027 -0.17301736772060394 -0.13077637553215027 -0.13077637553215027 -0.17301736772060394 -0.17301736772060394 -0.17301736772060394 -0.17301736772060394 -0.16774003207683563 -0.13077637553215027 -0.17301736772060394 -0.17301736772060394 -0.12920399010181427 -0.17301736772060394 -0.12920399010181427 -0.17301736772060394 -0.15052007138729095 -0.08348725736141205 -0.08348725736141205 -0.062675841152668 -0.035062845796346664 -0.0029575892258435488 -0.0023774292785674334 -0.001963019371032715 -0.0012783055426552892 -0.000990282162092626 -0.000990282162092626 -0.0010826551588252187 -0.000794630846939981 -0.000990282162092626 -0.0006941705360077322 -0.0007446265080943704 -0.0007446265080943704 -0.000712122127879411
-0.19065213203430176 -0.19065213203430176 -0.19065213203430176 -0.19065213203430176 -0.19065213203430176 -0.13077637553215027 -0.13077637553215027 -0.13077637553215027 -0.19065213203430176 -0.13077637553215027 -0.13077637553215027 -0.19065213203430176 -0.30278801918029785 -0.30278801918029785 -0.30278801918029785 -0.326842725276947 -0.13077637553215027 -0.20553210377693176 -0.13077637553215027 -0.20553210377693176 -0.13077637553215027 -0.13077637553215027 -0.2445184886455536 -0.20553210377693176 -0.23616959154605865 -0.18431222438812256 -0.16774003207683563 -0.13077637553215027 -0.18709281086921692 -0.18431222438812256 -0.12920399010181427 -0.17301736772060394 -0.12920399010181427 -0.17542514204978943 -0.15052007138729095 -0.08348725736141205 -0.08348725736141205 -0.062675841152668 -0.035062845796346664 -0.0029575892258435488 -0.0023774292785674334 -0.001963019371032715 -0.0012783055426552892 -0.000990282162092626 -0.000990282162092626 -0.0010826551588252187 -0.000794630846939981 -0.000990282162092626 -0.0006941705360077322 -0.0007446265080943704 -0.0007446265080943704 -0.000712122127879411
-0.19065213203430176 -0.19065213203430176 -0.19065213203430176 -0.19065213203430176 -0.19065213203430176 -0.13077637553215027 -0.13077637553215027 -0.13077637553215027 -0.19065213203430176 -0.13077637553215027 -0.13077637553215027 -0.19065213203430176 -0.33060240745544434 -0.33060240745544434 -0.33060240745544434 -0.30278801918029785 -0.13077637553215027 -0.20553210377693176 -0.13077637553215027 -0.20553210377693176 -0.13077637553215027 -0.13077637553215027 -0.2445184886455536 -0.20553210377693176 -0.23616959154605865 -0.18431222438812256 -0.16774003207683563 -0.13077637553215027 -0.18709281086921692 -0.18431222438812256 -0.12920399010181427 -0.17301736772060394 -0.12920399010181427 -0.17542514204978943 -0.15052007138729095 -0.08348725736141205 -0.08348725736141205 -0.062675841152668 -0.035062845796346664 -0.0029575892258435488 -0.0023774292785674334 -0.001963019371032715 -0.0012783055426552892 -0.000990282162092626 -0.000990282162092626 -0.0010826551588252187 -0.000794630846939981 -0.000990282162092626 -0.0006941705360077322 -0.0007446265080943704 -0.0007446265080943704 -0.000712122127879411
-0.13077637553215027 -0.13077637553215027 -0.13077637553215027 -0.13077637553215027 -0.13077637553215027 -0.29517120122909546 -0.29517120122909546 -0.29517120122909546 -0.13077637553215027 -0.29517120122909546 -0.29517120122909546 -0.13077637553215027 -0.13077637553215027 -0.13077637553215027 -0.13077637553215027 -0.13077637553215027 -0.3137294352054596 -0.13077637553215027 -0.19213305413722992 -0.13077637553215027 -0.19213305413722992 -0.24219420552253723 -0.13077637553215027 -0.13077637553215027 -0.13077637553215027 -0.13077637553215027 -0.13077637553215027 -0.17186638712882996 -0.13077637553215027 -0.13077637553215027 -0.12920399010181427 -0.13077637553215027 -0.12920399010181427 -0.13077637553215027 -0.13077637553215027 -0.08348725736141205 -0.08348725736141205 -0.062675841152668 -0.035062845796346664 -0.0029575892258435488 -0.0023774292785674334 -0.001963019371032715 -0.0012783055426552892 -0.000990282162092626 -0.000990282162092626 -0.0010826551588252187 -0.000794630846939981 -0.000990282162092626 -0.0006941705360077322 -0.0007446265080943704 -0.0007446265080943704 -0.000712122127879411
-0.19065213203430176 -0.19065213203430176 -0.19065213203430176 -0.19065213203430176 -0.19065213203430176 -0.13077637553215027 -0.13077637553215027 -0.13077637553215027 -0.19065213203430176 -0.13077637553215027 -0.13077637553215027 -0.19065213203430176 -0.31562238931655884 -0.31562238931655884 -0.31562238931655884 -0.30278801918029785 -0.13077637553215027 -0.20553210377693176 -0.13077637553215027 -0.20553210377693176 -0.13077637553215027 -0.13077637553215027 -0.2445184886455536 -0.20553210377693176 -0.23616959154605865 -0.18431222438812256 -0.16774003207683563 -0.13077637553215027 -0.18709281086921692 -0.18431222438812256 -0.12920399010181427 -0.17301736772060394 -0.12920399010181427 -0.17542514204978943 -0.15052007138729095 -0.08348725736141205 -0.08348725736141205 -0.062675841152668 -0.035062845796346664 -0.0029575892258435488 -0.0023774292785674334 -0.001963019371032715 -0.0012783055426552892 -0.000990282162092626 -0.000990282162092626 -0.0010826551588252187 -0.000794630846939981 -0.000990282162092626 -0.0006941705360077322 -0.0007446265080943704 -0.0007446265080943704 -0.000712122127879411
-0.19065213203430176 -0.19065213203430176 -0.19065213203430176 -0.19065213203430176 -0.19065213203430176 -0.13077637553215027 -0.13077637553215027 -0.13077637553215027 -0.19065213203430176 -0.13077637553215027 -0.13077637553215027 -0.19065213203430176 -0.2445184886455536 -0.2445184886455536 -0.2445184886455536 -0.2445184886455536 -0.13077637553215027 -0.20553210377693176 -0.13077637553215027 -0.20553210377693176 -0.13077637553215027 -0.13077637553215027 -0.2445184886455536 -0.20553210377693176 -0.23616959154605865 -0.18431222438812256 -0.16774003207683563 -0.13077637553215027 -0.18709281086921692 -0.18431222438812256 -0.12920399010181427 -0.17301736772060394 -0.12920399010181427 -0.17542514204978943 -0.15052007138729095 -0.08348725736141205 -0.08348725736141205 -0.062675841152668 -0.035062845796346664 -0.0029575892258435488 -0.0023774292785674334 -0.001963019371032715 -0.0012783055426552892 -0.000990282162092626 -0.000990282162092626 -0.0010826551588252187 -0.000794630846939981 -0.000990282162092626 -0.0006941705360077322 -0.0007446265080943704 -0.0007446265080943704 -0.000712122127879411
-0.19065213203430176 -0.19065213203430176 -0.19065213203430176 -0.19065213203430176 -0.19065213203430176 -0.13077637553215027 -0.13077637553215027 -0.13077637553215027 -0.19065213203430176 -0.13077637553215027 -0.13077637553215027 -0.19065213203430176 -0.26078084111213684 -0.26078084111213684 -0.26078084111213684 -0.26078084111213684 -0.13077637553215027 -0.20553210377693176 -0.13077637553215027 -0.20553210377693176 -0.13077637553215027 -0.13077637553215027 -0.2445184886455536 -0.20553210377693176 -0.23616959154605865 -0.18431222438812256 -0.16774003207683563 -0.13077637553215027 -0.18709281086921692 -0.18431222438812256 -0.12920399010181427 -0.17301736772060394 -0.12920399010181427 -0.17542514204978943 -0.15052007138729095 -0.08348725736141205 -0.08348725736141205 -0.062675841152668 -0.035062845796346664 -0.0029575892258435488 -0.0023774292785674334 -0.001963019371032715 -0.0012783055426552892 -0.000990282162092626 -0.000990282162092626 -0.0010826551588252187 -0.000794630846939981 -0.000990282162092626 -0.0006941705360077322 -0.0007446265080943704 -0.0007446265080943704 -0.000712122127879411
-0.25013619661331177 -0.25013619661331177 -0.25013619661331177 -0.25013619661331177 -0.25013619661331177 -0.13077637553215027 -0.13077637553215027 -0.13077637553215027 -0.25013619661331177 -0.13077637553215027 -0.13077637553215027 -0.25013619661331177 -0.19065213203430176 -0.19065213203430176 -0.19065213203430176 -0.19065213203430176 -0.13077637553215027 -0.19065213203430176 -0.13077637553215027 -0.19065213203430176 -0.13077637553215027 -0.13077637553215027 -0.19065213203430176 -0.19065213203430176 -0.19065213203430176 -0.18431222438812256 -0.16774003207683563 -0.13077637553215027 -0.18709281086921692 -0.18431222438812256 -0.12920399010181427 -0.17301736772060394 -0.12920399010181427 -0.17542514204978943 -0.15052007138729095 -0.08348725736141205 -0.08348725736141205 -0.062675841152668 -0.035062845796346664 -0.0029575892258435488 -0.0023774292785674334 -0.001963019371032715 -0.0012783055426552892 -0.000990282162092626 -0.000990282162092626 -0.0010826551588252187 -0.000794630846939981 -0.000990282162092626 -0.0006941705360077322 -0.0007446265080943704 -0.0007446265080943704 -0.000712122127879411
-0.12920399010181427 -0.12920399010181427 -0.12920399010181427 -0.12920399010181427 -0.12920399010181427 -0.12920399010181427 -0.12920399010181427 -0.12920399010181427 -0.12920399010181427 -0.12920399010181427 -0.12920399010181427 -0.12920399010181427 -0.12920399010181427 -0.12920399010181427 -0.12920399010181427 -0.12920399010181427 -0.12920399010181427 -0.12920399010181427 -0.12920399010181427 -0.12920399010181427 -0.12920399010181427 -0.12920399010181427 -0.12920399010181427 -0.12920399010181427 -0.12920399010181427 -0.12920399010181427 -0.12920399010181427 -0.12920399010181427 -0.12920399010181427 -0.12920399010181427 -0.12920399010181427 -0.12920399010181427 -0.12920399010181427 -0.12920399010181427 -0.12920399010181427 -0.08348725736141205 -0.08348725736141205 -0.062675841152668 -0.035062845796346664 -0.0029575892258435488 -0.0023774292785674334 -0.001963019371032715 -0.0012783055426552892 -0.000990282162092626 -0.000990282162092626 -0.0010826551588252187 -0.000794630846939981 -0.000990282162092626 -0.0006941705360077322 -0.0007446265080943704 -0.0007446265080943704 -0.000712122127879411
-0.13077637553215027 -0.13077637553215027 -0.13077637553215027 -0.13077637553215027 -0.13077637553215027 -0.19213305413722992 -0.19213305413722992 -0.19213305413722992 -0.13077637553215027 -0.19213305413722992 -0.19213305413722992 -0.13077637553215027 -0.13077637553215027 -0.13077637553215027 -0.13077637553215027 -0.13077637553215027 -0.19213305413722992 -0.13077637553215027 -0.21032585203647614 -0.13077637553215027 -0.21032585203647614 -0.19213305413722992 -0.13077637553215027 -0.13077637553215027 -0.13077637553215027 -0.13077637553215027 -0.13077637553215027 -0.17186638712882996 -0.13077637553215027 -0.13077637553215027 -0.12920399010181427 -0.13077637553215027 -0.12920399010181427 -0.13077637553215027 -0.13077637553215027 -0.08348725736141205 -0.08348725736141205 -0.062675841152668 -0.035062845796346664 -0.0029575892258435488 -0.0023774292785674334 -0.001963019371032715 -0.0012783055426552892 -0.000990282162092626 -0.000990282162092626 -0.0010826551588252187 -0.000794630846939981 -0.000990282162092626 -0.0006941705360077322 -0.0007446265080943704 -0.0007446265080943704 -0.000712122127879411
-0.12920399010181427 -0.12920399010181427 -0.12920399010181427 -0.12920399010181427 -0.12920399010181427 -0.12920399010181427 -0.12920399010181427 -0.12920399010181427 -0.12920399010181427 -0.12920399010181427 -0.12920399010181427 -0.12920399010181427 -0.12920399010181427 -0.12920399010181427 -0.12920399010181427 -0.12920399010181427 -0.12920399010181427 -0.12920399010181427 -0.12920399010181427 -0.12920399010181427 -0.12920399010181427 -0.12920399010181427 -0.12920399010181427 -0.12920399010181427 -0.12920399010181427 -0.12920399010181427 -0.12920399010181427 -0.12920399010181427 -0.12920399010181427 -0.12920399010181427 -0.12920399010181427 -0.12920399010181427 -0.12920399010181427 -0.12920399010181427 -0.12920399010181427 -0.08348725736141205 -0.08348725736141205 -0.062675841152668 -0.035062845796346664 -0.0029575892258435488 -0.0023774292785674334 -0.001963019371032715 -0.0012783055426552892 -0.000990282162092626 -0.000990282162092626 -0.0010826551588252187 -0.000794630846939981 -0.000990282162092626 -0.0006941705360077322 -0.0007446265080943704 -0.0007446265080943704 -0.000712122127879411
-0.08348725736141205 -0.08348725736141205 -0.08348725736141205 -0.08348725736141205 -0.08348725736141205 -0.08348725736141205 -0.08348725736141205 -0.08348725736141205 -0.08348725736141205 -0.08348725736141205 -0.08348725736141205 -0.08348725736141205 -0.08348725736141205 -0.08348725736141205 -0.08348725736141205 -0.08348725736141205 -0.08348725736141205 -0.08348725736141205 -0.08348725736141205 -0.08348725736141205 -0.08348725736141205 -0.08348725736141205 -0.08348725736141205 -0.08348725736141205 -0.08348725736141205 -0.08348725736141205 -0.08348725736141205 -0.08348725736141205 -0.08348725736141205 -0.08348725736141205 -0.08348725736141205 -0.08348725736141205 -0.08348725736141205 -0.08348725736141205 -0.08348725736141205 -0.08692114800214767 -0.08692114800214767 -0.062675841152668 -0.035062845796346664 -0.0029575892258435488 -0.0023774292785674334 -0.001963019371032715 -0.0012783055426552892 -0.000990282162092626 -0.000990282162092626 -0.0010826551588252187 -0.000794630846939981 -0.000990282162092626 -0.0006941705360077322 -0.0007446265080943704 -0.0007446265080943704 -0.000712122127879411
-0.16096055507659912 -0.16096055507659912 -0.16096055507659912 -0.16096055507659912 -0.16096055507659912 -0.13077637553215027 -0.13077637553215027 -0.13077637553215027 -0.16096055507659912 -0.13077637553215027 -0.13077637553215027 -0.16096055507659912 -0.16096055507659912 -0.16096055507659912 -0.16096055507659912 -0.16096055507659912 -0.13077637553215027 -0.16096055507659912 -0.13077637553215027 -0.16096055507659912 -0.13077637553215027 -0.13077637553215027 -0.16096055507659912 -0.16096055507659912 -0.16096055507659912 -0.16096055507659912 -0.16096055507659912 -0.13077637553215027 -0.16096055507659912 -0.16096055507659912 -0.12920399010181427 -0.16096055507659912 -0.12920399010181427 -0.16096055507659912 -0.15052007138729095 -0.08348725736141205 -0.08348725736141205 -0.062675841152668 -0.035062845796346664 -0.0029575892258435488 -0.0023774292785674334 -0.001963019371032715 -0.0012783055426552892 -0.000990282162092626 -0.000990282162092626 -0.0010826551588252187 -0.000794630846939981 -0.000990282162092626 -0.0006941705360077322 -0.0007446265080943704 -0.0007446265080943704 -0.000712122127879411
-0.062675841152668 -0.062675841152668 -0.062675841152668 -0.062675841152668 -0.062675841152668 -0.062675841152668 -0.062675841152668 -0.062675841152668 -0.062675841152668 -0.062675841152668 -0.062675841152668 -0.062675841152668 -0.062675841152668 -0.062675841152668 -0.062675841152668 -0.062675841152668 -0.062675841152668 -0.062675841152668 -0.062675841152668 -0.062675841152668 -0.062675841152668 -0.062675841152668 -0.062675841152668 -0.062675841152668 -0.062675841152668 -0.062675841152668 -0.062675841152668 -0.062675841152668 -0.062675841152668 -0.062675841152668 -0.062675841152668 -0.062675841152668 -0.062675841152668 -0.062675841152668 -0.062675841152668 -0.062675841152668 -0.062675841152668 -0.062675841152668 -0.035062845796346664 -0.0029575892258435488 -0.0023774292785674334 -0.001963019371032715 -0.0012783055426552892 -0.000990282162092626 -0.000990282162092626 -0.0010826551588252187 -0.000794630846939981 -0.000990282162092626 -0.0006941705360077322 -0.0007446265080943704 -0.0007446265080943704 -0.000712122127879411
-0.14530998468399048 -0.14530998468399048 -0.14530998468399048 -0.14530998468399048 -0.14530998468399048 -0.13077637553215027 -0.13077637553215027 -0.13077637553215027 -0.14530998468399048 -0.13077637553215027 -0.13077637553215027 -0.14530998468399048 -0.14530998468399048 -0.14530998468399048 -0.14530998468399048 -0.14530998468399048 -0.13077637553215027 -0.14530998468399048 -0.13077637553215027 -0.14530998468399048 -0.13077637553215027 -0.13077637553215027 -0.14530998468399048 -0.14530998468399048 -0.14530998468399048 -0.14530998468399048 -0.14530998468399048 -0.13077637553215027 -0.14530998468399048 -0.14530998468399048 -0.12920399010181427 -0.14530998468399048 -0.12920399010181427 -0.14530998468399048 -0.14530998468399048 -0.08348725736141205 -0.08348725736141205 -0.062675841152668 -0.035062845796346664 -0.0029575892258435488 -0.0023774292785674334 -0.001963019371032715 -0.0012783055426552892 -0.000990282162092626 -0.000990282162092626 -0.0010826551588252187 -0.000794630846939981 -0.000990282162092626 -0.0006941705360077322 -0.0007446265080943704 -0.0007446265080943704 -0.000712122127879411
-0.035062845796346664 -0.035062845796346664 -0.035062845796346664 -0.035062845796346664 -0.035062845796346664 -0.035062845796346664 -0.035062845796346664 -0.035062845796346664 -0.035062845796346664 -0.035062845796346664 -0.035062845796346664 -0.035062845796346664 -0.035062845796346664 -0.035062845796346664 -0.035062845796346664 -0.035062845796346664 -0.035062845796346664 -0.035062845796346664 -0.035062845796346664 -0.035062845796346664 -0.035062845796346664 -0.035062845796346664 -0.035062845796346664 -0.035062845796346664 -0.035062845796346664 -0.035062845796346664 -0.035062845796346664 -0.035062845796346664 -0.035062845796346664 -0.035062845796346664 -0.035062845796346664 -0.035062845796346664 -0.035062845796346664 -0.035062845796346664 -0.035062845796346664 -0.035062845796346664 -0.035062845796346664 -0.035062845796346664 -0.035062845796346664 -0.0029575892258435488 -0.0023774292785674334 -0.001963019371032715 -0.0012783055426552892 -0.000990282162092626 -0.000990282162092626 -0.0010826551588252187 -0.000794630846939981 -0.000990282162092626 -0.0006941705360077322 -0.0007446265080943704 -0.0007446265080943704 -0.000712122127879411
-0.12551744282245636 -0.12551744282245636 -0.12551744282245636 -0.12551744282245636 -0.12551744282245636 -0.12551744282245636 -0.12551744282245636 -0.12551744282245636 -0.12551744282245636 -0.12551744282245636 -0.12551744282245636 -0.12551744282245636 -0.12551744282245636 -0.12551744282245636 -0.12551744282245636 -0.12551744282245636 -0.12551744282245636 -0.12551744282245636 -0.12551744282245636 -0.12551744282245636 -0.12551744282245636 -0.12551744282245636 -0.12551744282245636 -0.12551744282245636 -0.12551744282245636 -0.12551744282245636 -0.12551744282245636 -0.12551744282245636 -0.12551744282245636 -0.12551744282245636 -0.12551744282245636 -0.12551744282245636 -0.12551744282245636 -0.12551744282245636 -0.12551744282245636 -0.08348725736141205 -0.08348725736141205 -0.062675841152668 -0.035062845796346664 -0.0029575892258435488 -0.0023774292785674334 -0.001963019371032715 -0.0012783055426552892 -0.000990282162092626 -0.000990282162092626 -0.0010826551588252187 -0.000794630846939981 -0.000990282162092626 -0.0006941705360077322 -0.0007446265080943704 -0.0007446265080943704 -0.000712122127879411
-0.035062845796346664 -0.035062845796346664 -0.035062845796346664 -0.035062845796346664 -0.035062845796346664 -0.035062845796346664 -0.035062845796346664 -0.035062845796346664 -0.035062845796346664 -0.035062845796346664 -0.035062845796346664 -0.035062845796346664 -0.035062845796346664 -0.035062845796346664 -0.035062845796346664 -0.035062845796346664 -0.035062845796346664 -0.035062845796346664 -0.035062845796346664 -0.035062845796346664 -0.035062845796346664 -0.035062845796346664 -0.035062845796346664 -0.035062845796346664 -0.035062845796346664 -0.035062845796346664 -0.035062845796346664 -0.035062845796346664 -0.035062845796346664 -0.035062845796346664 -0.035062845796346664 -0.035062845796346664 -0.035062845796346664 -0.035062845796346664 -0.035062845796346664 -0.035062845796346664 -0.035062845796346664 -0.035062845796346664 -0.035062845796346664 -0.0029575892258435488 -0.0023774292785674334 -0.001963019371032715 -0.0012783055426552892 -0.000990282162092626 -0.000990282162092626 -0.0010826551588252187 -0.000794630846939981 -0.000990282162092626 -0.0006941705360077322 -0.0007446265080943704 -0.0007446265080943704 -0.000712122127879411
-0.12265844643115997 -0.12265844643115997 -0.12265844643115997 -0.12265844643115997 -0.12265844643115997 -0.12265844643115997 -0.12265844643115997 -0.12265844643115997 -0.12265844643115997 -0.12265844643115997 -0.12265844643115997 -0.12265844643115997 -0.12265844643115997 -0.12265844643115997 -0.12265844643115997 -0.12265844643115997 -0.12265844643115997 -0.12265844643115997 -0.12265844643115997 -0.12265844643115997 -0.12265844643115997 -0.12265844643115997 -0.12265844643115997 -0.12265844643115997 -0.12265844643115997 -0.12265844643115997 -0.12265844643115997 -0.12265844643115997 -0.12265844643115997 -0.12265844643115997 -0.12265844643115997 -0.12265844643115997 -0.12265844643115997 -0.12265844643115997 -0.12265844643115997 -0.08348725736141205 -0.08348725736141205 -0.062675841152668 -0.035062845796346664 -0.0029575892258435488 -0.0023774292785674334 -0.001963019371032715 -0.0012783055426552892 -0.000990282162092626 -0.000990282162092626 -0.0010826551588252187 -0.000794630846939981 -0.000990282162092626 -0.0006941705360077322 -0.0007446265080943704 -0.0007446265080943704 -0.000712122127879411
-0.11352257430553436 -0.11352257430553436 -0.11352257430553436 -0.11352257430553436 -0.11352257430553436 -0.11352257430553436 -0.11352257430553436 -0.11352257430553436 -0.11352257430553436 -0.11352257430553436 -0.11352257430553436 -0.11352257430553436 -0.11352257430553436 -0.11352257430553436 -0.11352257430553436 -0.11352257430553436 -0.11352257430553436 -0.11352257430553436 -0.11352257430553436 -0.11352257430553436 -0.11352257430553436 -0.11352257430553436 -0.11352257430553436 -0.11352257430553436 -0.11352257430553436 -0.11352257430553436 -0.11352257430553436 -0.11352257430553436 -0.11352257430553436 -0.11352257430553436 -0.11352257430553436 -0.11352257430553436 -0.11352257430553436 -0.11352257430553436 -0.11352257430553436 -0.08348725736141205 -0.08348725736141205 -0.062675841152668 -0.035062845796346664 -0.0029575892258435488 -0.0023774292785674334 -0.001963019371032715 -0.0012783055426552892 -0.000990282162092626 -0.000990282162092626 -0.0010826551588252187 -0.000794630846939981 -0.000990282162092626 -0.0006941705360077322 -0.0007446265080943704 -0.0007446265080943704 -0.000712122127879411
-0.10353954136371613 -0.10353954136371613 -0.10353954136371613 -0.10353954136371613 -0.10353954136371613 -0.10353954136371613 -0.10353954136371613 -0.10353954136371613 -0.10353954136371613 -0.10353954136371613 -0.10353954136371613 -0.10353954136371613 -0.10353954136371613 -0.10353954136371613 -0.10353954136371613 -0.10353954136371613 -0.10353954136371613 -0.10353954136371613 -0.10353954136371613 -0.10353954136371613 -0.10353954136371613 -0.10353954136371613 -0.10353954136371613 -0.10353954136371613 -0.10353954136371613 -0.10353954136371613 -0.10353954136371613 -0.10353954136371613 -0.10353954136371613 -0.10353954136371613 -0.10353954136371613 -0.10353954136371613 -0.10353954136371613 -0.10353954136371613 -0.10353954136371613 -0.08348725736141205 -0.08348725736141205 -0.062675841152668 -0.035062845796346664 -0.0029575892258435488 -0.0023774292785674334 -0.001963019371032715 -0.0012783055426552892 -0.000990282162092626 -0.000990282162092626 -0.0010826551588252187 -0.000794630846939981 -0.000990282162092626 -0.0006941705360077322 -0.0007446265080943704 -0.0007446265080943704 -0.000712122127879411
-0.09927888214588165 -0.09927888214588165 -0.09927888214588165 -0.09927888214588165 -0.09927888214588165 -0.09927888214588165 -0.09927888214588165 -0.09927888214588165 -0.09927888214588165 -0.09927888214588165 -0.09927888214588165 -0.09927888214588165 -0.09927888214588165 -0.09927888214588165 -0.09927888214588165 -0.09927888214588165 -0.09927888214588165 -0.09927888214588165 -0.09927888214588165 -0.09927888214588165 -0.09927888214588165 -0.09927888214588165 -0.09927888214588165 -0.09927888214588165 -0.09927888214588165 -0.09927888214588165 -0.09927888214588165 -0.09927888214588165 -0.09927888214588165 -0.09927888214588165 -0.09927888214588165 -0.09927888214588165 -0.09927888214588165 -0.09927888214588165 -0.09927888214588165 -0.08348725736141205 -0.08348725736141205 -0.062675841152668 -0.035062845796346664 -0.0029575892258435488 -0.0023774292785674334 -0.001963019371032715 -0.0012783055426552892 -0.000990282162092626 -0.000990282162092626 -0.0010826551588252187 -0.000794630846939981 -0.000990282162092626 -0.0006941705360077322 -0.0007446265080943704 -0.0007446265080943704 -0.000712122127879411
-0.0981038436293602 -0.0981038436293602 -0.0981038436293602 -0.0981038436293602 -0.0981038436293602 -0.0981038436293602 -0.0981038436293602 -0.0981038436293602 -0.0981038436293602 -0.0981038436293602 -0.0981038436293602 -0.0981038436293602 -0.0981038436293602 -0.0981038436293602 -0.0981038436293602 -0.0981038436293602 -0.0981038436293602 -0.0981038436293602 -0.0981038436293602 -0.0981038436293602 -0.0981038436293602 -0.0981038436293602 -0.0981038436293602 -0.0981038436293602 -0.0981038436293602 -0.0981038436293602 -0.0981038436293602 -0.0981038436293602 -0.0981038436293602 -0.0981038436293602 -0.0981038436293602 -0.0981038436293602 -0.0981038436293602 -0.0981038436293602 -0.0981038436293602 -0.08348725736141205 -0.08348725736141205 -0.062675841152668 -0.035062845796346664 -0.0029575892258435488 -0.0023774292785674334 -0.001963019371032715 -0.0012783055426552892 -0.000990282162092626 -0.000990282162092626 -0.0010826551588252187 -0.000794630846939981 -0.000990282162092626 -0.0006941705360077322 -0.0007446265080943704 -0.0007446265080943704 -0.000712122127879411
-0.09137385338544846 -0.09137385338544846 -0.09137385338544846 -0.09137385338544846 -0.09137385338544846 -0.09137385338544846 -0.09137385338544846 -0.09137385338544846 -0.09137385338544846 -0.09137385338544846 -0.09137385338544846 -0.09137385338544846 -0.09137385338544846 -0.09137385338544846 -0.09137385338544846 -0.09137385338544846 -0.09137385338544846 -0.09137385338544846 -0.09137385338544846 -0.09137385338544846 -0.09137385338544846 -0.09137385338544846 -0.09137385338544846 -0.09137385338544846 -0.09137385338544846 -0.09137385338544846 -0.09137385338544846 -0.09137385338544846 -0.09137385338544846 -0.09137385338544846 -0.09137385338544846 -0.09137385338544846 -0.09137385338544846 -0.09137385338544846 -0.09137385338544846 -0.08348725736141205 -0.08348725736141205 -0.062675841152668 -0.035062845796346664 -0.0029575892258435488 -0.0023774292785674334 -0.001963019371032715 -0.0012783055426552892 -0.000990282162092626 -0.000990282162092626 -0.0010826551588252187 -0.000794630846939981 -0.000990282162092626 -0.0006941705360077322 -0.0007446265080943704 -0.0007446265080943704 -0.000712122127879411
-0.07705168426036835 -0.07705168426036835 -0.07705168426036835 -0.07705168426036835 -0.07705168426036835 -0.07705168426036835 -0.07705168426036835 -0.07705168426036835 -0.07705168426036835 -0.07705168426036835 -0.07705168426036835 -0.07705168426036835 -0.07705168426036835 -0.07705168426036835 -0.07705168426036835 -0.07705168426036835 -0.07705168426036835 -0.07705168426036835 -0.07705168426036835 -0.07705168426036835 -0.07705168426036835 -0.07705168426036835 -0.07705168426036835 -0.07705168426036835 -0.07705168426036835 -0.07705168426036835 -0.07705168426036835 -0.07705168426036835 -0.07705168426036835 -0.07705168426036835 -0.07705168426036835 -0.07705168426036835 -0.07705168426036835 -0.07705168426036835 -0.07705168426036835 -0.07705168426036835 -0.07705168426036835 -0.062675841152668 -0.035062845796346664 -0.0029575892258435488 -0.0023774292785674334 -0.001963019371032715 -0.0012783055426552892 -0.000990282162092626 -0.000990282162092626 -0.0010826551588252187 -0.000794630846939981 -0.000990282162092626 -0.0006941705360077322 -0.0007446265080943704 -0.0007446265080943704 -0.000712122127879411
-0.04552236571907997 -0.04552236571907997 -0.04552236571907997 -0.04552236571907997 -0.04552236571907997 -0.04552236571907997 -0.04552236571907997 -0.04552236571907997 -0.04552236571907997 -0.04552236571907997 -0.04552236571907997 -0.04552236571907997 -0.04552236571907997 -0.04552236571907997 -0.04552236571907997 -0.04552236571907997 -0.04552236571907997 -0.04552236571907997 -0.04552236571907997 -0.04552236571907997 -0.04552236571907997 -0.04552236571907997 -0.04552236571907997 -0.04552236571907997 -0.04552236571907997 -0.04552236571907997 -0.04552236571907997 -0.04552236571907997 -0.04552236571907997 -0.04552236571907997 -0.04552236571907997 -0.04552236571907997 -0.04552236571907997 -0.04552236571907997 -0.04552236571907997 -0.04552236571907997 -0.04552236571907997 -0.04552236571907997 -0.035062845796346664 -0.0029575892258435488 -0.0023774292785674334 -0.001963019371032715 -0.0012783055426552892 -0.000990282162092626 -0.000990282162092626 -0.0010826551588252187 -0.000794630846939981 -0.000990282162092626 -0.0006941705360077322 -0.0007446265080943704 -0.0007446265080943704 -0.000712122127879411
-0.02542715147137642 -0.02542715147137642 -0.02542715147137642 -0.02542715147137642 -0.02542715147137642 -0.02542715147137642 -0.02542715147137642 -0.02542715147137642 -0.02542715147137642 -0.02542715147137642 -0.02542715147137642 -0.02542715147137642 -0.02542715147137642 -0.02542715147137642 -0.02542715147137642 -0.02542715147137642 -0.02542715147137642 -0.02542715147137642 -0.02542715147137642 -0.02542715147137642 -0.02542715147137642 -0.02542715147137642 -0.02542715147137642 -0.02542715147137642 -0.02542715147137642 -0.02542715147137642 -0.02542715147137642 -0.02542715147137642 -0.02542715147137642 -0.02542715147137642 -0.02542715147137642 -0.02542715147137642 -0.02542715147137642 -0.02542715147137642 -0.02542715147137642 -0.02542715147137642 -0.02542715147137642 -0.02542715147137642 -0.02542715147137642 -0.0029575892258435488 -0.0023774292785674334 -0.001963019371032715 -0.0012783055426552892 -0.000990282162092626 -0.000990282162092626 -0.0010826551588252187 -0.000794630846939981 -0.000990282162092626 -0.0006941705360077322 -0.0007446265080943704 -0.0007446265080943704 -0.000712122127879411
-0.0006941705360077322 -0.0006941705360077322 -0.0006941705360077322 -0.0006941705360077322 -0.0006941705360077322 -0.0006941705360077322 -0.0006941705360077322 -0.0006941705360077322 -0.0006941705360077322 -0.0006941705360077322 -0.0006941705360077322 -0.0006941705360077322 -0.0006941705360077322 -0.0006941705360077322 -0.0006941705360077322 -0.0006941705360077322 -0.0006941705360077322 -0.0006941705360077322 -0.0006941705360077322 -0.0006941705360077322 -0.0006941705360077322 -0.0006941705360077322 -0.0006941705360077322 -0.0006941705360077322 -0.0006941705360077322 -0.0006941705360077322 -0.0006941705360077322 -0.0006941705360077322 -0.0006941705360077322 -0.0006941705360077322 -0.0006941705360077322 -0.0006941705360077322 -0.0006941705360077322 -0.0006941705360077322 -0.0006941705360077322 -0.0006941705360077322 -0.0006941705360077322 -0.0006941705360077322 -0.0006941705360077322 -0.0006941705360077322 -0.0006941705360077322 -0.0006941705360077322 -0.0006941705360077322 -0.0006941705360077322 -0.0006941705360077322 -0.0006941705360077322 -0.0006941705360077322 -0.0006941705360077322 -0.0006941705360077322 -0.0006941705360077322 -0.0006941705360077322 -0.0006941705360077322
-0.0023774292785674334 -0.0023774292785674334 -0.0023774292785674334 -0.0023774292785674334 -0.0023774292785674334 -0.0023774292785674334 -0.0023774292785674334 -0.0023774292785674334 -0.0023774292785674334 -0.0023774292785674334 -0.0023774292785674334 -0.0023774292785674334 -0.0023774292785674334 -0.0023774292785674334 -0.0023774292785674334 -0.0023774292785674334 -0.0023774292785674334 -0.0023774292785674334 -0.0023774292785674334 -0.0023774292785674334 -0.0023774292785674334 -0.0023774292785674334 -0.0023774292785674334 -0.0023774292785674334 -0.0023774292785674334 -0.0023774292785674334 -0.0023774292785674334 -0.0023774292785674334 -0.0023774292785674334 -0.0023774292785674334 -0.0023774292785674334 -0.0023774292785674334 -0.0023774292785674334 -0.0023774292785674334 -0.0023774292785674334 -0.0023774292785674334 -0.0023774292785674334 -0.0023774292785674334 -0.0023774292785674334 -0.0023774292785674334 -0.003002873854711652 -0.001963019371032715 -0.0012783055426552892 -0.000990282162092626 -0.000990282162092626 -0.0010826551588252187 -0.000794630846939981 -0.000990282162092626 -0.0006941705360077322 -0.0007446265080943704 -0.0007446265080943704 -0.000712122127879411
-0.0006941705360077322 -0.0006941705360077322 -0.0006941705360077322 -0.0006941705360077322 -0.0006941705360077322 -0.0006941705360077322 -0.0006941705360077322 -0.0006941705360077322 -0.0006941705360077322 -0.0006941705360077322 -0.0006941705360077322 -0.0006941705360077322 -0.0006941705360077322 -0.0006941705360077322 -0.0006941705360077322 -0.0006941705360077322 -0.0006941705360077322 -0.0006941705360077322 -0.0006941705360077322 -0.0006941705360077322 -0.0006941705360077322 -0.0006941705360077322 -0.0006941705360077322 -0.0006941705360077322 -0.0006941705360077322 -0.0006941705360077322 -0.0006941705360077322 -0.0006941705360077322 -0.0006941705360077322 -0.0006941705360077322 -0.0006941705360077322 -0.0006941705360077322 -0.0006941705360077322 -0.0006941705360077322 -0.0006941705360077322 -0.0006941705360077322 -0.0006941705360077322 -0.0006941705360077322 -0.0006941705360077322 -0.0006941705360077322 -0.0006941705360077322 -0.0006941705360077322 -0.0006941705360077322 -0.0006941705360077322 -0.0006941705360077322 -0.0006941705360077322 -0.0006941705360077322 -0.0006941705360077322 -0.0006941705360077322 -0.0006941705360077322 -0.0006941705360077322 -0.0006941705360077322
-0.0006941705360077322 -0.0006941705360077322 -0.0006941705360077322 -0.0006941705360077322 -0.0006941705360077322 -0.0006941705360077322 -0.0006941705360077322 -0.0006941705360077322 -0.0006941705360077322 -0.0006941705360077322 -0.0006941705360077322 -0.0006941705360077322 -0.0006941705360077322 -0.0006941705360077322 -0.0006941705360077322 -0.0006941705360077322 -0.0006941705360077322 -0.0006941705360077322 -0.0006941705360077322 -0.0006941705360077322 -0.0006941705360077322 -0.0006941705360077322 -0.0006941705360077322 -0.0006941705360077322 -0.0006941705360077322 -0.0006941705360077322 -0.0006941705360077322 -0.0006941705360077322 -0.0006941705360077322 -0.0006941705360077322 -0.0006941705360077322 -0.0006941705360077322 -0.0006941705360077322 -0.0006941705360077322 -0.0006941705360077322 -0.0006941705360077322 -0.0006941705360077322 -0.0006941705360077322 -0.0006941705360077322 -0.0006941705360077322 -0.0006941705360077322 -0.0006941705360077322 -0.0006941705360077322 -0.0006941705360077322 -0.0006941705360077322 -0.0006941705360077322 -0.0006941705360077322 -0.0006941705360077322 -0.0006941705360077322 -0.0006941705360077322 -0.0006941705360077322 -0.0006941705360077322
-0.0029575892258435488 -0.0029575892258435488 -0.0029575892258435488 -0.0029575892258435488 -0.0029575892258435488 -0.0029575892258435488 -0.0029575892258435488 -0.0029575892258435488 -0.0029575892258435488 -0.0029575892258435488 -0.0029575892258435488 -0.0029575892258435488 -0.0029575892258435488 -0.0029575892258435488 -0.0029575892258435488 -0.0029575892258435488 -0.0029575892258435488 -0.0029575892258435488 -0.0029575892258435488 -0.0029575892258435488 -0.0029575892258435488 -0.0029575892258435488 -0.0029575892258435488 -0.0029575892258435488 -0.0029575892258435488 -0.0029575892258435488 -0.0029575892258435488 -0.0029575892258435488 -0.0029575892258435488 -0.0029575892258435488 -0.0029575892258435488 -0.0029575892258435488 -0.0029575892258435488 -0.0029575892258435488 -0.0029575892258435488 -0.0029575892258435488 -0.0029575892258435488 -0.0029575892258435488 -0.0029575892258435488 -0.0030503857415169477 -0.0023774292785674334 -0.001963019371032715 -0.0012783055426552892 -0.000990282162092626 -0.000990282162092626 -0.0010826551588252187 -0.000794630846939981 -0.000990282162092626 -0.0006941705360077322 -0.0007446265080943704 -0.0007446265080943704 -0.000712122127879411
-0.001963019371032715 -0.001963019371032715 -0.001963019371032715 -0.001963019371032715 -0.001963019371032715 -0.001963019371032715 -0.001963019371032715 -0.001963019371032715 -0.001963019371032715 -0.001963019371032715 -0.001963019371032715 -0.001963019371032715 -0.001963019371032715 -0.001963019371032715 -0.001963019371032715 -0.001963019371032715 -0.001963019371032715 -0.001963019371032715 -0.001963019371032715 -0.001963019371032715 -0.001963019371032715 -0.001963019371032715 -0.001963019371032715 -0.001963019371032715 -0.001963019371032715 -0.001963019371032715 -0.001963019371032715 -0.001963019371032715 -0.001963019371032715 -0.001963019371032715 -0.001963019371032715 -0.001963019371032715 -0.001963019371032715 -0.001963019371032715 -0.001963019371032715 -0.001963019371032715 -0.001963019371032715 -0.001963019371032715 -0.001963019371032715 -0.001963019371032715 -0.001963019371032715 -0.001963019371032715 -0.0012783055426552892 -0.000990282162092626 -0.000990282162092626 -0.0010826551588252187 -0.000794630846939981 -0.000990282162092626 -0.0006941705360077322 -0.0007446265080943704 -0.0007446265080943704 -0.000712122127879411
-0.001963019371032715 -0.001963019371032715 -0.001963019371032715 -0.001963019371032715 -0.001963019371032715 -0.001963019371032715 -0.001963019371032715 -0.001963019371032715 -0.001963019371032715 -0.001963019371032715 -0.001963019371032715 -0.001963019371032715 -0.001963019371032715 -0.001963019371032715 -0.001963019371032715 -0.001963019371032715 -0.001963019371032715 -0.001963019371032715 -0.001963019371032715 -0.001963019371032715 -0.001963019371032715 -0.001963019371032715 -0.001963019371032715 -0.001963019371032715 -0.001963019371032715 -0.001963019371032715 -0.001963019371032715 -0.001963019371032715 -0.001963019371032715 -0.001963019371032715 -0.001963019371032715 -0.001963019371032715 -0.001963019371032715 -0.001963019371032715 -0.001963019371032715 -0.001963019371032715 -0.001963019371032715 -0.001963019371032715 -0.001963019371032715 -0.001963019371032715 -0.001963019371032715 -0.001963019371032715 -0.0012783055426552892 -0.000990282162092626 -0.000990282162092626 -0.0010826551588252187 -0.000794630846939981 -0.000990282162092626 -0.0006941705360077322 -0.0007446265080943704 -0.0007446265080943704 -0.000712122127879411