-0.6567639112472534 -0.4164305627346039 -0.4164305627346039 -0.13870640099048615 -0.11909510940313339 -0.11909510940313339 -0.24309398233890533 -0.24309398233890533 -0.13870640099048615 -0.2878563404083252 -0.13870640099048615 -0.11909510940313339 -0.11909510940313339 -0.11909510940313339 -0.13870640099048615 -0.13870640099048615 -0.13870640099048615 -0.11909510940313339 -0.13870640099048615 -0.11909510940313339 -0.11909510940313339 -0.137908473610878 -0.17015136778354645 -0.11909510940313339 -0.1490073800086975 -0.11909510940313339 -0.13909131288528442 -0.09469714760780334 -0.0958484560251236 -0.097232885658741 -0.06503166258335114 -0.01744312047958374 -0.003064436838030815 -0.004268617369234562 -0.0026078352238982916 -0.0032423590309917927 -0.003440634813159704 -0.0025670339819043875 -0.002427223604172468 -0.0023635639809072018 -0.0020986662711948156 -0.0014561560237780213 -0.0014561560237780213 -0.0014561560237780213 -0.0011018209625035524 -0.0011018209625035524 -0.0009636748000048101 -0.00025940098566934466
-0.4164305627346039 -0.52729731798172 -0.4649922549724579 -0.13870640099048615 -0.11909510940313339 -0.11909510940313339 -0.24309398233890533 -0.24309398233890533 -0.13870640099048615 -0.2878563404083252 -0.13870640099048615 -0.11909510940313339 -0.11909510940313339 -0.11909510940313339 -0.13870640099048615 -0.13870640099048615 -0.13870640099048615 -0.11909510940313339 -0.13870640099048615 -0.11909510940313339 -0.11909510940313339 -0.137908473610878 -0.17015136778354645 -0.11909510940313339 -0.1490073800086975 -0.11909510940313339 -0.13909131288528442 -0.09469714760780334 -0.0958484560251236 -0.097232885658741 -0.06503166258335114 -0.01744312047958374 -0.003064436838030815 -0.004268617369234562 -0.0026078352238982916 -0.0032423590309917927 -0.003440634813159704 -0.0025670339819043875 -0.002427223604172468 -0.0023635639809072018 -0.0020986662711948156 -0.0014561560237780213 -0.0014561560237780213 -0.0014561560237780213 -0.0011018209625035524 -0.0011018209625035524 -0.0009636748000048101 -0.00025940098566934466
-0.24309398233890533 -0.24309398233890533 -0.24309398233890533 -0.13870640099048615 -0.11909510940313339 -0.11909510940313339 -0.24309398233890533 -0.24309398233890533 -0.13870640099048615 -0.24309398233890533 -0.13870640099048615 -0.11909510940313339 -0.11909510940313339 -0.11909510940313339 -0.13870640099048615 -0.13870640099048615 -0.13870640099048615 -0.11909510940313339 -0.13870640099048615 -0.11909510940313339 -0.11909510940313339 -0.137908473610878 -0.17015136778354645 -0.11909510940313339 -0.1490073800086975 -0.11909510940313339 -0.13909131288528442 -0.09469714760780334 -0.0958484560251236 -0.097232885658741 -0.06503166258335114 -0.01744312047958374 -0.003064436838030815 -0.004268617369234562 -0.0026078352238982916 -0.0032423590309917927 -0.003440634813159704 -0.0025670339819043875 -0.002427223604172468 -0.0023635639809072018 -0.0020986662711948156 -0.0014561560237780213 -0.0014561560237780213 -0.0014561560237780213 -0.0011018209625035524 -0.0011018209625035524 -0.0009636748000048101 -0.00025940098566934466
-0.24309398233890533 -0.24309398233890533 -0.24309398233890533 -0.13870640099048615 -0.11909510940313339 -0.11909510940313339 -0.24309398233890533 -0.24309398233890533 -0.13870640099048615 -0.24309398233890533 -0.13870640099048615 -0.11909510940313339 -0.11909510940313339 -0.11909510940313339 -0.13870640099048615 -0.13870640099048615 -0.13870640099048615 -0.11909510940313339 -0.13870640099048615 -0.11909510940313339 -0.11909510940313339 -0.137908473610878 -0.17015136778354645 -0.11909510940313339 -0.1490073800086975 -0.11909510940313339 -0.13909131288528442 -0.09469714760780334 -0.0958484560251236 -0.097232885658741 -0.06503166258335114 -0.01744312047958374 -0.003064436838030815 -0.004268617369234562 -0.0026078352238982916 -0.0032423590309917927 -0.003440634813159704 -0.0025670339819043875 -0.002427223604172468 -0.0023635639809072018 -0.0020986662711948156 -0.0014561560237780213 -0.0014561560237780213 -0.0014561560237780213 -0.0011018209625035524 -0.0011018209625035524 -0.0009636748000048101 -0.00025940098566934466
-0.24309398233890533 -0.24309398233890533 -0.24309398233890533 -0.13870640099048615 -0.11909510940313339 -0.11909510940313339 -0.24309398233890533 -0.24309398233890533 -0.13870640099048615 -0.24309398233890533 -0.13870640099048615 -0.11909510940313339 -0.11909510940313339 -0.11909510940313339 -0.13870640099048615 -0.13870640099048615 -0.13870640099048615 -0.11909510940313339 -0.13870640099048615 -0.11909510940313339 -0.11909510940313339 -0.137908473610878 -0.17015136778354645 -0.11909510940313339 -0.1490073800086975 -0.11909510940313339 -0.13909131288528442 -0.09469714760780334 -0.0958484560251236 -0.097232885658741 -0.06503166258335114 -0.01744312047958374 -0.003064436838030815 -0.004268617369234562 -0.0026078352238982916 -0.0032423590309917927 -0.003440634813159704 -0.0025670339819043875 -0.002427223604172468 -0.0023635639809072018 -0.0020986662711948156 -0.0014561560237780213 -0.0014561560237780213 -0.0014561560237780213 -0.0011018209625035524 -0.0011018209625035524 -0.0009636748000048101 -0.00025940098566934466
-0.09469714760780334 -0.09469714760780334 -0.09469714760780334 -0.09469714760780334 -0.09469714760780334 -0.09469714760780334 -0.09469714760780334 -0.09469714760780334 -0.09469714760780334 -0.09469714760780334 -0.09469714760780334 -0.09469714760780334 -0.09469714760780334 -0.09469714760780334 -0.09469714760780334 -0.09469714760780334 -0.09469714760780334 -0.09469714760780334 -0.09469714760780334 -0.09469714760780334 -0.09469714760780334 -0.09469714760780334 -0.09469714760780334 -0.09469714760780334 -0.09469714760780334 -0.09469714760780334 -0.09469714760780334 -0.09469714760780334 -0.09469714760780334 -0.09469714760780334 -0.06503166258335114 -0.01744312047958374 -0.003064436838030815 -0.004268617369234562 -0.0026078352238982916 -0.0032423590309917927 -0.003440634813159704 -0.0025670339819043875 -0.002427223604172468 -0.0023635639809072018 -0.0020986662711948156 -0.0014561560237780213 -0.0014561560237780213 -0.0014561560237780213 -0.0011018209625035524 -0.0011018209625035524 -0.0009636748000048101 -0.00025940098566934466
-0.11909510940313339 -0.11909510940313339 -0.11909510940313339 -0.11909510940313339 -0.15420587360858917 -0.15420587360858917 -0.11909510940313339 -0.11909510940313339 -0.11909510940313339 -0.11909510940313339 -0.11909510940313339 -0.15420587360858917 -0.15420587360858917 -0.15420587360858917 -0.11909510940313339 -0.11909510940313339 -0.11909510940313339 -0.1890641152858734 -0.11909510940313339 -0.1890641152858734 -0.15420587360858917 -0.11909510940313339 -0.11909510940313339 -0.12625432014465332 -0.11909510940313339 -0.1347985863685608 -0.11909510940313339 -0.09469714760780334 -0.0958484560251236 -0.097232885658741 -0.06503166258335114 -0.01744312047958374 -0.003064436838030815 -0.004268617369234562 -0.0026078352238982916 -0.0032423590309917927 -0.003440634813159704 -0.0025670339819043875 -0.002427223604172468 -0.0023635639809072018 -0.0020986662711948156 -0.0014561560237780213 -0.0014561560237780213 -0.0014561560237780213 -0.0011018209625035524 -0.0011018209625035524 -0.0009636748000048101 -0.00025940098566934466
-0.11909510940313339 -0.11909510940313339 -0.11909510940313339 -0.11909510940313339 -0.1347985863685608 -0.1347985863685608 -0.11909510940313339 -0.11909510940313339 -0.11909510940313339 -0.11909510940313339 -0.11909510940313339 -0.1347985863685608 -0.1347985863685608 -0.1347985863685608 -0.11909510940313339 -0.11909510940313339 -0.11909510940313339 -0.1347985863685608 -0.11909510940313339 -0.1347985863685608 -0.1347985863685608 -0.11909510940313339 -0.11909510940313339 -0.12625432014465332 -0.11909510940313339 -0.1347985863685608 -0.11909510940313339 -0.09469714760780334 -0.0958484560251236 -0.097232885658741 -0.06503166258335114 -0.01744312047958374 -0.003064436838030815 -0.004268617369234562 -0.0026078352238982916 -0.0032423590309917927 -0.003440634813159704 -0.0025670339819043875 -0.002427223604172468 -0.0023635639809072018 -0.0020986662711948156 -0.0014561560237780213 -0.0014561560237780213 -0.0014561560237780213 -0.0011018209625035524 -0.0011018209625035524 -0.0009636748000048101 -0.00025940098566934466
-0.24309398233890533 -0.24309398233890533 -0.24309398233890533 -0.13870640099048615 -0.11909510940313339 -0.11909510940313339 -0.26135507225990295 -0.26135507225990295 -0.13870640099048615 -0.24309398233890533 -0.13870640099048615 -0.11909510940313339 -0.11909510940313339 -0.11909510940313339 -0.13870640099048615 -0.13870640099048615 -0.13870640099048615 -0.11909510940313339 -0.13870640099048615 -0.11909510940313339 -0.11909510940313339 -0.137908473610878 -0.17015136778354645 -0.11909510940313339 -0.1490073800086975 -0.11909510940313339 -0.13909131288528442 -0.09469714760780334 -0.0958484560251236 -0.097232885658741 -0.06503166258335114 -0.01744312047958374 -0.003064436838030815 -0.004268617369234562 -0.0026078352238982916 -0.0032423590309917927 -0.003440634813159704 -0.0025670339819043875 -0.002427223604172468 -0.0023635639809072018 -0.0020986662711948156 -0.0014561560237780213 -0.0014561560237780213 -0.0014561560237780213 -0.0011018209625035524 -0.0011018209625035524 -0.0009636748000048101 -0.00025940098566934466
-0.24309398233890533 -0.24309398233890533 -0.24309398233890533 -0.13870640099048615 -0.11909510940313339 -0.11909510940313339 -0.24309398233890533 -0.24309398233890533 -0.13870640099048615 -0.24309398233890533 -0.13870640099048615 -0.11909510940313339 -0.11909510940313339 -0.11909510940313339 -0.13870640099048615 -0.13870640099048615 -0.13870640099048615 -0.11909510940313339 -0.13870640099048615 -0.11909510940313339 -0.11909510940313339 -0.137908473610878 -0.17015136778354645 -0.11909510940313339 -0.1490073800086975 -0.11909510940313339 -0.13909131288528442 -0.09469714760780334 -0.0958484560251236 -0.097232885658741 -0.06503166258335114 -0.01744312047958374 -0.003064436838030815 -0.004268617369234562 -0.0026078352238982916 -0.0032423590309917927 -0.003440634813159704 -0.0025670339819043875 -0.002427223604172468 -0.0023635639809072018 -0.0020986662711948156 -0.0014561560237780213 -0.0014561560237780213 -0.0014561560237780213 -0.0011018209625035524 -0.0011018209625035524 -0.0009636748000048101 -0.00025940098566934466
-0.11909510940313339 -0.11909510940313339 -0.11909510940313339 -0.11909510940313339 -0.25980862975120544 -0.25980862975120544 -0.11909510940313339 -0.11909510940313339 -0.11909510940313339 -0.11909510940313339 -0.11909510940313339 -0.25980862975120544 -0.25980862975120544 -0.25980862975120544 -0.11909510940313339 -0.11909510940313339 -0.11909510940313339 -0.15420587360858917 -0.11909510940313339 -0.15420587360858917 -0.18569016456604004 -0.11909510940313339 -0.11909510940313339 -0.12625432014465332 -0.11909510940313339 -0.1347985863685608 -0.11909510940313339 -0.09469714760780334 -0.0958484560251236 -0.097232885658741 -0.06503166258335114 -0.01744312047958374 -0.003064436838030815 -0.004268617369234562 -0.0026078352238982916 -0.0032423590309917927 -0.003440634813159704 -0.0025670339819043875 -0.002427223604172468 -0.0023635639809072018 -0.0020986662711948156 -0.0014561560237780213 -0.0014561560237780213 -0.0014561560237780213 -0.0011018209625035524 -0.0011018209625035524 -0.0009636748000048101 -0.00025940098566934466
-0.24309398233890533 -0.24309398233890533 -0.24309398233890533 -0.13870640099048615 -0.11909510940313339 -0.11909510940313339 -0.24309398233890533 -0.24309398233890533 -0.13870640099048615 -0.24309398233890533 -0.13870640099048615 -0.11909510940313339 -0.11909510940313339 -0.11909510940313339 -0.13870640099048615 -0.13870640099048615 -0.13870640099048615 -0.11909510940313339 -0.13870640099048615 -0.11909510940313339 -0.11909510940313339 -0.137908473610878 -0.17015136778354645 -0.11909510940313339 -0.1490073800086975 -0.11909510940313339 -0.13909131288528442 -0.09469714760780334 -0.0958484560251236 -0.097232885658741 -0.06503166258335114 -0.01744312047958374 -0.003064436838030815 -0.004268617369234562 -0.0026078352238982916 -0.0032423590309917927 -0.003440634813159704 -0.0025670339819043875 -0.002427223604172468 -0.0023635639809072018 -0.0020986662711948156 -0.0014561560237780213 -0.0014561560237780213 -0.0014561560237780213 -0.0011018209625035524 -0.0011018209625035524 -0.0009636748000048101 -0.00025940098566934466
-0.11909510940313339 -0.11909510940313339 -0.11909510940313339 -0.11909510940313339 -0.25980862975120544 -0.25980862975120544 -0.11909510940313339 -0.11909510940313339 -0.11909510940313339 -0.11909510940313339 -0.11909510940313339 -0.25980862975120544 -0.25980862975120544 -0.25980862975120544 -0.11909510940313339 -0.11909510940313339 -0.11909510940313339 -0.15420587360858917 -0.11909510940313339 -0.15420587360858917 -0.18569016456604004 -0.11909510940313339 -0.11909510940313339 -0.12625432014465332 -0.11909510940313339 -0.1347985863685608 -0.11909510940313339 -0.09469714760780334 -0.0958484560251236 -0.097232885658741 -0.06503166258335114 -0.01744312047958374 -0.003064436838030815 -0.004268617369234562 -0.0026078352238982916 -0.0032423590309917927 -0.003440634813159704 -0.0025670339819043875 -0.002427223604172468 -0.0023635639809072018 -0.0020986662711948156 -0.0014561560237780213 -0.0014561560237780213 -0.0014561560237780213 -0.0011018209625035524 -0.0011018209625035524 -0.0009636748000048101 -0.00025940098566934466
-0.11909510940313339 -0.11909510940313339 -0.11909510940313339 -0.11909510940313339 -0.25980862975120544 -0.25980862975120544 -0.11909510940313339 -0.11909510940313339 -0.11909510940313339 -0.11909510940313339 -0.11909510940313339 -0.25980862975120544 -0.25980862975120544 -0.25980862975120544 -0.11909510940313339 -0.11909510940313339 -0.11909510940313339 -0.15420587360858917 -0.11909510940313339 -0.15420587360858917 -0.18569016456604004 -0.11909510940313339 -0.11909510940313339 -0.12625432014465332 -0.11909510940313339 -0.1347985863685608 -0.11909510940313339 -0.09469714760780334 -0.0958484560251236 -0.097232885658741 -0.06503166258335114 -0.01744312047958374 -0.003064436838030815 -0.004268617369234562 -0.0026078352238982916 -0.0032423590309917927 -0.003440634813159704 -0.0025670339819043875 -0.002427223604172468 -0.0023635639809072018 -0.0020986662711948156 -0.0014561560237780213 -0.0014561560237780213 -0.0014561560237780213 -0.0011018209625035524 -0.0011018209625035524 -0.0009636748000048101 -0.00025940098566934466
-0.11909510940313339 -0.11909510940313339 -0.11909510940313339 -0.11909510940313339 -0.25980862975120544 -0.25980862975120544 -0.11909510940313339 -0.11909510940313339 -0.11909510940313339 -0.11909510940313339 -0.11909510940313339 -0.25980862975120544 -0.25980862975120544 -0.25980862975120544 -0.11909510940313339 -0.11909510940313339 -0.11909510940313339 -0.15420587360858917 -0.11909510940313339 -0.15420587360858917 -0.18569016456604004 -0.11909510940313339 -0.11909510940313339 -0.12625432014465332 -0.11909510940313339 -0.1347985863685608 -0.11909510940313339 -0.09469714760780334 -0.0958484560251236 -0.097232885658741 -0.06503166258335114 -0.01744312047958374 -0.003064436838030815 -0.004268617369234562 -0.0026078352238982916 -0.0032423590309917927 -0.003440634813159704 -0.0025670339819043875 -0.002427223604172468 -0.0023635639809072018 -0.0020986662711948156 -0.0014561560237780213 -0.0014561560237780213 -0.0014561560237780213 -0.0011018209625035524 -0.0011018209625035524 -0.0009636748000048101 -0.00025940098566934466
-0.24309398233890533 -0.24309398233890533 -0.24309398233890533 -0.13870640099048615 -0.11909510940313339 -0.11909510940313339 -0.24309398233890533 -0.24309398233890533 -0.13870640099048615 -0.24309398233890533 -0.13870640099048615 -0.11909510940313339 -0.11909510940313339 -0.11909510940313339 -0.13870640099048615 -0.13870640099048615 -0.13870640099048615 -0.11909510940313339 -0.13870640099048615 -0.11909510940313339 -0.11909510940313339 -0.137908473610878 -0.17015136778354645 -0.11909510940313339 -0.1490073800086975 -0.11909510940313339 -0.13909131288528442 -0.09469714760780334 -0.0958484560251236 -0.097232885658741 -0.06503166258335114 -0.01744312047958374 -0.003064436838030815 -0.004268617369234562 -0.0026078352238982916 -0.0032423590309917927 -0.003440634813159704 -0.0025670339819043875 -0.002427223604172468 -0.0023635639809072018 -0.0020986662711948156 -0.0014561560237780213 -0.0014561560237780213 -0.0014561560237780213 -0.0011018209625035524 -0.0011018209625035524 -0.0009636748000048101 -0.00025940098566934466
-0.24309398233890533 -0.24309398233890533 -0.24309398233890533 -0.13870640099048615 -0.11909510940313339 -0.11909510940313339 -0.24309398233890533 -0.24309398233890533 -0.13870640099048615 -0.24309398233890533 -0.13870640099048615 -0.11909510940313339 -0.11909510940313339 -0.11909510940313339 -0.13870640099048615 -0.13870640099048615 -0.13870640099048615 -0.11909510940313339 -0.13870640099048615 -0.11909510940313339 -0.11909510940313339 -0.137908473610878 -0.17015136778354645 -0.11909510940313339 -0.1490073800086975 -0.11909510940313339 -0.13909131288528442 -0.09469714760780334 -0.0958484560251236 -0.097232885658741 -0.06503166258335114 -0.01744312047958374 -0.003064436838030815 -0.004268617369234562 -0.0026078352238982916 -0.0032423590309917927 -0.003440634813159704 -0.0025670339819043875 -0.002427223604172468 -0.0023635639809072018 -0.0020986662711948156 -0.0014561560237780213 -0.0014561560237780213 -0.0014561560237780213 -0.0011018209625035524 -0.0011018209625035524 -0.0009636748000048101 -0.00025940098566934466
-0.11909510940313339 -0.11909510940313339 -0.11909510940313339 -0.11909510940313339 -0.11909510940313339 -0.11909510940313339 -0.11909510940313339 -0.11909510940313339 -0.11909510940313339 -0.11909510940313339 -0.11909510940313339 -0.11909510940313339 -0.11909510940313339 -0.11909510940313339 -0.11909510940313339 -0.11909510940313339 -0.11909510940313339 -0.11909510940313339 -0.11909510940313339 -0.11909510940313339 -0.11909510940313339 -0.11909510940313339 -0.11909510940313339 -0.11909510940313339 -0.11909510940313339 -0.11909510940313339 -0.11909510940313339 -0.09469714760780334 -0.0958484560251236 -0.097232885658741 -0.06503166258335114 -0.01744312047958374 -0.003064436838030815 -0.004268617369234562 -0.0026078352238982916 -0.0032423590309917927 -0.003440634813159704 -0.0025670339819043875 -0.002427223604172468 -0.0023635639809072018 -0.0020986662711948156 -0.0014561560237780213 -0.0014561560237780213 -0.0014561560237780213 -0.0011018209625035524 -0.0011018209625035524 -0.0009636748000048101 -0.00025940098566934466
-0.09469714760780334 -0.09469714760780334 -0.09469714760780334 -0.09469714760780334 -0.09469714760780334 -0.09469714760780334 -0.09469714760780334 -0.09469714760780334 -0.09469714760780334 -0.09469714760780334 -0.09469714760780334 -0.09469714760780334 -0.09469714760780334 -0.09469714760780334 -0.09469714760780334 -0.09469714760780334 -0.09469714760780334 -0.09469714760780334 -0.09469714760780334 -0.09469714760780334 -0.09469714760780334 -0.09469714760780334 -0.09469714760780334 -0.09469714760780334 -0.09469714760780334 -0.09469714760780334 -0.09469714760780334 -0.1318504363298416 -0.09469714760780334 -0.09469714760780334 -0.06503166258335114 -0.01744312047958374 -0.003064436838030815 -0.004268617369234562 -0.0026078352238982916 -0.0032423590309917927 -0.003440634813159704 -0.0025670339819043875 -0.002427223604172468 -0.0023635639809072018 -0.0020986662711948156 -0.0014561560237780213 -0.0014561560237780213 -0.0014561560237780213 -0.0011018209625035524 -0.0011018209625035524 -0.0009636748000048101 -0.00025940098566934466
-0.13870640099048615 -0.13870640099048615 -0.13870640099048615 -0.20147503912448883 -0.11909510940313339 -0.11909510940313339 -0.13870640099048615 -0.13870640099048615 -0.20147503912448883 -0.13870640099048615 -0.20147503912448883 -0.11909510940313339 -0.11909510940313339 -0.11909510940313339 -0.20147503912448883 -0.2512240707874298 -0.17976684868335724 -0.11909510940313339 -0.1996425837278366 -0.11909510940313339 -0.11909510940313339 -0.137908473610878 -0.13870640099048615 -0.11909510940313339 -0.13870640099048615 -0.11909510940313339 -0.13870640099048615 -0.09469714760780334 -0.0958484560251236 -0.097232885658741 -0.06503166258335114 -0.01744312047958374 -0.003064436838030815 -0.004268617369234562 -0.0026078352238982916 -0.0032423590309917927 -0.003440634813159704 -0.0025670339819043875 -0.002427223604172468 -0.0023635639809072018 -0.0020986662711948156 -0.0014561560237780213 -0.0014561560237780213 -0.0014561560237780213 -0.0011018209625035524 -0.0011018209625035524 -0.0009636748000048101 -0.00025940098566934466
-0.13870640099048615 -0.13870640099048615 -0.13870640099048615 -0.1996425837278366 -0.11909510940313339 -0.11909510940313339 -0.13870640099048615 -0.13870640099048615 -0.1996425837278366 -0.13870640099048615 -0.1996425837278366 -0.11909510940313339 -0.11909510940313339 -0.11909510940313339 -0.1996425837278366 -0.1996425837278366 -0.17976684868335724 -0.11909510940313339 -0.1996425837278366 -0.11909510940313339 -0.11909510940313339 -0.137908473610878 -0.13870640099048615 -0.11909510940313339 -0.13870640099048615 -0.11909510940313339 -0.13870640099048615 -0.09469714760780334 -0.0958484560251236 -0.097232885658741 -0.06503166258335114 -0.01744312047958374 -0.003064436838030815 -0.004268617369234562 -0.0026078352238982916 -0.0032423590309917927 -0.003440634813159704 -0.0025670339819043875 -0.002427223604172468 -0.0023635639809072018 -0.0020986662711948156 -0.0014561560237780213 -0.0014561560237780213 -0.0014561560237780213 -0.0011018209625035524 -0.0011018209625035524 -0.0009636748000048101 -0.00025940098566934466
-0.13870640099048615 -0.13870640099048615 -0.13870640099048615 -0.26747098565101624 -0.11909510940313339 -0.11909510940313339 -0.13870640099048615 -0.13870640099048615 -0.29114797711372375 -0.13870640099048615 -0.24362193048000336 -0.11909510940313339 -0.11909510940313339 -0.11909510940313339 -0.24362193048000336 -0.20147503912448883 -0.17976684868335724 -0.11909510940313339 -0.1996425837278366 -0.11909510940313339 -0.11909510940313339 -0.137908473610878 -0.13870640099048615 -0.11909510940313339 -0.13870640099048615 -0.11909510940313339 -0.13870640099048615 -0.09469714760780334 -0.0958484560251236 -0.097232885658741 -0.06503166258335114 -0.01744312047958374 -0.003064436838030815 -0.004268617369234562 -0.0026078352238982916 -0.0032423590309917927 -0.003440634813159704 -0.0025670339819043875 -0.002427223604172468 -0.0023635639809072018 -0.0020986662711948156 -0.0014561560237780213 -0.0014561560237780213 -0.0014561560237780213 -0.0011018209625035524 -0.0011018209625035524 -0.0009636748000048101 -0.00025940098566934466
-0.13870640099048615 -0.13870640099048615 -0.13870640099048615 -0.33232372999191284 -0.11909510940313339 -0.11909510940313339 -0.13870640099048615 -0.13870640099048615 -0.26747098565101624 -0.13870640099048615 -0.24362193048000336 -0.11909510940313339 -0.11909510940313339 -0.11909510940313339 -0.24362193048000336 -0.20147503912448883 -0.17976684868335724 -0.11909510940313339 -0.1996425837278366 -0.11909510940313339 -0.11909510940313339 -0.137908473610878 -0.13870640099048615 -0.11909510940313339 -0.13870640099048615 -0.11909510940313339 -0.13870640099048615 -0.09469714760780334 -0.0958484560251236 -0.097232885658741 -0.06503166258335114 -0.01744312047958374 -0.003064436838030815 -0.004268617369234562 -0.0026078352238982916 -0.0032423590309917927 -0.003440634813159704 -0.0025670339819043875 -0.002427223604172468 -0.0023635639809072018 -0.0020986662711948156 -0.0014561560237780213 -0.0014561560237780213 -0.0014561560237780213 -0.0011018209625035524 -0.0011018209625035524 -0.0009636748000048101 -0.00025940098566934466
-0.11909510940313339 -0.11909510940313339 -0.11909510940313339 -0.11909510940313339 -0.25980862975120544 -0.25980862975120544 -0.11909510940313339 -0.11909510940313339 -0.11909510940313339 -0.11909510940313339 -0.11909510940313339 -0.28642702102661133 -0.25980862975120544 -0.25980862975120544 -0.11909510940313339 -0.11909510940313339 -0.11909510940313339 -0.15420587360858917 -0.11909510940313339 -0.15420587360858917 -0.18569016456604004 -0.11909510940313339 -0.11909510940313339 -0.12625432014465332 -0.11909510940313339 -0.1347985863685608 -0.11909510940313339 -0.09469714760780334 -0.0958484560251236 -0.097232885658741 -0.06503166258335114 -0.01744312047958374 -0.003064436838030815 -0.004268617369234562 -0.0026078352238982916 -0.0032423590309917927 -0.003440634813159704 -0.0025670339819043875 -0.002427223604172468 -0.0023635639809072018 -0.0020986662711948156 -0.0014561560237780213 -0.0014561560237780213 -0.0014561560237780213 -0.0011018209625035524 -0.0011018209625035524 -0.0009636748000048101 -0.00025940098566934466
-0.13870640099048615 -0.13870640099048615 -0.13870640099048615 -0.31562238931655884 -0.11909510940313339 -0.11909510940313339 -0.13870640099048615 -0.13870640099048615 -0.26747098565101624 -0.13870640099048615 -0.24362193048000336 -0.11909510940313339 -0.11909510940313339 -0.11909510940313339 -0.24362193048000336 -0.20147503912448883 -0.17976684868335724 -0.11909510940313339 -0.1996425837278366 -0.11909510940313339 -0.11909510940313339 -0.137908473610878 -0.13870640099048615 -0.11909510940313339 -0.13870640099048615 -0.11909510940313339 -0.13870640099048615 -0.09469714760780334 -0.0958484560251236 -0.097232885658741 -0.06503166258335114 -0.01744312047958374 -0.003064436838030815 -0.004268617369234562 -0.0026078352238982916 -0.0032423590309917927 -0.003440634813159704 -0.0025670339819043875 -0.002427223604172468 -0.0023635639809072018 -0.0020986662711948156 -0.0014561560237780213 -0.0014561560237780213 -0.0014561560237780213 -0.0011018209625035524 -0.0011018209625035524 -0.0009636748000048101 -0.00025940098566934466
-0.13870640099048615 -0.13870640099048615 -0.13870640099048615 -0.24362193048000336 -0.11909510940313339 -0.11909510940313339 -0.13870640099048615 -0.13870640099048615 -0.24362193048000336 -0.13870640099048615 -0.24362193048000336 -0.11909510940313339 -0.11909510940313339 -0.11909510940313339 -0.24362193048000336 -0.20147503912448883 -0.17976684868335724 -0.11909510940313339 -0.1996425837278366 -0.11909510940313339 -0.11909510940313339 -0.137908473610878 -0.13870640099048615 -0.11909510940313339 -0.13870640099048615 -0.11909510940313339 -0.13870640099048615 -0.09469714760780334 -0.0958484560251236 -0.097232885658741 -0.06503166258335114 -0.01744312047958374 -0.003064436838030815 -0.004268617369234562 -0.0026078352238982916 -0.0032423590309917927 -0.003440634813159704 -0.0025670339819043875 -0.002427223604172468 -0.0023635639809072018 -0.0020986662711948156 -0.0014561560237780213 -0.0014561560237780213 -0.0014561560237780213 -0.0011018209625035524 -0.0011018209625035524 -0.0009636748000048101 -0.00025940098566934466
-0.13870640099048615 -0.13870640099048615 -0.13870640099048615 -0.26078084111213684 -0.11909510940313339 -0.11909510940313339 -0.13870640099048615 -0.13870640099048615 -0.26078084111213684 -0.13870640099048615 -0.24362193048000336 -0.11909510940313339 -0.11909510940313339 -0.11909510940313339 -0.24362193048000336 -0.20147503912448883 -0.17976684868335724 -0.11909510940313339 -0.1996425837278366 -0.11909510940313339 -0.11909510940313339 -0.137908473610878 -0.13870640099048615 -0.11909510940313339 -0.13870640099048615 -0.11909510940313339 -0.13870640099048615 -0.09469714760780334 -0.0958484560251236 -0.097232885658741 -0.06503166258335114 -0.01744312047958374 -0.003064436838030815 -0.004268617369234562 -0.0026078352238982916 -0.0032423590309917927 -0.003440634813159704 -0.0025670339819043875 -0.002427223604172468 -0.0023635639809072018 -0.0020986662711948156 -0.0014561560237780213 -0.0014561560237780213 -0.0014561560237780213 -0.0011018209625035524 -0.0011018209625035524 -0.0009636748000048101 -0.00025940098566934466
-0.13909131288528442 -0.13909131288528442 -0.13909131288528442 -0.13870640099048615 -0.11909510940313339 -0.11909510940313339 -0.13909131288528442 -0.13909131288528442 -0.13870640099048615 -0.13909131288528442 -0.13870640099048615 -0.11909510940313339 -0.11909510940313339 -0.11909510940313339 -0.13870640099048615 -0.13870640099048615 -0.13870640099048615 -0.11909510940313339 -0.13870640099048615 -0.11909510940313339 -0.11909510940313339 -0.137908473610878 -0.13909131288528442 -0.11909510940313339 -0.13909131288528442 -0.11909510940313339 -0.13909131288528442 -0.09469714760780334 -0.0958484560251236 -0.097232885658741 -0.06503166258335114 -0.01744312047958374 -0.003064436838030815 -0.004268617369234562 -0.0026078352238982916 -0.0032423590309917927 -0.003440634813159704 -0.0025670339819043875 -0.002427223604172468 -0.0023635639809072018 -0.0020986662711948156 -0.0014561560237780213 -0.0014561560237780213 -0.0014561560237780213 -0.0011018209625035524 -0.0011018209625035524 -0.0009636748000048101 -0.00025940098566934466
-0.137908473610878 -0.137908473610878 -0.137908473610878 -0.137908473610878 -0.11909510940313339 -0.11909510940313339 -0.137908473610878 -0.137908473610878 -0.137908473610878 -0.137908473610878 -0.137908473610878 -0.11909510940313339 -0.11909510940313339 -0.11909510940313339 -0.137908473610878 -0.137908473610878 -0.137908473610878 -0.11909510940313339 -0.137908473610878 -0.11909510940313339 -0.11909510940313339 -0.137908473610878 -0.137908473610878 -0.11909510940313339 -0.137908473610878 -0.11909510940313339 -0.137908473610878 -0.09469714760780334 -0.0958484560251236 -0.097232885658741 -0.06503166258335114 -0.01744312047958374 -0.003064436838030815 -0.004268617369234562 -0.0026078352238982916 -0.0032423590309917927 -0.003440634813159704 -0.0025670339819043875 -0.002427223604172468 -0.0023635639809072018 -0.0020986662711948156 -0.0014561560237780213 -0.0014561560237780213 -0.0014561560237780213 -0.0011018209625035524 -0.0011018209625035524 -0.0009636748000048101 -0.00025940098566934466
-0.11909510940313339 -0.11909510940313339 -0.11909510940313339 -0.11909510940313339 -0.15420587360858917 -0.15420587360858917 -0.11909510940313339 -0.11909510940313339 -0.11909510940313339 -0.11909510940313339 -0.11909510940313339 -0.15420587360858917 -0.15420587360858917 -0.15420587360858917 -0.11909510940313339 -0.11909510940313339 -0.11909510940313339 -0.1890641152858734 -0.11909510940313339 -0.1890641152858734 -0.15420587360858917 -0.11909510940313339 -0.11909510940313339 -0.12625432014465332 -0.11909510940313339 -0.1347985863685608 -0.11909510940313339 -0.09469714760780334 -0.0958484560251236 -0.097232885658741 -0.06503166258335114 -0.01744312047958374 -0.003064436838030815 -0.004268617369234562 -0.0026078352238982916 -0.0032423590309917927 -0.003440634813159704 -0.0025670339819043875 -0.002427223604172468 -0.0023635639809072018 -0.0020986662711948156 -0.0014561560237780213 -0.0014561560237780213 -0.0014561560237780213 -0.0011018209625035524 -0.0011018209625035524 -0.0009636748000048101 -0.00025940098566934466
-0.1490073800086975 -0.1490073800086975 -0.1490073800086975 -0.13870640099048615 -0.11909510940313339 -0.11909510940313339 -0.1490073800086975 -0.1490073800086975 -0.13870640099048615 -0.1490073800086975 -0.13870640099048615 -0.11909510940313339 -0.11909510940313339 -0.11909510940313339 -0.13870640099048615 -0.13870640099048615 -0.13870640099048615 -0.11909510940313339 -0.13870640099048615 -0.11909510940313339 -0.11909510940313339 -0.137908473610878 -0.1490073800086975 -0.11909510940313339 -0.1490073800086975 -0.11909510940313339 -0.13909131288528442 -0.09469714760780334 -0.0958484560251236 -0.097232885658741 -0.06503166258335114 -0.01744312047958374 -0.003064436838030815 -0.004268617369234562 -0.0026078352238982916 -0.0032423590309917927 -0.003440634813159704 -0.0025670339819043875 -0.002427223604172468 -0.0023635639809072018 -0.0020986662711948156 -0.0014561560237780213 -0.0014561560237780213 -0.0014561560237780213 -0.0011018209625035524 -0.0011018209625035524 -0.0009636748000048101 -0.00025940098566934466
-0.09469714760780334 -0.09469714760780334 -0.09469714760780334 -0.09469714760780334 -0.09469714760780334 -0.09469714760780334 -0.09469714760780334 -0.09469714760780334 -0.09469714760780334 -0.09469714760780334 -0.09469714760780334 -0.09469714760780334 -0.09469714760780334 -0.09469714760780334 -0.09469714760780334 -0.09469714760780334 -0.09469714760780334 -0.09469714760780334 -0.09469714760780334 -0.09469714760780334 -0.09469714760780334 -0.09469714760780334 -0.09469714760780334 -0.09469714760780334 -0.09469714760780334 -0.09469714760780334 -0.09469714760780334 -0.09469714760780334 -0.09469714760780334 -0.09469714760780334 -0.06503166258335114 -0.01744312047958374 -0.003064436838030815 -0.004268617369234562 -0.0026078352238982916 -0.0032423590309917927 -0.003440634813159704 -0.0025670339819043875 -0.002427223604172468 -0.0023635639809072018 -0.0020986662711948156 -0.0014561560237780213 -0.0014561560237780213 -0.0014561560237780213 -0.0011018209625035524 -0.0011018209625035524 -0.0009636748000048101 -0.00025940098566934466
-0.16096055507659912 -0.16096055507659912 -0.16096055507659912 -0.13870640099048615 -0.11909510940313339 -0.11909510940313339 -0.16096055507659912 -0.16096055507659912 -0.13870640099048615 -0.16096055507659912 -0.13870640099048615 -0.11909510940313339 -0.11909510940313339 -0.11909510940313339 -0.13870640099048615 -0.13870640099048615 -0.13870640099048615 -0.11909510940313339 -0.13870640099048615 -0.11909510940313339 -0.11909510940313339 -0.137908473610878 -0.16096055507659912 -0.11909510940313339 -0.1490073800086975 -0.11909510940313339 -0.13909131288528442 -0.09469714760780334 -0.0958484560251236 -0.097232885658741 -0.06503166258335114 -0.01744312047958374 -0.003064436838030815 -0.004268617369234562 -0.0026078352238982916 -0.0032423590309917927 -0.003440634813159704 -0.0025670339819043875 -0.002427223604172468 -0.0023635639809072018 -0.0020986662711948156 -0.0014561560237780213 -0.0014561560237780213 -0.0014561560237780213 -0.0011018209625035524 -0.0011018209625035524 -0.0009636748000048101 -0.00025940098566934466
-0.01744312047958374 -0.01744312047958374 -0.01744312047958374 -0.01744312047958374 -0.01744312047958374 -0.01744312047958374 -0.01744312047958374 -0.01744312047958374 -0.01744312047958374 -0.01744312047958374 -0.01744312047958374 -0.01744312047958374 -0.01744312047958374 -0.01744312047958374 -0.01744312047958374 -0.01744312047958374 -0.01744312047958374 -0.01744312047958374 -0.01744312047958374 -0.01744312047958374 -0.01744312047958374 -0.01744312047958374 -0.01744312047958374 -0.01744312047958374 -0.01744312047958374 -0.01744312047958374 -0.01744312047958374 -0.01744312047958374 -0.01744312047958374 -0.01744312047958374 -0.01744312047958374 -0.01744312047958374 -0.003064436838030815 -0.004268617369234562 -0.0026078352238982916 -0.0032423590309917927 -0.003440634813159704 -0.0025670339819043875 -0.002427223604172468 -0.0023635639809072018 -0.0020986662711948156 -0.0014561560237780213 -0.0014561560237780213 -0.0014561560237780213 -0.0011018209625035524 -0.0011018209625035524 -0.0009636748000048101 -0.00025940098566934466
-0.14530998468399048 -0.14530998468399048 -0.14530998468399048 -0.13870640099048615 -0.11909510940313339 -0.11909510940313339 -0.14530998468399048 -0.14530998468399048 -0.13870640099048615 -0.14530998468399048 -0.13870640099048615 -0.11909510940313339 -0.11909510940313339 -0.11909510940313339 -0.13870640099048615 -0.13870640099048615 -0.13870640099048615 -0.11909510940313339 -0.13870640099048615 -0.11909510940313339 -0.11909510940313339 -0.137908473610878 -0.14530998468399048 -0.11909510940313339 -0.14530998468399048 -0.11909510940313339 -0.13909131288528442 -0.09469714760780334 -0.0958484560251236 -0.097232885658741 -0.06503166258335114 -0.01744312047958374 -0.003064436838030815 -0.004268617369234562 -0.0026078352238982916 -0.0032423590309917927 -0.003440634813159704 -0.0025670339819043875 -0.002427223604172468 -0.0023635639809072018 -0.0020986662711948156 -0.0014561560237780213 -0.0014561560237780213 -0.0014561560237780213 -0.0011018209625035524 -0.0011018209625035524 -0.0009636748000048101 -0.00025940098566934466
-0.09469714760780334 -0.09469714760780334 -0.09469714760780334 -0.09469714760780334 -0.09469714760780334 -0.09469714760780334 -0.09469714760780334 -0.09469714760780334 -0.09469714760780334 -0.09469714760780334 -0.09469714760780334 -0.09469714760780334 -0.09469714760780334 -0.09469714760780334 -0.09469714760780334 -0.09469714760780334 -0.09469714760780334 -0.09469714760780334 -0.09469714760780334 -0.09469714760780334 -0.09469714760780334 -0.09469714760780334 -0.09469714760780334 -0.09469714760780334 -0.09469714760780334 -0.09469714760780334 -0.09469714760780334 -0.09469714760780334 -0.09469714760780334 -0.09469714760780334 -0.06503166258335114 -0.01744312047958374 -0.003064436838030815 -0.004268617369234562 -0.0026078352238982916 -0.0032423590309917927 -0.003440634813159704 -0.0025670339819043875 -0.002427223604172468 -0.0023635639809072018 -0.0020986662711948156 -0.0014561560237780213 -0.0014561560237780213 -0.0014561560237780213 -0.0011018209625035524 -0.0011018209625035524 -0.0009636748000048101 -0.00025940098566934466
-0.12551744282245636 -0.12551744282245636 -0.12551744282245636 -0.12551744282245636 -0.11909510940313339 -0.11909510940313339 -0.12551744282245636 -0.12551744282245636 -0.12551744282245636 -0.12551744282245636 -0.12551744282245636 -0.11909510940313339 -0.11909510940313339 -0.11909510940313339 -0.12551744282245636 -0.12551744282245636 -0.12551744282245636 -0.11909510940313339 -0.12551744282245636 -0.11909510940313339 -0.11909510940313339 -0.12551744282245636 -0.12551744282245636 -0.11909510940313339 -0.12551744282245636 -0.11909510940313339 -0.12551744282245636 -0.09469714760780334 -0.0958484560251236 -0.097232885658741 -0.06503166258335114 -0.01744312047958374 -0.003064436838030815 -0.004268617369234562 -0.0026078352238982916 -0.0032423590309917927 -0.003440634813159704 -0.0025670339819043875 -0.002427223604172468 -0.0023635639809072018 -0.0020986662711948156 -0.0014561560237780213 -0.0014561560237780213 -0.0014561560237780213 -0.0011018209625035524 -0.0011018209625035524 -0.0009636748000048101 -0.00025940098566934466
-0.06503166258335114 -0.06503166258335114 -0.06503166258335114 -0.06503166258335114 -0.06503166258335114 -0.06503166258335114 -0.06503166258335114 -0.06503166258335114 -0.06503166258335114 -0.06503166258335114 -0.06503166258335114 -0.06503166258335114 -0.06503166258335114 -0.06503166258335114 -0.06503166258335114 -0.06503166258335114 -0.06503166258335114 -0.06503166258335114 -0.06503166258335114 -0.06503166258335114 -0.06503166258335114 -0.06503166258335114 -0.06503166258335114 -0.06503166258335114 -0.06503166258335114 -0.06503166258335114 -0.06503166258335114 -0.06503166258335114 -0.06503166258335114 -0.06503166258335114 -0.07352732867002487 -0.01744312047958374 -0.003064436838030815 -0.004268617369234562 -0.0026078352238982916 -0.0032423590309917927 -0.003440634813159704 -0.0025670339819043875 -0.002427223604172468 -0.0023635639809072018 -0.0020986662711948156 -0.0014561560237780213 -0.0014561560237780213 -0.0014561560237780213 -0.0011018209625035524 -0.0011018209625035524 -0.0009636748000048101 -0.00025940098566934466
-0.11909510940313339 -0.11909510940313339 -0.11909510940313339 -0.11909510940313339 -0.12265844643115997 -0.12265844643115997 -0.11909510940313339 -0.11909510940313339 -0.11909510940313339 -0.11909510940313339 -0.11909510940313339 -0.12265844643115997 -0.12265844643115997 -0.12265844643115997 -0.11909510940313339 -0.11909510940313339 -0.11909510940313339 -0.12265844643115997 -0.11909510940313339 -0.12265844643115997 -0.12265844643115997 -0.11909510940313339 -0.11909510940313339 -0.12265844643115997 -0.11909510940313339 -0.12265844643115997 -0.11909510940313339 -0.09469714760780334 -0.0958484560251236 -0.097232885658741 -0.06503166258335114 -0.01744312047958374 -0.003064436838030815 -0.004268617369234562 -0.0026078352238982916 -0.0032423590309917927 -0.003440634813159704 -0.0025670339819043875 -0.002427223604172468 -0.0023635639809072018 -0.0020986662711948156 -0.0014561560237780213 -0.0014561560237780213 -0.0014561560237780213 -0.0011018209625035524 -0.0011018209625035524 -0.0009636748000048101 -0.00025940098566934466
-0.11352257430553436 -0.11352257430553436 -0.11352257430553436 -0.11352257430553436 -0.11352257430553436 -0.11352257430553436 -0.11352257430553436 -0.11352257430553436 -0.11352257430553436 -0.11352257430553436 -0.11352257430553436 -0.11352257430553436 -0.11352257430553436 -0.11352257430553436 -0.11352257430553436 -0.11352257430553436 -0.11352257430553436 -0.11352257430553436 -0.11352257430553436 -0.11352257430553436 -0.11352257430553436 -0.11352257430553436 -0.11352257430553436 -0.11352257430553436 -0.11352257430553436 -0.11352257430553436 -0.11352257430553436 -0.09469714760780334 -0.0958484560251236 -0.097232885658741 -0.06503166258335114 -0.01744312047958374 -0.003064436838030815 -0.004268617369234562 -0.0026078352238982916 -0.0032423590309917927 -0.003440634813159704 -0.0025670339819043875 -0.002427223604172468 -0.0023635639809072018 -0.0020986662711948156 -0.0014561560237780213 -0.0014561560237780213 -0.0014561560237780213 -0.0011018209625035524 -0.0011018209625035524 -0.0009636748000048101 -0.00025940098566934466
-0.06503166258335114 -0.06503166258335114 -0.06503166258335114 -0.06503166258335114 -0.06503166258335114 -0.06503166258335114 -0.06503166258335114 -0.06503166258335114 -0.06503166258335114 -0.06503166258335114 -0.06503166258335114 -0.06503166258335114 -0.06503166258335114 -0.06503166258335114 -0.06503166258335114 -0.06503166258335114 -0.06503166258335114 -0.06503166258335114 -0.06503166258335114 -0.06503166258335114 -0.06503166258335114 -0.06503166258335114 -0.06503166258335114 -0.06503166258335114 -0.06503166258335114 -0.06503166258335114 -0.06503166258335114 -0.06503166258335114 -0.06503166258335114 -0.06503166258335114 -0.06503166258335114 -0.01744312047958374 -0.003064436838030815 -0.004268617369234562 -0.0026078352238982916 -0.0032423590309917927 -0.003440634813159704 -0.0025670339819043875 -0.002427223604172468 -0.0023635639809072018 -0.0020986662711948156 -0.0014561560237780213 -0.0014561560237780213 -0.0014561560237780213 -0.0011018209625035524 -0.0011018209625035524 -0.0009636748000048101 -0.00025940098566934466
-0.09927888214588165 -0.09927888214588165 -0.09927888214588165 -0.09927888214588165 -0.09927888214588165 -0.09927888214588165 -0.09927888214588165 -0.09927888214588165 -0.09927888214588165 -0.09927888214588165 -0.09927888214588165 -0.09927888214588165 -0.09927888214588165 -0.09927888214588165 -0.09927888214588165 -0.09927888214588165 -0.09927888214588165 -0.09927888214588165 -0.09927888214588165 -0.09927888214588165 -0.09927888214588165 -0.09927888214588165 -0.09927888214588165 -0.09927888214588165 -0.09927888214588165 -0.09927888214588165 -0.09927888214588165 -0.09469714760780334 -0.0958484560251236 -0.097232885658741 -0.06503166258335114 -0.01744312047958374 -0.003064436838030815 -0.004268617369234562 -0.0026078352238982916 -0.0032423590309917927 -0.003440634813159704 -0.0025670339819043875 -0.002427223604172468 -0.0023635639809072018 -0.0020986662711948156 -0.0014561560237780213 -0.0014561560237780213 -0.0014561560237780213 -0.0011018209625035524 -0.0011018209625035524 -0.0009636748000048101 -0.00025940098566934466
-0.0981038436293602 -0.0981038436293602 -0.0981038436293602 -0.0981038436293602 -0.0981038436293602 -0.0981038436293602 -0.0981038436293602 -0.0981038436293602 -0.0981038436293602 -0.0981038436293602 -0.0981038436293602 -0.0981038436293602 -0.0981038436293602 -0.0981038436293602 -0.0981038436293602 -0.0981038436293602 -0.0981038436293602 -0.0981038436293602 -0.0981038436293602 -0.0981038436293602 -0.0981038436293602 -0.0981038436293602 -0.0981038436293602 -0.0981038436293602 -0.0981038436293602 -0.0981038436293602 -0.0981038436293602 -0.09469714760780334 -0.0958484560251236 -0.097232885658741 -0.06503166258335114 -0.01744312047958374 -0.003064436838030815 -0.004268617369234562 -0.0026078352238982916 -0.0032423590309917927 -0.003440634813159704 -0.0025670339819043875 -0.002427223604172468 -0.0023635639809072018 -0.0020986662711948156 -0.0014561560237780213 -0.0014561560237780213 -0.0014561560237780213 -0.0011018209625035524 -0.0011018209625035524 -0.0009636748000048101 -0.00025940098566934466
-0.09137385338544846 -0.09137385338544846 -0.09137385338544846 -0.09137385338544846 -0.09137385338544846 -0.09137385338544846 -0.09137385338544846 -0.09137385338544846 -0.09137385338544846 -0.09137385338544846 -0.09137385338544846 -0.09137385338544846 -0.09137385338544846 -0.09137385338544846 -0.09137385338544846 -0.09137385338544846 -0.09137385338544846 -0.09137385338544846 -0.09137385338544846 -0.09137385338544846 -0.09137385338544846 -0.09137385338544846 -0.09137385338544846 -0.09137385338544846 -0.09137385338544846 -0.09137385338544846 -0.09137385338544846 -0.09137385338544846 -0.09137385338544846 -0.09137385338544846 -0.06503166258335114 -0.01744312047958374 -0.003064436838030815 -0.004268617369234562 -0.0026078352238982916 -0.0032423590309917927 -0.003440634813159704 -0.0025670339819043875 -0.002427223604172468 -0.0023635639809072018 -0.0020986662711948156 -0.0014561560237780213 -0.0014561560237780213 -0.0014561560237780213 -0.0011018209625035524 -0.0011018209625035524 -0.0009636748000048101 -0.00025940098566934466
-0.07705168426036835 -0.07705168426036835 -0.07705168426036835 -0.07705168426036835 -0.07705168426036835 -0.07705168426036835 -0.07705168426036835 -0.07705168426036835 -0.07705168426036835 -0.07705168426036835 -0.07705168426036835 -0.07705168426036835 -0.07705168426036835 -0.07705168426036835 -0.07705168426036835 -0.07705168426036835 -0.07705168426036835 -0.07705168426036835 -0.07705168426036835 -0.07705168426036835 -0.07705168426036835 -0.07705168426036835 -0.07705168426036835 -0.07705168426036835 -0.07705168426036835 -0.07705168426036835 -0.07705168426036835 -0.07705168426036835 -0.07705168426036835 -0.07705168426036835 -0.06503166258335114 -0.01744312047958374 -0.003064436838030815 -0.004268617369234562 -0.0026078352238982916 -0.0032423590309917927 -0.003440634813159704 -0.0025670339819043875 -0.002427223604172468 -0.0023635639809072018 -0.0020986662711948156 -0.0014561560237780213 -0.0014561560237780213 -0.0014561560237780213 -0.0011018209625035524 -0.0011018209625035524 -0.0009636748000048101 -0.00025940098566934466
-0.04552236571907997 -0.04552236571907997 -0.04552236571907997 -0.04552236571907997 -0.04552236571907997 -0.04552236571907997 -0.04552236571907997 -0.04552236571907997 -0.04552236571907997 -0.04552236571907997 -0.04552236571907997 -0.04552236571907997 -0.04552236571907997 -0.04552236571907997 -0.04552236571907997 -0.04552236571907997 -0.04552236571907997 -0.04552236571907997 -0.04552236571907997 -0.04552236571907997 -0.04552236571907997 -0.04552236571907997 -0.04552236571907997 -0.04552236571907997 -0.04552236571907997 -0.04552236571907997 -0.04552236571907997 -0.04552236571907997 -0.04552236571907997 -0.04552236571907997 -0.04552236571907997 -0.01744312047958374 -0.003064436838030815 -0.004268617369234562 -0.0026078352238982916 -0.0032423590309917927 -0.003440634813159704 -0.0025670339819043875 -0.002427223604172468 -0.0023635639809072018 -0.0020986662711948156 -0.0014561560237780213 -0.0014561560237780213 -0.0014561560237780213 -0.0011018209625035524 -0.0011018209625035524 -0.0009636748000048101 -0.00025940098566934466
-0.02542715147137642 -0.02542715147137642 -0.02542715147137642 -0.02542715147137642 -0.02542715147137642 -0.02542715147137642 -0.02542715147137642 -0.02542715147137642 -0.02542715147137642 -0.02542715147137642 -0.02542715147137642 -0.02542715147137642 -0.02542715147137642 -0.02542715147137642 -0.02542715147137642 -0.02542715147137642 -0.02542715147137642 -0.02542715147137642 -0.02542715147137642 -0.02542715147137642 -0.02542715147137642 -0.02542715147137642 -0.02542715147137642 -0.02542715147137642 -0.02542715147137642 -0.02542715147137642 -0.02542715147137642 -0.02542715147137642 -0.02542715147137642 -0.02542715147137642 -0.02542715147137642 -0.01744312047958374 -0.003064436838030815 -0.004268617369234562 -0.0026078352238982916 -0.0032423590309917927 -0.003440634813159704 -0.0025670339819043875 -0.002427223604172468 -0.0023635639809072018 -0.0020986662711948156 -0.0014561560237780213 -0.0014561560237780213 -0.0014561560237780213 -0.0011018209625035524 -0.0011018209625035524 -0.0009636748000048101 -0.00025940098566934466
-0.003064436838030815 -0.003064436838030815 -0.003064436838030815 -0.003064436838030815 -0.003064436838030815 -0.003064436838030815 -0.003064436838030815 -0.003064436838030815 -0.003064436838030815 -0.003064436838030815 -0.003064436838030815 -0.003064436838030815 -0.003064436838030815 -0.003064436838030815 -0.003064436838030815 -0.003064436838030815 -0.003064436838030815 -0.003064436838030815 -0.003064436838030815 -0.003064436838030815 -0.003064436838030815 -0.003064436838030815 -0.003064436838030815 -0.003064436838030815 -0.003064436838030815 -0.003064436838030815 -0.003064436838030815 -0.003064436838030815 -0.003064436838030815 -0.003064436838030815 -0.003064436838030815 -0.003064436838030815 -0.0052572512067854404 -0.003064436838030815 -0.0026078352238982916 -0.003064436838030815 -0.003064436838030815 -0.0025670339819043875 -0.002427223604172468 -0.0023635639809072018 -0.0020986662711948156 -0.0014561560237780213 -0.0014561560237780213 -0.0014561560237780213 -0.0011018209625035524 -0.0011018209625035524 -0.0009636748000048101 -0.00025940098566934466
-0.0026078352238982916 -0.0026078352238982916 -0.0026078352238982916 -0.0026078352238982916 -0.0026078352238982916 -0.0026078352238982916 -0.0026078352238982916 -0.0026078352238982916 -0.0026078352238982916 -0.0026078352238982916 -0.0026078352238982916 -0.0026078352238982916 -0.0026078352238982916 -0.0026078352238982916 -0.0026078352238982916 -0.0026078352238982916 -0.0026078352238982916 -0.0026078352238982916 -0.0026078352238982916 -0.0026078352238982916 -0.0026078352238982916 -0.0026078352238982916 -0.0026078352238982916 -0.0026078352238982916 -0.0026078352238982916 -0.0026078352238982916 -0.0026078352238982916 -0.0026078352238982916 -0.0026078352238982916 -0.0026078352238982916 -0.0026078352238982916 -0.0026078352238982916 -0.0026078352238982916 -0.0026078352238982916 -0.004095420707017183 -0.0026078352238982916 -0.0026078352238982916 -0.0025670339819043875 -0.002427223604172468 -0.0023635639809072018 -0.0020986662711948156 -0.0014561560237780213 -0.0014561560237780213 -0.0014561560237780213 -0.0011018209625035524 -0.0011018209625035524 -0.0009636748000048101 -0.00025940098566934466
-0.0014561560237780213 -0.0014561560237780213 -0.0014561560237780213 -0.0014561560237780213 -0.0014561560237780213 -0.0014561560237780213 -0.0014561560237780213 -0.0014561560237780213 -0.0014561560237780213 -0.0014561560237780213 -0.0014561560237780213 -0.0014561560237780213 -0.0014561560237780213 -0.0014561560237780213 -0.0014561560237780213 -0.0014561560237780213 -0.0014561560237780213 -0.0014561560237780213 -0.0014561560237780213 -0.0014561560237780213 -0.0014561560237780213 -0.0014561560237780213 -0.0014561560237780213 -0.0014561560237780213 -0.0014561560237780213 -0.0014561560237780213 -0.0014561560237780213 -0.0014561560237780213 -0.0014561560237780213 -0.0014561560237780213 -0.0014561560237780213 -0.0014561560237780213 -0.0014561560237780213 -0.0014561560237780213 -0.0014561560237780213 -0.0014561560237780213 -0.0014561560237780213 -0.0014561560237780213 -0.0014561560237780213 -0.0014561560237780213 -0.0014561560237780213 -0.0020966886077076197 -0.002099212259054184 -0.0015889059286564589 -0.0011018209625035524 -0.0011018209625035524 -0.0009636748000048101 -0.00025940098566934466
-0.0014561560237780213 -0.0014561560237780213 -0.0014561560237780213 -0.0014561560237780213 -0.0014561560237780213 -0.0014561560237780213 -0.0014561560237780213 -0.0014561560237780213 -0.0014561560237780213 -0.0014561560237780213 -0.0014561560237780213 -0.0014561560237780213 -0.0014561560237780213 -0.0014561560237780213 -0.0014561560237780213 -0.0014561560237780213 -0.0014561560237780213 -0.0014561560237780213 -0.0014561560237780213 -0.0014561560237780213 -0.0014561560237780213 -0.0014561560237780213 -0.0014561560237780213 -0.0014561560237780213 -0.0014561560237780213 -0.0014561560237780213 -0.0014561560237780213 -0.0014561560237780213 -0.0014561560237780213 -0.0014561560237780213 -0.0014561560237780213 -0.0014561560237780213 -0.0014561560237780213 -0.0014561560237780213 -0.0014561560237780213 -0.0014561560237780213 -0.0014561560237780213 -0.0014561560237780213 -0.0014561560237780213 -0.0014561560237780213 -0.0014561560237780213 -0.0015889059286564589 -0.0015889059286564589 -0.0015889059286564589 -0.0011018209625035524 -0.0011018209625035524 -0.0009636748000048101 -0.00025940098566934466
-0.0036947589833289385 -0.0036947589833289385 -0.0036947589833289385 -0.0036947589833289385 -0.0036947589833289385 -0.0036947589833289385 -0.0036947589833289385 -0.0036947589833289385 -0.0036947589833289385 -0.0036947589833289385 -0.0036947589833289385 -0.0036947589833289385 -0.0036947589833289385 -0.0036947589833289385 -0.0036947589833289385 -0.0036947589833289385 -0.0036947589833289385 -0.0036947589833289385 -0.0036947589833289385 -0.0036947589833289385 -0.0036947589833289385 -0.0036947589833289385 -0.0036947589833289385 -0.0036947589833289385 -0.0036947589833289385 -0.0036947589833289385 -0.0036947589833289385 -0.0036947589833289385 -0.0036947589833289385 -0.0036947589833289385 -0.0036947589833289385 -0.0036947589833289385 -0.003064436838030815 -0.0036947589833289385 -0.0026078352238982916 -0.0032423590309917927 -0.003440634813159704 -0.0025670339819043875 -0.002427223604172468 -0.0023635639809072018 -0.0020986662711948156 -0.0014561560237780213 -0.0014561560237780213 -0.0014561560237780213 -0.0011018209625035524 -0.0011018209625035524 -0.0009636748000048101 -0.00025940098566934466
-0.003003573277965188 -0.003003573277965188 -0.003003573277965188 -0.003003573277965188 -0.003003573277965188 -0.003003573277965188 -0.003003573277965188 -0.003003573277965188 -0.003003573277965188 -0.003003573277965188 -0.003003573277965188 -0.003003573277965188 -0.003003573277965188 -0.003003573277965188 -0.003003573277965188 -0.003003573277965188 -0.003003573277965188 -0.003003573277965188 -0.003003573277965188 -0.003003573277965188 -0.003003573277965188 -0.003003573277965188 -0.003003573277965188 -0.003003573277965188 -0.003003573277965188 -0.003003573277965188 -0.003003573277965188 -0.003003573277965188 -0.003003573277965188 -0.003003573277965188 -0.003003573277965188 -0.003003573277965188 -0.003003573277965188 -0.003003573277965188 -0.0026078352238982916 -0.003003573277965188 -0.003003573277965188 -0.0025670339819043875 -0.002427223604172468 -0.0023635639809072018 -0.0020986662711948156 -0.0014561560237780213 -0.0014561560237780213 -0.0014561560237780213 -0.0011018209625035524 -0.0011018209625035524 -0.0009636748000048101 -0.00025940098566934466
-0.0027000263798981905 -0.0027000263798981905 -0.0027000263798981905 -0.0027000263798981905 -0.0027000263798981905 -0.0027000263798981905 -0.0027000263798981905 -0.0027000263798981905 -0.0027000263798981905 -0.0027000263798981905 -0.0027000263798981905 -0.0027000263798981905 -0.0027000263798981905 -0.0027000263798981905 -0.0027000263798981905 -0.0027000263798981905 -0.0027000263798981905 -0.0027000263798981905 -0.0027000263798981905 -0.0027000263798981905 -0.0027000263798981905 -0.0027000263798981905 -0.0027000263798981905 -0.0027000263798981905 -0.0027000263798981905 -0.0027000263798981905 -0.0027000263798981905 -0.0027000263798981905 -0.0027000263798981905 -0.0027000263798981905 -0.0027000263798981905 -0.0027000263798981905 -0.0027000263798981905 -0.0027000263798981905 -0.0026078352238982916 -0.0027000263798981905 -0.0027000263798981905 -0.0025670339819043875 -0.002427223604172468 -0.0023635639809072018 -0.0020986662711948156 -0.0014561560237780213 -0.0014561560237780213 -0.0014561560237780213 -0.0011018209625035524 -0.0011018209625035524 -0.0009636748000048101 -0.00025940098566934466