-0.5795699954032898 -0.4238879382610321 -0.4238879382610321 -0.4238879382610321 -0.1598788946866989 -0.3097178339958191 -0.11911923438310623 -0.1598788946866989 -0.2695648670196533 -0.11911923438310623 -0.11911923438310623 -0.1598788946866989 -0.11911923438310623 -0.10697481781244278 -0.1598788946866989 -0.11911923438310623 -0.15655846893787384 -0.15089713037014008 -0.15100987255573273 -0.10697481781244278 -0.10697481781244278 -0.1251295506954193 -0.08890655636787415 -0.07932685315608978 -0.02686384879052639 -0.010030184872448444 -0.004571062512695789 -0.002116741146892309 -0.0024467066396027803 -0.0032515961211174726 -0.002891838550567627 -0.0020132253412157297 -0.0017597872065380216 -0.0010840074392035604 -0.0017385059036314487 -0.0017342789797112346 -0.0016122423112392426 -0.0013616342330351472 -0.0010840074392035604 -0.0012182033387944102
-0.4238879382610321 -0.4238879382610321 -0.4238879382610321 -0.4238879382610321 -0.1598788946866989 -0.3097178339958191 -0.11911923438310623 -0.1598788946866989 -0.2695648670196533 -0.11911923438310623 -0.11911923438310623 -0.1598788946866989 -0.11911923438310623 -0.10697481781244278 -0.1598788946866989 -0.11911923438310623 -0.15655846893787384 -0.15089713037014008 -0.15100987255573273 -0.10697481781244278 -0.10697481781244278 -0.1251295506954193 -0.08890655636787415 -0.07932685315608978 -0.02686384879052639 -0.010030184872448444 -0.004571062512695789 -0.002116741146892309 -0.0024467066396027803 -0.0032515961211174726 -0.002891838550567627 -0.0020132253412157297 -0.0017597872065380216 -0.0010840074392035604 -0.0017385059036314487 -0.0017342789797112346 -0.0016122423112392426 -0.0013616342330351472 -0.0010840074392035604 -0.0012182033387944102
-0.4238879382610321 -0.5051929950714111 -0.44359949231147766 -0.44359949231147766 -0.1598788946866989 -0.3097178339958191 -0.11911923438310623 -0.1598788946866989 -0.2695648670196533 -0.11911923438310623 -0.11911923438310623 -0.1598788946866989 -0.11911923438310623 -0.10697481781244278 -0.1598788946866989 -0.11911923438310623 -0.15655846893787384 -0.15089713037014008 -0.15100987255573273 -0.10697481781244278 -0.10697481781244278 -0.1251295506954193 -0.08890655636787415 -0.07932685315608978 -0.02686384879052639 -0.010030184872448444 -0.004571062512695789 -0.002116741146892309 -0.0024467066396027803 -0.0032515961211174726 -0.002891838550567627 -0.0020132253412157297 -0.0017597872065380216 -0.0010840074392035604 -0.0017385059036314487 -0.0017342789797112346 -0.0016122423112392426 -0.0013616342330351472 -0.0010840074392035604 -0.0012182033387944102
-0.3097178339958191 -0.3097178339958191 -0.3097178339958191 -0.3097178339958191 -0.1598788946866989 -0.3097178339958191 -0.11911923438310623 -0.1598788946866989 -0.2695648670196533 -0.11911923438310623 -0.11911923438310623 -0.1598788946866989 -0.11911923438310623 -0.10697481781244278 -0.1598788946866989 -0.11911923438310623 -0.15655846893787384 -0.15089713037014008 -0.15100987255573273 -0.10697481781244278 -0.10697481781244278 -0.1251295506954193 -0.08890655636787415 -0.07932685315608978 -0.02686384879052639 -0.010030184872448444 -0.004571062512695789 -0.002116741146892309 -0.0024467066396027803 -0.0032515961211174726 -0.002891838550567627 -0.0020132253412157297 -0.0017597872065380216 -0.0010840074392035604 -0.0017385059036314487 -0.0017342789797112346 -0.0016122423112392426 -0.0013616342330351472 -0.0010840074392035604 -0.0012182033387944102
-0.3097178339958191 -0.3097178339958191 -0.3097178339958191 -0.3097178339958191 -0.1598788946866989 -0.3097178339958191 -0.11911923438310623 -0.1598788946866989 -0.2695648670196533 -0.11911923438310623 -0.11911923438310623 -0.1598788946866989 -0.11911923438310623 -0.10697481781244278 -0.1598788946866989 -0.11911923438310623 -0.15655846893787384 -0.15089713037014008 -0.15100987255573273 -0.10697481781244278 -0.10697481781244278 -0.1251295506954193 -0.08890655636787415 -0.07932685315608978 -0.02686384879052639 -0.010030184872448444 -0.004571062512695789 -0.002116741146892309 -0.0024467066396027803 -0.0032515961211174726 -0.002891838550567627 -0.0020132253412157297 -0.0017597872065380216 -0.0010840074392035604 -0.0017385059036314487 -0.0017342789797112346 -0.0016122423112392426 -0.0013616342330351472 -0.0010840074392035604 -0.0012182033387944102
-0.07932685315608978 -0.07932685315608978 -0.07932685315608978 -0.07932685315608978 -0.07932685315608978 -0.07932685315608978 -0.07932685315608978 -0.07932685315608978 -0.07932685315608978 -0.07932685315608978 -0.07932685315608978 -0.07932685315608978 -0.07932685315608978 -0.07932685315608978 -0.07932685315608978 -0.07932685315608978 -0.07932685315608978 -0.07932685315608978 -0.07932685315608978 -0.07932685315608978 -0.07932685315608978 -0.07932685315608978 -0.07932685315608978 -0.07932685315608978 -0.02686384879052639 -0.010030184872448444 -0.004571062512695789 -0.002116741146892309 -0.0024467066396027803 -0.0032515961211174726 -0.002891838550567627 -0.0020132253412157297 -0.0017597872065380216 -0.0010840074392035604 -0.0017385059036314487 -0.0017342789797112346 -0.0016122423112392426 -0.0013616342330351472 -0.0010840074392035604 -0.0012182033387944102
-0.11911923438310623 -0.11911923438310623 -0.11911923438310623 -0.11911923438310623 -0.11911923438310623 -0.11911923438310623 -0.17724540829658508 -0.11911923438310623 -0.11911923438310623 -0.2394893914461136 -0.2394893914461136 -0.11911923438310623 -0.21164563298225403 -0.10697481781244278 -0.11911923438310623 -0.16688087582588196 -0.11911923438310623 -0.11911923438310623 -0.11911923438310623 -0.10697481781244278 -0.10697481781244278 -0.11911923438310623 -0.08890655636787415 -0.07932685315608978 -0.02686384879052639 -0.010030184872448444 -0.004571062512695789 -0.002116741146892309 -0.0024467066396027803 -0.0032515961211174726 -0.002891838550567627 -0.0020132253412157297 -0.0017597872065380216 -0.0010840074392035604 -0.0017385059036314487 -0.0017342789797112346 -0.0016122423112392426 -0.0013616342330351472 -0.0010840074392035604 -0.0012182033387944102
-0.11911923438310623 -0.11911923438310623 -0.11911923438310623 -0.11911923438310623 -0.11911923438310623 -0.11911923438310623 -0.16688087582588196 -0.11911923438310623 -0.11911923438310623 -0.16688087582588196 -0.16688087582588196 -0.11911923438310623 -0.16688087582588196 -0.10697481781244278 -0.11911923438310623 -0.16688087582588196 -0.11911923438310623 -0.11911923438310623 -0.11911923438310623 -0.10697481781244278 -0.10697481781244278 -0.11911923438310623 -0.08890655636787415 -0.07932685315608978 -0.02686384879052639 -0.010030184872448444 -0.004571062512695789 -0.002116741146892309 -0.0024467066396027803 -0.0032515961211174726 -0.002891838550567627 -0.0020132253412157297 -0.0017597872065380216 -0.0010840074392035604 -0.0017385059036314487 -0.0017342789797112346 -0.0016122423112392426 -0.0013616342330351472 -0.0010840074392035604 -0.0012182033387944102
-0.1598788946866989 -0.1598788946866989 -0.1598788946866989 -0.1598788946866989 -0.16107091307640076 -0.1598788946866989 -0.11911923438310623 -0.28485366702079773 -0.1598788946866989 -0.11911923438310623 -0.11911923438310623 -0.16107091307640076 -0.11911923438310623 -0.10697481781244278 -0.16107091307640076 -0.11911923438310623 -0.15655846893787384 -0.15089713037014008 -0.15100987255573273 -0.10697481781244278 -0.10697481781244278 -0.1251295506954193 -0.08890655636787415 -0.07932685315608978 -0.02686384879052639 -0.010030184872448444 -0.004571062512695789 -0.002116741146892309 -0.0024467066396027803 -0.0032515961211174726 -0.002891838550567627 -0.0020132253412157297 -0.0017597872065380216 -0.0010840074392035604 -0.0017385059036314487 -0.0017342789797112346 -0.0016122423112392426 -0.0013616342330351472 -0.0010840074392035604 -0.0012182033387944102
-0.1598788946866989 -0.1598788946866989 -0.1598788946866989 -0.1598788946866989 -0.16107091307640076 -0.1598788946866989 -0.11911923438310623 -0.28485366702079773 -0.1598788946866989 -0.11911923438310623 -0.11911923438310623 -0.16107091307640076 -0.11911923438310623 -0.10697481781244278 -0.16107091307640076 -0.11911923438310623 -0.15655846893787384 -0.15089713037014008 -0.15100987255573273 -0.10697481781244278 -0.10697481781244278 -0.1251295506954193 -0.08890655636787415 -0.07932685315608978 -0.02686384879052639 -0.010030184872448444 -0.004571062512695789 -0.002116741146892309 -0.0024467066396027803 -0.0032515961211174726 -0.002891838550567627 -0.0020132253412157297 -0.0017597872065380216 -0.0010840074392035604 -0.0017385059036314487 -0.0017342789797112346 -0.0016122423112392426 -0.0013616342330351472 -0.0010840074392035604 -0.0012182033387944102
-0.11911923438310623 -0.11911923438310623 -0.11911923438310623 -0.11911923438310623 -0.11911923438310623 -0.11911923438310623 -0.16688087582588196 -0.11911923438310623 -0.11911923438310623 -0.16688087582588196 -0.16688087582588196 -0.11911923438310623 -0.16688087582588196 -0.10697481781244278 -0.11911923438310623 -0.16688087582588196 -0.11911923438310623 -0.11911923438310623 -0.11911923438310623 -0.10697481781244278 -0.10697481781244278 -0.11911923438310623 -0.08890655636787415 -0.07932685315608978 -0.02686384879052639 -0.010030184872448444 -0.004571062512695789 -0.002116741146892309 -0.0024467066396027803 -0.0032515961211174726 -0.002891838550567627 -0.0020132253412157297 -0.0017597872065380216 -0.0010840074392035604 -0.0017385059036314487 -0.0017342789797112346 -0.0016122423112392426 -0.0013616342330351472 -0.0010840074392035604 -0.0012182033387944102
-0.1598788946866989 -0.1598788946866989 -0.1598788946866989 -0.1598788946866989 -0.16107091307640076 -0.1598788946866989 -0.11911923438310623 -0.28485366702079773 -0.1598788946866989 -0.11911923438310623 -0.11911923438310623 -0.16107091307640076 -0.11911923438310623 -0.10697481781244278 -0.16107091307640076 -0.11911923438310623 -0.15655846893787384 -0.15089713037014008 -0.15100987255573273 -0.10697481781244278 -0.10697481781244278 -0.1251295506954193 -0.08890655636787415 -0.07932685315608978 -0.02686384879052639 -0.010030184872448444 -0.004571062512695789 -0.002116741146892309 -0.0024467066396027803 -0.0032515961211174726 -0.002891838550567627 -0.0020132253412157297 -0.0017597872065380216 -0.0010840074392035604 -0.0017385059036314487 -0.0017342789797112346 -0.0016122423112392426 -0.0013616342330351472 -0.0010840074392035604 -0.0012182033387944102
-0.11911923438310623 -0.11911923438310623 -0.11911923438310623 -0.11911923438310623 -0.11911923438310623 -0.11911923438310623 -0.2933199405670166 -0.11911923438310623 -0.11911923438310623 -0.17724540829658508 -0.17724540829658508 -0.11911923438310623 -0.17724540829658508 -0.10697481781244278 -0.11911923438310623 -0.16688087582588196 -0.11911923438310623 -0.11911923438310623 -0.11911923438310623 -0.10697481781244278 -0.10697481781244278 -0.11911923438310623 -0.08890655636787415 -0.07932685315608978 -0.02686384879052639 -0.010030184872448444 -0.004571062512695789 -0.002116741146892309 -0.0024467066396027803 -0.0032515961211174726 -0.002891838550567627 -0.0020132253412157297 -0.0017597872065380216 -0.0010840074392035604 -0.0017385059036314487 -0.0017342789797112346 -0.0016122423112392426 -0.0013616342330351472 -0.0010840074392035604 -0.0012182033387944102
-0.11911923438310623 -0.11911923438310623 -0.11911923438310623 -0.11911923438310623 -0.11911923438310623 -0.11911923438310623 -0.2933199405670166 -0.11911923438310623 -0.11911923438310623 -0.17724540829658508 -0.17724540829658508 -0.11911923438310623 -0.17724540829658508 -0.10697481781244278 -0.11911923438310623 -0.16688087582588196 -0.11911923438310623 -0.11911923438310623 -0.11911923438310623 -0.10697481781244278 -0.10697481781244278 -0.11911923438310623 -0.08890655636787415 -0.07932685315608978 -0.02686384879052639 -0.010030184872448444 -0.004571062512695789 -0.002116741146892309 -0.0024467066396027803 -0.0032515961211174726 -0.002891838550567627 -0.0020132253412157297 -0.0017597872065380216 -0.0010840074392035604 -0.0017385059036314487 -0.0017342789797112346 -0.0016122423112392426 -0.0013616342330351472 -0.0010840074392035604 -0.0012182033387944102
-0.11911923438310623 -0.11911923438310623 -0.11911923438310623 -0.11911923438310623 -0.11911923438310623 -0.11911923438310623 -0.2933199405670166 -0.11911923438310623 -0.11911923438310623 -0.17724540829658508 -0.17724540829658508 -0.11911923438310623 -0.17724540829658508 -0.10697481781244278 -0.11911923438310623 -0.16688087582588196 -0.11911923438310623 -0.11911923438310623 -0.11911923438310623 -0.10697481781244278 -0.10697481781244278 -0.11911923438310623 -0.08890655636787415 -0.07932685315608978 -0.02686384879052639 -0.010030184872448444 -0.004571062512695789 -0.002116741146892309 -0.0024467066396027803 -0.0032515961211174726 -0.002891838550567627 -0.0020132253412157297 -0.0017597872065380216 -0.0010840074392035604 -0.0017385059036314487 -0.0017342789797112346 -0.0016122423112392426 -0.0013616342330351472 -0.0010840074392035604 -0.0012182033387944102
-0.1598788946866989 -0.1598788946866989 -0.1598788946866989 -0.1598788946866989 -0.16107091307640076 -0.1598788946866989 -0.11911923438310623 -0.28485366702079773 -0.1598788946866989 -0.11911923438310623 -0.11911923438310623 -0.16107091307640076 -0.11911923438310623 -0.10697481781244278 -0.16107091307640076 -0.11911923438310623 -0.15655846893787384 -0.15089713037014008 -0.15100987255573273 -0.10697481781244278 -0.10697481781244278 -0.1251295506954193 -0.08890655636787415 -0.07932685315608978 -0.02686384879052639 -0.010030184872448444 -0.004571062512695789 -0.002116741146892309 -0.0024467066396027803 -0.0032515961211174726 -0.002891838550567627 -0.0020132253412157297 -0.0017597872065380216 -0.0010840074392035604 -0.0017385059036314487 -0.0017342789797112346 -0.0016122423112392426 -0.0013616342330351472 -0.0010840074392035604 -0.0012182033387944102
-0.1598788946866989 -0.1598788946866989 -0.1598788946866989 -0.1598788946866989 -0.16107091307640076 -0.1598788946866989 -0.11911923438310623 -0.28485366702079773 -0.1598788946866989 -0.11911923438310623 -0.11911923438310623 -0.16107091307640076 -0.11911923438310623 -0.10697481781244278 -0.16107091307640076 -0.11911923438310623 -0.15655846893787384 -0.15089713037014008 -0.15100987255573273 -0.10697481781244278 -0.10697481781244278 -0.1251295506954193 -0.08890655636787415 -0.07932685315608978 -0.02686384879052639 -0.010030184872448444 -0.004571062512695789 -0.002116741146892309 -0.0024467066396027803 -0.0032515961211174726 -0.002891838550567627 -0.0020132253412157297 -0.0017597872065380216 -0.0010840074392035604 -0.0017385059036314487 -0.0017342789797112346 -0.0016122423112392426 -0.0013616342330351472 -0.0010840074392035604 -0.0012182033387944102
-0.11911923438310623 -0.11911923438310623 -0.11911923438310623 -0.11911923438310623 -0.11911923438310623 -0.11911923438310623 -0.11911923438310623 -0.11911923438310623 -0.11911923438310623 -0.11911923438310623 -0.11911923438310623 -0.11911923438310623 -0.11911923438310623 -0.10697481781244278 -0.11911923438310623 -0.11911923438310623 -0.11911923438310623 -0.11911923438310623 -0.11911923438310623 -0.10697481781244278 -0.10697481781244278 -0.11911923438310623 -0.08890655636787415 -0.07932685315608978 -0.02686384879052639 -0.010030184872448444 -0.004571062512695789 -0.002116741146892309 -0.0024467066396027803 -0.0032515961211174726 -0.002891838550567627 -0.0020132253412157297 -0.0017597872065380216 -0.0010840074392035604 -0.0017385059036314487 -0.0017342789797112346 -0.0016122423112392426 -0.0013616342330351472 -0.0010840074392035604 -0.0012182033387944102
-0.10697481781244278 -0.10697481781244278 -0.10697481781244278 -0.10697481781244278 -0.10697481781244278 -0.10697481781244278 -0.10697481781244278 -0.10697481781244278 -0.10697481781244278 -0.10697481781244278 -0.10697481781244278 -0.10697481781244278 -0.10697481781244278 -0.21329692006111145 -0.10697481781244278 -0.10697481781244278 -0.10697481781244278 -0.10697481781244278 -0.10697481781244278 -0.12649397552013397 -0.12649397552013397 -0.10697481781244278 -0.08890655636787415 -0.07932685315608978 -0.02686384879052639 -0.010030184872448444 -0.004571062512695789 -0.002116741146892309 -0.0024467066396027803 -0.0032515961211174726 -0.002891838550567627 -0.0020132253412157297 -0.0017597872065380216 -0.0010840074392035604 -0.0017385059036314487 -0.0017342789797112346 -0.0016122423112392426 -0.0013616342330351472 -0.0010840074392035604 -0.0012182033387944102
-0.1598788946866989 -0.1598788946866989 -0.1598788946866989 -0.1598788946866989 -0.2037186622619629 -0.1598788946866989 -0.11911923438310623 -0.16107091307640076 -0.1598788946866989 -0.11911923438310623 -0.11911923438310623 -0.2037186622619629 -0.11911923438310623 -0.10697481781244278 -0.2037186622619629 -0.11911923438310623 -0.15655846893787384 -0.15089713037014008 -0.15100987255573273 -0.10697481781244278 -0.10697481781244278 -0.1251295506954193 -0.08890655636787415 -0.07932685315608978 -0.02686384879052639 -0.010030184872448444 -0.004571062512695789 -0.002116741146892309 -0.0024467066396027803 -0.0032515961211174726 -0.002891838550567627 -0.0020132253412157297 -0.0017597872065380216 -0.0010840074392035604 -0.0017385059036314487 -0.0017342789797112346 -0.0016122423112392426 -0.0013616342330351472 -0.0010840074392035604 -0.0012182033387944102
-0.1598788946866989 -0.1598788946866989 -0.1598788946866989 -0.1598788946866989 -0.2037186622619629 -0.1598788946866989 -0.11911923438310623 -0.16107091307640076 -0.1598788946866989 -0.11911923438310623 -0.11911923438310623 -0.2037186622619629 -0.11911923438310623 -0.10697481781244278 -0.2037186622619629 -0.11911923438310623 -0.15655846893787384 -0.15089713037014008 -0.15100987255573273 -0.10697481781244278 -0.10697481781244278 -0.1251295506954193 -0.08890655636787415 -0.07932685315608978 -0.02686384879052639 -0.010030184872448444 -0.004571062512695789 -0.002116741146892309 -0.0024467066396027803 -0.0032515961211174726 -0.002891838550567627 -0.0020132253412157297 -0.0017597872065380216 -0.0010840074392035604 -0.0017385059036314487 -0.0017342789797112346 -0.0016122423112392426 -0.0013616342330351472 -0.0010840074392035604 -0.0012182033387944102
-0.1598788946866989 -0.1598788946866989 -0.1598788946866989 -0.1598788946866989 -0.22426174581050873 -0.1598788946866989 -0.11911923438310623 -0.16107091307640076 -0.1598788946866989 -0.11911923438310623 -0.11911923438310623 -0.2360001802444458 -0.11911923438310623 -0.10697481781244278 -0.2037186622619629 -0.11911923438310623 -0.15655846893787384 -0.15089713037014008 -0.15100987255573273 -0.10697481781244278 -0.10697481781244278 -0.1251295506954193 -0.08890655636787415 -0.07932685315608978 -0.02686384879052639 -0.010030184872448444 -0.004571062512695789 -0.002116741146892309 -0.0024467066396027803 -0.0032515961211174726 -0.002891838550567627 -0.0020132253412157297 -0.0017597872065380216 -0.0010840074392035604 -0.0017385059036314487 -0.0017342789797112346 -0.0016122423112392426 -0.0013616342330351472 -0.0010840074392035604 -0.0012182033387944102
-0.1598788946866989 -0.1598788946866989 -0.1598788946866989 -0.1598788946866989 -0.32995566725730896 -0.1598788946866989 -0.11911923438310623 -0.16107091307640076 -0.1598788946866989 -0.11911923438310623 -0.11911923438310623 -0.22426174581050873 -0.11911923438310623 -0.10697481781244278 -0.2037186622619629 -0.11911923438310623 -0.15655846893787384 -0.15089713037014008 -0.15100987255573273 -0.10697481781244278 -0.10697481781244278 -0.1251295506954193 -0.08890655636787415 -0.07932685315608978 -0.02686384879052639 -0.010030184872448444 -0.004571062512695789 -0.002116741146892309 -0.0024467066396027803 -0.0032515961211174726 -0.002891838550567627 -0.0020132253412157297 -0.0017597872065380216 -0.0010840074392035604 -0.0017385059036314487 -0.0017342789797112346 -0.0016122423112392426 -0.0013616342330351472 -0.0010840074392035604 -0.0012182033387944102
-0.11911923438310623 -0.11911923438310623 -0.11911923438310623 -0.11911923438310623 -0.11911923438310623 -0.11911923438310623 -0.16688087582588196 -0.11911923438310623 -0.11911923438310623 -0.16688087582588196 -0.16688087582588196 -0.11911923438310623 -0.16688087582588196 -0.10697481781244278 -0.11911923438310623 -0.17596115171909332 -0.11911923438310623 -0.11911923438310623 -0.11911923438310623 -0.10697481781244278 -0.10697481781244278 -0.11911923438310623 -0.08890655636787415 -0.07932685315608978 -0.02686384879052639 -0.010030184872448444 -0.004571062512695789 -0.002116741146892309 -0.0024467066396027803 -0.0032515961211174726 -0.002891838550567627 -0.0020132253412157297 -0.0017597872065380216 -0.0010840074392035604 -0.0017385059036314487 -0.0017342789797112346 -0.0016122423112392426 -0.0013616342330351472 -0.0010840074392035604 -0.0012182033387944102
-0.1598788946866989 -0.1598788946866989 -0.1598788946866989 -0.1598788946866989 -0.31562238931655884 -0.1598788946866989 -0.11911923438310623 -0.16107091307640076 -0.1598788946866989 -0.11911923438310623 -0.11911923438310623 -0.22426174581050873 -0.11911923438310623 -0.10697481781244278 -0.2037186622619629 -0.11911923438310623 -0.15655846893787384 -0.15089713037014008 -0.15100987255573273 -0.10697481781244278 -0.10697481781244278 -0.1251295506954193 -0.08890655636787415 -0.07932685315608978 -0.02686384879052639 -0.010030184872448444 -0.004571062512695789 -0.002116741146892309 -0.0024467066396027803 -0.0032515961211174726 -0.002891838550567627 -0.0020132253412157297 -0.0017597872065380216 -0.0010840074392035604 -0.0017385059036314487 -0.0017342789797112346 -0.0016122423112392426 -0.0013616342330351472 -0.0010840074392035604 -0.0012182033387944102
-0.1598788946866989 -0.1598788946866989 -0.1598788946866989 -0.1598788946866989 -0.2037186622619629 -0.1598788946866989 -0.11911923438310623 -0.16107091307640076 -0.1598788946866989 -0.11911923438310623 -0.11911923438310623 -0.2037186622619629 -0.11911923438310623 -0.10697481781244278 -0.2037186622619629 -0.11911923438310623 -0.15655846893787384 -0.15089713037014008 -0.15100987255573273 -0.10697481781244278 -0.10697481781244278 -0.1251295506954193 -0.08890655636787415 -0.07932685315608978 -0.02686384879052639 -0.010030184872448444 -0.004571062512695789 -0.002116741146892309 -0.0024467066396027803 -0.0032515961211174726 -0.002891838550567627 -0.0020132253412157297 -0.0017597872065380216 -0.0010840074392035604 -0.0017385059036314487 -0.0017342789797112346 -0.0016122423112392426 -0.0013616342330351472 -0.0010840074392035604 -0.0012182033387944102
-0.1598788946866989 -0.1598788946866989 -0.1598788946866989 -0.1598788946866989 -0.26078084111213684 -0.1598788946866989 -0.11911923438310623 -0.16107091307640076 -0.1598788946866989 -0.11911923438310623 -0.11911923438310623 -0.22426174581050873 -0.11911923438310623 -0.10697481781244278 -0.2037186622619629 -0.11911923438310623 -0.15655846893787384 -0.15089713037014008 -0.15100987255573273 -0.10697481781244278 -0.10697481781244278 -0.1251295506954193 -0.08890655636787415 -0.07932685315608978 -0.02686384879052639 -0.010030184872448444 -0.004571062512695789 -0.002116741146892309 -0.0024467066396027803 -0.0032515961211174726 -0.002891838550567627 -0.0020132253412157297 -0.0017597872065380216 -0.0010840074392035604 -0.0017385059036314487 -0.0017342789797112346 -0.0016122423112392426 -0.0013616342330351472 -0.0010840074392035604 -0.0012182033387944102
-0.25013619661331177 -0.25013619661331177 -0.25013619661331177 -0.25013619661331177 -0.1598788946866989 -0.25013619661331177 -0.11911923438310623 -0.1598788946866989 -0.25013619661331177 -0.11911923438310623 -0.11911923438310623 -0.1598788946866989 -0.11911923438310623 -0.10697481781244278 -0.1598788946866989 -0.11911923438310623 -0.15655846893787384 -0.15089713037014008 -0.15100987255573273 -0.10697481781244278 -0.10697481781244278 -0.1251295506954193 -0.08890655636787415 -0.07932685315608978 -0.02686384879052639 -0.010030184872448444 -0.004571062512695789 -0.002116741146892309 -0.0024467066396027803 -0.0032515961211174726 -0.002891838550567627 -0.0020132253412157297 -0.0017597872065380216 -0.0010840074392035604 -0.0017385059036314487 -0.0017342789797112346 -0.0016122423112392426 -0.0013616342330351472 -0.0010840074392035604 -0.0012182033387944102
-0.10697481781244278 -0.10697481781244278 -0.10697481781244278 -0.10697481781244278 -0.10697481781244278 -0.10697481781244278 -0.10697481781244278 -0.10697481781244278 -0.10697481781244278 -0.10697481781244278 -0.10697481781244278 -0.10697481781244278 -0.10697481781244278 -0.10697481781244278 -0.10697481781244278 -0.10697481781244278 -0.10697481781244278 -0.10697481781244278 -0.10697481781244278 -0.10697481781244278 -0.10697481781244278 -0.10697481781244278 -0.08890655636787415 -0.07932685315608978 -0.02686384879052639 -0.010030184872448444 -0.004571062512695789 -0.002116741146892309 -0.0024467066396027803 -0.0032515961211174726 -0.002891838550567627 -0.0020132253412157297 -0.0017597872065380216 -0.0010840074392035604 -0.0017385059036314487 -0.0017342789797112346 -0.0016122423112392426 -0.0013616342330351472 -0.0010840074392035604 -0.0012182033387944102
-0.11911923438310623 -0.11911923438310623 -0.11911923438310623 -0.11911923438310623 -0.11911923438310623 -0.11911923438310623 -0.17724540829658508 -0.11911923438310623 -0.11911923438310623 -0.21032585203647614 -0.21032585203647614 -0.11911923438310623 -0.21032585203647614 -0.10697481781244278 -0.11911923438310623 -0.16688087582588196 -0.11911923438310623 -0.11911923438310623 -0.11911923438310623 -0.10697481781244278 -0.10697481781244278 -0.11911923438310623 -0.08890655636787415 -0.07932685315608978 -0.02686384879052639 -0.010030184872448444 -0.004571062512695789 -0.002116741146892309 -0.0024467066396027803 -0.0032515961211174726 -0.002891838550567627 -0.0020132253412157297 -0.0017597872065380216 -0.0010840074392035604 -0.0017385059036314487 -0.0017342789797112346 -0.0016122423112392426 -0.0013616342330351472 -0.0010840074392035604 -0.0012182033387944102
-0.1251295506954193 -0.1251295506954193 -0.1251295506954193 -0.1251295506954193 -0.1251295506954193 -0.1251295506954193 -0.11911923438310623 -0.1251295506954193 -0.1251295506954193 -0.11911923438310623 -0.11911923438310623 -0.1251295506954193 -0.11911923438310623 -0.10697481781244278 -0.1251295506954193 -0.11911923438310623 -0.1251295506954193 -0.1251295506954193 -0.1251295506954193 -0.10697481781244278 -0.10697481781244278 -0.1251295506954193 -0.08890655636787415 -0.07932685315608978 -0.02686384879052639 -0.010030184872448444 -0.004571062512695789 -0.002116741146892309 -0.0024467066396027803 -0.0032515961211174726 -0.002891838550567627 -0.0020132253412157297 -0.0017597872065380216 -0.0010840074392035604 -0.0017385059036314487 -0.0017342789797112346 -0.0016122423112392426 -0.0013616342330351472 -0.0010840074392035604 -0.0012182033387944102
-0.10697481781244278 -0.10697481781244278 -0.10697481781244278 -0.10697481781244278 -0.10697481781244278 -0.10697481781244278 -0.10697481781244278 -0.10697481781244278 -0.10697481781244278 -0.10697481781244278 -0.10697481781244278 -0.10697481781244278 -0.10697481781244278 -0.12649397552013397 -0.10697481781244278 -0.10697481781244278 -0.10697481781244278 -0.10697481781244278 -0.10697481781244278 -0.1384722739458084 -0.1384722739458084 -0.10697481781244278 -0.08890655636787415 -0.07932685315608978 -0.02686384879052639 -0.010030184872448444 -0.004571062512695789 -0.002116741146892309 -0.0024467066396027803 -0.0032515961211174726 -0.002891838550567627 -0.0020132253412157297 -0.0017597872065380216 -0.0010840074392035604 -0.0017385059036314487 -0.0017342789797112346 -0.0016122423112392426 -0.0013616342330351472 -0.0010840074392035604 -0.0012182033387944102
-0.1251295506954193 -0.1251295506954193 -0.1251295506954193 -0.1251295506954193 -0.1251295506954193 -0.1251295506954193 -0.11911923438310623 -0.1251295506954193 -0.1251295506954193 -0.11911923438310623 -0.11911923438310623 -0.1251295506954193 -0.11911923438310623 -0.10697481781244278 -0.1251295506954193 -0.11911923438310623 -0.1251295506954193 -0.1251295506954193 -0.1251295506954193 -0.10697481781244278 -0.10697481781244278 -0.1251295506954193 -0.08890655636787415 -0.07932685315608978 -0.02686384879052639 -0.010030184872448444 -0.004571062512695789 -0.002116741146892309 -0.0024467066396027803 -0.0032515961211174726 -0.002891838550567627 -0.0020132253412157297 -0.0017597872065380216 -0.0010840074392035604 -0.0017385059036314487 -0.0017342789797112346 -0.0016122423112392426 -0.0013616342330351472 -0.0010840074392035604 -0.0012182033387944102
-0.02686384879052639 -0.02686384879052639 -0.02686384879052639 -0.02686384879052639 -0.02686384879052639 -0.02686384879052639 -0.02686384879052639 -0.02686384879052639 -0.02686384879052639 -0.02686384879052639 -0.02686384879052639 -0.02686384879052639 -0.02686384879052639 -0.02686384879052639 -0.02686384879052639 -0.02686384879052639 -0.02686384879052639 -0.02686384879052639 -0.02686384879052639 -0.02686384879052639 -0.02686384879052639 -0.02686384879052639 -0.02686384879052639 -0.02686384879052639 -0.02686384879052639 -0.010030184872448444 -0.004571062512695789 -0.002116741146892309 -0.0024467066396027803 -0.0032515961211174726 -0.002891838550567627 -0.0020132253412157297 -0.0017597872065380216 -0.0010840074392035604 -0.0017385059036314487 -0.0017342789797112346 -0.0016122423112392426 -0.0013616342330351472 -0.0010840074392035604 -0.0012182033387944102
-0.14530998468399048 -0.14530998468399048 -0.14530998468399048 -0.14530998468399048 -0.14530998468399048 -0.14530998468399048 -0.11911923438310623 -0.14530998468399048 -0.14530998468399048 -0.11911923438310623 -0.11911923438310623 -0.14530998468399048 -0.11911923438310623 -0.10697481781244278 -0.14530998468399048 -0.11911923438310623 -0.14530998468399048 -0.14530998468399048 -0.14530998468399048 -0.10697481781244278 -0.10697481781244278 -0.1251295506954193 -0.08890655636787415 -0.07932685315608978 -0.02686384879052639 -0.010030184872448444 -0.004571062512695789 -0.002116741146892309 -0.0024467066396027803 -0.0032515961211174726 -0.002891838550567627 -0.0020132253412157297 -0.0017597872065380216 -0.0010840074392035604 -0.0017385059036314487 -0.0017342789797112346 -0.0016122423112392426 -0.0013616342330351472 -0.0010840074392035604 -0.0012182033387944102
-0.07932685315608978 -0.07932685315608978 -0.07932685315608978 -0.07932685315608978 -0.07932685315608978 -0.07932685315608978 -0.07932685315608978 -0.07932685315608978 -0.07932685315608978 -0.07932685315608978 -0.07932685315608978 -0.07932685315608978 -0.07932685315608978 -0.07932685315608978 -0.07932685315608978 -0.07932685315608978 -0.07932685315608978 -0.07932685315608978 -0.07932685315608978 -0.07932685315608978 -0.07932685315608978 -0.07932685315608978 -0.07932685315608978 -0.07932685315608978 -0.02686384879052639 -0.010030184872448444 -0.004571062512695789 -0.002116741146892309 -0.0024467066396027803 -0.0032515961211174726 -0.002891838550567627 -0.0020132253412157297 -0.0017597872065380216 -0.0010840074392035604 -0.0017385059036314487 -0.0017342789797112346 -0.0016122423112392426 -0.0013616342330351472 -0.0010840074392035604 -0.0012182033387944102
-0.12551744282245636 -0.12551744282245636 -0.12551744282245636 -0.12551744282245636 -0.12551744282245636 -0.12551744282245636 -0.11911923438310623 -0.12551744282245636 -0.12551744282245636 -0.11911923438310623 -0.11911923438310623 -0.12551744282245636 -0.11911923438310623 -0.10697481781244278 -0.12551744282245636 -0.11911923438310623 -0.12551744282245636 -0.12551744282245636 -0.12551744282245636 -0.10697481781244278 -0.10697481781244278 -0.1251295506954193 -0.08890655636787415 -0.07932685315608978 -0.02686384879052639 -0.010030184872448444 -0.004571062512695789 -0.002116741146892309 -0.0024467066396027803 -0.0032515961211174726 -0.002891838550567627 -0.0020132253412157297 -0.0017597872065380216 -0.0010840074392035604 -0.0017385059036314487 -0.0017342789797112346 -0.0016122423112392426 -0.0013616342330351472 -0.0010840074392035604 -0.0012182033387944102
-0.010030184872448444 -0.010030184872448444 -0.010030184872448444 -0.010030184872448444 -0.010030184872448444 -0.010030184872448444 -0.010030184872448444 -0.010030184872448444 -0.010030184872448444 -0.010030184872448444 -0.010030184872448444 -0.010030184872448444 -0.010030184872448444 -0.010030184872448444 -0.010030184872448444 -0.010030184872448444 -0.010030184872448444 -0.010030184872448444 -0.010030184872448444 -0.010030184872448444 -0.010030184872448444 -0.010030184872448444 -0.010030184872448444 -0.010030184872448444 -0.010030184872448444 -0.010030184872448444 -0.004571062512695789 -0.002116741146892309 -0.0024467066396027803 -0.0032515961211174726 -0.002891838550567627 -0.0020132253412157297 -0.0017597872065380216 -0.0010840074392035604 -0.0017385059036314487 -0.0017342789797112346 -0.0016122423112392426 -0.0013616342330351472 -0.0010840074392035604 -0.0012182033387944102
-0.11911923438310623 -0.11911923438310623 -0.11911923438310623 -0.11911923438310623 -0.11911923438310623 -0.11911923438310623 -0.12265844643115997 -0.11911923438310623 -0.11911923438310623 -0.12265844643115997 -0.12265844643115997 -0.11911923438310623 -0.12265844643115997 -0.10697481781244278 -0.11911923438310623 -0.12265844643115997 -0.11911923438310623 -0.11911923438310623 -0.11911923438310623 -0.10697481781244278 -0.10697481781244278 -0.11911923438310623 -0.08890655636787415 -0.07932685315608978 -0.02686384879052639 -0.010030184872448444 -0.004571062512695789 -0.002116741146892309 -0.0024467066396027803 -0.0032515961211174726 -0.002891838550567627 -0.0020132253412157297 -0.0017597872065380216 -0.0010840074392035604 -0.0017385059036314487 -0.0017342789797112346 -0.0016122423112392426 -0.0013616342330351472 -0.0010840074392035604 -0.0012182033387944102
-0.10697481781244278 -0.10697481781244278 -0.10697481781244278 -0.10697481781244278 -0.10697481781244278 -0.10697481781244278 -0.10697481781244278 -0.10697481781244278 -0.10697481781244278 -0.10697481781244278 -0.10697481781244278 -0.10697481781244278 -0.10697481781244278 -0.10697481781244278 -0.10697481781244278 -0.10697481781244278 -0.10697481781244278 -0.10697481781244278 -0.10697481781244278 -0.10697481781244278 -0.10697481781244278 -0.10697481781244278 -0.08890655636787415 -0.07932685315608978 -0.02686384879052639 -0.010030184872448444 -0.004571062512695789 -0.002116741146892309 -0.0024467066396027803 -0.0032515961211174726 -0.002891838550567627 -0.0020132253412157297 -0.0017597872065380216 -0.0010840074392035604 -0.0017385059036314487 -0.0017342789797112346 -0.0016122423112392426 -0.0013616342330351472 -0.0010840074392035604 -0.0012182033387944102
-0.10353954136371613 -0.10353954136371613 -0.10353954136371613 -0.10353954136371613 -0.10353954136371613 -0.10353954136371613 -0.10353954136371613 -0.10353954136371613 -0.10353954136371613 -0.10353954136371613 -0.10353954136371613 -0.10353954136371613 -0.10353954136371613 -0.10353954136371613 -0.10353954136371613 -0.10353954136371613 -0.10353954136371613 -0.10353954136371613 -0.10353954136371613 -0.10353954136371613 -0.10353954136371613 -0.10353954136371613 -0.08890655636787415 -0.07932685315608978 -0.02686384879052639 -0.010030184872448444 -0.004571062512695789 -0.002116741146892309 -0.0024467066396027803 -0.0032515961211174726 -0.002891838550567627 -0.0020132253412157297 -0.0017597872065380216 -0.0010840074392035604 -0.0017385059036314487 -0.0017342789797112346 -0.0016122423112392426 -0.0013616342330351472 -0.0010840074392035604 -0.0012182033387944102
-0.09927888214588165 -0.09927888214588165 -0.09927888214588165 -0.09927888214588165 -0.09927888214588165 -0.09927888214588165 -0.09927888214588165 -0.09927888214588165 -0.09927888214588165 -0.09927888214588165 -0.09927888214588165 -0.09927888214588165 -0.09927888214588165 -0.09927888214588165 -0.09927888214588165 -0.09927888214588165 -0.09927888214588165 -0.09927888214588165 -0.09927888214588165 -0.09927888214588165 -0.09927888214588165 -0.09927888214588165 -0.08890655636787415 -0.07932685315608978 -0.02686384879052639 -0.010030184872448444 -0.004571062512695789 -0.002116741146892309 -0.0024467066396027803 -0.0032515961211174726 -0.002891838550567627 -0.0020132253412157297 -0.0017597872065380216 -0.0010840074392035604 -0.0017385059036314487 -0.0017342789797112346 -0.0016122423112392426 -0.0013616342330351472 -0.0010840074392035604 -0.0012182033387944102
-0.0981038436293602 -0.0981038436293602 -0.0981038436293602 -0.0981038436293602 -0.0981038436293602 -0.0981038436293602 -0.0981038436293602 -0.0981038436293602 -0.0981038436293602 -0.0981038436293602 -0.0981038436293602 -0.0981038436293602 -0.0981038436293602 -0.0981038436293602 -0.0981038436293602 -0.0981038436293602 -0.0981038436293602 -0.0981038436293602 -0.0981038436293602 -0.0981038436293602 -0.0981038436293602 -0.0981038436293602 -0.08890655636787415 -0.07932685315608978 -0.02686384879052639 -0.010030184872448444 -0.004571062512695789 -0.002116741146892309 -0.0024467066396027803 -0.0032515961211174726 -0.002891838550567627 -0.0020132253412157297 -0.0017597872065380216 -0.0010840074392035604 -0.0017385059036314487 -0.0017342789797112346 -0.0016122423112392426 -0.0013616342330351472 -0.0010840074392035604 -0.0012182033387944102
-0.09137385338544846 -0.09137385338544846 -0.09137385338544846 -0.09137385338544846 -0.09137385338544846 -0.09137385338544846 -0.09137385338544846 -0.09137385338544846 -0.09137385338544846 -0.09137385338544846 -0.09137385338544846 -0.09137385338544846 -0.09137385338544846 -0.09137385338544846 -0.09137385338544846 -0.09137385338544846 -0.09137385338544846 -0.09137385338544846 -0.09137385338544846 -0.09137385338544846 -0.09137385338544846 -0.09137385338544846 -0.08890655636787415 -0.07932685315608978 -0.02686384879052639 -0.010030184872448444 -0.004571062512695789 -0.002116741146892309 -0.0024467066396027803 -0.0032515961211174726 -0.002891838550567627 -0.0020132253412157297 -0.0017597872065380216 -0.0010840074392035604 -0.0017385059036314487 -0.0017342789797112346 -0.0016122423112392426 -0.0013616342330351472 -0.0010840074392035604 -0.0012182033387944102
-0.07705168426036835 -0.07705168426036835 -0.07705168426036835 -0.07705168426036835 -0.07705168426036835 -0.07705168426036835 -0.07705168426036835 -0.07705168426036835 -0.07705168426036835 -0.07705168426036835 -0.07705168426036835 -0.07705168426036835 -0.07705168426036835 -0.07705168426036835 -0.07705168426036835 -0.07705168426036835 -0.07705168426036835 -0.07705168426036835 -0.07705168426036835 -0.07705168426036835 -0.07705168426036835 -0.07705168426036835 -0.07705168426036835 -0.07705168426036835 -0.02686384879052639 -0.010030184872448444 -0.004571062512695789 -0.002116741146892309 -0.0024467066396027803 -0.0032515961211174726 -0.002891838550567627 -0.0020132253412157297 -0.0017597872065380216 -0.0010840074392035604 -0.0017385059036314487 -0.0017342789797112346 -0.0016122423112392426 -0.0013616342330351472 -0.0010840074392035604 -0.0012182033387944102
-0.04552236571907997 -0.04552236571907997 -0.04552236571907997 -0.04552236571907997 -0.04552236571907997 -0.04552236571907997 -0.04552236571907997 -0.04552236571907997 -0.04552236571907997 -0.04552236571907997 -0.04552236571907997 -0.04552236571907997 -0.04552236571907997 -0.04552236571907997 -0.04552236571907997 -0.04552236571907997 -0.04552236571907997 -0.04552236571907997 -0.04552236571907997 -0.04552236571907997 -0.04552236571907997 -0.04552236571907997 -0.04552236571907997 -0.04552236571907997 -0.02686384879052639 -0.010030184872448444 -0.004571062512695789 -0.002116741146892309 -0.0024467066396027803 -0.0032515961211174726 -0.002891838550567627 -0.0020132253412157297 -0.0017597872065380216 -0.0010840074392035604 -0.0017385059036314487 -0.0017342789797112346 -0.0016122423112392426 -0.0013616342330351472 -0.0010840074392035604 -0.0012182033387944102
-0.02542715147137642 -0.02542715147137642 -0.02542715147137642 -0.02542715147137642 -0.02542715147137642 -0.02542715147137642 -0.02542715147137642 -0.02542715147137642 -0.02542715147137642 -0.02542715147137642 -0.02542715147137642 -0.02542715147137642 -0.02542715147137642 -0.02542715147137642 -0.02542715147137642 -0.02542715147137642 -0.02542715147137642 -0.02542715147137642 -0.02542715147137642 -0.02542715147137642 -0.02542715147137642 -0.02542715147137642 -0.02542715147137642 -0.02542715147137642 -0.02542715147137642 -0.010030184872448444 -0.004571062512695789 -0.002116741146892309 -0.0024467066396027803 -0.0032515961211174726 -0.002891838550567627 -0.0020132253412157297 -0.0017597872065380216 -0.0010840074392035604 -0.0017385059036314487 -0.0017342789797112346 -0.0016122423112392426 -0.0013616342330351472 -0.0010840074392035604 -0.0012182033387944102
-0.002116741146892309 -0.002116741146892309 -0.002116741146892309 -0.002116741146892309 -0.002116741146892309 -0.002116741146892309 -0.002116741146892309 -0.002116741146892309 -0.002116741146892309 -0.002116741146892309 -0.002116741146892309 -0.002116741146892309 -0.002116741146892309 -0.002116741146892309 -0.002116741146892309 -0.002116741146892309 -0.002116741146892309 -0.002116741146892309 -0.002116741146892309 -0.002116741146892309 -0.002116741146892309 -0.002116741146892309 -0.002116741146892309 -0.002116741146892309 -0.002116741146892309 -0.002116741146892309 -0.002116741146892309 -0.004449634347110987 -0.002116741146892309 -0.002116741146892309 -0.002116741146892309 -0.0020132253412157297 -0.0017597872065380216 -0.0010840074392035604 -0.0017385059036314487 -0.0017342789797112346 -0.0016122423112392426 -0.0013616342330351472 -0.0010840074392035604 -0.0012182033387944102
-0.0024467066396027803 -0.0024467066396027803 -0.0024467066396027803 -0.0024467066396027803 -0.0024467066396027803 -0.0024467066396027803 -0.0024467066396027803 -0.0024467066396027803 -0.0024467066396027803 -0.0024467066396027803 -0.0024467066396027803 -0.0024467066396027803 -0.0024467066396027803 -0.0024467066396027803 -0.0024467066396027803 -0.0024467066396027803 -0.0024467066396027803 -0.0024467066396027803 -0.0024467066396027803 -0.0024467066396027803 -0.0024467066396027803 -0.0024467066396027803 -0.0024467066396027803 -0.0024467066396027803 -0.0024467066396027803 -0.0024467066396027803 -0.0024467066396027803 -0.002116741146892309 -0.004005875904113054 -0.0024467066396027803 -0.0024467066396027803 -0.0020132253412157297 -0.0017597872065380216 -0.0010840074392035604 -0.0017385059036314487 -0.0017342789797112346 -0.0016122423112392426 -0.0013616342330351472 -0.0010840074392035604 -0.0012182033387944102
-0.0010840074392035604 -0.0010840074392035604 -0.0010840074392035604 -0.0010840074392035604 -0.0010840074392035604 -0.0010840074392035604 -0.0010840074392035604 -0.0010840074392035604 -0.0010840074392035604 -0.0010840074392035604 -0.0010840074392035604 -0.0010840074392035604 -0.0010840074392035604 -0.0010840074392035604 -0.0010840074392035604 -0.0010840074392035604 -0.0010840074392035604 -0.0010840074392035604 -0.0010840074392035604 -0.0010840074392035604 -0.0010840074392035604 -0.0010840074392035604 -0.0010840074392035604 -0.0010840074392035604 -0.0010840074392035604 -0.0010840074392035604 -0.0010840074392035604 -0.0010840074392035604 -0.0010840074392035604 -0.0010840074392035604 -0.0010840074392035604 -0.0010840074392035604 -0.0010840074392035604 -0.0019074664451181889 -0.0010840074392035604 -0.0010840074392035604 -0.0010840074392035604 -0.0010840074392035604 -0.0011371708242222667 -0.0010840074392035604
-0.0010840074392035604 -0.0010840074392035604 -0.0010840074392035604 -0.0010840074392035604 -0.0010840074392035604 -0.0010840074392035604 -0.0010840074392035604 -0.0010840074392035604 -0.0010840074392035604 -0.0010840074392035604 -0.0010840074392035604 -0.0010840074392035604 -0.0010840074392035604 -0.0010840074392035604 -0.0010840074392035604 -0.0010840074392035604 -0.0010840074392035604 -0.0010840074392035604 -0.0010840074392035604 -0.0010840074392035604 -0.0010840074392035604 -0.0010840074392035604 -0.0010840074392035604 -0.0010840074392035604 -0.0010840074392035604 -0.0010840074392035604 -0.0010840074392035604 -0.0010840074392035604 -0.0010840074392035604 -0.0010840074392035604 -0.0010840074392035604 -0.0010840074392035604 -0.0010840074392035604 -0.0019074664451181889 -0.0010840074392035604 -0.0010840074392035604 -0.0010840074392035604 -0.0010840074392035604 -0.0011371708242222667 -0.0010840074392035604
-0.0036947589833289385 -0.0036947589833289385 -0.0036947589833289385 -0.0036947589833289385 -0.0036947589833289385 -0.0036947589833289385 -0.0036947589833289385 -0.0036947589833289385 -0.0036947589833289385 -0.0036947589833289385 -0.0036947589833289385 -0.0036947589833289385 -0.0036947589833289385 -0.0036947589833289385 -0.0036947589833289385 -0.0036947589833289385 -0.0036947589833289385 -0.0036947589833289385 -0.0036947589833289385 -0.0036947589833289385 -0.0036947589833289385 -0.0036947589833289385 -0.0036947589833289385 -0.0036947589833289385 -0.0036947589833289385 -0.0036947589833289385 -0.0036947589833289385 -0.002116741146892309 -0.0024467066396027803 -0.0032515961211174726 -0.002891838550567627 -0.0020132253412157297 -0.0017597872065380216 -0.0010840074392035604 -0.0017385059036314487 -0.0017342789797112346 -0.0016122423112392426 -0.0013616342330351472 -0.0010840074392035604 -0.0012182033387944102
-0.003003573277965188 -0.003003573277965188 -0.003003573277965188 -0.003003573277965188 -0.003003573277965188 -0.003003573277965188 -0.003003573277965188 -0.003003573277965188 -0.003003573277965188 -0.003003573277965188 -0.003003573277965188 -0.003003573277965188 -0.003003573277965188 -0.003003573277965188 -0.003003573277965188 -0.003003573277965188 -0.003003573277965188 -0.003003573277965188 -0.003003573277965188 -0.003003573277965188 -0.003003573277965188 -0.003003573277965188 -0.003003573277965188 -0.003003573277965188 -0.003003573277965188 -0.003003573277965188 -0.003003573277965188 -0.002116741146892309 -0.0024467066396027803 -0.003003573277965188 -0.002891838550567627 -0.0020132253412157297 -0.0017597872065380216 -0.0010840074392035604 -0.0017385059036314487 -0.0017342789797112346 -0.0016122423112392426 -0.0013616342330351472 -0.0010840074392035604 -0.0012182033387944102
-0.0027000263798981905 -0.0027000263798981905 -0.0027000263798981905 -0.0027000263798981905 -0.0027000263798981905 -0.0027000263798981905 -0.0027000263798981905 -0.0027000263798981905 -0.0027000263798981905 -0.0027000263798981905 -0.0027000263798981905 -0.0027000263798981905 -0.0027000263798981905 -0.0027000263798981905 -0.0027000263798981905 -0.0027000263798981905 -0.0027000263798981905 -0.0027000263798981905 -0.0027000263798981905 -0.0027000263798981905 -0.0027000263798981905 -0.0027000263798981905 -0.0027000263798981905 -0.0027000263798981905 -0.0027000263798981905 -0.0027000263798981905 -0.0027000263798981905 -0.002116741146892309 -0.0024467066396027803 -0.0027000263798981905 -0.0027000263798981905 -0.0020132253412157297 -0.0017597872065380216 -0.0010840074392035604 -0.0017385059036314487 -0.0017342789797112346 -0.0016122423112392426 -0.0013616342330351472 -0.0010840074392035604 -0.0012182033387944102