-0.6350709795951843 -0.6350709795951843 -0.6350709795951843 -0.6350709795951843 -0.6350709795951843 -0.19481955468654633 -0.3355730175971985 -0.2589944899082184 -0.2589944899082184 -0.19481955468654633 -0.19481955468654633 -0.19481955468654633 -0.19481955468654633 -0.2589944899082184 -0.19481955468654633 -0.19481955468654633 -0.19481955468654633 -0.19481955468654633 -0.19481955468654633 -0.19481955468654633 -0.19481955468654633 -0.2589944899082184 -0.3441419005393982 -0.2589944899082184 -0.2589944899082184 -0.2589944899082184 -0.2589944899082184 -0.2531321942806244 -0.1862582564353943 -0.19481955468654633 -0.19481955468654633 -0.19481955468654633 -0.19481955468654633 -0.19481955468654633 -0.18008463084697723 -0.1862582564353943 -0.17117738723754883 -0.15383552014827728 -0.09342502057552338 -0.14305870234966278 -0.11791287362575531 -0.09342502057552338 -0.09342502057552338 -0.09342502057552338 -0.09342502057552338 -0.09342502057552338 -0.09342502057552338 -0.04985010623931885 -0.028149684891104698 -0.009064682759344578 -0.004114058334380388 -0.00456634908914566 -0.004658920224756002 -0.004213373176753521 -0.0007127703865990043 -0.0008422641549259424 -0.000789176148828119
-0.7603706121444702 -0.7603706121444702 -0.6350709795951843 -0.6404568552970886 -0.6350709795951843 -0.19481955468654633 -0.3355730175971985 -0.2589944899082184 -0.2589944899082184 -0.19481955468654633 -0.19481955468654633 -0.19481955468654633 -0.19481955468654633 -0.2589944899082184 -0.19481955468654633 -0.19481955468654633 -0.19481955468654633 -0.19481955468654633 -0.19481955468654633 -0.19481955468654633 -0.19481955468654633 -0.2589944899082184 -0.3441419005393982 -0.2589944899082184 -0.2589944899082184 -0.2589944899082184 -0.2589944899082184 -0.2531321942806244 -0.1862582564353943 -0.19481955468654633 -0.19481955468654633 -0.19481955468654633 -0.19481955468654633 -0.19481955468654633 -0.18008463084697723 -0.1862582564353943 -0.17117738723754883 -0.15383552014827728 -0.09342502057552338 -0.14305870234966278 -0.11791287362575531 -0.09342502057552338 -0.09342502057552338 -0.09342502057552338 -0.09342502057552338 -0.09342502057552338 -0.09342502057552338 -0.04985010623931885 -0.028149684891104698 -0.009064682759344578 -0.004114058334380388 -0.00456634908914566 -0.004658920224756002 -0.004213373176753521 -0.0007127703865990043 -0.0008422641549259424 -0.000789176148828119
-0.7236966490745544 -0.7236966490745544 -0.6350709795951843 -0.6404568552970886 -0.6350709795951843 -0.19481955468654633 -0.3355730175971985 -0.2589944899082184 -0.2589944899082184 -0.19481955468654633 -0.19481955468654633 -0.19481955468654633 -0.19481955468654633 -0.2589944899082184 -0.19481955468654633 -0.19481955468654633 -0.19481955468654633 -0.19481955468654633 -0.19481955468654633 -0.19481955468654633 -0.19481955468654633 -0.2589944899082184 -0.3441419005393982 -0.2589944899082184 -0.2589944899082184 -0.2589944899082184 -0.2589944899082184 -0.2531321942806244 -0.1862582564353943 -0.19481955468654633 -0.19481955468654633 -0.19481955468654633 -0.19481955468654633 -0.19481955468654633 -0.18008463084697723 -0.1862582564353943 -0.17117738723754883 -0.15383552014827728 -0.09342502057552338 -0.14305870234966278 -0.11791287362575531 -0.09342502057552338 -0.09342502057552338 -0.09342502057552338 -0.09342502057552338 -0.09342502057552338 -0.09342502057552338 -0.04985010623931885 -0.028149684891104698 -0.009064682759344578 -0.004114058334380388 -0.00456634908914566 -0.004658920224756002 -0.004213373176753521 -0.0007127703865990043 -0.0008422641549259424 -0.000789176148828119
-0.6350709795951843 -0.6350709795951843 -0.6733892560005188 -0.6350709795951843 -0.6362527012825012 -0.19481955468654633 -0.3355730175971985 -0.2589944899082184 -0.2589944899082184 -0.19481955468654633 -0.19481955468654633 -0.19481955468654633 -0.19481955468654633 -0.2589944899082184 -0.19481955468654633 -0.19481955468654633 -0.19481955468654633 -0.19481955468654633 -0.19481955468654633 -0.19481955468654633 -0.19481955468654633 -0.2589944899082184 -0.3441419005393982 -0.2589944899082184 -0.2589944899082184 -0.2589944899082184 -0.2589944899082184 -0.2531321942806244 -0.1862582564353943 -0.19481955468654633 -0.19481955468654633 -0.19481955468654633 -0.19481955468654633 -0.19481955468654633 -0.18008463084697723 -0.1862582564353943 -0.17117738723754883 -0.15383552014827728 -0.09342502057552338 -0.14305870234966278 -0.11791287362575531 -0.09342502057552338 -0.09342502057552338 -0.09342502057552338 -0.09342502057552338 -0.09342502057552338 -0.09342502057552338 -0.04985010623931885 -0.028149684891104698 -0.009064682759344578 -0.004114058334380388 -0.00456634908914566 -0.004658920224756002 -0.004213373176753521 -0.0007127703865990043 -0.0008422641549259424 -0.000789176148828119
-0.6350709795951843 -0.6350709795951843 -0.6717488169670105 -0.6350709795951843 -0.6362527012825012 -0.19481955468654633 -0.3355730175971985 -0.2589944899082184 -0.2589944899082184 -0.19481955468654633 -0.19481955468654633 -0.19481955468654633 -0.19481955468654633 -0.2589944899082184 -0.19481955468654633 -0.19481955468654633 -0.19481955468654633 -0.19481955468654633 -0.19481955468654633 -0.19481955468654633 -0.19481955468654633 -0.2589944899082184 -0.3441419005393982 -0.2589944899082184 -0.2589944899082184 -0.2589944899082184 -0.2589944899082184 -0.2531321942806244 -0.1862582564353943 -0.19481955468654633 -0.19481955468654633 -0.19481955468654633 -0.19481955468654633 -0.19481955468654633 -0.18008463084697723 -0.1862582564353943 -0.17117738723754883 -0.15383552014827728 -0.09342502057552338 -0.14305870234966278 -0.11791287362575531 -0.09342502057552338 -0.09342502057552338 -0.09342502057552338 -0.09342502057552338 -0.09342502057552338 -0.09342502057552338 -0.04985010623931885 -0.028149684891104698 -0.009064682759344578 -0.004114058334380388 -0.00456634908914566 -0.004658920224756002 -0.004213373176753521 -0.0007127703865990043 -0.0008422641549259424 -0.000789176148828119
-0.19481955468654633 -0.19481955468654633 -0.19481955468654633 -0.19481955468654633 -0.19481955468654633 -0.4893331825733185 -0.19481955468654633 -0.19481955468654633 -0.19481955468654633 -0.3600141108036041 -0.3600141108036041 -0.3600141108036041 -0.3600141108036041 -0.19481955468654633 -0.3600141108036041 -0.31801655888557434 -0.3600141108036041 -0.3600141108036041 -0.3600141108036041 -0.3600141108036041 -0.35240671038627625 -0.19481955468654633 -0.19481955468654633 -0.19481955468654633 -0.19481955468654633 -0.19481955468654633 -0.19481955468654633 -0.19481955468654633 -0.1862582564353943 -0.19955682754516602 -0.19955682754516602 -0.19955682754516602 -0.2016604095697403 -0.19955682754516602 -0.18008463084697723 -0.1862582564353943 -0.17117738723754883 -0.15383552014827728 -0.09342502057552338 -0.14305870234966278 -0.11791287362575531 -0.09342502057552338 -0.09342502057552338 -0.09342502057552338 -0.09342502057552338 -0.09342502057552338 -0.09342502057552338 -0.04985010623931885 -0.028149684891104698 -0.009064682759344578 -0.004114058334380388 -0.00456634908914566 -0.004658920224756002 -0.004213373176753521 -0.0007127703865990043 -0.0008422641549259424 -0.000789176148828119
-0.19481955468654633 -0.19481955468654633 -0.19481955468654633 -0.19481955468654633 -0.19481955468654633 -0.4893331825733185 -0.19481955468654633 -0.19481955468654633 -0.19481955468654633 -0.3600141108036041 -0.3600141108036041 -0.3600141108036041 -0.3600141108036041 -0.19481955468654633 -0.3600141108036041 -0.31801655888557434 -0.3600141108036041 -0.3600141108036041 -0.3600141108036041 -0.3600141108036041 -0.35240671038627625 -0.19481955468654633 -0.19481955468654633 -0.19481955468654633 -0.19481955468654633 -0.19481955468654633 -0.19481955468654633 -0.19481955468654633 -0.1862582564353943 -0.19955682754516602 -0.19955682754516602 -0.19955682754516602 -0.2016604095697403 -0.19955682754516602 -0.18008463084697723 -0.1862582564353943 -0.17117738723754883 -0.15383552014827728 -0.09342502057552338 -0.14305870234966278 -0.11791287362575531 -0.09342502057552338 -0.09342502057552338 -0.09342502057552338 -0.09342502057552338 -0.09342502057552338 -0.09342502057552338 -0.04985010623931885 -0.028149684891104698 -0.009064682759344578 -0.004114058334380388 -0.00456634908914566 -0.004658920224756002 -0.004213373176753521 -0.0007127703865990043 -0.0008422641549259424 -0.000789176148828119
-0.19481955468654633 -0.19481955468654633 -0.19481955468654633 -0.19481955468654633 -0.19481955468654633 -0.35240671038627625 -0.19481955468654633 -0.19481955468654633 -0.19481955468654633 -0.35240671038627625 -0.35240671038627625 -0.35240671038627625 -0.35240671038627625 -0.19481955468654633 -0.35240671038627625 -0.31801655888557434 -0.35240671038627625 -0.35240671038627625 -0.35240671038627625 -0.35240671038627625 -0.35240671038627625 -0.19481955468654633 -0.19481955468654633 -0.19481955468654633 -0.19481955468654633 -0.19481955468654633 -0.19481955468654633 -0.19481955468654633 -0.1862582564353943 -0.19955682754516602 -0.19955682754516602 -0.19955682754516602 -0.2016604095697403 -0.19955682754516602 -0.18008463084697723 -0.1862582564353943 -0.17117738723754883 -0.15383552014827728 -0.09342502057552338 -0.14305870234966278 -0.11791287362575531 -0.09342502057552338 -0.09342502057552338 -0.09342502057552338 -0.09342502057552338 -0.09342502057552338 -0.09342502057552338 -0.04985010623931885 -0.028149684891104698 -0.009064682759344578 -0.004114058334380388 -0.00456634908914566 -0.004658920224756002 -0.004213373176753521 -0.0007127703865990043 -0.0008422641549259424 -0.000789176148828119
-0.2589944899082184 -0.2589944899082184 -0.2589944899082184 -0.2589944899082184 -0.2589944899082184 -0.19481955468654633 -0.2589944899082184 -0.34493231773376465 -0.2617712616920471 -0.19481955468654633 -0.19481955468654633 -0.19481955468654633 -0.19481955468654633 -0.2617712616920471 -0.19481955468654633 -0.19481955468654633 -0.19481955468654633 -0.19481955468654633 -0.19481955468654633 -0.19481955468654633 -0.19481955468654633 -0.34493231773376465 -0.2589944899082184 -0.2617712616920471 -0.287693589925766 -0.2617712616920471 -0.26215147972106934 -0.2531321942806244 -0.1862582564353943 -0.19481955468654633 -0.19481955468654633 -0.19481955468654633 -0.19481955468654633 -0.19481955468654633 -0.18008463084697723 -0.1862582564353943 -0.17117738723754883 -0.15383552014827728 -0.09342502057552338 -0.14305870234966278 -0.11791287362575531 -0.09342502057552338 -0.09342502057552338 -0.09342502057552338 -0.09342502057552338 -0.09342502057552338 -0.09342502057552338 -0.04985010623931885 -0.028149684891104698 -0.009064682759344578 -0.004114058334380388 -0.00456634908914566 -0.004658920224756002 -0.004213373176753521 -0.0007127703865990043 -0.0008422641549259424 -0.000789176148828119
-0.2589944899082184 -0.2589944899082184 -0.2589944899082184 -0.2589944899082184 -0.2589944899082184 -0.19481955468654633 -0.2589944899082184 -0.34493231773376465 -0.2617712616920471 -0.19481955468654633 -0.19481955468654633 -0.19481955468654633 -0.19481955468654633 -0.2617712616920471 -0.19481955468654633 -0.19481955468654633 -0.19481955468654633 -0.19481955468654633 -0.19481955468654633 -0.19481955468654633 -0.19481955468654633 -0.34493231773376465 -0.2589944899082184 -0.2617712616920471 -0.287693589925766 -0.2617712616920471 -0.26215147972106934 -0.2531321942806244 -0.1862582564353943 -0.19481955468654633 -0.19481955468654633 -0.19481955468654633 -0.19481955468654633 -0.19481955468654633 -0.18008463084697723 -0.1862582564353943 -0.17117738723754883 -0.15383552014827728 -0.09342502057552338 -0.14305870234966278 -0.11791287362575531 -0.09342502057552338 -0.09342502057552338 -0.09342502057552338 -0.09342502057552338 -0.09342502057552338 -0.09342502057552338 -0.04985010623931885 -0.028149684891104698 -0.009064682759344578 -0.004114058334380388 -0.00456634908914566 -0.004658920224756002 -0.004213373176753521 -0.0007127703865990043 -0.0008422641549259424 -0.000789176148828119
-0.19481955468654633 -0.19481955468654633 -0.19481955468654633 -0.19481955468654633 -0.19481955468654633 -0.3600141108036041 -0.19481955468654633 -0.19481955468654633 -0.19481955468654633 -0.3600141108036041 -0.3600141108036041 -0.3600141108036041 -0.3600141108036041 -0.19481955468654633 -0.3600141108036041 -0.31801655888557434 -0.3600141108036041 -0.3600141108036041 -0.3600141108036041 -0.3600141108036041 -0.35240671038627625 -0.19481955468654633 -0.19481955468654633 -0.19481955468654633 -0.19481955468654633 -0.19481955468654633 -0.19481955468654633 -0.19481955468654633 -0.1862582564353943 -0.19955682754516602 -0.19955682754516602 -0.19955682754516602 -0.2016604095697403 -0.19955682754516602 -0.18008463084697723 -0.1862582564353943 -0.17117738723754883 -0.15383552014827728 -0.09342502057552338 -0.14305870234966278 -0.11791287362575531 -0.09342502057552338 -0.09342502057552338 -0.09342502057552338 -0.09342502057552338 -0.09342502057552338 -0.09342502057552338 -0.04985010623931885 -0.028149684891104698 -0.009064682759344578 -0.004114058334380388 -0.00456634908914566 -0.004658920224756002 -0.004213373176753521 -0.0007127703865990043 -0.0008422641549259424 -0.000789176148828119
-0.2589944899082184 -0.2589944899082184 -0.2589944899082184 -0.2589944899082184 -0.2589944899082184 -0.19481955468654633 -0.2589944899082184 -0.34493231773376465 -0.2617712616920471 -0.19481955468654633 -0.19481955468654633 -0.19481955468654633 -0.19481955468654633 -0.2617712616920471 -0.19481955468654633 -0.19481955468654633 -0.19481955468654633 -0.19481955468654633 -0.19481955468654633 -0.19481955468654633 -0.19481955468654633 -0.34493231773376465 -0.2589944899082184 -0.2617712616920471 -0.287693589925766 -0.2617712616920471 -0.26215147972106934 -0.2531321942806244 -0.1862582564353943 -0.19481955468654633 -0.19481955468654633 -0.19481955468654633 -0.19481955468654633 -0.19481955468654633 -0.18008463084697723 -0.1862582564353943 -0.17117738723754883 -0.15383552014827728 -0.09342502057552338 -0.14305870234966278 -0.11791287362575531 -0.09342502057552338 -0.09342502057552338 -0.09342502057552338 -0.09342502057552338 -0.09342502057552338 -0.09342502057552338 -0.04985010623931885 -0.028149684891104698 -0.009064682759344578 -0.004114058334380388 -0.00456634908914566 -0.004658920224756002 -0.004213373176753521 -0.0007127703865990043 -0.0008422641549259424 -0.000789176148828119
-0.19481955468654633 -0.19481955468654633 -0.19481955468654633 -0.19481955468654633 -0.19481955468654633 -0.3600141108036041 -0.19481955468654633 -0.19481955468654633 -0.19481955468654633 -0.36181849241256714 -0.36181849241256714 -0.36511915922164917 -0.36395248770713806 -0.19481955468654633 -0.36181849241256714 -0.31801655888557434 -0.3632228970527649 -0.36181849241256714 -0.362013041973114 -0.36181849241256714 -0.35240671038627625 -0.19481955468654633 -0.19481955468654633 -0.19481955468654633 -0.19481955468654633 -0.19481955468654633 -0.19481955468654633 -0.19481955468654633 -0.1862582564353943 -0.19955682754516602 -0.19955682754516602 -0.19955682754516602 -0.2016604095697403 -0.19955682754516602 -0.18008463084697723 -0.1862582564353943 -0.17117738723754883 -0.15383552014827728 -0.09342502057552338 -0.14305870234966278 -0.11791287362575531 -0.09342502057552338 -0.09342502057552338 -0.09342502057552338 -0.09342502057552338 -0.09342502057552338 -0.09342502057552338 -0.04985010623931885 -0.028149684891104698 -0.009064682759344578 -0.004114058334380388 -0.00456634908914566 -0.004658920224756002 -0.004213373176753521 -0.0007127703865990043 -0.0008422641549259424 -0.000789176148828119
-0.19481955468654633 -0.19481955468654633 -0.19481955468654633 -0.19481955468654633 -0.19481955468654633 -0.35240671038627625 -0.19481955468654633 -0.19481955468654633 -0.19481955468654633 -0.35240671038627625 -0.35240671038627625 -0.35240671038627625 -0.35240671038627625 -0.19481955468654633 -0.35240671038627625 -0.31801655888557434 -0.35240671038627625 -0.35240671038627625 -0.35240671038627625 -0.35240671038627625 -0.35240671038627625 -0.19481955468654633 -0.19481955468654633 -0.19481955468654633 -0.19481955468654633 -0.19481955468654633 -0.19481955468654633 -0.19481955468654633 -0.1862582564353943 -0.19955682754516602 -0.19955682754516602 -0.19955682754516602 -0.2016604095697403 -0.19955682754516602 -0.18008463084697723 -0.1862582564353943 -0.17117738723754883 -0.15383552014827728 -0.09342502057552338 -0.14305870234966278 -0.11791287362575531 -0.09342502057552338 -0.09342502057552338 -0.09342502057552338 -0.09342502057552338 -0.09342502057552338 -0.09342502057552338 -0.04985010623931885 -0.028149684891104698 -0.009064682759344578 -0.004114058334380388 -0.00456634908914566 -0.004658920224756002 -0.004213373176753521 -0.0007127703865990043 -0.0008422641549259424 -0.000789176148828119
-0.19481955468654633 -0.19481955468654633 -0.19481955468654633 -0.19481955468654633 -0.19481955468654633 -0.3600141108036041 -0.19481955468654633 -0.19481955468654633 -0.19481955468654633 -0.3600141108036041 -0.3600141108036041 -0.3600141108036041 -0.3600141108036041 -0.19481955468654633 -0.3600141108036041 -0.31801655888557434 -0.3600141108036041 -0.3600141108036041 -0.3600141108036041 -0.3600141108036041 -0.35240671038627625 -0.19481955468654633 -0.19481955468654633 -0.19481955468654633 -0.19481955468654633 -0.19481955468654633 -0.19481955468654633 -0.19481955468654633 -0.1862582564353943 -0.19955682754516602 -0.19955682754516602 -0.19955682754516602 -0.2016604095697403 -0.19955682754516602 -0.18008463084697723 -0.1862582564353943 -0.17117738723754883 -0.15383552014827728 -0.09342502057552338 -0.14305870234966278 -0.11791287362575531 -0.09342502057552338 -0.09342502057552338 -0.09342502057552338 -0.09342502057552338 -0.09342502057552338 -0.09342502057552338 -0.04985010623931885 -0.028149684891104698 -0.009064682759344578 -0.004114058334380388 -0.00456634908914566 -0.004658920224756002 -0.004213373176753521 -0.0007127703865990043 -0.0008422641549259424 -0.000789176148828119
-0.2589944899082184 -0.2589944899082184 -0.2589944899082184 -0.2589944899082184 -0.2589944899082184 -0.19481955468654633 -0.2589944899082184 -0.44853922724723816 -0.2617712616920471 -0.19481955468654633 -0.19481955468654633 -0.19481955468654633 -0.19481955468654633 -0.2617712616920471 -0.19481955468654633 -0.19481955468654633 -0.19481955468654633 -0.19481955468654633 -0.19481955468654633 -0.19481955468654633 -0.19481955468654633 -0.34493231773376465 -0.2589944899082184 -0.2617712616920471 -0.287693589925766 -0.2617712616920471 -0.26215147972106934 -0.2531321942806244 -0.1862582564353943 -0.19481955468654633 -0.19481955468654633 -0.19481955468654633 -0.19481955468654633 -0.19481955468654633 -0.18008463084697723 -0.1862582564353943 -0.17117738723754883 -0.15383552014827728 -0.09342502057552338 -0.14305870234966278 -0.11791287362575531 -0.09342502057552338 -0.09342502057552338 -0.09342502057552338 -0.09342502057552338 -0.09342502057552338 -0.09342502057552338 -0.04985010623931885 -0.028149684891104698 -0.009064682759344578 -0.004114058334380388 -0.00456634908914566 -0.004658920224756002 -0.004213373176753521 -0.0007127703865990043 -0.0008422641549259424 -0.000789176148828119
-0.2589944899082184 -0.2589944899082184 -0.2589944899082184 -0.2589944899082184 -0.2589944899082184 -0.19481955468654633 -0.2589944899082184 -0.44853922724723816 -0.2617712616920471 -0.19481955468654633 -0.19481955468654633 -0.19481955468654633 -0.19481955468654633 -0.2617712616920471 -0.19481955468654633 -0.19481955468654633 -0.19481955468654633 -0.19481955468654633 -0.19481955468654633 -0.19481955468654633 -0.19481955468654633 -0.34493231773376465 -0.2589944899082184 -0.2617712616920471 -0.287693589925766 -0.2617712616920471 -0.26215147972106934 -0.2531321942806244 -0.1862582564353943 -0.19481955468654633 -0.19481955468654633 -0.19481955468654633 -0.19481955468654633 -0.19481955468654633 -0.18008463084697723 -0.1862582564353943 -0.17117738723754883 -0.15383552014827728 -0.09342502057552338 -0.14305870234966278 -0.11791287362575531 -0.09342502057552338 -0.09342502057552338 -0.09342502057552338 -0.09342502057552338 -0.09342502057552338 -0.09342502057552338 -0.04985010623931885 -0.028149684891104698 -0.009064682759344578 -0.004114058334380388 -0.00456634908914566 -0.004658920224756002 -0.004213373176753521 -0.0007127703865990043 -0.0008422641549259424 -0.000789176148828119
-0.19481955468654633 -0.19481955468654633 -0.19481955468654633 -0.19481955468654633 -0.19481955468654633 -0.31801655888557434 -0.19481955468654633 -0.19481955468654633 -0.19481955468654633 -0.31801655888557434 -0.31801655888557434 -0.31801655888557434 -0.31801655888557434 -0.19481955468654633 -0.31801655888557434 -0.31801655888557434 -0.31801655888557434 -0.31801655888557434 -0.31801655888557434 -0.31801655888557434 -0.31801655888557434 -0.19481955468654633 -0.19481955468654633 -0.19481955468654633 -0.19481955468654633 -0.19481955468654633 -0.19481955468654633 -0.19481955468654633 -0.1862582564353943 -0.19955682754516602 -0.19955682754516602 -0.19955682754516602 -0.2016604095697403 -0.19955682754516602 -0.18008463084697723 -0.1862582564353943 -0.17117738723754883 -0.15383552014827728 -0.09342502057552338 -0.14305870234966278 -0.11791287362575531 -0.09342502057552338 -0.09342502057552338 -0.09342502057552338 -0.09342502057552338 -0.09342502057552338 -0.09342502057552338 -0.04985010623931885 -0.028149684891104698 -0.009064682759344578 -0.004114058334380388 -0.00456634908914566 -0.004658920224756002 -0.004213373176753521 -0.0007127703865990043 -0.0008422641549259424 -0.000789176148828119
-0.14305870234966278 -0.14305870234966278 -0.14305870234966278 -0.14305870234966278 -0.14305870234966278 -0.14305870234966278 -0.14305870234966278 -0.14305870234966278 -0.14305870234966278 -0.14305870234966278 -0.14305870234966278 -0.14305870234966278 -0.14305870234966278 -0.14305870234966278 -0.14305870234966278 -0.14305870234966278 -0.14305870234966278 -0.14305870234966278 -0.14305870234966278 -0.14305870234966278 -0.14305870234966278 -0.14305870234966278 -0.14305870234966278 -0.14305870234966278 -0.14305870234966278 -0.14305870234966278 -0.14305870234966278 -0.14305870234966278 -0.14305870234966278 -0.14305870234966278 -0.14305870234966278 -0.14305870234966278 -0.14305870234966278 -0.14305870234966278 -0.14305870234966278 -0.14305870234966278 -0.14305870234966278 -0.14305870234966278 -0.09342502057552338 -0.14305870234966278 -0.11791287362575531 -0.09342502057552338 -0.09342502057552338 -0.09342502057552338 -0.09342502057552338 -0.09342502057552338 -0.09342502057552338 -0.04985010623931885 -0.028149684891104698 -0.009064682759344578 -0.004114058334380388 -0.00456634908914566 -0.004658920224756002 -0.004213373176753521 -0.0007127703865990043 -0.0008422641549259424 -0.000789176148828119
-0.2589944899082184 -0.2589944899082184 -0.2589944899082184 -0.2589944899082184 -0.2589944899082184 -0.19481955468654633 -0.2589944899082184 -0.2617712616920471 -0.2617712616920471 -0.19481955468654633 -0.19481955468654633 -0.19481955468654633 -0.19481955468654633 -0.2617712616920471 -0.19481955468654633 -0.19481955468654633 -0.19481955468654633 -0.19481955468654633 -0.19481955468654633 -0.19481955468654633 -0.19481955468654633 -0.2617712616920471 -0.2589944899082184 -0.2617712616920471 -0.2617712616920471 -0.2617712616920471 -0.2617712616920471 -0.2531321942806244 -0.1862582564353943 -0.19481955468654633 -0.19481955468654633 -0.19481955468654633 -0.19481955468654633 -0.19481955468654633 -0.18008463084697723 -0.1862582564353943 -0.17117738723754883 -0.15383552014827728 -0.09342502057552338 -0.14305870234966278 -0.11791287362575531 -0.09342502057552338 -0.09342502057552338 -0.09342502057552338 -0.09342502057552338 -0.09342502057552338 -0.09342502057552338 -0.04985010623931885 -0.028149684891104698 -0.009064682759344578 -0.004114058334380388 -0.00456634908914566 -0.004658920224756002 -0.004213373176753521 -0.0007127703865990043 -0.0008422641549259424 -0.000789176148828119
-0.2531321942806244 -0.2531321942806244 -0.2531321942806244 -0.2531321942806244 -0.2531321942806244 -0.19481955468654633 -0.2531321942806244 -0.2531321942806244 -0.2531321942806244 -0.19481955468654633 -0.19481955468654633 -0.19481955468654633 -0.19481955468654633 -0.2531321942806244 -0.19481955468654633 -0.19481955468654633 -0.19481955468654633 -0.19481955468654633 -0.19481955468654633 -0.19481955468654633 -0.19481955468654633 -0.2531321942806244 -0.2531321942806244 -0.2531321942806244 -0.2531321942806244 -0.2531321942806244 -0.2531321942806244 -0.2531321942806244 -0.1862582564353943 -0.19481955468654633 -0.19481955468654633 -0.19481955468654633 -0.19481955468654633 -0.19481955468654633 -0.18008463084697723 -0.1862582564353943 -0.17117738723754883 -0.15383552014827728 -0.09342502057552338 -0.14305870234966278 -0.11791287362575531 -0.09342502057552338 -0.09342502057552338 -0.09342502057552338 -0.09342502057552338 -0.09342502057552338 -0.09342502057552338 -0.04985010623931885 -0.028149684891104698 -0.009064682759344578 -0.004114058334380388 -0.00456634908914566 -0.004658920224756002 -0.004213373176753521 -0.0007127703865990043 -0.0008422641549259424 -0.000789176148828119
-0.2589944899082184 -0.2589944899082184 -0.2589944899082184 -0.2589944899082184 -0.2589944899082184 -0.19481955468654633 -0.2589944899082184 -0.2617712616920471 -0.3513878285884857 -0.19481955468654633 -0.19481955468654633 -0.19481955468654633 -0.19481955468654633 -0.3513878285884857 -0.19481955468654633 -0.19481955468654633 -0.19481955468654633 -0.19481955468654633 -0.19481955468654633 -0.19481955468654633 -0.19481955468654633 -0.2617712616920471 -0.2589944899082184 -0.3083564043045044 -0.2617712616920471 -0.2825038433074951 -0.2617712616920471 -0.2531321942806244 -0.1862582564353943 -0.19481955468654633 -0.19481955468654633 -0.19481955468654633 -0.19481955468654633 -0.19481955468654633 -0.18008463084697723 -0.1862582564353943 -0.17117738723754883 -0.15383552014827728 -0.09342502057552338 -0.14305870234966278 -0.11791287362575531 -0.09342502057552338 -0.09342502057552338 -0.09342502057552338 -0.09342502057552338 -0.09342502057552338 -0.09342502057552338 -0.04985010623931885 -0.028149684891104698 -0.009064682759344578 -0.004114058334380388 -0.00456634908914566 -0.004658920224756002 -0.004213373176753521 -0.0007127703865990043 -0.0008422641549259424 -0.000789176148828119
-0.2589944899082184 -0.2589944899082184 -0.2589944899082184 -0.2589944899082184 -0.2589944899082184 -0.19481955468654633 -0.2589944899082184 -0.2617712616920471 -0.33232372999191284 -0.19481955468654633 -0.19481955468654633 -0.19481955468654633 -0.19481955468654633 -0.33232372999191284 -0.19481955468654633 -0.19481955468654633 -0.19481955468654633 -0.19481955468654633 -0.19481955468654633 -0.19481955468654633 -0.19481955468654633 -0.2617712616920471 -0.2589944899082184 -0.3083564043045044 -0.2617712616920471 -0.2825038433074951 -0.2617712616920471 -0.2531321942806244 -0.1862582564353943 -0.19481955468654633 -0.19481955468654633 -0.19481955468654633 -0.19481955468654633 -0.19481955468654633 -0.18008463084697723 -0.1862582564353943 -0.17117738723754883 -0.15383552014827728 -0.09342502057552338 -0.14305870234966278 -0.11791287362575531 -0.09342502057552338 -0.09342502057552338 -0.09342502057552338 -0.09342502057552338 -0.09342502057552338 -0.09342502057552338 -0.04985010623931885 -0.028149684891104698 -0.009064682759344578 -0.004114058334380388 -0.00456634908914566 -0.004658920224756002 -0.004213373176753521 -0.0007127703865990043 -0.0008422641549259424 -0.000789176148828119
-0.18008463084697723 -0.18008463084697723 -0.18008463084697723 -0.18008463084697723 -0.18008463084697723 -0.18008463084697723 -0.18008463084697723 -0.18008463084697723 -0.18008463084697723 -0.18008463084697723 -0.18008463084697723 -0.18008463084697723 -0.18008463084697723 -0.18008463084697723 -0.18008463084697723 -0.18008463084697723 -0.18008463084697723 -0.18008463084697723 -0.18008463084697723 -0.18008463084697723 -0.18008463084697723 -0.18008463084697723 -0.18008463084697723 -0.18008463084697723 -0.18008463084697723 -0.18008463084697723 -0.18008463084697723 -0.18008463084697723 -0.18008463084697723 -0.18008463084697723 -0.18008463084697723 -0.18008463084697723 -0.18008463084697723 -0.18008463084697723 -0.19809110462665558 -0.18008463084697723 -0.17117738723754883 -0.15383552014827728 -0.09342502057552338 -0.14305870234966278 -0.11791287362575531 -0.09342502057552338 -0.09342502057552338 -0.09342502057552338 -0.09342502057552338 -0.09342502057552338 -0.09342502057552338 -0.04985010623931885 -0.028149684891104698 -0.009064682759344578 -0.004114058334380388 -0.00456634908914566 -0.004658920224756002 -0.004213373176753521 -0.0007127703865990043 -0.0008422641549259424 -0.000789176148828119
-0.2589944899082184 -0.2589944899082184 -0.2589944899082184 -0.2589944899082184 -0.2589944899082184 -0.19481955468654633 -0.2589944899082184 -0.2617712616920471 -0.31562238931655884 -0.19481955468654633 -0.19481955468654633 -0.19481955468654633 -0.19481955468654633 -0.31562238931655884 -0.19481955468654633 -0.19481955468654633 -0.19481955468654633 -0.19481955468654633 -0.19481955468654633 -0.19481955468654633 -0.19481955468654633 -0.2617712616920471 -0.2589944899082184 -0.3083564043045044 -0.2617712616920471 -0.2825038433074951 -0.2617712616920471 -0.2531321942806244 -0.1862582564353943 -0.19481955468654633 -0.19481955468654633 -0.19481955468654633 -0.19481955468654633 -0.19481955468654633 -0.18008463084697723 -0.1862582564353943 -0.17117738723754883 -0.15383552014827728 -0.09342502057552338 -0.14305870234966278 -0.11791287362575531 -0.09342502057552338 -0.09342502057552338 -0.09342502057552338 -0.09342502057552338 -0.09342502057552338 -0.09342502057552338 -0.04985010623931885 -0.028149684891104698 -0.009064682759344578 -0.004114058334380388 -0.00456634908914566 -0.004658920224756002 -0.004213373176753521 -0.0007127703865990043 -0.0008422641549259424 -0.000789176148828119
-0.2589944899082184 -0.2589944899082184 -0.2589944899082184 -0.2589944899082184 -0.2589944899082184 -0.19481955468654633 -0.2589944899082184 -0.2617712616920471 -0.30731505155563354 -0.19481955468654633 -0.19481955468654633 -0.19481955468654633 -0.19481955468654633 -0.30731505155563354 -0.19481955468654633 -0.19481955468654633 -0.19481955468654633 -0.19481955468654633 -0.19481955468654633 -0.19481955468654633 -0.19481955468654633 -0.2617712616920471 -0.2589944899082184 -0.30731505155563354 -0.2617712616920471 -0.2825038433074951 -0.2617712616920471 -0.2531321942806244 -0.1862582564353943 -0.19481955468654633 -0.19481955468654633 -0.19481955468654633 -0.19481955468654633 -0.19481955468654633 -0.18008463084697723 -0.1862582564353943 -0.17117738723754883 -0.15383552014827728 -0.09342502057552338 -0.14305870234966278 -0.11791287362575531 -0.09342502057552338 -0.09342502057552338 -0.09342502057552338 -0.09342502057552338 -0.09342502057552338 -0.09342502057552338 -0.04985010623931885 -0.028149684891104698 -0.009064682759344578 -0.004114058334380388 -0.00456634908914566 -0.004658920224756002 -0.004213373176753521 -0.0007127703865990043 -0.0008422641549259424 -0.000789176148828119
-0.2589944899082184 -0.2589944899082184 -0.2589944899082184 -0.2589944899082184 -0.2589944899082184 -0.19481955468654633 -0.2589944899082184 -0.26078084111213684 -0.26078084111213684 -0.19481955468654633 -0.19481955468654633 -0.19481955468654633 -0.19481955468654633 -0.26078084111213684 -0.19481955468654633 -0.19481955468654633 -0.19481955468654633 -0.19481955468654633 -0.19481955468654633 -0.19481955468654633 -0.19481955468654633 -0.26078084111213684 -0.2589944899082184 -0.26078084111213684 -0.26078084111213684 -0.26078084111213684 -0.26078084111213684 -0.2531321942806244 -0.1862582564353943 -0.19481955468654633 -0.19481955468654633 -0.19481955468654633 -0.19481955468654633 -0.19481955468654633 -0.18008463084697723 -0.1862582564353943 -0.17117738723754883 -0.15383552014827728 -0.09342502057552338 -0.14305870234966278 -0.11791287362575531 -0.09342502057552338 -0.09342502057552338 -0.09342502057552338 -0.09342502057552338 -0.09342502057552338 -0.09342502057552338 -0.04985010623931885 -0.028149684891104698 -0.009064682759344578 -0.004114058334380388 -0.00456634908914566 -0.004658920224756002 -0.004213373176753521 -0.0007127703865990043 -0.0008422641549259424 -0.000789176148828119
-0.25013619661331177 -0.25013619661331177 -0.25013619661331177 -0.25013619661331177 -0.25013619661331177 -0.19481955468654633 -0.25013619661331177 -0.25013619661331177 -0.25013619661331177 -0.19481955468654633 -0.19481955468654633 -0.19481955468654633 -0.19481955468654633 -0.25013619661331177 -0.19481955468654633 -0.19481955468654633 -0.19481955468654633 -0.19481955468654633 -0.19481955468654633 -0.19481955468654633 -0.19481955468654633 -0.25013619661331177 -0.25013619661331177 -0.25013619661331177 -0.25013619661331177 -0.25013619661331177 -0.25013619661331177 -0.25013619661331177 -0.1862582564353943 -0.19481955468654633 -0.19481955468654633 -0.19481955468654633 -0.19481955468654633 -0.19481955468654633 -0.18008463084697723 -0.1862582564353943 -0.17117738723754883 -0.15383552014827728 -0.09342502057552338 -0.14305870234966278 -0.11791287362575531 -0.09342502057552338 -0.09342502057552338 -0.09342502057552338 -0.09342502057552338 -0.09342502057552338 -0.09342502057552338 -0.04985010623931885 -0.028149684891104698 -0.009064682759344578 -0.004114058334380388 -0.00456634908914566 -0.004658920224756002 -0.004213373176753521 -0.0007127703865990043 -0.0008422641549259424 -0.000789176148828119
-0.19481955468654633 -0.19481955468654633 -0.19481955468654633 -0.19481955468654633 -0.19481955468654633 -0.19481955468654633 -0.19481955468654633 -0.19481955468654633 -0.19481955468654633 -0.19481955468654633 -0.19481955468654633 -0.19481955468654633 -0.19481955468654633 -0.19481955468654633 -0.19481955468654633 -0.19481955468654633 -0.19481955468654633 -0.19481955468654633 -0.19481955468654633 -0.19481955468654633 -0.19481955468654633 -0.19481955468654633 -0.19481955468654633 -0.19481955468654633 -0.19481955468654633 -0.19481955468654633 -0.19481955468654633 -0.19481955468654633 -0.1862582564353943 -0.19481955468654633 -0.19481955468654633 -0.19481955468654633 -0.19481955468654633 -0.19481955468654633 -0.18008463084697723 -0.1862582564353943 -0.17117738723754883 -0.15383552014827728 -0.09342502057552338 -0.14305870234966278 -0.11791287362575531 -0.09342502057552338 -0.09342502057552338 -0.09342502057552338 -0.09342502057552338 -0.09342502057552338 -0.09342502057552338 -0.04985010623931885 -0.028149684891104698 -0.009064682759344578 -0.004114058334380388 -0.00456634908914566 -0.004658920224756002 -0.004213373176753521 -0.0007127703865990043 -0.0008422641549259424 -0.000789176148828119
-0.19481955468654633 -0.19481955468654633 -0.19481955468654633 -0.19481955468654633 -0.19481955468654633 -0.21032585203647614 -0.19481955468654633 -0.19481955468654633 -0.19481955468654633 -0.21032585203647614 -0.21032585203647614 -0.21032585203647614 -0.21032585203647614 -0.19481955468654633 -0.21032585203647614 -0.21032585203647614 -0.21032585203647614 -0.21032585203647614 -0.21032585203647614 -0.21032585203647614 -0.21032585203647614 -0.19481955468654633 -0.19481955468654633 -0.19481955468654633 -0.19481955468654633 -0.19481955468654633 -0.19481955468654633 -0.19481955468654633 -0.1862582564353943 -0.19955682754516602 -0.19955682754516602 -0.19955682754516602 -0.2016604095697403 -0.19955682754516602 -0.18008463084697723 -0.1862582564353943 -0.17117738723754883 -0.15383552014827728 -0.09342502057552338 -0.14305870234966278 -0.11791287362575531 -0.09342502057552338 -0.09342502057552338 -0.09342502057552338 -0.09342502057552338 -0.09342502057552338 -0.09342502057552338 -0.04985010623931885 -0.028149684891104698 -0.009064682759344578 -0.004114058334380388 -0.00456634908914566 -0.004658920224756002 -0.004213373176753521 -0.0007127703865990043 -0.0008422641549259424 -0.000789176148828119
-0.17117738723754883 -0.17117738723754883 -0.17117738723754883 -0.17117738723754883 -0.17117738723754883 -0.17117738723754883 -0.17117738723754883 -0.17117738723754883 -0.17117738723754883 -0.17117738723754883 -0.17117738723754883 -0.17117738723754883 -0.17117738723754883 -0.17117738723754883 -0.17117738723754883 -0.17117738723754883 -0.17117738723754883 -0.17117738723754883 -0.17117738723754883 -0.17117738723754883 -0.17117738723754883 -0.17117738723754883 -0.17117738723754883 -0.17117738723754883 -0.17117738723754883 -0.17117738723754883 -0.17117738723754883 -0.17117738723754883 -0.17117738723754883 -0.17117738723754883 -0.17117738723754883 -0.17117738723754883 -0.17117738723754883 -0.17117738723754883 -0.17117738723754883 -0.17117738723754883 -0.17117738723754883 -0.15383552014827728 -0.09342502057552338 -0.14305870234966278 -0.11791287362575531 -0.09342502057552338 -0.09342502057552338 -0.09342502057552338 -0.09342502057552338 -0.09342502057552338 -0.09342502057552338 -0.04985010623931885 -0.028149684891104698 -0.009064682759344578 -0.004114058334380388 -0.00456634908914566 -0.004658920224756002 -0.004213373176753521 -0.0007127703865990043 -0.0008422641549259424 -0.000789176148828119
-0.17117738723754883 -0.17117738723754883 -0.17117738723754883 -0.17117738723754883 -0.17117738723754883 -0.17117738723754883 -0.17117738723754883 -0.17117738723754883 -0.17117738723754883 -0.17117738723754883 -0.17117738723754883 -0.17117738723754883 -0.17117738723754883 -0.17117738723754883 -0.17117738723754883 -0.17117738723754883 -0.17117738723754883 -0.17117738723754883 -0.17117738723754883 -0.17117738723754883 -0.17117738723754883 -0.17117738723754883 -0.17117738723754883 -0.17117738723754883 -0.17117738723754883 -0.17117738723754883 -0.17117738723754883 -0.17117738723754883 -0.17117738723754883 -0.17117738723754883 -0.17117738723754883 -0.17117738723754883 -0.17117738723754883 -0.17117738723754883 -0.17117738723754883 -0.17117738723754883 -0.17117738723754883 -0.15383552014827728 -0.09342502057552338 -0.14305870234966278 -0.11791287362575531 -0.09342502057552338 -0.09342502057552338 -0.09342502057552338 -0.09342502057552338 -0.09342502057552338 -0.09342502057552338 -0.04985010623931885 -0.028149684891104698 -0.009064682759344578 -0.004114058334380388 -0.00456634908914566 -0.004658920224756002 -0.004213373176753521 -0.0007127703865990043 -0.0008422641549259424 -0.000789176148828119
-0.16096055507659912 -0.16096055507659912 -0.16096055507659912 -0.16096055507659912 -0.16096055507659912 -0.16096055507659912 -0.16096055507659912 -0.16096055507659912 -0.16096055507659912 -0.16096055507659912 -0.16096055507659912 -0.16096055507659912 -0.16096055507659912 -0.16096055507659912 -0.16096055507659912 -0.16096055507659912 -0.16096055507659912 -0.16096055507659912 -0.16096055507659912 -0.16096055507659912 -0.16096055507659912 -0.16096055507659912 -0.16096055507659912 -0.16096055507659912 -0.16096055507659912 -0.16096055507659912 -0.16096055507659912 -0.16096055507659912 -0.16096055507659912 -0.16096055507659912 -0.16096055507659912 -0.16096055507659912 -0.16096055507659912 -0.16096055507659912 -0.16096055507659912 -0.16096055507659912 -0.16096055507659912 -0.15383552014827728 -0.09342502057552338 -0.14305870234966278 -0.11791287362575531 -0.09342502057552338 -0.09342502057552338 -0.09342502057552338 -0.09342502057552338 -0.09342502057552338 -0.09342502057552338 -0.04985010623931885 -0.028149684891104698 -0.009064682759344578 -0.004114058334380388 -0.00456634908914566 -0.004658920224756002 -0.004213373176753521 -0.0007127703865990043 -0.0008422641549259424 -0.000789176148828119
-0.14614719152450562 -0.14614719152450562 -0.14614719152450562 -0.14614719152450562 -0.14614719152450562 -0.14614719152450562 -0.14614719152450562 -0.14614719152450562 -0.14614719152450562 -0.14614719152450562 -0.14614719152450562 -0.14614719152450562 -0.14614719152450562 -0.14614719152450562 -0.14614719152450562 -0.14614719152450562 -0.14614719152450562 -0.14614719152450562 -0.14614719152450562 -0.14614719152450562 -0.14614719152450562 -0.14614719152450562 -0.14614719152450562 -0.14614719152450562 -0.14614719152450562 -0.14614719152450562 -0.14614719152450562 -0.14614719152450562 -0.14614719152450562 -0.14614719152450562 -0.14614719152450562 -0.14614719152450562 -0.14614719152450562 -0.14614719152450562 -0.14614719152450562 -0.14614719152450562 -0.14614719152450562 -0.14614719152450562 -0.09342502057552338 -0.14305870234966278 -0.11791287362575531 -0.09342502057552338 -0.09342502057552338 -0.09342502057552338 -0.09342502057552338 -0.09342502057552338 -0.09342502057552338 -0.04985010623931885 -0.028149684891104698 -0.009064682759344578 -0.004114058334380388 -0.00456634908914566 -0.004658920224756002 -0.004213373176753521 -0.0007127703865990043 -0.0008422641549259424 -0.000789176148828119
-0.14530998468399048 -0.14530998468399048 -0.14530998468399048 -0.14530998468399048 -0.14530998468399048 -0.14530998468399048 -0.14530998468399048 -0.14530998468399048 -0.14530998468399048 -0.14530998468399048 -0.14530998468399048 -0.14530998468399048 -0.14530998468399048 -0.14530998468399048 -0.14530998468399048 -0.14530998468399048 -0.14530998468399048 -0.14530998468399048 -0.14530998468399048 -0.14530998468399048 -0.14530998468399048 -0.14530998468399048 -0.14530998468399048 -0.14530998468399048 -0.14530998468399048 -0.14530998468399048 -0.14530998468399048 -0.14530998468399048 -0.14530998468399048 -0.14530998468399048 -0.14530998468399048 -0.14530998468399048 -0.14530998468399048 -0.14530998468399048 -0.14530998468399048 -0.14530998468399048 -0.14530998468399048 -0.14530998468399048 -0.09342502057552338 -0.14305870234966278 -0.11791287362575531 -0.09342502057552338 -0.09342502057552338 -0.09342502057552338 -0.09342502057552338 -0.09342502057552338 -0.09342502057552338 -0.04985010623931885 -0.028149684891104698 -0.009064682759344578 -0.004114058334380388 -0.00456634908914566 -0.004658920224756002 -0.004213373176753521 -0.0007127703865990043 -0.0008422641549259424 -0.000789176148828119
-0.09342502057552338 -0.09342502057552338 -0.09342502057552338 -0.09342502057552338 -0.09342502057552338 -0.09342502057552338 -0.09342502057552338 -0.09342502057552338 -0.09342502057552338 -0.09342502057552338 -0.09342502057552338 -0.09342502057552338 -0.09342502057552338 -0.09342502057552338 -0.09342502057552338 -0.09342502057552338 -0.09342502057552338 -0.09342502057552338 -0.09342502057552338 -0.09342502057552338 -0.09342502057552338 -0.09342502057552338 -0.09342502057552338 -0.09342502057552338 -0.09342502057552338 -0.09342502057552338 -0.09342502057552338 -0.09342502057552338 -0.09342502057552338 -0.09342502057552338 -0.09342502057552338 -0.09342502057552338 -0.09342502057552338 -0.09342502057552338 -0.09342502057552338 -0.09342502057552338 -0.09342502057552338 -0.09342502057552338 -0.09342502057552338 -0.09342502057552338 -0.09342502057552338 -0.09342502057552338 -0.09342502057552338 -0.09342502057552338 -0.09342502057552338 -0.09342502057552338 -0.09342502057552338 -0.04985010623931885 -0.028149684891104698 -0.009064682759344578 -0.004114058334380388 -0.00456634908914566 -0.004658920224756002 -0.004213373176753521 -0.0007127703865990043 -0.0008422641549259424 -0.000789176148828119
-0.11791287362575531 -0.11791287362575531 -0.11791287362575531 -0.11791287362575531 -0.11791287362575531 -0.11791287362575531 -0.11791287362575531 -0.11791287362575531 -0.11791287362575531 -0.11791287362575531 -0.11791287362575531 -0.11791287362575531 -0.11791287362575531 -0.11791287362575531 -0.11791287362575531 -0.11791287362575531 -0.11791287362575531 -0.11791287362575531 -0.11791287362575531 -0.11791287362575531 -0.11791287362575531 -0.11791287362575531 -0.11791287362575531 -0.11791287362575531 -0.11791287362575531 -0.11791287362575531 -0.11791287362575531 -0.11791287362575531 -0.11791287362575531 -0.11791287362575531 -0.11791287362575531 -0.11791287362575531 -0.11791287362575531 -0.11791287362575531 -0.11791287362575531 -0.11791287362575531 -0.11791287362575531 -0.11791287362575531 -0.09342502057552338 -0.11791287362575531 -0.11791287362575531 -0.09342502057552338 -0.09342502057552338 -0.09342502057552338 -0.09342502057552338 -0.09342502057552338 -0.09342502057552338 -0.04985010623931885 -0.028149684891104698 -0.009064682759344578 -0.004114058334380388 -0.00456634908914566 -0.004658920224756002 -0.004213373176753521 -0.0007127703865990043 -0.0008422641549259424 -0.000789176148828119
-0.04985010623931885 -0.04985010623931885 -0.04985010623931885 -0.04985010623931885 -0.04985010623931885 -0.04985010623931885 -0.04985010623931885 -0.04985010623931885 -0.04985010623931885 -0.04985010623931885 -0.04985010623931885 -0.04985010623931885 -0.04985010623931885 -0.04985010623931885 -0.04985010623931885 -0.04985010623931885 -0.04985010623931885 -0.04985010623931885 -0.04985010623931885 -0.04985010623931885 -0.04985010623931885 -0.04985010623931885 -0.04985010623931885 -0.04985010623931885 -0.04985010623931885 -0.04985010623931885 -0.04985010623931885 -0.04985010623931885 -0.04985010623931885 -0.04985010623931885 -0.04985010623931885 -0.04985010623931885 -0.04985010623931885 -0.04985010623931885 -0.04985010623931885 -0.04985010623931885 -0.04985010623931885 -0.04985010623931885 -0.04985010623931885 -0.04985010623931885 -0.04985010623931885 -0.04985010623931885 -0.04985010623931885 -0.04985010623931885 -0.04985010623931885 -0.04985010623931885 -0.04985010623931885 -0.04985010623931885 -0.028149684891104698 -0.009064682759344578 -0.004114058334380388 -0.00456634908914566 -0.004658920224756002 -0.004213373176753521 -0.0007127703865990043 -0.0008422641549259424 -0.000789176148828119
-0.09342502057552338 -0.09342502057552338 -0.09342502057552338 -0.09342502057552338 -0.09342502057552338 -0.09342502057552338 -0.09342502057552338 -0.09342502057552338 -0.09342502057552338 -0.09342502057552338 -0.09342502057552338 -0.09342502057552338 -0.09342502057552338 -0.09342502057552338 -0.09342502057552338 -0.09342502057552338 -0.09342502057552338 -0.09342502057552338 -0.09342502057552338 -0.09342502057552338 -0.09342502057552338 -0.09342502057552338 -0.09342502057552338 -0.09342502057552338 -0.09342502057552338 -0.09342502057552338 -0.09342502057552338 -0.09342502057552338 -0.09342502057552338 -0.09342502057552338 -0.09342502057552338 -0.09342502057552338 -0.09342502057552338 -0.09342502057552338 -0.09342502057552338 -0.09342502057552338 -0.09342502057552338 -0.09342502057552338 -0.09342502057552338 -0.09342502057552338 -0.09342502057552338 -0.09342502057552338 -0.09342502057552338 -0.09342502057552338 -0.09342502057552338 -0.09342502057552338 -0.09342502057552338 -0.04985010623931885 -0.028149684891104698 -0.009064682759344578 -0.004114058334380388 -0.00456634908914566 -0.004658920224756002 -0.004213373176753521 -0.0007127703865990043 -0.0008422641549259424 -0.000789176148828119
-0.11352257430553436 -0.11352257430553436 -0.11352257430553436 -0.11352257430553436 -0.11352257430553436 -0.11352257430553436 -0.11352257430553436 -0.11352257430553436 -0.11352257430553436 -0.11352257430553436 -0.11352257430553436 -0.11352257430553436 -0.11352257430553436 -0.11352257430553436 -0.11352257430553436 -0.11352257430553436 -0.11352257430553436 -0.11352257430553436 -0.11352257430553436 -0.11352257430553436 -0.11352257430553436 -0.11352257430553436 -0.11352257430553436 -0.11352257430553436 -0.11352257430553436 -0.11352257430553436 -0.11352257430553436 -0.11352257430553436 -0.11352257430553436 -0.11352257430553436 -0.11352257430553436 -0.11352257430553436 -0.11352257430553436 -0.11352257430553436 -0.11352257430553436 -0.11352257430553436 -0.11352257430553436 -0.11352257430553436 -0.09342502057552338 -0.11352257430553436 -0.11352257430553436 -0.09342502057552338 -0.09342502057552338 -0.09342502057552338 -0.09342502057552338 -0.09342502057552338 -0.09342502057552338 -0.04985010623931885 -0.028149684891104698 -0.009064682759344578 -0.004114058334380388 -0.00456634908914566 -0.004658920224756002 -0.004213373176753521 -0.0007127703865990043 -0.0008422641549259424 -0.000789176148828119
-0.10353954136371613 -0.10353954136371613 -0.10353954136371613 -0.10353954136371613 -0.10353954136371613 -0.10353954136371613 -0.10353954136371613 -0.10353954136371613 -0.10353954136371613 -0.10353954136371613 -0.10353954136371613 -0.10353954136371613 -0.10353954136371613 -0.10353954136371613 -0.10353954136371613 -0.10353954136371613 -0.10353954136371613 -0.10353954136371613 -0.10353954136371613 -0.10353954136371613 -0.10353954136371613 -0.10353954136371613 -0.10353954136371613 -0.10353954136371613 -0.10353954136371613 -0.10353954136371613 -0.10353954136371613 -0.10353954136371613 -0.10353954136371613 -0.10353954136371613 -0.10353954136371613 -0.10353954136371613 -0.10353954136371613 -0.10353954136371613 -0.10353954136371613 -0.10353954136371613 -0.10353954136371613 -0.10353954136371613 -0.09342502057552338 -0.10353954136371613 -0.10353954136371613 -0.09342502057552338 -0.09342502057552338 -0.09342502057552338 -0.09342502057552338 -0.09342502057552338 -0.09342502057552338 -0.04985010623931885 -0.028149684891104698 -0.009064682759344578 -0.004114058334380388 -0.00456634908914566 -0.004658920224756002 -0.004213373176753521 -0.0007127703865990043 -0.0008422641549259424 -0.000789176148828119
-0.09927888214588165 -0.09927888214588165 -0.09927888214588165 -0.09927888214588165 -0.09927888214588165 -0.09927888214588165 -0.09927888214588165 -0.09927888214588165 -0.09927888214588165 -0.09927888214588165 -0.09927888214588165 -0.09927888214588165 -0.09927888214588165 -0.09927888214588165 -0.09927888214588165 -0.09927888214588165 -0.09927888214588165 -0.09927888214588165 -0.09927888214588165 -0.09927888214588165 -0.09927888214588165 -0.09927888214588165 -0.09927888214588165 -0.09927888214588165 -0.09927888214588165 -0.09927888214588165 -0.09927888214588165 -0.09927888214588165 -0.09927888214588165 -0.09927888214588165 -0.09927888214588165 -0.09927888214588165 -0.09927888214588165 -0.09927888214588165 -0.09927888214588165 -0.09927888214588165 -0.09927888214588165 -0.09927888214588165 -0.09342502057552338 -0.09927888214588165 -0.09927888214588165 -0.09342502057552338 -0.09342502057552338 -0.09342502057552338 -0.09342502057552338 -0.09342502057552338 -0.09342502057552338 -0.04985010623931885 -0.028149684891104698 -0.009064682759344578 -0.004114058334380388 -0.00456634908914566 -0.004658920224756002 -0.004213373176753521 -0.0007127703865990043 -0.0008422641549259424 -0.000789176148828119
-0.0981038436293602 -0.0981038436293602 -0.0981038436293602 -0.0981038436293602 -0.0981038436293602 -0.0981038436293602 -0.0981038436293602 -0.0981038436293602 -0.0981038436293602 -0.0981038436293602 -0.0981038436293602 -0.0981038436293602 -0.0981038436293602 -0.0981038436293602 -0.0981038436293602 -0.0981038436293602 -0.0981038436293602 -0.0981038436293602 -0.0981038436293602 -0.0981038436293602 -0.0981038436293602 -0.0981038436293602 -0.0981038436293602 -0.0981038436293602 -0.0981038436293602 -0.0981038436293602 -0.0981038436293602 -0.0981038436293602 -0.0981038436293602 -0.0981038436293602 -0.0981038436293602 -0.0981038436293602 -0.0981038436293602 -0.0981038436293602 -0.0981038436293602 -0.0981038436293602 -0.0981038436293602 -0.0981038436293602 -0.09342502057552338 -0.0981038436293602 -0.0981038436293602 -0.09342502057552338 -0.09342502057552338 -0.09342502057552338 -0.09342502057552338 -0.09342502057552338 -0.09342502057552338 -0.04985010623931885 -0.028149684891104698 -0.009064682759344578 -0.004114058334380388 -0.00456634908914566 -0.004658920224756002 -0.004213373176753521 -0.0007127703865990043 -0.0008422641549259424 -0.000789176148828119
-0.09137385338544846 -0.09137385338544846 -0.09137385338544846 -0.09137385338544846 -0.09137385338544846 -0.09137385338544846 -0.09137385338544846 -0.09137385338544846 -0.09137385338544846 -0.09137385338544846 -0.09137385338544846 -0.09137385338544846 -0.09137385338544846 -0.09137385338544846 -0.09137385338544846 -0.09137385338544846 -0.09137385338544846 -0.09137385338544846 -0.09137385338544846 -0.09137385338544846 -0.09137385338544846 -0.09137385338544846 -0.09137385338544846 -0.09137385338544846 -0.09137385338544846 -0.09137385338544846 -0.09137385338544846 -0.09137385338544846 -0.09137385338544846 -0.09137385338544846 -0.09137385338544846 -0.09137385338544846 -0.09137385338544846 -0.09137385338544846 -0.09137385338544846 -0.09137385338544846 -0.09137385338544846 -0.09137385338544846 -0.09137385338544846 -0.09137385338544846 -0.09137385338544846 -0.09137385338544846 -0.09137385338544846 -0.09137385338544846 -0.09137385338544846 -0.09137385338544846 -0.09137385338544846 -0.04985010623931885 -0.028149684891104698 -0.009064682759344578 -0.004114058334380388 -0.00456634908914566 -0.004658920224756002 -0.004213373176753521 -0.0007127703865990043 -0.0008422641549259424 -0.000789176148828119
-0.04985010623931885 -0.04985010623931885 -0.04985010623931885 -0.04985010623931885 -0.04985010623931885 -0.04985010623931885 -0.04985010623931885 -0.04985010623931885 -0.04985010623931885 -0.04985010623931885 -0.04985010623931885 -0.04985010623931885 -0.04985010623931885 -0.04985010623931885 -0.04985010623931885 -0.04985010623931885 -0.04985010623931885 -0.04985010623931885 -0.04985010623931885 -0.04985010623931885 -0.04985010623931885 -0.04985010623931885 -0.04985010623931885 -0.04985010623931885 -0.04985010623931885 -0.04985010623931885 -0.04985010623931885 -0.04985010623931885 -0.04985010623931885 -0.04985010623931885 -0.04985010623931885 -0.04985010623931885 -0.04985010623931885 -0.04985010623931885 -0.04985010623931885 -0.04985010623931885 -0.04985010623931885 -0.04985010623931885 -0.04985010623931885 -0.04985010623931885 -0.04985010623931885 -0.04985010623931885 -0.04985010623931885 -0.04985010623931885 -0.04985010623931885 -0.04985010623931885 -0.04985010623931885 -0.05085587128996849 -0.028149684891104698 -0.009064682759344578 -0.004114058334380388 -0.00456634908914566 -0.004658920224756002 -0.004213373176753521 -0.0007127703865990043 -0.0008422641549259424 -0.000789176148828119
-0.04552236571907997 -0.04552236571907997 -0.04552236571907997 -0.04552236571907997 -0.04552236571907997 -0.04552236571907997 -0.04552236571907997 -0.04552236571907997 -0.04552236571907997 -0.04552236571907997 -0.04552236571907997 -0.04552236571907997 -0.04552236571907997 -0.04552236571907997 -0.04552236571907997 -0.04552236571907997 -0.04552236571907997 -0.04552236571907997 -0.04552236571907997 -0.04552236571907997 -0.04552236571907997 -0.04552236571907997 -0.04552236571907997 -0.04552236571907997 -0.04552236571907997 -0.04552236571907997 -0.04552236571907997 -0.04552236571907997 -0.04552236571907997 -0.04552236571907997 -0.04552236571907997 -0.04552236571907997 -0.04552236571907997 -0.04552236571907997 -0.04552236571907997 -0.04552236571907997 -0.04552236571907997 -0.04552236571907997 -0.04552236571907997 -0.04552236571907997 -0.04552236571907997 -0.04552236571907997 -0.04552236571907997 -0.04552236571907997 -0.04552236571907997 -0.04552236571907997 -0.04552236571907997 -0.04552236571907997 -0.028149684891104698 -0.009064682759344578 -0.004114058334380388 -0.00456634908914566 -0.004658920224756002 -0.004213373176753521 -0.0007127703865990043 -0.0008422641549259424 -0.000789176148828119
-0.02542715147137642 -0.02542715147137642 -0.02542715147137642 -0.02542715147137642 -0.02542715147137642 -0.02542715147137642 -0.02542715147137642 -0.02542715147137642 -0.02542715147137642 -0.02542715147137642 -0.02542715147137642 -0.02542715147137642 -0.02542715147137642 -0.02542715147137642 -0.02542715147137642 -0.02542715147137642 -0.02542715147137642 -0.02542715147137642 -0.02542715147137642 -0.02542715147137642 -0.02542715147137642 -0.02542715147137642 -0.02542715147137642 -0.02542715147137642 -0.02542715147137642 -0.02542715147137642 -0.02542715147137642 -0.02542715147137642 -0.02542715147137642 -0.02542715147137642 -0.02542715147137642 -0.02542715147137642 -0.02542715147137642 -0.02542715147137642 -0.02542715147137642 -0.02542715147137642 -0.02542715147137642 -0.02542715147137642 -0.02542715147137642 -0.02542715147137642 -0.02542715147137642 -0.02542715147137642 -0.02542715147137642 -0.02542715147137642 -0.02542715147137642 -0.02542715147137642 -0.02542715147137642 -0.02542715147137642 -0.02542715147137642 -0.009064682759344578 -0.004114058334380388 -0.00456634908914566 -0.004658920224756002 -0.004213373176753521 -0.0007127703865990043 -0.0008422641549259424 -0.000789176148828119
-0.009064682759344578 -0.009064682759344578 -0.009064682759344578 -0.009064682759344578 -0.009064682759344578 -0.009064682759344578 -0.009064682759344578 -0.009064682759344578 -0.009064682759344578 -0.009064682759344578 -0.009064682759344578 -0.009064682759344578 -0.009064682759344578 -0.009064682759344578 -0.009064682759344578 -0.009064682759344578 -0.009064682759344578 -0.009064682759344578 -0.009064682759344578 -0.009064682759344578 -0.009064682759344578 -0.009064682759344578 -0.009064682759344578 -0.009064682759344578 -0.009064682759344578 -0.009064682759344578 -0.009064682759344578 -0.009064682759344578 -0.009064682759344578 -0.009064682759344578 -0.009064682759344578 -0.009064682759344578 -0.009064682759344578 -0.009064682759344578 -0.009064682759344578 -0.009064682759344578 -0.009064682759344578 -0.009064682759344578 -0.009064682759344578 -0.009064682759344578 -0.009064682759344578 -0.009064682759344578 -0.009064682759344578 -0.009064682759344578 -0.009064682759344578 -0.009064682759344578 -0.009064682759344578 -0.009064682759344578 -0.009064682759344578 -0.0191765408962965 -0.004114058334380388 -0.00456634908914566 -0.004658920224756002 -0.004213373176753521 -0.0007127703865990043 -0.0008422641549259424 -0.000789176148828119
-0.0068481359630823135 -0.0068481359630823135 -0.0068481359630823135 -0.0068481359630823135 -0.0068481359630823135 -0.0068481359630823135 -0.0068481359630823135 -0.0068481359630823135 -0.0068481359630823135 -0.0068481359630823135 -0.0068481359630823135 -0.0068481359630823135 -0.0068481359630823135 -0.0068481359630823135 -0.0068481359630823135 -0.0068481359630823135 -0.0068481359630823135 -0.0068481359630823135 -0.0068481359630823135 -0.0068481359630823135 -0.0068481359630823135 -0.0068481359630823135 -0.0068481359630823135 -0.0068481359630823135 -0.0068481359630823135 -0.0068481359630823135 -0.0068481359630823135 -0.0068481359630823135 -0.0068481359630823135 -0.0068481359630823135 -0.0068481359630823135 -0.0068481359630823135 -0.0068481359630823135 -0.0068481359630823135 -0.0068481359630823135 -0.0068481359630823135 -0.0068481359630823135 -0.0068481359630823135 -0.0068481359630823135 -0.0068481359630823135 -0.0068481359630823135 -0.0068481359630823135 -0.0068481359630823135 -0.0068481359630823135 -0.0068481359630823135 -0.0068481359630823135 -0.0068481359630823135 -0.0068481359630823135 -0.0068481359630823135 -0.0068481359630823135 -0.004114058334380388 -0.00456634908914566 -0.004658920224756002 -0.004213373176753521 -0.0007127703865990043 -0.0008422641549259424 -0.000789176148828119
-0.004114058334380388 -0.004114058334380388 -0.004114058334380388 -0.004114058334380388 -0.004114058334380388 -0.004114058334380388 -0.004114058334380388 -0.004114058334380388 -0.004114058334380388 -0.004114058334380388 -0.004114058334380388 -0.004114058334380388 -0.004114058334380388 -0.004114058334380388 -0.004114058334380388 -0.004114058334380388 -0.004114058334380388 -0.004114058334380388 -0.004114058334380388 -0.004114058334380388 -0.004114058334380388 -0.004114058334380388 -0.004114058334380388 -0.004114058334380388 -0.004114058334380388 -0.004114058334380388 -0.004114058334380388 -0.004114058334380388 -0.004114058334380388 -0.004114058334380388 -0.004114058334380388 -0.004114058334380388 -0.004114058334380388 -0.004114058334380388 -0.004114058334380388 -0.004114058334380388 -0.004114058334380388 -0.004114058334380388 -0.004114058334380388 -0.004114058334380388 -0.004114058334380388 -0.004114058334380388 -0.004114058334380388 -0.004114058334380388 -0.004114058334380388 -0.004114058334380388 -0.004114058334380388 -0.004114058334380388 -0.004114058334380388 -0.004114058334380388 -0.004114058334380388 -0.004114058334380388 -0.004114058334380388 -0.004114058334380388 -0.0007127703865990043 -0.0008422641549259424 -0.000789176148828119
-0.0007127703865990043 -0.0007127703865990043 -0.0007127703865990043 -0.0007127703865990043 -0.0007127703865990043 -0.0007127703865990043 -0.0007127703865990043 -0.0007127703865990043 -0.0007127703865990043 -0.0007127703865990043 -0.0007127703865990043 -0.0007127703865990043 -0.0007127703865990043 -0.0007127703865990043 -0.0007127703865990043 -0.0007127703865990043 -0.0007127703865990043 -0.0007127703865990043 -0.0007127703865990043 -0.0007127703865990043 -0.0007127703865990043 -0.0007127703865990043 -0.0007127703865990043 -0.0007127703865990043 -0.0007127703865990043 -0.0007127703865990043 -0.0007127703865990043 -0.0007127703865990043 -0.0007127703865990043 -0.0007127703865990043 -0.0007127703865990043 -0.0007127703865990043 -0.0007127703865990043 -0.0007127703865990043 -0.0007127703865990043 -0.0007127703865990043 -0.0007127703865990043 -0.0007127703865990043 -0.0007127703865990043 -0.0007127703865990043 -0.0007127703865990043 -0.0007127703865990043 -0.0007127703865990043 -0.0007127703865990043 -0.0007127703865990043 -0.0007127703865990043 -0.0007127703865990043 -0.0007127703865990043 -0.0007127703865990043 -0.0007127703865990043 -0.0007127703865990043 -0.0007127703865990043 -0.0007127703865990043 -0.0007127703865990043 -0.0007127703865990043 -0.0007127703865990043 -0.0007127703865990043
-0.0036947589833289385 -0.0036947589833289385 -0.0036947589833289385 -0.0036947589833289385 -0.0036947589833289385 -0.0036947589833289385 -0.0036947589833289385 -0.0036947589833289385 -0.0036947589833289385 -0.0036947589833289385 -0.0036947589833289385 -0.0036947589833289385 -0.0036947589833289385 -0.0036947589833289385 -0.0036947589833289385 -0.0036947589833289385 -0.0036947589833289385 -0.0036947589833289385 -0.0036947589833289385 -0.0036947589833289385 -0.0036947589833289385 -0.0036947589833289385 -0.0036947589833289385 -0.0036947589833289385 -0.0036947589833289385 -0.0036947589833289385 -0.0036947589833289385 -0.0036947589833289385 -0.0036947589833289385 -0.0036947589833289385 -0.0036947589833289385 -0.0036947589833289385 -0.0036947589833289385 -0.0036947589833289385 -0.0036947589833289385 -0.0036947589833289385 -0.0036947589833289385 -0.0036947589833289385 -0.0036947589833289385 -0.0036947589833289385 -0.0036947589833289385 -0.0036947589833289385 -0.0036947589833289385 -0.0036947589833289385 -0.0036947589833289385 -0.0036947589833289385 -0.0036947589833289385 -0.0036947589833289385 -0.0036947589833289385 -0.0036947589833289385 -0.0036947589833289385 -0.0036947589833289385 -0.0036947589833289385 -0.0036947589833289385 -0.0007127703865990043 -0.0008422641549259424 -0.000789176148828119
-0.003003573277965188 -0.003003573277965188 -0.003003573277965188 -0.003003573277965188 -0.003003573277965188 -0.003003573277965188 -0.003003573277965188 -0.003003573277965188 -0.003003573277965188 -0.003003573277965188 -0.003003573277965188 -0.003003573277965188 -0.003003573277965188 -0.003003573277965188 -0.003003573277965188 -0.003003573277965188 -0.003003573277965188 -0.003003573277965188 -0.003003573277965188 -0.003003573277965188 -0.003003573277965188 -0.003003573277965188 -0.003003573277965188 -0.003003573277965188 -0.003003573277965188 -0.003003573277965188 -0.003003573277965188 -0.003003573277965188 -0.003003573277965188 -0.003003573277965188 -0.003003573277965188 -0.003003573277965188 -0.003003573277965188 -0.003003573277965188 -0.003003573277965188 -0.003003573277965188 -0.003003573277965188 -0.003003573277965188 -0.003003573277965188 -0.003003573277965188 -0.003003573277965188 -0.003003573277965188 -0.003003573277965188 -0.003003573277965188 -0.003003573277965188 -0.003003573277965188 -0.003003573277965188 -0.003003573277965188 -0.003003573277965188 -0.003003573277965188 -0.003003573277965188 -0.003003573277965188 -0.003003573277965188 -0.003003573277965188 -0.0007127703865990043 -0.0008422641549259424 -0.000789176148828119
-0.0027000263798981905 -0.0027000263798981905 -0.0027000263798981905 -0.0027000263798981905 -0.0027000263798981905 -0.0027000263798981905 -0.0027000263798981905 -0.0027000263798981905 -0.0027000263798981905 -0.0027000263798981905 -0.0027000263798981905 -0.0027000263798981905 -0.0027000263798981905 -0.0027000263798981905 -0.0027000263798981905 -0.0027000263798981905 -0.0027000263798981905 -0.0027000263798981905 -0.0027000263798981905 -0.0027000263798981905 -0.0027000263798981905 -0.0027000263798981905 -0.0027000263798981905 -0.0027000263798981905 -0.0027000263798981905 -0.0027000263798981905 -0.0027000263798981905 -0.0027000263798981905 -0.0027000263798981905 -0.0027000263798981905 -0.0027000263798981905 -0.0027000263798981905 -0.0027000263798981905 -0.0027000263798981905 -0.0027000263798981905 -0.0027000263798981905 -0.0027000263798981905 -0.0027000263798981905 -0.0027000263798981905 -0.0027000263798981905 -0.0027000263798981905 -0.0027000263798981905 -0.0027000263798981905 -0.0027000263798981905 -0.0027000263798981905 -0.0027000263798981905 -0.0027000263798981905 -0.0027000263798981905 -0.0027000263798981905 -0.0027000263798981905 -0.0027000263798981905 -0.0027000263798981905 -0.0027000263798981905 -0.0027000263798981905 -0.0007127703865990043 -0.0008422641549259424 -0.000789176148828119