-0.9570872783660889 -0.6798351407051086 -0.7203348875045776 -0.6298206448554993 -0.6298206448554993 -0.17860160768032074 -0.17860160768032074 -0.17860160768032074 -0.21726883947849274 -0.21726883947849274 -0.17860160768032074 -0.21726883947849274 -0.17860160768032074 -0.17860160768032074 -0.17860160768032074 -0.21726883947849274 -0.21726883947849274 -0.17860160768032074 -0.17860160768032074 -0.21726883947849274 -0.21726883947849274 -0.21726883947849274 -0.21726883947849274 -0.17860160768032074 -0.21726883947849274 -0.21726883947849274 -0.21726883947849274 -0.2330384999513626 -0.21044869720935822 -0.17860160768032074 -0.17860160768032074 -0.17860160768032074 -0.15359586477279663 -0.12886017560958862 -0.14487579464912415 -0.07558922469615936 -0.11701732873916626 -0.12479296326637268 -0.11704449355602264 -0.11252821981906891 -0.09510256350040436 -0.0850248709321022 -0.08774567395448685 -0.06801596283912659 -0.07433773577213287 -0.027046598494052887 -0.024953069165349007 -0.007874731905758381 -0.0056272163055837154 -0.004523318260908127 -0.004405412822961807 -0.0033600199967622757 -0.0024929693900048733 -0.002291406039148569
-0.6798351407051086 -0.7603706121444702 -0.6798351407051086 -0.6298206448554993 -0.6298206448554993 -0.17860160768032074 -0.17860160768032074 -0.17860160768032074 -0.21726883947849274 -0.21726883947849274 -0.17860160768032074 -0.21726883947849274 -0.17860160768032074 -0.17860160768032074 -0.17860160768032074 -0.21726883947849274 -0.21726883947849274 -0.17860160768032074 -0.17860160768032074 -0.21726883947849274 -0.21726883947849274 -0.21726883947849274 -0.21726883947849274 -0.17860160768032074 -0.21726883947849274 -0.21726883947849274 -0.21726883947849274 -0.2330384999513626 -0.21044869720935822 -0.17860160768032074 -0.17860160768032074 -0.17860160768032074 -0.15359586477279663 -0.12886017560958862 -0.14487579464912415 -0.07558922469615936 -0.11701732873916626 -0.12479296326637268 -0.11704449355602264 -0.11252821981906891 -0.09510256350040436 -0.0850248709321022 -0.08774567395448685 -0.06801596283912659 -0.07433773577213287 -0.027046598494052887 -0.024953069165349007 -0.007874731905758381 -0.0056272163055837154 -0.004523318260908127 -0.004405412822961807 -0.0033600199967622757 -0.0024929693900048733 -0.002291406039148569
-0.7203348875045776 -0.6798351407051086 -0.7236966490745544 -0.6298206448554993 -0.6298206448554993 -0.17860160768032074 -0.17860160768032074 -0.17860160768032074 -0.21726883947849274 -0.21726883947849274 -0.17860160768032074 -0.21726883947849274 -0.17860160768032074 -0.17860160768032074 -0.17860160768032074 -0.21726883947849274 -0.21726883947849274 -0.17860160768032074 -0.17860160768032074 -0.21726883947849274 -0.21726883947849274 -0.21726883947849274 -0.21726883947849274 -0.17860160768032074 -0.21726883947849274 -0.21726883947849274 -0.21726883947849274 -0.2330384999513626 -0.21044869720935822 -0.17860160768032074 -0.17860160768032074 -0.17860160768032074 -0.15359586477279663 -0.12886017560958862 -0.14487579464912415 -0.07558922469615936 -0.11701732873916626 -0.12479296326637268 -0.11704449355602264 -0.11252821981906891 -0.09510256350040436 -0.0850248709321022 -0.08774567395448685 -0.06801596283912659 -0.07433773577213287 -0.027046598494052887 -0.024953069165349007 -0.007874731905758381 -0.0056272163055837154 -0.004523318260908127 -0.004405412822961807 -0.0033600199967622757 -0.0024929693900048733 -0.002291406039148569
-0.6298206448554993 -0.6298206448554993 -0.6298206448554993 -0.6733892560005188 -0.6714404225349426 -0.17860160768032074 -0.17860160768032074 -0.17860160768032074 -0.21726883947849274 -0.21726883947849274 -0.17860160768032074 -0.21726883947849274 -0.17860160768032074 -0.17860160768032074 -0.17860160768032074 -0.21726883947849274 -0.21726883947849274 -0.17860160768032074 -0.17860160768032074 -0.21726883947849274 -0.21726883947849274 -0.21726883947849274 -0.21726883947849274 -0.17860160768032074 -0.21726883947849274 -0.21726883947849274 -0.21726883947849274 -0.2330384999513626 -0.21044869720935822 -0.17860160768032074 -0.17860160768032074 -0.17860160768032074 -0.15359586477279663 -0.12886017560958862 -0.14487579464912415 -0.07558922469615936 -0.11701732873916626 -0.12479296326637268 -0.11704449355602264 -0.11252821981906891 -0.09510256350040436 -0.0850248709321022 -0.08774567395448685 -0.06801596283912659 -0.07433773577213287 -0.027046598494052887 -0.024953069165349007 -0.007874731905758381 -0.0056272163055837154 -0.004523318260908127 -0.004405412822961807 -0.0033600199967622757 -0.0024929693900048733 -0.002291406039148569
-0.6298206448554993 -0.6298206448554993 -0.6298206448554993 -0.6714404225349426 -0.6717488169670105 -0.17860160768032074 -0.17860160768032074 -0.17860160768032074 -0.21726883947849274 -0.21726883947849274 -0.17860160768032074 -0.21726883947849274 -0.17860160768032074 -0.17860160768032074 -0.17860160768032074 -0.21726883947849274 -0.21726883947849274 -0.17860160768032074 -0.17860160768032074 -0.21726883947849274 -0.21726883947849274 -0.21726883947849274 -0.21726883947849274 -0.17860160768032074 -0.21726883947849274 -0.21726883947849274 -0.21726883947849274 -0.2330384999513626 -0.21044869720935822 -0.17860160768032074 -0.17860160768032074 -0.17860160768032074 -0.15359586477279663 -0.12886017560958862 -0.14487579464912415 -0.07558922469615936 -0.11701732873916626 -0.12479296326637268 -0.11704449355602264 -0.11252821981906891 -0.09510256350040436 -0.0850248709321022 -0.08774567395448685 -0.06801596283912659 -0.07433773577213287 -0.027046598494052887 -0.024953069165349007 -0.007874731905758381 -0.0056272163055837154 -0.004523318260908127 -0.004405412822961807 -0.0033600199967622757 -0.0024929693900048733 -0.002291406039148569
-0.17860160768032074 -0.17860160768032074 -0.17860160768032074 -0.17860160768032074 -0.17860160768032074 -0.579725444316864 -0.5437706112861633 -0.5437706112861633 -0.17860160768032074 -0.17860160768032074 -0.5204638242721558 -0.17860160768032074 -0.49632498621940613 -0.4919455945491791 -0.4919455945491791 -0.17860160768032074 -0.17860160768032074 -0.34038233757019043 -0.4345303475856781 -0.17860160768032074 -0.17860160768032074 -0.17860160768032074 -0.17860160768032074 -0.2827458679676056 -0.17860160768032074 -0.17860160768032074 -0.17860160768032074 -0.17860160768032074 -0.17860160768032074 -0.20980650186538696 -0.20420247316360474 -0.18461525440216064 -0.15359586477279663 -0.12886017560958862 -0.14487579464912415 -0.07558922469615936 -0.11701732873916626 -0.12479296326637268 -0.11704449355602264 -0.11252821981906891 -0.09510256350040436 -0.0850248709321022 -0.08774567395448685 -0.06801596283912659 -0.07433773577213287 -0.027046598494052887 -0.024953069165349007 -0.007874731905758381 -0.0056272163055837154 -0.004523318260908127 -0.004405412822961807 -0.0033600199967622757 -0.0024929693900048733 -0.002291406039148569
-0.17860160768032074 -0.17860160768032074 -0.17860160768032074 -0.17860160768032074 -0.17860160768032074 -0.5437706112861633 -0.5701448321342468 -0.5482537746429443 -0.17860160768032074 -0.17860160768032074 -0.5204638242721558 -0.17860160768032074 -0.49632498621940613 -0.4919455945491791 -0.4919455945491791 -0.17860160768032074 -0.17860160768032074 -0.34038233757019043 -0.4345303475856781 -0.17860160768032074 -0.17860160768032074 -0.17860160768032074 -0.17860160768032074 -0.2827458679676056 -0.17860160768032074 -0.17860160768032074 -0.17860160768032074 -0.17860160768032074 -0.17860160768032074 -0.20980650186538696 -0.20420247316360474 -0.18461525440216064 -0.15359586477279663 -0.12886017560958862 -0.14487579464912415 -0.07558922469615936 -0.11701732873916626 -0.12479296326637268 -0.11704449355602264 -0.11252821981906891 -0.09510256350040436 -0.0850248709321022 -0.08774567395448685 -0.06801596283912659 -0.07433773577213287 -0.027046598494052887 -0.024953069165349007 -0.007874731905758381 -0.0056272163055837154 -0.004523318260908127 -0.004405412822961807 -0.0033600199967622757 -0.0024929693900048733 -0.002291406039148569
-0.17860160768032074 -0.17860160768032074 -0.17860160768032074 -0.17860160768032074 -0.17860160768032074 -0.5437706112861633 -0.5482537746429443 -0.5485117435455322 -0.17860160768032074 -0.17860160768032074 -0.5204638242721558 -0.17860160768032074 -0.49632498621940613 -0.4919455945491791 -0.4919455945491791 -0.17860160768032074 -0.17860160768032074 -0.34038233757019043 -0.4345303475856781 -0.17860160768032074 -0.17860160768032074 -0.17860160768032074 -0.17860160768032074 -0.2827458679676056 -0.17860160768032074 -0.17860160768032074 -0.17860160768032074 -0.17860160768032074 -0.17860160768032074 -0.20980650186538696 -0.20420247316360474 -0.18461525440216064 -0.15359586477279663 -0.12886017560958862 -0.14487579464912415 -0.07558922469615936 -0.11701732873916626 -0.12479296326637268 -0.11704449355602264 -0.11252821981906891 -0.09510256350040436 -0.0850248709321022 -0.08774567395448685 -0.06801596283912659 -0.07433773577213287 -0.027046598494052887 -0.024953069165349007 -0.007874731905758381 -0.0056272163055837154 -0.004523318260908127 -0.004405412822961807 -0.0033600199967622757 -0.0024929693900048733 -0.002291406039148569
-0.21726883947849274 -0.21726883947849274 -0.21726883947849274 -0.21726883947849274 -0.21726883947849274 -0.17860160768032074 -0.17860160768032074 -0.17860160768032074 -0.5264613032341003 -0.5206459760665894 -0.17860160768032074 -0.5148152709007263 -0.17860160768032074 -0.17860160768032074 -0.17860160768032074 -0.4095553755760193 -0.4095553755760193 -0.17860160768032074 -0.17860160768032074 -0.25108444690704346 -0.25108444690704346 -0.25108444690704346 -0.25108444690704346 -0.17860160768032074 -0.25108444690704346 -0.25108444690704346 -0.2460235208272934 -0.21726883947849274 -0.21044869720935822 -0.17860160768032074 -0.17860160768032074 -0.17860160768032074 -0.15359586477279663 -0.12886017560958862 -0.14487579464912415 -0.07558922469615936 -0.11701732873916626 -0.12479296326637268 -0.11704449355602264 -0.11252821981906891 -0.09510256350040436 -0.0850248709321022 -0.08774567395448685 -0.06801596283912659 -0.07433773577213287 -0.027046598494052887 -0.024953069165349007 -0.007874731905758381 -0.0056272163055837154 -0.004523318260908127 -0.004405412822961807 -0.0033600199967622757 -0.0024929693900048733 -0.002291406039148569
-0.21726883947849274 -0.21726883947849274 -0.21726883947849274 -0.21726883947849274 -0.21726883947849274 -0.17860160768032074 -0.17860160768032074 -0.17860160768032074 -0.5206459760665894 -0.524380087852478 -0.17860160768032074 -0.5148152709007263 -0.17860160768032074 -0.17860160768032074 -0.17860160768032074 -0.4095553755760193 -0.4095553755760193 -0.17860160768032074 -0.17860160768032074 -0.25108444690704346 -0.25108444690704346 -0.25108444690704346 -0.25108444690704346 -0.17860160768032074 -0.25108444690704346 -0.25108444690704346 -0.2460235208272934 -0.21726883947849274 -0.21044869720935822 -0.17860160768032074 -0.17860160768032074 -0.17860160768032074 -0.15359586477279663 -0.12886017560958862 -0.14487579464912415 -0.07558922469615936 -0.11701732873916626 -0.12479296326637268 -0.11704449355602264 -0.11252821981906891 -0.09510256350040436 -0.0850248709321022 -0.08774567395448685 -0.06801596283912659 -0.07433773577213287 -0.027046598494052887 -0.024953069165349007 -0.007874731905758381 -0.0056272163055837154 -0.004523318260908127 -0.004405412822961807 -0.0033600199967622757 -0.0024929693900048733 -0.002291406039148569
-0.17860160768032074 -0.17860160768032074 -0.17860160768032074 -0.17860160768032074 -0.17860160768032074 -0.5204638242721558 -0.5204638242721558 -0.5204638242721558 -0.17860160768032074 -0.17860160768032074 -0.5212407112121582 -0.17860160768032074 -0.49632498621940613 -0.4919455945491791 -0.4919455945491791 -0.17860160768032074 -0.17860160768032074 -0.34038233757019043 -0.4345303475856781 -0.17860160768032074 -0.17860160768032074 -0.17860160768032074 -0.17860160768032074 -0.2827458679676056 -0.17860160768032074 -0.17860160768032074 -0.17860160768032074 -0.17860160768032074 -0.17860160768032074 -0.20980650186538696 -0.20420247316360474 -0.18461525440216064 -0.15359586477279663 -0.12886017560958862 -0.14487579464912415 -0.07558922469615936 -0.11701732873916626 -0.12479296326637268 -0.11704449355602264 -0.11252821981906891 -0.09510256350040436 -0.0850248709321022 -0.08774567395448685 -0.06801596283912659 -0.07433773577213287 -0.027046598494052887 -0.024953069165349007 -0.007874731905758381 -0.0056272163055837154 -0.004523318260908127 -0.004405412822961807 -0.0033600199967622757 -0.0024929693900048733 -0.002291406039148569
-0.21726883947849274 -0.21726883947849274 -0.21726883947849274 -0.21726883947849274 -0.21726883947849274 -0.17860160768032074 -0.17860160768032074 -0.17860160768032074 -0.5148152709007263 -0.5148152709007263 -0.17860160768032074 -0.5155626535415649 -0.17860160768032074 -0.17860160768032074 -0.17860160768032074 -0.4095553755760193 -0.4095553755760193 -0.17860160768032074 -0.17860160768032074 -0.25108444690704346 -0.25108444690704346 -0.25108444690704346 -0.25108444690704346 -0.17860160768032074 -0.25108444690704346 -0.25108444690704346 -0.2460235208272934 -0.21726883947849274 -0.21044869720935822 -0.17860160768032074 -0.17860160768032074 -0.17860160768032074 -0.15359586477279663 -0.12886017560958862 -0.14487579464912415 -0.07558922469615936 -0.11701732873916626 -0.12479296326637268 -0.11704449355602264 -0.11252821981906891 -0.09510256350040436 -0.0850248709321022 -0.08774567395448685 -0.06801596283912659 -0.07433773577213287 -0.027046598494052887 -0.024953069165349007 -0.007874731905758381 -0.0056272163055837154 -0.004523318260908127 -0.004405412822961807 -0.0033600199967622757 -0.0024929693900048733 -0.002291406039148569
-0.17860160768032074 -0.17860160768032074 -0.17860160768032074 -0.17860160768032074 -0.17860160768032074 -0.49632498621940613 -0.49632498621940613 -0.49632498621940613 -0.17860160768032074 -0.17860160768032074 -0.49632498621940613 -0.17860160768032074 -0.4965039789676666 -0.4919455945491791 -0.4919455945491791 -0.17860160768032074 -0.17860160768032074 -0.34038233757019043 -0.4345303475856781 -0.17860160768032074 -0.17860160768032074 -0.17860160768032074 -0.17860160768032074 -0.2827458679676056 -0.17860160768032074 -0.17860160768032074 -0.17860160768032074 -0.17860160768032074 -0.17860160768032074 -0.20980650186538696 -0.20420247316360474 -0.18461525440216064 -0.15359586477279663 -0.12886017560958862 -0.14487579464912415 -0.07558922469615936 -0.11701732873916626 -0.12479296326637268 -0.11704449355602264 -0.11252821981906891 -0.09510256350040436 -0.0850248709321022 -0.08774567395448685 -0.06801596283912659 -0.07433773577213287 -0.027046598494052887 -0.024953069165349007 -0.007874731905758381 -0.0056272163055837154 -0.004523318260908127 -0.004405412822961807 -0.0033600199967622757 -0.0024929693900048733 -0.002291406039148569
-0.17860160768032074 -0.17860160768032074 -0.17860160768032074 -0.17860160768032074 -0.17860160768032074 -0.4919455945491791 -0.4919455945491791 -0.4919455945491791 -0.17860160768032074 -0.17860160768032074 -0.4919455945491791 -0.17860160768032074 -0.4919455945491791 -0.49591735005378723 -0.4931371510028839 -0.17860160768032074 -0.17860160768032074 -0.34038233757019043 -0.4345303475856781 -0.17860160768032074 -0.17860160768032074 -0.17860160768032074 -0.17860160768032074 -0.2827458679676056 -0.17860160768032074 -0.17860160768032074 -0.17860160768032074 -0.17860160768032074 -0.17860160768032074 -0.20980650186538696 -0.20420247316360474 -0.18461525440216064 -0.15359586477279663 -0.12886017560958862 -0.14487579464912415 -0.07558922469615936 -0.11701732873916626 -0.12479296326637268 -0.11704449355602264 -0.11252821981906891 -0.09510256350040436 -0.0850248709321022 -0.08774567395448685 -0.06801596283912659 -0.07433773577213287 -0.027046598494052887 -0.024953069165349007 -0.007874731905758381 -0.0056272163055837154 -0.004523318260908127 -0.004405412822961807 -0.0033600199967622757 -0.0024929693900048733 -0.002291406039148569
-0.17860160768032074 -0.17860160768032074 -0.17860160768032074 -0.17860160768032074 -0.17860160768032074 -0.4919455945491791 -0.4919455945491791 -0.4919455945491791 -0.17860160768032074 -0.17860160768032074 -0.4919455945491791 -0.17860160768032074 -0.4919455945491791 -0.4931371510028839 -0.4940243065357208 -0.17860160768032074 -0.17860160768032074 -0.34038233757019043 -0.4345303475856781 -0.17860160768032074 -0.17860160768032074 -0.17860160768032074 -0.17860160768032074 -0.2827458679676056 -0.17860160768032074 -0.17860160768032074 -0.17860160768032074 -0.17860160768032074 -0.17860160768032074 -0.20980650186538696 -0.20420247316360474 -0.18461525440216064 -0.15359586477279663 -0.12886017560958862 -0.14487579464912415 -0.07558922469615936 -0.11701732873916626 -0.12479296326637268 -0.11704449355602264 -0.11252821981906891 -0.09510256350040436 -0.0850248709321022 -0.08774567395448685 -0.06801596283912659 -0.07433773577213287 -0.027046598494052887 -0.024953069165349007 -0.007874731905758381 -0.0056272163055837154 -0.004523318260908127 -0.004405412822961807 -0.0033600199967622757 -0.0024929693900048733 -0.002291406039148569
-0.21726883947849274 -0.21726883947849274 -0.21726883947849274 -0.21726883947849274 -0.21726883947849274 -0.17860160768032074 -0.17860160768032074 -0.17860160768032074 -0.4095553755760193 -0.4095553755760193 -0.17860160768032074 -0.4095553755760193 -0.17860160768032074 -0.17860160768032074 -0.17860160768032074 -0.4855741560459137 -0.48387160897254944 -0.17860160768032074 -0.17860160768032074 -0.25108444690704346 -0.25108444690704346 -0.25108444690704346 -0.25108444690704346 -0.17860160768032074 -0.25108444690704346 -0.25108444690704346 -0.2460235208272934 -0.21726883947849274 -0.21044869720935822 -0.17860160768032074 -0.17860160768032074 -0.17860160768032074 -0.15359586477279663 -0.12886017560958862 -0.14487579464912415 -0.07558922469615936 -0.11701732873916626 -0.12479296326637268 -0.11704449355602264 -0.11252821981906891 -0.09510256350040436 -0.0850248709321022 -0.08774567395448685 -0.06801596283912659 -0.07433773577213287 -0.027046598494052887 -0.024953069165349007 -0.007874731905758381 -0.0056272163055837154 -0.004523318260908127 -0.004405412822961807 -0.0033600199967622757 -0.0024929693900048733 -0.002291406039148569
-0.21726883947849274 -0.21726883947849274 -0.21726883947849274 -0.21726883947849274 -0.21726883947849274 -0.17860160768032074 -0.17860160768032074 -0.17860160768032074 -0.4095553755760193 -0.4095553755760193 -0.17860160768032074 -0.4095553755760193 -0.17860160768032074 -0.17860160768032074 -0.17860160768032074 -0.48387160897254944 -0.484975129365921 -0.17860160768032074 -0.17860160768032074 -0.25108444690704346 -0.25108444690704346 -0.25108444690704346 -0.25108444690704346 -0.17860160768032074 -0.25108444690704346 -0.25108444690704346 -0.2460235208272934 -0.21726883947849274 -0.21044869720935822 -0.17860160768032074 -0.17860160768032074 -0.17860160768032074 -0.15359586477279663 -0.12886017560958862 -0.14487579464912415 -0.07558922469615936 -0.11701732873916626 -0.12479296326637268 -0.11704449355602264 -0.11252821981906891 -0.09510256350040436 -0.0850248709321022 -0.08774567395448685 -0.06801596283912659 -0.07433773577213287 -0.027046598494052887 -0.024953069165349007 -0.007874731905758381 -0.0056272163055837154 -0.004523318260908127 -0.004405412822961807 -0.0033600199967622757 -0.0024929693900048733 -0.002291406039148569
-0.17860160768032074 -0.17860160768032074 -0.17860160768032074 -0.17860160768032074 -0.17860160768032074 -0.34038233757019043 -0.34038233757019043 -0.34038233757019043 -0.17860160768032074 -0.17860160768032074 -0.34038233757019043 -0.17860160768032074 -0.34038233757019043 -0.34038233757019043 -0.34038233757019043 -0.17860160768032074 -0.17860160768032074 -0.45135119557380676 -0.34038233757019043 -0.17860160768032074 -0.17860160768032074 -0.17860160768032074 -0.17860160768032074 -0.2827458679676056 -0.17860160768032074 -0.17860160768032074 -0.17860160768032074 -0.17860160768032074 -0.17860160768032074 -0.20980650186538696 -0.20420247316360474 -0.18461525440216064 -0.15359586477279663 -0.12886017560958862 -0.14487579464912415 -0.07558922469615936 -0.11701732873916626 -0.12479296326637268 -0.11704449355602264 -0.11252821981906891 -0.09510256350040436 -0.0850248709321022 -0.08774567395448685 -0.06801596283912659 -0.07433773577213287 -0.027046598494052887 -0.024953069165349007 -0.007874731905758381 -0.0056272163055837154 -0.004523318260908127 -0.004405412822961807 -0.0033600199967622757 -0.0024929693900048733 -0.002291406039148569
-0.17860160768032074 -0.17860160768032074 -0.17860160768032074 -0.17860160768032074 -0.17860160768032074 -0.4345303475856781 -0.4345303475856781 -0.4345303475856781 -0.17860160768032074 -0.17860160768032074 -0.4345303475856781 -0.17860160768032074 -0.4345303475856781 -0.4345303475856781 -0.4345303475856781 -0.17860160768032074 -0.17860160768032074 -0.34038233757019043 -0.44962766766548157 -0.17860160768032074 -0.17860160768032074 -0.17860160768032074 -0.17860160768032074 -0.2827458679676056 -0.17860160768032074 -0.17860160768032074 -0.17860160768032074 -0.17860160768032074 -0.17860160768032074 -0.20980650186538696 -0.20420247316360474 -0.18461525440216064 -0.15359586477279663 -0.12886017560958862 -0.14487579464912415 -0.07558922469615936 -0.11701732873916626 -0.12479296326637268 -0.11704449355602264 -0.11252821981906891 -0.09510256350040436 -0.0850248709321022 -0.08774567395448685 -0.06801596283912659 -0.07433773577213287 -0.027046598494052887 -0.024953069165349007 -0.007874731905758381 -0.0056272163055837154 -0.004523318260908127 -0.004405412822961807 -0.0033600199967622757 -0.0024929693900048733 -0.002291406039148569
-0.21726883947849274 -0.21726883947849274 -0.21726883947849274 -0.21726883947849274 -0.21726883947849274 -0.17860160768032074 -0.17860160768032074 -0.17860160768032074 -0.25108444690704346 -0.25108444690704346 -0.17860160768032074 -0.25108444690704346 -0.17860160768032074 -0.17860160768032074 -0.17860160768032074 -0.25108444690704346 -0.25108444690704346 -0.17860160768032074 -0.17860160768032074 -0.43146586418151855 -0.39788195490837097 -0.28871145844459534 -0.28871145844459534 -0.17860160768032074 -0.28871145844459534 -0.28871145844459534 -0.2460235208272934 -0.21726883947849274 -0.21044869720935822 -0.17860160768032074 -0.17860160768032074 -0.17860160768032074 -0.15359586477279663 -0.12886017560958862 -0.14487579464912415 -0.07558922469615936 -0.11701732873916626 -0.12479296326637268 -0.11704449355602264 -0.11252821981906891 -0.09510256350040436 -0.0850248709321022 -0.08774567395448685 -0.06801596283912659 -0.07433773577213287 -0.027046598494052887 -0.024953069165349007 -0.007874731905758381 -0.0056272163055837154 -0.004523318260908127 -0.004405412822961807 -0.0033600199967622757 -0.0024929693900048733 -0.002291406039148569
-0.21726883947849274 -0.21726883947849274 -0.21726883947849274 -0.21726883947849274 -0.21726883947849274 -0.17860160768032074 -0.17860160768032074 -0.17860160768032074 -0.25108444690704346 -0.25108444690704346 -0.17860160768032074 -0.25108444690704346 -0.17860160768032074 -0.17860160768032074 -0.17860160768032074 -0.25108444690704346 -0.25108444690704346 -0.17860160768032074 -0.17860160768032074 -0.39788195490837097 -0.3995881974697113 -0.28871145844459534 -0.28871145844459534 -0.17860160768032074 -0.28871145844459534 -0.28871145844459534 -0.2460235208272934 -0.21726883947849274 -0.21044869720935822 -0.17860160768032074 -0.17860160768032074 -0.17860160768032074 -0.15359586477279663 -0.12886017560958862 -0.14487579464912415 -0.07558922469615936 -0.11701732873916626 -0.12479296326637268 -0.11704449355602264 -0.11252821981906891 -0.09510256350040436 -0.0850248709321022 -0.08774567395448685 -0.06801596283912659 -0.07433773577213287 -0.027046598494052887 -0.024953069165349007 -0.007874731905758381 -0.0056272163055837154 -0.004523318260908127 -0.004405412822961807 -0.0033600199967622757 -0.0024929693900048733 -0.002291406039148569
-0.21726883947849274 -0.21726883947849274 -0.21726883947849274 -0.21726883947849274 -0.21726883947849274 -0.17860160768032074 -0.17860160768032074 -0.17860160768032074 -0.25108444690704346 -0.25108444690704346 -0.17860160768032074 -0.25108444690704346 -0.17860160768032074 -0.17860160768032074 -0.17860160768032074 -0.25108444690704346 -0.25108444690704346 -0.17860160768032074 -0.17860160768032074 -0.28871145844459534 -0.28871145844459534 -0.3513878285884857 -0.30975255370140076 -0.17860160768032074 -0.30975255370140076 -0.2887742519378662 -0.2460235208272934 -0.21726883947849274 -0.21044869720935822 -0.17860160768032074 -0.17860160768032074 -0.17860160768032074 -0.15359586477279663 -0.12886017560958862 -0.14487579464912415 -0.07558922469615936 -0.11701732873916626 -0.12479296326637268 -0.11704449355602264 -0.11252821981906891 -0.09510256350040436 -0.0850248709321022 -0.08774567395448685 -0.06801596283912659 -0.07433773577213287 -0.027046598494052887 -0.024953069165349007 -0.007874731905758381 -0.0056272163055837154 -0.004523318260908127 -0.004405412822961807 -0.0033600199967622757 -0.0024929693900048733 -0.002291406039148569
-0.21726883947849274 -0.21726883947849274 -0.21726883947849274 -0.21726883947849274 -0.21726883947849274 -0.17860160768032074 -0.17860160768032074 -0.17860160768032074 -0.25108444690704346 -0.25108444690704346 -0.17860160768032074 -0.25108444690704346 -0.17860160768032074 -0.17860160768032074 -0.17860160768032074 -0.25108444690704346 -0.25108444690704346 -0.17860160768032074 -0.17860160768032074 -0.28871145844459534 -0.28871145844459534 -0.30975255370140076 -0.33232372999191284 -0.17860160768032074 -0.31393396854400635 -0.2887742519378662 -0.2460235208272934 -0.21726883947849274 -0.21044869720935822 -0.17860160768032074 -0.17860160768032074 -0.17860160768032074 -0.15359586477279663 -0.12886017560958862 -0.14487579464912415 -0.07558922469615936 -0.11701732873916626 -0.12479296326637268 -0.11704449355602264 -0.11252821981906891 -0.09510256350040436 -0.0850248709321022 -0.08774567395448685 -0.06801596283912659 -0.07433773577213287 -0.027046598494052887 -0.024953069165349007 -0.007874731905758381 -0.0056272163055837154 -0.004523318260908127 -0.004405412822961807 -0.0033600199967622757 -0.0024929693900048733 -0.002291406039148569
-0.17860160768032074 -0.17860160768032074 -0.17860160768032074 -0.17860160768032074 -0.17860160768032074 -0.2827458679676056 -0.2827458679676056 -0.2827458679676056 -0.17860160768032074 -0.17860160768032074 -0.2827458679676056 -0.17860160768032074 -0.2827458679676056 -0.2827458679676056 -0.2827458679676056 -0.17860160768032074 -0.17860160768032074 -0.2827458679676056 -0.2827458679676056 -0.17860160768032074 -0.17860160768032074 -0.17860160768032074 -0.17860160768032074 -0.3189346492290497 -0.17860160768032074 -0.17860160768032074 -0.17860160768032074 -0.17860160768032074 -0.17860160768032074 -0.20980650186538696 -0.20420247316360474 -0.18461525440216064 -0.15359586477279663 -0.12886017560958862 -0.14487579464912415 -0.07558922469615936 -0.11701732873916626 -0.12479296326637268 -0.11704449355602264 -0.11252821981906891 -0.09510256350040436 -0.0850248709321022 -0.08774567395448685 -0.06801596283912659 -0.07433773577213287 -0.027046598494052887 -0.024953069165349007 -0.007874731905758381 -0.0056272163055837154 -0.004523318260908127 -0.004405412822961807 -0.0033600199967622757 -0.0024929693900048733 -0.002291406039148569
-0.21726883947849274 -0.21726883947849274 -0.21726883947849274 -0.21726883947849274 -0.21726883947849274 -0.17860160768032074 -0.17860160768032074 -0.17860160768032074 -0.25108444690704346 -0.25108444690704346 -0.17860160768032074 -0.25108444690704346 -0.17860160768032074 -0.17860160768032074 -0.17860160768032074 -0.25108444690704346 -0.25108444690704346 -0.17860160768032074 -0.17860160768032074 -0.28871145844459534 -0.28871145844459534 -0.30975255370140076 -0.31393396854400635 -0.17860160768032074 -0.31562238931655884 -0.2887742519378662 -0.2460235208272934 -0.21726883947849274 -0.21044869720935822 -0.17860160768032074 -0.17860160768032074 -0.17860160768032074 -0.15359586477279663 -0.12886017560958862 -0.14487579464912415 -0.07558922469615936 -0.11701732873916626 -0.12479296326637268 -0.11704449355602264 -0.11252821981906891 -0.09510256350040436 -0.0850248709321022 -0.08774567395448685 -0.06801596283912659 -0.07433773577213287 -0.027046598494052887 -0.024953069165349007 -0.007874731905758381 -0.0056272163055837154 -0.004523318260908127 -0.004405412822961807 -0.0033600199967622757 -0.0024929693900048733 -0.002291406039148569
-0.21726883947849274 -0.21726883947849274 -0.21726883947849274 -0.21726883947849274 -0.21726883947849274 -0.17860160768032074 -0.17860160768032074 -0.17860160768032074 -0.25108444690704346 -0.25108444690704346 -0.17860160768032074 -0.25108444690704346 -0.17860160768032074 -0.17860160768032074 -0.17860160768032074 -0.25108444690704346 -0.25108444690704346 -0.17860160768032074 -0.17860160768032074 -0.28871145844459534 -0.28871145844459534 -0.2887742519378662 -0.2887742519378662 -0.17860160768032074 -0.2887742519378662 -0.30731505155563354 -0.2460235208272934 -0.21726883947849274 -0.21044869720935822 -0.17860160768032074 -0.17860160768032074 -0.17860160768032074 -0.15359586477279663 -0.12886017560958862 -0.14487579464912415 -0.07558922469615936 -0.11701732873916626 -0.12479296326637268 -0.11704449355602264 -0.11252821981906891 -0.09510256350040436 -0.0850248709321022 -0.08774567395448685 -0.06801596283912659 -0.07433773577213287 -0.027046598494052887 -0.024953069165349007 -0.007874731905758381 -0.0056272163055837154 -0.004523318260908127 -0.004405412822961807 -0.0033600199967622757 -0.0024929693900048733 -0.002291406039148569
-0.21726883947849274 -0.21726883947849274 -0.21726883947849274 -0.21726883947849274 -0.21726883947849274 -0.17860160768032074 -0.17860160768032074 -0.17860160768032074 -0.2460235208272934 -0.2460235208272934 -0.17860160768032074 -0.2460235208272934 -0.17860160768032074 -0.17860160768032074 -0.17860160768032074 -0.2460235208272934 -0.2460235208272934 -0.17860160768032074 -0.17860160768032074 -0.2460235208272934 -0.2460235208272934 -0.2460235208272934 -0.2460235208272934 -0.17860160768032074 -0.2460235208272934 -0.2460235208272934 -0.26078084111213684 -0.21726883947849274 -0.21044869720935822 -0.17860160768032074 -0.17860160768032074 -0.17860160768032074 -0.15359586477279663 -0.12886017560958862 -0.14487579464912415 -0.07558922469615936 -0.11701732873916626 -0.12479296326637268 -0.11704449355602264 -0.11252821981906891 -0.09510256350040436 -0.0850248709321022 -0.08774567395448685 -0.06801596283912659 -0.07433773577213287 -0.027046598494052887 -0.024953069165349007 -0.007874731905758381 -0.0056272163055837154 -0.004523318260908127 -0.004405412822961807 -0.0033600199967622757 -0.0024929693900048733 -0.002291406039148569
-0.2330384999513626 -0.2330384999513626 -0.2330384999513626 -0.2330384999513626 -0.2330384999513626 -0.17860160768032074 -0.17860160768032074 -0.17860160768032074 -0.21726883947849274 -0.21726883947849274 -0.17860160768032074 -0.21726883947849274 -0.17860160768032074 -0.17860160768032074 -0.17860160768032074 -0.21726883947849274 -0.21726883947849274 -0.17860160768032074 -0.17860160768032074 -0.21726883947849274 -0.21726883947849274 -0.21726883947849274 -0.21726883947849274 -0.17860160768032074 -0.21726883947849274 -0.21726883947849274 -0.21726883947849274 -0.25013619661331177 -0.21044869720935822 -0.17860160768032074 -0.17860160768032074 -0.17860160768032074 -0.15359586477279663 -0.12886017560958862 -0.14487579464912415 -0.07558922469615936 -0.11701732873916626 -0.12479296326637268 -0.11704449355602264 -0.11252821981906891 -0.09510256350040436 -0.0850248709321022 -0.08774567395448685 -0.06801596283912659 -0.07433773577213287 -0.027046598494052887 -0.024953069165349007 -0.007874731905758381 -0.0056272163055837154 -0.004523318260908127 -0.004405412822961807 -0.0033600199967622757 -0.0024929693900048733 -0.002291406039148569
-0.21044869720935822 -0.21044869720935822 -0.21044869720935822 -0.21044869720935822 -0.21044869720935822 -0.17860160768032074 -0.17860160768032074 -0.17860160768032074 -0.21044869720935822 -0.21044869720935822 -0.17860160768032074 -0.21044869720935822 -0.17860160768032074 -0.17860160768032074 -0.17860160768032074 -0.21044869720935822 -0.21044869720935822 -0.17860160768032074 -0.17860160768032074 -0.21044869720935822 -0.21044869720935822 -0.21044869720935822 -0.21044869720935822 -0.17860160768032074 -0.21044869720935822 -0.21044869720935822 -0.21044869720935822 -0.21044869720935822 -0.2119288593530655 -0.17860160768032074 -0.17860160768032074 -0.17860160768032074 -0.15359586477279663 -0.12886017560958862 -0.14487579464912415 -0.07558922469615936 -0.11701732873916626 -0.12479296326637268 -0.11704449355602264 -0.11252821981906891 -0.09510256350040436 -0.0850248709321022 -0.08774567395448685 -0.06801596283912659 -0.07433773577213287 -0.027046598494052887 -0.024953069165349007 -0.007874731905758381 -0.0056272163055837154 -0.004523318260908127 -0.004405412822961807 -0.0033600199967622757 -0.0024929693900048733 -0.002291406039148569
-0.17860160768032074 -0.17860160768032074 -0.17860160768032074 -0.17860160768032074 -0.17860160768032074 -0.20980650186538696 -0.20980650186538696 -0.20980650186538696 -0.17860160768032074 -0.17860160768032074 -0.20980650186538696 -0.17860160768032074 -0.20980650186538696 -0.20980650186538696 -0.20980650186538696 -0.17860160768032074 -0.17860160768032074 -0.20980650186538696 -0.20980650186538696 -0.17860160768032074 -0.17860160768032074 -0.17860160768032074 -0.17860160768032074 -0.20980650186538696 -0.17860160768032074 -0.17860160768032074 -0.17860160768032074 -0.17860160768032074 -0.17860160768032074 -0.21032585203647614 -0.20420247316360474 -0.18461525440216064 -0.15359586477279663 -0.12886017560958862 -0.14487579464912415 -0.07558922469615936 -0.11701732873916626 -0.12479296326637268 -0.11704449355602264 -0.11252821981906891 -0.09510256350040436 -0.0850248709321022 -0.08774567395448685 -0.06801596283912659 -0.07433773577213287 -0.027046598494052887 -0.024953069165349007 -0.007874731905758381 -0.0056272163055837154 -0.004523318260908127 -0.004405412822961807 -0.0033600199967622757 -0.0024929693900048733 -0.002291406039148569
-0.17860160768032074 -0.17860160768032074 -0.17860160768032074 -0.17860160768032074 -0.17860160768032074 -0.20420247316360474 -0.20420247316360474 -0.20420247316360474 -0.17860160768032074 -0.17860160768032074 -0.20420247316360474 -0.17860160768032074 -0.20420247316360474 -0.20420247316360474 -0.20420247316360474 -0.17860160768032074 -0.17860160768032074 -0.20420247316360474 -0.20420247316360474 -0.17860160768032074 -0.17860160768032074 -0.17860160768032074 -0.17860160768032074 -0.20420247316360474 -0.17860160768032074 -0.17860160768032074 -0.17860160768032074 -0.17860160768032074 -0.17860160768032074 -0.20420247316360474 -0.20754721760749817 -0.18461525440216064 -0.15359586477279663 -0.12886017560958862 -0.14487579464912415 -0.07558922469615936 -0.11701732873916626 -0.12479296326637268 -0.11704449355602264 -0.11252821981906891 -0.09510256350040436 -0.0850248709321022 -0.08774567395448685 -0.06801596283912659 -0.07433773577213287 -0.027046598494052887 -0.024953069165349007 -0.007874731905758381 -0.0056272163055837154 -0.004523318260908127 -0.004405412822961807 -0.0033600199967622757 -0.0024929693900048733 -0.002291406039148569
-0.17860160768032074 -0.17860160768032074 -0.17860160768032074 -0.17860160768032074 -0.17860160768032074 -0.18461525440216064 -0.18461525440216064 -0.18461525440216064 -0.17860160768032074 -0.17860160768032074 -0.18461525440216064 -0.17860160768032074 -0.18461525440216064 -0.18461525440216064 -0.18461525440216064 -0.17860160768032074 -0.17860160768032074 -0.18461525440216064 -0.18461525440216064 -0.17860160768032074 -0.17860160768032074 -0.17860160768032074 -0.17860160768032074 -0.18461525440216064 -0.17860160768032074 -0.17860160768032074 -0.17860160768032074 -0.17860160768032074 -0.17860160768032074 -0.18461525440216064 -0.18461525440216064 -0.20576727390289307 -0.15359586477279663 -0.12886017560958862 -0.14487579464912415 -0.07558922469615936 -0.11701732873916626 -0.12479296326637268 -0.11704449355602264 -0.11252821981906891 -0.09510256350040436 -0.0850248709321022 -0.08774567395448685 -0.06801596283912659 -0.07433773577213287 -0.027046598494052887 -0.024953069165349007 -0.007874731905758381 -0.0056272163055837154 -0.004523318260908127 -0.004405412822961807 -0.0033600199967622757 -0.0024929693900048733 -0.002291406039148569
-0.15359586477279663 -0.15359586477279663 -0.15359586477279663 -0.15359586477279663 -0.15359586477279663 -0.15359586477279663 -0.15359586477279663 -0.15359586477279663 -0.15359586477279663 -0.15359586477279663 -0.15359586477279663 -0.15359586477279663 -0.15359586477279663 -0.15359586477279663 -0.15359586477279663 -0.15359586477279663 -0.15359586477279663 -0.15359586477279663 -0.15359586477279663 -0.15359586477279663 -0.15359586477279663 -0.15359586477279663 -0.15359586477279663 -0.15359586477279663 -0.15359586477279663 -0.15359586477279663 -0.15359586477279663 -0.15359586477279663 -0.15359586477279663 -0.15359586477279663 -0.15359586477279663 -0.15359586477279663 -0.16096055507659912 -0.12886017560958862 -0.14487579464912415 -0.07558922469615936 -0.11701732873916626 -0.12479296326637268 -0.11704449355602264 -0.11252821981906891 -0.09510256350040436 -0.0850248709321022 -0.08774567395448685 -0.06801596283912659 -0.07433773577213287 -0.027046598494052887 -0.024953069165349007 -0.007874731905758381 -0.0056272163055837154 -0.004523318260908127 -0.004405412822961807 -0.0033600199967622757 -0.0024929693900048733 -0.002291406039148569
-0.12886017560958862 -0.12886017560958862 -0.12886017560958862 -0.12886017560958862 -0.12886017560958862 -0.12886017560958862 -0.12886017560958862 -0.12886017560958862 -0.12886017560958862 -0.12886017560958862 -0.12886017560958862 -0.12886017560958862 -0.12886017560958862 -0.12886017560958862 -0.12886017560958862 -0.12886017560958862 -0.12886017560958862 -0.12886017560958862 -0.12886017560958862 -0.12886017560958862 -0.12886017560958862 -0.12886017560958862 -0.12886017560958862 -0.12886017560958862 -0.12886017560958862 -0.12886017560958862 -0.12886017560958862 -0.12886017560958862 -0.12886017560958862 -0.12886017560958862 -0.12886017560958862 -0.12886017560958862 -0.12886017560958862 -0.14614719152450562 -0.12886017560958862 -0.07558922469615936 -0.11701732873916626 -0.12479296326637268 -0.11704449355602264 -0.11252821981906891 -0.09510256350040436 -0.0850248709321022 -0.08774567395448685 -0.06801596283912659 -0.07433773577213287 -0.027046598494052887 -0.024953069165349007 -0.007874731905758381 -0.0056272163055837154 -0.004523318260908127 -0.004405412822961807 -0.0033600199967622757 -0.0024929693900048733 -0.002291406039148569
-0.14487579464912415 -0.14487579464912415 -0.14487579464912415 -0.14487579464912415 -0.14487579464912415 -0.14487579464912415 -0.14487579464912415 -0.14487579464912415 -0.14487579464912415 -0.14487579464912415 -0.14487579464912415 -0.14487579464912415 -0.14487579464912415 -0.14487579464912415 -0.14487579464912415 -0.14487579464912415 -0.14487579464912415 -0.14487579464912415 -0.14487579464912415 -0.14487579464912415 -0.14487579464912415 -0.14487579464912415 -0.14487579464912415 -0.14487579464912415 -0.14487579464912415 -0.14487579464912415 -0.14487579464912415 -0.14487579464912415 -0.14487579464912415 -0.14487579464912415 -0.14487579464912415 -0.14487579464912415 -0.14487579464912415 -0.12886017560958862 -0.14530998468399048 -0.07558922469615936 -0.11701732873916626 -0.12479296326637268 -0.11704449355602264 -0.11252821981906891 -0.09510256350040436 -0.0850248709321022 -0.08774567395448685 -0.06801596283912659 -0.07433773577213287 -0.027046598494052887 -0.024953069165349007 -0.007874731905758381 -0.0056272163055837154 -0.004523318260908127 -0.004405412822961807 -0.0033600199967622757 -0.0024929693900048733 -0.002291406039148569
-0.07558922469615936 -0.07558922469615936 -0.07558922469615936 -0.07558922469615936 -0.07558922469615936 -0.07558922469615936 -0.07558922469615936 -0.07558922469615936 -0.07558922469615936 -0.07558922469615936 -0.07558922469615936 -0.07558922469615936 -0.07558922469615936 -0.07558922469615936 -0.07558922469615936 -0.07558922469615936 -0.07558922469615936 -0.07558922469615936 -0.07558922469615936 -0.07558922469615936 -0.07558922469615936 -0.07558922469615936 -0.07558922469615936 -0.07558922469615936 -0.07558922469615936 -0.07558922469615936 -0.07558922469615936 -0.07558922469615936 -0.07558922469615936 -0.07558922469615936 -0.07558922469615936 -0.07558922469615936 -0.07558922469615936 -0.07558922469615936 -0.07558922469615936 -0.13224907219409943 -0.07558922469615936 -0.07558922469615936 -0.07558922469615936 -0.07558922469615936 -0.07558922469615936 -0.07558922469615936 -0.07558922469615936 -0.06801596283912659 -0.07433773577213287 -0.027046598494052887 -0.024953069165349007 -0.007874731905758381 -0.0056272163055837154 -0.004523318260908127 -0.004405412822961807 -0.0033600199967622757 -0.0024929693900048733 -0.002291406039148569
-0.11701732873916626 -0.11701732873916626 -0.11701732873916626 -0.11701732873916626 -0.11701732873916626 -0.11701732873916626 -0.11701732873916626 -0.11701732873916626 -0.11701732873916626 -0.11701732873916626 -0.11701732873916626 -0.11701732873916626 -0.11701732873916626 -0.11701732873916626 -0.11701732873916626 -0.11701732873916626 -0.11701732873916626 -0.11701732873916626 -0.11701732873916626 -0.11701732873916626 -0.11701732873916626 -0.11701732873916626 -0.11701732873916626 -0.11701732873916626 -0.11701732873916626 -0.11701732873916626 -0.11701732873916626 -0.11701732873916626 -0.11701732873916626 -0.11701732873916626 -0.11701732873916626 -0.11701732873916626 -0.11701732873916626 -0.11701732873916626 -0.11701732873916626 -0.07558922469615936 -0.12551744282245636 -0.11701732873916626 -0.11701732873916626 -0.11252821981906891 -0.09510256350040436 -0.0850248709321022 -0.08774567395448685 -0.06801596283912659 -0.07433773577213287 -0.027046598494052887 -0.024953069165349007 -0.007874731905758381 -0.0056272163055837154 -0.004523318260908127 -0.004405412822961807 -0.0033600199967622757 -0.0024929693900048733 -0.002291406039148569
-0.12479296326637268 -0.12479296326637268 -0.12479296326637268 -0.12479296326637268 -0.12479296326637268 -0.12479296326637268 -0.12479296326637268 -0.12479296326637268 -0.12479296326637268 -0.12479296326637268 -0.12479296326637268 -0.12479296326637268 -0.12479296326637268 -0.12479296326637268 -0.12479296326637268 -0.12479296326637268 -0.12479296326637268 -0.12479296326637268 -0.12479296326637268 -0.12479296326637268 -0.12479296326637268 -0.12479296326637268 -0.12479296326637268 -0.12479296326637268 -0.12479296326637268 -0.12479296326637268 -0.12479296326637268 -0.12479296326637268 -0.12479296326637268 -0.12479296326637268 -0.12479296326637268 -0.12479296326637268 -0.12479296326637268 -0.12479296326637268 -0.12479296326637268 -0.07558922469615936 -0.11701732873916626 -0.12483774870634079 -0.11704449355602264 -0.11252821981906891 -0.09510256350040436 -0.0850248709321022 -0.08774567395448685 -0.06801596283912659 -0.07433773577213287 -0.027046598494052887 -0.024953069165349007 -0.007874731905758381 -0.0056272163055837154 -0.004523318260908127 -0.004405412822961807 -0.0033600199967622757 -0.0024929693900048733 -0.002291406039148569
-0.11704449355602264 -0.11704449355602264 -0.11704449355602264 -0.11704449355602264 -0.11704449355602264 -0.11704449355602264 -0.11704449355602264 -0.11704449355602264 -0.11704449355602264 -0.11704449355602264 -0.11704449355602264 -0.11704449355602264 -0.11704449355602264 -0.11704449355602264 -0.11704449355602264 -0.11704449355602264 -0.11704449355602264 -0.11704449355602264 -0.11704449355602264 -0.11704449355602264 -0.11704449355602264 -0.11704449355602264 -0.11704449355602264 -0.11704449355602264 -0.11704449355602264 -0.11704449355602264 -0.11704449355602264 -0.11704449355602264 -0.11704449355602264 -0.11704449355602264 -0.11704449355602264 -0.11704449355602264 -0.11704449355602264 -0.11704449355602264 -0.11704449355602264 -0.07558922469615936 -0.11701732873916626 -0.11704449355602264 -0.12265844643115997 -0.11252821981906891 -0.09510256350040436 -0.0850248709321022 -0.08774567395448685 -0.06801596283912659 -0.07433773577213287 -0.027046598494052887 -0.024953069165349007 -0.007874731905758381 -0.0056272163055837154 -0.004523318260908127 -0.004405412822961807 -0.0033600199967622757 -0.0024929693900048733 -0.002291406039148569
-0.11252821981906891 -0.11252821981906891 -0.11252821981906891 -0.11252821981906891 -0.11252821981906891 -0.11252821981906891 -0.11252821981906891 -0.11252821981906891 -0.11252821981906891 -0.11252821981906891 -0.11252821981906891 -0.11252821981906891 -0.11252821981906891 -0.11252821981906891 -0.11252821981906891 -0.11252821981906891 -0.11252821981906891 -0.11252821981906891 -0.11252821981906891 -0.11252821981906891 -0.11252821981906891 -0.11252821981906891 -0.11252821981906891 -0.11252821981906891 -0.11252821981906891 -0.11252821981906891 -0.11252821981906891 -0.11252821981906891 -0.11252821981906891 -0.11252821981906891 -0.11252821981906891 -0.11252821981906891 -0.11252821981906891 -0.11252821981906891 -0.11252821981906891 -0.07558922469615936 -0.11252821981906891 -0.11252821981906891 -0.11252821981906891 -0.11352257430553436 -0.09510256350040436 -0.0850248709321022 -0.08774567395448685 -0.06801596283912659 -0.07433773577213287 -0.027046598494052887 -0.024953069165349007 -0.007874731905758381 -0.0056272163055837154 -0.004523318260908127 -0.004405412822961807 -0.0033600199967622757 -0.0024929693900048733 -0.002291406039148569
-0.09510256350040436 -0.09510256350040436 -0.09510256350040436 -0.09510256350040436 -0.09510256350040436 -0.09510256350040436 -0.09510256350040436 -0.09510256350040436 -0.09510256350040436 -0.09510256350040436 -0.09510256350040436 -0.09510256350040436 -0.09510256350040436 -0.09510256350040436 -0.09510256350040436 -0.09510256350040436 -0.09510256350040436 -0.09510256350040436 -0.09510256350040436 -0.09510256350040436 -0.09510256350040436 -0.09510256350040436 -0.09510256350040436 -0.09510256350040436 -0.09510256350040436 -0.09510256350040436 -0.09510256350040436 -0.09510256350040436 -0.09510256350040436 -0.09510256350040436 -0.09510256350040436 -0.09510256350040436 -0.09510256350040436 -0.09510256350040436 -0.09510256350040436 -0.07558922469615936 -0.09510256350040436 -0.09510256350040436 -0.09510256350040436 -0.09510256350040436 -0.10353954136371613 -0.0850248709321022 -0.08774567395448685 -0.06801596283912659 -0.07433773577213287 -0.027046598494052887 -0.024953069165349007 -0.007874731905758381 -0.0056272163055837154 -0.004523318260908127 -0.004405412822961807 -0.0033600199967622757 -0.0024929693900048733 -0.002291406039148569
-0.0850248709321022 -0.0850248709321022 -0.0850248709321022 -0.0850248709321022 -0.0850248709321022 -0.0850248709321022 -0.0850248709321022 -0.0850248709321022 -0.0850248709321022 -0.0850248709321022 -0.0850248709321022 -0.0850248709321022 -0.0850248709321022 -0.0850248709321022 -0.0850248709321022 -0.0850248709321022 -0.0850248709321022 -0.0850248709321022 -0.0850248709321022 -0.0850248709321022 -0.0850248709321022 -0.0850248709321022 -0.0850248709321022 -0.0850248709321022 -0.0850248709321022 -0.0850248709321022 -0.0850248709321022 -0.0850248709321022 -0.0850248709321022 -0.0850248709321022 -0.0850248709321022 -0.0850248709321022 -0.0850248709321022 -0.0850248709321022 -0.0850248709321022 -0.07558922469615936 -0.0850248709321022 -0.0850248709321022 -0.0850248709321022 -0.0850248709321022 -0.0850248709321022 -0.09927888214588165 -0.0850248709321022 -0.06801596283912659 -0.07433773577213287 -0.027046598494052887 -0.024953069165349007 -0.007874731905758381 -0.0056272163055837154 -0.004523318260908127 -0.004405412822961807 -0.0033600199967622757 -0.0024929693900048733 -0.002291406039148569
-0.08774567395448685 -0.08774567395448685 -0.08774567395448685 -0.08774567395448685 -0.08774567395448685 -0.08774567395448685 -0.08774567395448685 -0.08774567395448685 -0.08774567395448685 -0.08774567395448685 -0.08774567395448685 -0.08774567395448685 -0.08774567395448685 -0.08774567395448685 -0.08774567395448685 -0.08774567395448685 -0.08774567395448685 -0.08774567395448685 -0.08774567395448685 -0.08774567395448685 -0.08774567395448685 -0.08774567395448685 -0.08774567395448685 -0.08774567395448685 -0.08774567395448685 -0.08774567395448685 -0.08774567395448685 -0.08774567395448685 -0.08774567395448685 -0.08774567395448685 -0.08774567395448685 -0.08774567395448685 -0.08774567395448685 -0.08774567395448685 -0.08774567395448685 -0.07558922469615936 -0.08774567395448685 -0.08774567395448685 -0.08774567395448685 -0.08774567395448685 -0.08774567395448685 -0.0850248709321022 -0.0981038436293602 -0.06801596283912659 -0.07433773577213287 -0.027046598494052887 -0.024953069165349007 -0.007874731905758381 -0.0056272163055837154 -0.004523318260908127 -0.004405412822961807 -0.0033600199967622757 -0.0024929693900048733 -0.002291406039148569
-0.06801596283912659 -0.06801596283912659 -0.06801596283912659 -0.06801596283912659 -0.06801596283912659 -0.06801596283912659 -0.06801596283912659 -0.06801596283912659 -0.06801596283912659 -0.06801596283912659 -0.06801596283912659 -0.06801596283912659 -0.06801596283912659 -0.06801596283912659 -0.06801596283912659 -0.06801596283912659 -0.06801596283912659 -0.06801596283912659 -0.06801596283912659 -0.06801596283912659 -0.06801596283912659 -0.06801596283912659 -0.06801596283912659 -0.06801596283912659 -0.06801596283912659 -0.06801596283912659 -0.06801596283912659 -0.06801596283912659 -0.06801596283912659 -0.06801596283912659 -0.06801596283912659 -0.06801596283912659 -0.06801596283912659 -0.06801596283912659 -0.06801596283912659 -0.06801596283912659 -0.06801596283912659 -0.06801596283912659 -0.06801596283912659 -0.06801596283912659 -0.06801596283912659 -0.06801596283912659 -0.06801596283912659 -0.09137385338544846 -0.06801596283912659 -0.027046598494052887 -0.024953069165349007 -0.007874731905758381 -0.0056272163055837154 -0.004523318260908127 -0.004405412822961807 -0.0033600199967622757 -0.0024929693900048733 -0.002291406039148569
-0.07433773577213287 -0.07433773577213287 -0.07433773577213287 -0.07433773577213287 -0.07433773577213287 -0.07433773577213287 -0.07433773577213287 -0.07433773577213287 -0.07433773577213287 -0.07433773577213287 -0.07433773577213287 -0.07433773577213287 -0.07433773577213287 -0.07433773577213287 -0.07433773577213287 -0.07433773577213287 -0.07433773577213287 -0.07433773577213287 -0.07433773577213287 -0.07433773577213287 -0.07433773577213287 -0.07433773577213287 -0.07433773577213287 -0.07433773577213287 -0.07433773577213287 -0.07433773577213287 -0.07433773577213287 -0.07433773577213287 -0.07433773577213287 -0.07433773577213287 -0.07433773577213287 -0.07433773577213287 -0.07433773577213287 -0.07433773577213287 -0.07433773577213287 -0.07433773577213287 -0.07433773577213287 -0.07433773577213287 -0.07433773577213287 -0.07433773577213287 -0.07433773577213287 -0.07433773577213287 -0.07433773577213287 -0.06801596283912659 -0.07705168426036835 -0.027046598494052887 -0.024953069165349007 -0.007874731905758381 -0.0056272163055837154 -0.004523318260908127 -0.004405412822961807 -0.0033600199967622757 -0.0024929693900048733 -0.002291406039148569
-0.027046598494052887 -0.027046598494052887 -0.027046598494052887 -0.027046598494052887 -0.027046598494052887 -0.027046598494052887 -0.027046598494052887 -0.027046598494052887 -0.027046598494052887 -0.027046598494052887 -0.027046598494052887 -0.027046598494052887 -0.027046598494052887 -0.027046598494052887 -0.027046598494052887 -0.027046598494052887 -0.027046598494052887 -0.027046598494052887 -0.027046598494052887 -0.027046598494052887 -0.027046598494052887 -0.027046598494052887 -0.027046598494052887 -0.027046598494052887 -0.027046598494052887 -0.027046598494052887 -0.027046598494052887 -0.027046598494052887 -0.027046598494052887 -0.027046598494052887 -0.027046598494052887 -0.027046598494052887 -0.027046598494052887 -0.027046598494052887 -0.027046598494052887 -0.027046598494052887 -0.027046598494052887 -0.027046598494052887 -0.027046598494052887 -0.027046598494052887 -0.027046598494052887 -0.027046598494052887 -0.027046598494052887 -0.027046598494052887 -0.027046598494052887 -0.04552236571907997 -0.024953069165349007 -0.007874731905758381 -0.0056272163055837154 -0.004523318260908127 -0.004405412822961807 -0.0033600199967622757 -0.0024929693900048733 -0.002291406039148569
-0.024953069165349007 -0.024953069165349007 -0.024953069165349007 -0.024953069165349007 -0.024953069165349007 -0.024953069165349007 -0.024953069165349007 -0.024953069165349007 -0.024953069165349007 -0.024953069165349007 -0.024953069165349007 -0.024953069165349007 -0.024953069165349007 -0.024953069165349007 -0.024953069165349007 -0.024953069165349007 -0.024953069165349007 -0.024953069165349007 -0.024953069165349007 -0.024953069165349007 -0.024953069165349007 -0.024953069165349007 -0.024953069165349007 -0.024953069165349007 -0.024953069165349007 -0.024953069165349007 -0.024953069165349007 -0.024953069165349007 -0.024953069165349007 -0.024953069165349007 -0.024953069165349007 -0.024953069165349007 -0.024953069165349007 -0.024953069165349007 -0.024953069165349007 -0.024953069165349007 -0.024953069165349007 -0.024953069165349007 -0.024953069165349007 -0.024953069165349007 -0.024953069165349007 -0.024953069165349007 -0.024953069165349007 -0.024953069165349007 -0.024953069165349007 -0.024953069165349007 -0.02542715147137642 -0.007874731905758381 -0.0056272163055837154 -0.004523318260908127 -0.004405412822961807 -0.0033600199967622757 -0.0024929693900048733 -0.002291406039148569
-0.007874731905758381 -0.007874731905758381 -0.007874731905758381 -0.007874731905758381 -0.007874731905758381 -0.007874731905758381 -0.007874731905758381 -0.007874731905758381 -0.007874731905758381 -0.007874731905758381 -0.007874731905758381 -0.007874731905758381 -0.007874731905758381 -0.007874731905758381 -0.007874731905758381 -0.007874731905758381 -0.007874731905758381 -0.007874731905758381 -0.007874731905758381 -0.007874731905758381 -0.007874731905758381 -0.007874731905758381 -0.007874731905758381 -0.007874731905758381 -0.007874731905758381 -0.007874731905758381 -0.007874731905758381 -0.007874731905758381 -0.007874731905758381 -0.007874731905758381 -0.007874731905758381 -0.007874731905758381 -0.007874731905758381 -0.007874731905758381 -0.007874731905758381 -0.007874731905758381 -0.007874731905758381 -0.007874731905758381 -0.007874731905758381 -0.007874731905758381 -0.007874731905758381 -0.007874731905758381 -0.007874731905758381 -0.007874731905758381 -0.007874731905758381 -0.007874731905758381 -0.007874731905758381 -0.0191765408962965 -0.0056272163055837154 -0.004523318260908127 -0.004405412822961807 -0.0033600199967622757 -0.0024929693900048733 -0.002291406039148569
-0.0056272163055837154 -0.0056272163055837154 -0.0056272163055837154 -0.0056272163055837154 -0.0056272163055837154 -0.0056272163055837154 -0.0056272163055837154 -0.0056272163055837154 -0.0056272163055837154 -0.0056272163055837154 -0.0056272163055837154 -0.0056272163055837154 -0.0056272163055837154 -0.0056272163055837154 -0.0056272163055837154 -0.0056272163055837154 -0.0056272163055837154 -0.0056272163055837154 -0.0056272163055837154 -0.0056272163055837154 -0.0056272163055837154 -0.0056272163055837154 -0.0056272163055837154 -0.0056272163055837154 -0.0056272163055837154 -0.0056272163055837154 -0.0056272163055837154 -0.0056272163055837154 -0.0056272163055837154 -0.0056272163055837154 -0.0056272163055837154 -0.0056272163055837154 -0.0056272163055837154 -0.0056272163055837154 -0.0056272163055837154 -0.0056272163055837154 -0.0056272163055837154 -0.0056272163055837154 -0.0056272163055837154 -0.0056272163055837154 -0.0056272163055837154 -0.0056272163055837154 -0.0056272163055837154 -0.0056272163055837154 -0.0056272163055837154 -0.0056272163055837154 -0.0056272163055837154 -0.0056272163055837154 -0.0068481359630823135 -0.004523318260908127 -0.004405412822961807 -0.0033600199967622757 -0.0024929693900048733 -0.002291406039148569
-0.004523318260908127 -0.004523318260908127 -0.004523318260908127 -0.004523318260908127 -0.004523318260908127 -0.004523318260908127 -0.004523318260908127 -0.004523318260908127 -0.004523318260908127 -0.004523318260908127 -0.004523318260908127 -0.004523318260908127 -0.004523318260908127 -0.004523318260908127 -0.004523318260908127 -0.004523318260908127 -0.004523318260908127 -0.004523318260908127 -0.004523318260908127 -0.004523318260908127 -0.004523318260908127 -0.004523318260908127 -0.004523318260908127 -0.004523318260908127 -0.004523318260908127 -0.004523318260908127 -0.004523318260908127 -0.004523318260908127 -0.004523318260908127 -0.004523318260908127 -0.004523318260908127 -0.004523318260908127 -0.004523318260908127 -0.004523318260908127 -0.004523318260908127 -0.004523318260908127 -0.004523318260908127 -0.004523318260908127 -0.004523318260908127 -0.004523318260908127 -0.004523318260908127 -0.004523318260908127 -0.004523318260908127 -0.004523318260908127 -0.004523318260908127 -0.004523318260908127 -0.004523318260908127 -0.004523318260908127 -0.004523318260908127 -0.004976586904376745 -0.004405412822961807 -0.0033600199967622757 -0.0024929693900048733 -0.002291406039148569
-0.004405412822961807 -0.004405412822961807 -0.004405412822961807 -0.004405412822961807 -0.004405412822961807 -0.004405412822961807 -0.004405412822961807 -0.004405412822961807 -0.004405412822961807 -0.004405412822961807 -0.004405412822961807 -0.004405412822961807 -0.004405412822961807 -0.004405412822961807 -0.004405412822961807 -0.004405412822961807 -0.004405412822961807 -0.004405412822961807 -0.004405412822961807 -0.004405412822961807 -0.004405412822961807 -0.004405412822961807 -0.004405412822961807 -0.004405412822961807 -0.004405412822961807 -0.004405412822961807 -0.004405412822961807 -0.004405412822961807 -0.004405412822961807 -0.004405412822961807 -0.004405412822961807 -0.004405412822961807 -0.004405412822961807 -0.004405412822961807 -0.004405412822961807 -0.004405412822961807 -0.004405412822961807 -0.004405412822961807 -0.004405412822961807 -0.004405412822961807 -0.004405412822961807 -0.004405412822961807 -0.004405412822961807 -0.004405412822961807 -0.004405412822961807 -0.004405412822961807 -0.004405412822961807 -0.004405412822961807 -0.004405412822961807 -0.004405412822961807 -0.004587351344525814 -0.0033600199967622757 -0.0024929693900048733 -0.002291406039148569
-0.0033600199967622757 -0.0033600199967622757 -0.0033600199967622757 -0.0033600199967622757 -0.0033600199967622757 -0.0033600199967622757 -0.0033600199967622757 -0.0033600199967622757 -0.0033600199967622757 -0.0033600199967622757 -0.0033600199967622757 -0.0033600199967622757 -0.0033600199967622757 -0.0033600199967622757 -0.0033600199967622757 -0.0033600199967622757 -0.0033600199967622757 -0.0033600199967622757 -0.0033600199967622757 -0.0033600199967622757 -0.0033600199967622757 -0.0033600199967622757 -0.0033600199967622757 -0.0033600199967622757 -0.0033600199967622757 -0.0033600199967622757 -0.0033600199967622757 -0.0033600199967622757 -0.0033600199967622757 -0.0033600199967622757 -0.0033600199967622757 -0.0033600199967622757 -0.0033600199967622757 -0.0033600199967622757 -0.0033600199967622757 -0.0033600199967622757 -0.0033600199967622757 -0.0033600199967622757 -0.0033600199967622757 -0.0033600199967622757 -0.0033600199967622757 -0.0033600199967622757 -0.0033600199967622757 -0.0033600199967622757 -0.0033600199967622757 -0.0033600199967622757 -0.0033600199967622757 -0.0033600199967622757 -0.0033600199967622757 -0.0033600199967622757 -0.0033600199967622757 -0.0036947589833289385 -0.0024929693900048733 -0.002291406039148569
-0.0024929693900048733 -0.0024929693900048733 -0.0024929693900048733 -0.0024929693900048733 -0.0024929693900048733 -0.0024929693900048733 -0.0024929693900048733 -0.0024929693900048733 -0.0024929693900048733 -0.0024929693900048733 -0.0024929693900048733 -0.0024929693900048733 -0.0024929693900048733 -0.0024929693900048733 -0.0024929693900048733 -0.0024929693900048733 -0.0024929693900048733 -0.0024929693900048733 -0.0024929693900048733 -0.0024929693900048733 -0.0024929693900048733 -0.0024929693900048733 -0.0024929693900048733 -0.0024929693900048733 -0.0024929693900048733 -0.0024929693900048733 -0.0024929693900048733 -0.0024929693900048733 -0.0024929693900048733 -0.0024929693900048733 -0.0024929693900048733 -0.0024929693900048733 -0.0024929693900048733 -0.0024929693900048733 -0.0024929693900048733 -0.0024929693900048733 -0.0024929693900048733 -0.0024929693900048733 -0.0024929693900048733 -0.0024929693900048733 -0.0024929693900048733 -0.0024929693900048733 -0.0024929693900048733 -0.0024929693900048733 -0.0024929693900048733 -0.0024929693900048733 -0.0024929693900048733 -0.0024929693900048733 -0.0024929693900048733 -0.0024929693900048733 -0.0024929693900048733 -0.0024929693900048733 -0.003003573277965188 -0.002291406039148569
-0.002291406039148569 -0.002291406039148569 -0.002291406039148569 -0.002291406039148569 -0.002291406039148569 -0.002291406039148569 -0.002291406039148569 -0.002291406039148569 -0.002291406039148569 -0.002291406039148569 -0.002291406039148569 -0.002291406039148569 -0.002291406039148569 -0.002291406039148569 -0.002291406039148569 -0.002291406039148569 -0.002291406039148569 -0.002291406039148569 -0.002291406039148569 -0.002291406039148569 -0.002291406039148569 -0.002291406039148569 -0.002291406039148569 -0.002291406039148569 -0.002291406039148569 -0.002291406039148569 -0.002291406039148569 -0.002291406039148569 -0.002291406039148569 -0.002291406039148569 -0.002291406039148569 -0.002291406039148569 -0.002291406039148569 -0.002291406039148569 -0.002291406039148569 -0.002291406039148569 -0.002291406039148569 -0.002291406039148569 -0.002291406039148569 -0.002291406039148569 -0.002291406039148569 -0.002291406039148569 -0.002291406039148569 -0.002291406039148569 -0.002291406039148569 -0.002291406039148569 -0.002291406039148569 -0.002291406039148569 -0.002291406039148569 -0.002291406039148569 -0.002291406039148569 -0.002291406039148569 -0.002291406039148569 -0.0027000263798981905