-0.36863070726394653 -0.36863070726394653 -0.36863070726394653 -0.36863070726394653 -0.36863070726394653 -0.36863070726394653 -0.21180589497089386 -0.21180589497089386 -0.21180589497089386 -0.36863070726394653 -0.21180589497089386 -0.21180589497089386 -0.21180589497089386 -0.21180589497089386 -0.21180589497089386 -0.21180589497089386 -0.21180589497089386 -0.21180589497089386 -0.21180589497089386 -0.21180589497089386 -0.266182005405426 -0.21180589497089386 -0.20905663073062897 -0.1717650294303894 -0.1721445620059967 -0.1721445620059967 -0.16185438632965088 -0.12646937370300293 -0.0864204466342926 -0.08724544942378998 -0.08709798008203506 -0.06747663766145706 -0.06971634179353714 -0.067937470972538 -0.05224170908331871 -0.03813114017248154 -0.013875516131520271 -0.007903523743152618 -0.007903523743152618 -0.005043469835072756 -0.0014838578645139933 -0.0014838578645139933 -0.0014951491029933095 -0.0017559255938977003 -0.001417631283402443 -0.0007931627915240824
-0.7603706121444702 -0.5861958265304565 -0.6463539004325867 -0.5861958265304565 -0.5881480574607849 -0.441951185464859 -0.21180589497089386 -0.21180589497089386 -0.21180589497089386 -0.36863070726394653 -0.21180589497089386 -0.21180589497089386 -0.21180589497089386 -0.21180589497089386 -0.21180589497089386 -0.21180589497089386 -0.21180589497089386 -0.21180589497089386 -0.21180589497089386 -0.21180589497089386 -0.266182005405426 -0.21180589497089386 -0.20905663073062897 -0.1717650294303894 -0.1721445620059967 -0.1721445620059967 -0.16185438632965088 -0.12646937370300293 -0.0864204466342926 -0.08724544942378998 -0.08709798008203506 -0.06747663766145706 -0.06971634179353714 -0.067937470972538 -0.05224170908331871 -0.03813114017248154 -0.013875516131520271 -0.007903523743152618 -0.007903523743152618 -0.005043469835072756 -0.0014838578645139933 -0.0014838578645139933 -0.0014951491029933095 -0.0017559255938977003 -0.001417631283402443 -0.0007931627915240824
-0.7236966490745544 -0.5861958265304565 -0.6463539004325867 -0.5861958265304565 -0.5881480574607849 -0.441951185464859 -0.21180589497089386 -0.21180589497089386 -0.21180589497089386 -0.36863070726394653 -0.21180589497089386 -0.21180589497089386 -0.21180589497089386 -0.21180589497089386 -0.21180589497089386 -0.21180589497089386 -0.21180589497089386 -0.21180589497089386 -0.21180589497089386 -0.21180589497089386 -0.266182005405426 -0.21180589497089386 -0.20905663073062897 -0.1717650294303894 -0.1721445620059967 -0.1721445620059967 -0.16185438632965088 -0.12646937370300293 -0.0864204466342926 -0.08724544942378998 -0.08709798008203506 -0.06747663766145706 -0.06971634179353714 -0.067937470972538 -0.05224170908331871 -0.03813114017248154 -0.013875516131520271 -0.007903523743152618 -0.007903523743152618 -0.005043469835072756 -0.0014838578645139933 -0.0014838578645139933 -0.0014951491029933095 -0.0017559255938977003 -0.001417631283402443 -0.0007931627915240824
-0.5861958265304565 -0.5861958265304565 -0.5861958265304565 -0.5861958265304565 -0.5861958265304565 -0.441951185464859 -0.21180589497089386 -0.21180589497089386 -0.21180589497089386 -0.36863070726394653 -0.21180589497089386 -0.21180589497089386 -0.21180589497089386 -0.21180589497089386 -0.21180589497089386 -0.21180589497089386 -0.21180589497089386 -0.21180589497089386 -0.21180589497089386 -0.21180589497089386 -0.266182005405426 -0.21180589497089386 -0.20905663073062897 -0.1717650294303894 -0.1721445620059967 -0.1721445620059967 -0.16185438632965088 -0.12646937370300293 -0.0864204466342926 -0.08724544942378998 -0.08709798008203506 -0.06747663766145706 -0.06971634179353714 -0.067937470972538 -0.05224170908331871 -0.03813114017248154 -0.013875516131520271 -0.007903523743152618 -0.007903523743152618 -0.005043469835072756 -0.0014838578645139933 -0.0014838578645139933 -0.0014951491029933095 -0.0017559255938977003 -0.001417631283402443 -0.0007931627915240824
-0.5861958265304565 -0.5861958265304565 -0.5861958265304565 -0.5861958265304565 -0.5861958265304565 -0.441951185464859 -0.21180589497089386 -0.21180589497089386 -0.21180589497089386 -0.36863070726394653 -0.21180589497089386 -0.21180589497089386 -0.21180589497089386 -0.21180589497089386 -0.21180589497089386 -0.21180589497089386 -0.21180589497089386 -0.21180589497089386 -0.21180589497089386 -0.21180589497089386 -0.266182005405426 -0.21180589497089386 -0.20905663073062897 -0.1717650294303894 -0.1721445620059967 -0.1721445620059967 -0.16185438632965088 -0.12646937370300293 -0.0864204466342926 -0.08724544942378998 -0.08709798008203506 -0.06747663766145706 -0.06971634179353714 -0.067937470972538 -0.05224170908331871 -0.03813114017248154 -0.013875516131520271 -0.007903523743152618 -0.007903523743152618 -0.005043469835072756 -0.0014838578645139933 -0.0014838578645139933 -0.0014951491029933095 -0.0017559255938977003 -0.001417631283402443 -0.0007931627915240824
-0.21180589497089386 -0.21180589497089386 -0.21180589497089386 -0.21180589497089386 -0.21180589497089386 -0.21180589497089386 -0.21203939616680145 -0.21203939616680145 -0.21203939616680145 -0.21180589497089386 -0.2829947769641876 -0.2829947769641876 -0.2829947769641876 -0.2829947769641876 -0.2829947769641876 -0.21203939616680145 -0.2829947769641876 -0.2829947769641876 -0.2829947769641876 -0.2829947769641876 -0.21180589497089386 -0.21203939616680145 -0.20905663073062897 -0.1717650294303894 -0.1721445620059967 -0.1721445620059967 -0.16185438632965088 -0.12646937370300293 -0.0864204466342926 -0.08724544942378998 -0.08709798008203506 -0.06747663766145706 -0.06971634179353714 -0.067937470972538 -0.05224170908331871 -0.03813114017248154 -0.013875516131520271 -0.007903523743152618 -0.007903523743152618 -0.005043469835072756 -0.0014838578645139933 -0.0014838578645139933 -0.0014951491029933095 -0.0017559255938977003 -0.001417631283402443 -0.0007931627915240824
-0.21180589497089386 -0.21180589497089386 -0.21180589497089386 -0.21180589497089386 -0.21180589497089386 -0.21180589497089386 -0.21203939616680145 -0.21203939616680145 -0.21203939616680145 -0.21180589497089386 -0.32140079140663147 -0.32140079140663147 -0.2829947769641876 -0.32140079140663147 -0.32140079140663147 -0.21203939616680145 -0.32140079140663147 -0.32140079140663147 -0.32140079140663147 -0.32140079140663147 -0.21180589497089386 -0.21203939616680145 -0.20905663073062897 -0.1717650294303894 -0.1721445620059967 -0.1721445620059967 -0.16185438632965088 -0.12646937370300293 -0.0864204466342926 -0.08724544942378998 -0.08709798008203506 -0.06747663766145706 -0.06971634179353714 -0.067937470972538 -0.05224170908331871 -0.03813114017248154 -0.013875516131520271 -0.007903523743152618 -0.007903523743152618 -0.005043469835072756 -0.0014838578645139933 -0.0014838578645139933 -0.0014951491029933095 -0.0017559255938977003 -0.001417631283402443 -0.0007931627915240824
-0.21180589497089386 -0.21180589497089386 -0.21180589497089386 -0.21180589497089386 -0.21180589497089386 -0.21180589497089386 -0.21203939616680145 -0.21203939616680145 -0.21203939616680145 -0.21180589497089386 -0.2829947769641876 -0.2829947769641876 -0.2829947769641876 -0.2829947769641876 -0.2829947769641876 -0.21203939616680145 -0.2829947769641876 -0.2829947769641876 -0.2829947769641876 -0.2829947769641876 -0.21180589497089386 -0.21203939616680145 -0.20905663073062897 -0.1717650294303894 -0.1721445620059967 -0.1721445620059967 -0.16185438632965088 -0.12646937370300293 -0.0864204466342926 -0.08724544942378998 -0.08709798008203506 -0.06747663766145706 -0.06971634179353714 -0.067937470972538 -0.05224170908331871 -0.03813114017248154 -0.013875516131520271 -0.007903523743152618 -0.007903523743152618 -0.005043469835072756 -0.0014838578645139933 -0.0014838578645139933 -0.0014951491029933095 -0.0017559255938977003 -0.001417631283402443 -0.0007931627915240824
-0.21180589497089386 -0.21180589497089386 -0.21180589497089386 -0.21180589497089386 -0.21180589497089386 -0.21180589497089386 -0.4006343185901642 -0.30459243059158325 -0.30459243059158325 -0.21180589497089386 -0.21203939616680145 -0.21203939616680145 -0.21203939616680145 -0.21203939616680145 -0.21203939616680145 -0.21555766463279724 -0.21203939616680145 -0.21203939616680145 -0.21203939616680145 -0.21203939616680145 -0.21180589497089386 -0.21919499337673187 -0.20905663073062897 -0.1717650294303894 -0.1721445620059967 -0.1721445620059967 -0.16185438632965088 -0.12646937370300293 -0.0864204466342926 -0.08724544942378998 -0.08709798008203506 -0.06747663766145706 -0.06971634179353714 -0.067937470972538 -0.05224170908331871 -0.03813114017248154 -0.013875516131520271 -0.007903523743152618 -0.007903523743152618 -0.005043469835072756 -0.0014838578645139933 -0.0014838578645139933 -0.0014951491029933095 -0.0017559255938977003 -0.001417631283402443 -0.0007931627915240824
-0.21180589497089386 -0.21180589497089386 -0.21180589497089386 -0.21180589497089386 -0.21180589497089386 -0.21180589497089386 -0.4006343185901642 -0.30459243059158325 -0.30459243059158325 -0.21180589497089386 -0.21203939616680145 -0.21203939616680145 -0.21203939616680145 -0.21203939616680145 -0.21203939616680145 -0.21555766463279724 -0.21203939616680145 -0.21203939616680145 -0.21203939616680145 -0.21203939616680145 -0.21180589497089386 -0.21919499337673187 -0.20905663073062897 -0.1717650294303894 -0.1721445620059967 -0.1721445620059967 -0.16185438632965088 -0.12646937370300293 -0.0864204466342926 -0.08724544942378998 -0.08709798008203506 -0.06747663766145706 -0.06971634179353714 -0.067937470972538 -0.05224170908331871 -0.03813114017248154 -0.013875516131520271 -0.007903523743152618 -0.007903523743152618 -0.005043469835072756 -0.0014838578645139933 -0.0014838578645139933 -0.0014951491029933095 -0.0017559255938977003 -0.001417631283402443 -0.0007931627915240824
-0.21180589497089386 -0.21180589497089386 -0.21180589497089386 -0.21180589497089386 -0.21180589497089386 -0.21180589497089386 -0.21203939616680145 -0.21203939616680145 -0.21203939616680145 -0.21180589497089386 -0.32140079140663147 -0.32140079140663147 -0.2829947769641876 -0.32140079140663147 -0.32140079140663147 -0.21203939616680145 -0.32140079140663147 -0.32140079140663147 -0.32140079140663147 -0.32140079140663147 -0.21180589497089386 -0.21203939616680145 -0.20905663073062897 -0.1717650294303894 -0.1721445620059967 -0.1721445620059967 -0.16185438632965088 -0.12646937370300293 -0.0864204466342926 -0.08724544942378998 -0.08709798008203506 -0.06747663766145706 -0.06971634179353714 -0.067937470972538 -0.05224170908331871 -0.03813114017248154 -0.013875516131520271 -0.007903523743152618 -0.007903523743152618 -0.005043469835072756 -0.0014838578645139933 -0.0014838578645139933 -0.0014951491029933095 -0.0017559255938977003 -0.001417631283402443 -0.0007931627915240824
-0.21180589497089386 -0.21180589497089386 -0.21180589497089386 -0.21180589497089386 -0.21180589497089386 -0.21180589497089386 -0.4006343185901642 -0.30459243059158325 -0.30459243059158325 -0.21180589497089386 -0.21203939616680145 -0.21203939616680145 -0.21203939616680145 -0.21203939616680145 -0.21203939616680145 -0.21555766463279724 -0.21203939616680145 -0.21203939616680145 -0.21203939616680145 -0.21203939616680145 -0.21180589497089386 -0.21919499337673187 -0.20905663073062897 -0.1717650294303894 -0.1721445620059967 -0.1721445620059967 -0.16185438632965088 -0.12646937370300293 -0.0864204466342926 -0.08724544942378998 -0.08709798008203506 -0.06747663766145706 -0.06971634179353714 -0.067937470972538 -0.05224170908331871 -0.03813114017248154 -0.013875516131520271 -0.007903523743152618 -0.007903523743152618 -0.005043469835072756 -0.0014838578645139933 -0.0014838578645139933 -0.0014951491029933095 -0.0017559255938977003 -0.001417631283402443 -0.0007931627915240824
-0.21180589497089386 -0.21180589497089386 -0.21180589497089386 -0.21180589497089386 -0.21180589497089386 -0.21180589497089386 -0.21203939616680145 -0.21203939616680145 -0.21203939616680145 -0.21180589497089386 -0.32140079140663147 -0.32140079140663147 -0.2829947769641876 -0.32140079140663147 -0.32140079140663147 -0.21203939616680145 -0.32140079140663147 -0.32140079140663147 -0.32140079140663147 -0.32140079140663147 -0.21180589497089386 -0.21203939616680145 -0.20905663073062897 -0.1717650294303894 -0.1721445620059967 -0.1721445620059967 -0.16185438632965088 -0.12646937370300293 -0.0864204466342926 -0.08724544942378998 -0.08709798008203506 -0.06747663766145706 -0.06971634179353714 -0.067937470972538 -0.05224170908331871 -0.03813114017248154 -0.013875516131520271 -0.007903523743152618 -0.007903523743152618 -0.005043469835072756 -0.0014838578645139933 -0.0014838578645139933 -0.0014951491029933095 -0.0017559255938977003 -0.001417631283402443 -0.0007931627915240824
-0.21180589497089386 -0.21180589497089386 -0.21180589497089386 -0.21180589497089386 -0.21180589497089386 -0.21180589497089386 -0.21203939616680145 -0.21203939616680145 -0.21203939616680145 -0.21180589497089386 -0.2829947769641876 -0.2829947769641876 -0.2829947769641876 -0.2829947769641876 -0.2829947769641876 -0.21203939616680145 -0.2829947769641876 -0.2829947769641876 -0.2829947769641876 -0.2829947769641876 -0.21180589497089386 -0.21203939616680145 -0.20905663073062897 -0.1717650294303894 -0.1721445620059967 -0.1721445620059967 -0.16185438632965088 -0.12646937370300293 -0.0864204466342926 -0.08724544942378998 -0.08709798008203506 -0.06747663766145706 -0.06971634179353714 -0.067937470972538 -0.05224170908331871 -0.03813114017248154 -0.013875516131520271 -0.007903523743152618 -0.007903523743152618 -0.005043469835072756 -0.0014838578645139933 -0.0014838578645139933 -0.0014951491029933095 -0.0017559255938977003 -0.001417631283402443 -0.0007931627915240824
-0.21180589497089386 -0.21180589497089386 -0.21180589497089386 -0.21180589497089386 -0.21180589497089386 -0.21180589497089386 -0.21203939616680145 -0.21203939616680145 -0.21203939616680145 -0.21180589497089386 -0.32140079140663147 -0.32140079140663147 -0.2829947769641876 -0.32140079140663147 -0.32140079140663147 -0.21203939616680145 -0.32140079140663147 -0.32140079140663147 -0.32140079140663147 -0.32140079140663147 -0.21180589497089386 -0.21203939616680145 -0.20905663073062897 -0.1717650294303894 -0.1721445620059967 -0.1721445620059967 -0.16185438632965088 -0.12646937370300293 -0.0864204466342926 -0.08724544942378998 -0.08709798008203506 -0.06747663766145706 -0.06971634179353714 -0.067937470972538 -0.05224170908331871 -0.03813114017248154 -0.013875516131520271 -0.007903523743152618 -0.007903523743152618 -0.005043469835072756 -0.0014838578645139933 -0.0014838578645139933 -0.0014951491029933095 -0.0017559255938977003 -0.001417631283402443 -0.0007931627915240824
-0.21180589497089386 -0.21180589497089386 -0.21180589497089386 -0.21180589497089386 -0.21180589497089386 -0.21180589497089386 -0.30459243059158325 -0.30459243059158325 -0.30459243059158325 -0.21180589497089386 -0.21203939616680145 -0.21203939616680145 -0.21203939616680145 -0.21203939616680145 -0.21203939616680145 -0.21555766463279724 -0.21203939616680145 -0.21203939616680145 -0.21203939616680145 -0.21203939616680145 -0.21180589497089386 -0.21919499337673187 -0.20905663073062897 -0.1717650294303894 -0.1721445620059967 -0.1721445620059967 -0.16185438632965088 -0.12646937370300293 -0.0864204466342926 -0.08724544942378998 -0.08709798008203506 -0.06747663766145706 -0.06971634179353714 -0.067937470972538 -0.05224170908331871 -0.03813114017248154 -0.013875516131520271 -0.007903523743152618 -0.007903523743152618 -0.005043469835072756 -0.0014838578645139933 -0.0014838578645139933 -0.0014951491029933095 -0.0017559255938977003 -0.001417631283402443 -0.0007931627915240824
-0.21180589497089386 -0.21180589497089386 -0.21180589497089386 -0.21180589497089386 -0.21180589497089386 -0.21180589497089386 -0.30459243059158325 -0.30459243059158325 -0.30459243059158325 -0.21180589497089386 -0.21203939616680145 -0.21203939616680145 -0.21203939616680145 -0.21203939616680145 -0.21203939616680145 -0.21555766463279724 -0.21203939616680145 -0.21203939616680145 -0.21203939616680145 -0.21203939616680145 -0.21180589497089386 -0.21919499337673187 -0.20905663073062897 -0.1717650294303894 -0.1721445620059967 -0.1721445620059967 -0.16185438632965088 -0.12646937370300293 -0.0864204466342926 -0.08724544942378998 -0.08709798008203506 -0.06747663766145706 -0.06971634179353714 -0.067937470972538 -0.05224170908331871 -0.03813114017248154 -0.013875516131520271 -0.007903523743152618 -0.007903523743152618 -0.005043469835072756 -0.0014838578645139933 -0.0014838578645139933 -0.0014951491029933095 -0.0017559255938977003 -0.001417631283402443 -0.0007931627915240824
-0.20905663073062897 -0.20905663073062897 -0.20905663073062897 -0.20905663073062897 -0.20905663073062897 -0.20905663073062897 -0.20905663073062897 -0.20905663073062897 -0.20905663073062897 -0.20905663073062897 -0.20905663073062897 -0.20905663073062897 -0.20905663073062897 -0.20905663073062897 -0.20905663073062897 -0.20905663073062897 -0.20905663073062897 -0.20905663073062897 -0.20905663073062897 -0.20905663073062897 -0.20905663073062897 -0.20905663073062897 -0.20905663073062897 -0.1717650294303894 -0.1721445620059967 -0.1721445620059967 -0.16185438632965088 -0.12646937370300293 -0.0864204466342926 -0.08724544942378998 -0.08709798008203506 -0.06747663766145706 -0.06971634179353714 -0.067937470972538 -0.05224170908331871 -0.03813114017248154 -0.013875516131520271 -0.007903523743152618 -0.007903523743152618 -0.005043469835072756 -0.0014838578645139933 -0.0014838578645139933 -0.0014951491029933095 -0.0017559255938977003 -0.001417631283402443 -0.0007931627915240824
-0.06747663766145706 -0.06747663766145706 -0.06747663766145706 -0.06747663766145706 -0.06747663766145706 -0.06747663766145706 -0.06747663766145706 -0.06747663766145706 -0.06747663766145706 -0.06747663766145706 -0.06747663766145706 -0.06747663766145706 -0.06747663766145706 -0.06747663766145706 -0.06747663766145706 -0.06747663766145706 -0.06747663766145706 -0.06747663766145706 -0.06747663766145706 -0.06747663766145706 -0.06747663766145706 -0.06747663766145706 -0.06747663766145706 -0.06747663766145706 -0.06747663766145706 -0.06747663766145706 -0.06747663766145706 -0.06747663766145706 -0.06747663766145706 -0.06747663766145706 -0.06747663766145706 -0.06747663766145706 -0.06747663766145706 -0.06747663766145706 -0.05224170908331871 -0.03813114017248154 -0.013875516131520271 -0.007903523743152618 -0.007903523743152618 -0.005043469835072756 -0.0014838578645139933 -0.0014838578645139933 -0.0014951491029933095 -0.0017559255938977003 -0.001417631283402443 -0.0007931627915240824
-0.16185438632965088 -0.16185438632965088 -0.16185438632965088 -0.16185438632965088 -0.16185438632965088 -0.16185438632965088 -0.16185438632965088 -0.16185438632965088 -0.16185438632965088 -0.16185438632965088 -0.16185438632965088 -0.16185438632965088 -0.16185438632965088 -0.16185438632965088 -0.16185438632965088 -0.16185438632965088 -0.16185438632965088 -0.16185438632965088 -0.16185438632965088 -0.16185438632965088 -0.16185438632965088 -0.16185438632965088 -0.16185438632965088 -0.16185438632965088 -0.16185438632965088 -0.16185438632965088 -0.16185438632965088 -0.12646937370300293 -0.0864204466342926 -0.08724544942378998 -0.08709798008203506 -0.06747663766145706 -0.06971634179353714 -0.067937470972538 -0.05224170908331871 -0.03813114017248154 -0.013875516131520271 -0.007903523743152618 -0.007903523743152618 -0.005043469835072756 -0.0014838578645139933 -0.0014838578645139933 -0.0014951491029933095 -0.0017559255938977003 -0.001417631283402443 -0.0007931627915240824
-0.12646937370300293 -0.12646937370300293 -0.12646937370300293 -0.12646937370300293 -0.12646937370300293 -0.12646937370300293 -0.12646937370300293 -0.12646937370300293 -0.12646937370300293 -0.12646937370300293 -0.12646937370300293 -0.12646937370300293 -0.12646937370300293 -0.12646937370300293 -0.12646937370300293 -0.12646937370300293 -0.12646937370300293 -0.12646937370300293 -0.12646937370300293 -0.12646937370300293 -0.12646937370300293 -0.12646937370300293 -0.12646937370300293 -0.12646937370300293 -0.12646937370300293 -0.12646937370300293 -0.12646937370300293 -0.12646937370300293 -0.0864204466342926 -0.08724544942378998 -0.08709798008203506 -0.06747663766145706 -0.06971634179353714 -0.067937470972538 -0.05224170908331871 -0.03813114017248154 -0.013875516131520271 -0.007903523743152618 -0.007903523743152618 -0.005043469835072756 -0.0014838578645139933 -0.0014838578645139933 -0.0014951491029933095 -0.0017559255938977003 -0.001417631283402443 -0.0007931627915240824
-0.21180589497089386 -0.21180589497089386 -0.21180589497089386 -0.21180589497089386 -0.21180589497089386 -0.21180589497089386 -0.21555766463279724 -0.21555766463279724 -0.21555766463279724 -0.21180589497089386 -0.21203939616680145 -0.21203939616680145 -0.21203939616680145 -0.21203939616680145 -0.21203939616680145 -0.32692110538482666 -0.21203939616680145 -0.21203939616680145 -0.21203939616680145 -0.21203939616680145 -0.21180589497089386 -0.21555766463279724 -0.20905663073062897 -0.1717650294303894 -0.1721445620059967 -0.1721445620059967 -0.16185438632965088 -0.12646937370300293 -0.0864204466342926 -0.08724544942378998 -0.08709798008203506 -0.06747663766145706 -0.06971634179353714 -0.067937470972538 -0.05224170908331871 -0.03813114017248154 -0.013875516131520271 -0.007903523743152618 -0.007903523743152618 -0.005043469835072756 -0.0014838578645139933 -0.0014838578645139933 -0.0014951491029933095 -0.0017559255938977003 -0.001417631283402443 -0.0007931627915240824
-0.21180589497089386 -0.21180589497089386 -0.21180589497089386 -0.21180589497089386 -0.21180589497089386 -0.21180589497089386 -0.21555766463279724 -0.21555766463279724 -0.21555766463279724 -0.21180589497089386 -0.21203939616680145 -0.21203939616680145 -0.21203939616680145 -0.21203939616680145 -0.21203939616680145 -0.32692110538482666 -0.21203939616680145 -0.21203939616680145 -0.21203939616680145 -0.21203939616680145 -0.21180589497089386 -0.21555766463279724 -0.20905663073062897 -0.1717650294303894 -0.1721445620059967 -0.1721445620059967 -0.16185438632965088 -0.12646937370300293 -0.0864204466342926 -0.08724544942378998 -0.08709798008203506 -0.06747663766145706 -0.06971634179353714 -0.067937470972538 -0.05224170908331871 -0.03813114017248154 -0.013875516131520271 -0.007903523743152618 -0.007903523743152618 -0.005043469835072756 -0.0014838578645139933 -0.0014838578645139933 -0.0014951491029933095 -0.0017559255938977003 -0.001417631283402443 -0.0007931627915240824
-0.12646937370300293 -0.12646937370300293 -0.12646937370300293 -0.12646937370300293 -0.12646937370300293 -0.12646937370300293 -0.12646937370300293 -0.12646937370300293 -0.12646937370300293 -0.12646937370300293 -0.12646937370300293 -0.12646937370300293 -0.12646937370300293 -0.12646937370300293 -0.12646937370300293 -0.12646937370300293 -0.12646937370300293 -0.12646937370300293 -0.12646937370300293 -0.12646937370300293 -0.12646937370300293 -0.12646937370300293 -0.12646937370300293 -0.12646937370300293 -0.12646937370300293 -0.12646937370300293 -0.12646937370300293 -0.1325797140598297 -0.0864204466342926 -0.08724544942378998 -0.08709798008203506 -0.06747663766145706 -0.06971634179353714 -0.067937470972538 -0.05224170908331871 -0.03813114017248154 -0.013875516131520271 -0.007903523743152618 -0.007903523743152618 -0.005043469835072756 -0.0014838578645139933 -0.0014838578645139933 -0.0014951491029933095 -0.0017559255938977003 -0.001417631283402443 -0.0007931627915240824
-0.21180589497089386 -0.21180589497089386 -0.21180589497089386 -0.21180589497089386 -0.21180589497089386 -0.21180589497089386 -0.21555766463279724 -0.21555766463279724 -0.21555766463279724 -0.21180589497089386 -0.21203939616680145 -0.21203939616680145 -0.21203939616680145 -0.21203939616680145 -0.21203939616680145 -0.31562238931655884 -0.21203939616680145 -0.21203939616680145 -0.21203939616680145 -0.21203939616680145 -0.21180589497089386 -0.21555766463279724 -0.20905663073062897 -0.1717650294303894 -0.1721445620059967 -0.1721445620059967 -0.16185438632965088 -0.12646937370300293 -0.0864204466342926 -0.08724544942378998 -0.08709798008203506 -0.06747663766145706 -0.06971634179353714 -0.067937470972538 -0.05224170908331871 -0.03813114017248154 -0.013875516131520271 -0.007903523743152618 -0.007903523743152618 -0.005043469835072756 -0.0014838578645139933 -0.0014838578645139933 -0.0014951491029933095 -0.0017559255938977003 -0.001417631283402443 -0.0007931627915240824
-0.21180589497089386 -0.21180589497089386 -0.21180589497089386 -0.21180589497089386 -0.21180589497089386 -0.21180589497089386 -0.21555766463279724 -0.21555766463279724 -0.21555766463279724 -0.21180589497089386 -0.21203939616680145 -0.21203939616680145 -0.21203939616680145 -0.21203939616680145 -0.21203939616680145 -0.30731505155563354 -0.21203939616680145 -0.21203939616680145 -0.21203939616680145 -0.21203939616680145 -0.21180589497089386 -0.21555766463279724 -0.20905663073062897 -0.1717650294303894 -0.1721445620059967 -0.1721445620059967 -0.16185438632965088 -0.12646937370300293 -0.0864204466342926 -0.08724544942378998 -0.08709798008203506 -0.06747663766145706 -0.06971634179353714 -0.067937470972538 -0.05224170908331871 -0.03813114017248154 -0.013875516131520271 -0.007903523743152618 -0.007903523743152618 -0.005043469835072756 -0.0014838578645139933 -0.0014838578645139933 -0.0014951491029933095 -0.0017559255938977003 -0.001417631283402443 -0.0007931627915240824
-0.21180589497089386 -0.21180589497089386 -0.21180589497089386 -0.21180589497089386 -0.21180589497089386 -0.21180589497089386 -0.21555766463279724 -0.21555766463279724 -0.21555766463279724 -0.21180589497089386 -0.21203939616680145 -0.21203939616680145 -0.21203939616680145 -0.21203939616680145 -0.21203939616680145 -0.26078084111213684 -0.21203939616680145 -0.21203939616680145 -0.21203939616680145 -0.21203939616680145 -0.21180589497089386 -0.21555766463279724 -0.20905663073062897 -0.1717650294303894 -0.1721445620059967 -0.1721445620059967 -0.16185438632965088 -0.12646937370300293 -0.0864204466342926 -0.08724544942378998 -0.08709798008203506 -0.06747663766145706 -0.06971634179353714 -0.067937470972538 -0.05224170908331871 -0.03813114017248154 -0.013875516131520271 -0.007903523743152618 -0.007903523743152618 -0.005043469835072756 -0.0014838578645139933 -0.0014838578645139933 -0.0014951491029933095 -0.0017559255938977003 -0.001417631283402443 -0.0007931627915240824
-0.25013619661331177 -0.25013619661331177 -0.25013619661331177 -0.25013619661331177 -0.25013619661331177 -0.25013619661331177 -0.21180589497089386 -0.21180589497089386 -0.21180589497089386 -0.25013619661331177 -0.21180589497089386 -0.21180589497089386 -0.21180589497089386 -0.21180589497089386 -0.21180589497089386 -0.21180589497089386 -0.21180589497089386 -0.21180589497089386 -0.21180589497089386 -0.21180589497089386 -0.25013619661331177 -0.21180589497089386 -0.20905663073062897 -0.1717650294303894 -0.1721445620059967 -0.1721445620059967 -0.16185438632965088 -0.12646937370300293 -0.0864204466342926 -0.08724544942378998 -0.08709798008203506 -0.06747663766145706 -0.06971634179353714 -0.067937470972538 -0.05224170908331871 -0.03813114017248154 -0.013875516131520271 -0.007903523743152618 -0.007903523743152618 -0.005043469835072756 -0.0014838578645139933 -0.0014838578645139933 -0.0014951491029933095 -0.0017559255938977003 -0.001417631283402443 -0.0007931627915240824
-0.20905663073062897 -0.20905663073062897 -0.20905663073062897 -0.20905663073062897 -0.20905663073062897 -0.20905663073062897 -0.20905663073062897 -0.20905663073062897 -0.20905663073062897 -0.20905663073062897 -0.20905663073062897 -0.20905663073062897 -0.20905663073062897 -0.20905663073062897 -0.20905663073062897 -0.20905663073062897 -0.20905663073062897 -0.20905663073062897 -0.20905663073062897 -0.20905663073062897 -0.20905663073062897 -0.20905663073062897 -0.20905663073062897 -0.1717650294303894 -0.1721445620059967 -0.1721445620059967 -0.16185438632965088 -0.12646937370300293 -0.0864204466342926 -0.08724544942378998 -0.08709798008203506 -0.06747663766145706 -0.06971634179353714 -0.067937470972538 -0.05224170908331871 -0.03813114017248154 -0.013875516131520271 -0.007903523743152618 -0.007903523743152618 -0.005043469835072756 -0.0014838578645139933 -0.0014838578645139933 -0.0014951491029933095 -0.0017559255938977003 -0.001417631283402443 -0.0007931627915240824
-0.21032585203647614 -0.21032585203647614 -0.21032585203647614 -0.21032585203647614 -0.21032585203647614 -0.21032585203647614 -0.21032585203647614 -0.21032585203647614 -0.21032585203647614 -0.21032585203647614 -0.21032585203647614 -0.21032585203647614 -0.21032585203647614 -0.21032585203647614 -0.21032585203647614 -0.21032585203647614 -0.21032585203647614 -0.21032585203647614 -0.21032585203647614 -0.21032585203647614 -0.21032585203647614 -0.21032585203647614 -0.20905663073062897 -0.1717650294303894 -0.1721445620059967 -0.1721445620059967 -0.16185438632965088 -0.12646937370300293 -0.0864204466342926 -0.08724544942378998 -0.08709798008203506 -0.06747663766145706 -0.06971634179353714 -0.067937470972538 -0.05224170908331871 -0.03813114017248154 -0.013875516131520271 -0.007903523743152618 -0.007903523743152618 -0.005043469835072756 -0.0014838578645139933 -0.0014838578645139933 -0.0014951491029933095 -0.0017559255938977003 -0.001417631283402443 -0.0007931627915240824
-0.20754721760749817 -0.20754721760749817 -0.20754721760749817 -0.20754721760749817 -0.20754721760749817 -0.20754721760749817 -0.20754721760749817 -0.20754721760749817 -0.20754721760749817 -0.20754721760749817 -0.20754721760749817 -0.20754721760749817 -0.20754721760749817 -0.20754721760749817 -0.20754721760749817 -0.20754721760749817 -0.20754721760749817 -0.20754721760749817 -0.20754721760749817 -0.20754721760749817 -0.20754721760749817 -0.20754721760749817 -0.20754721760749817 -0.1717650294303894 -0.1721445620059967 -0.1721445620059967 -0.16185438632965088 -0.12646937370300293 -0.0864204466342926 -0.08724544942378998 -0.08709798008203506 -0.06747663766145706 -0.06971634179353714 -0.067937470972538 -0.05224170908331871 -0.03813114017248154 -0.013875516131520271 -0.007903523743152618 -0.007903523743152618 -0.005043469835072756 -0.0014838578645139933 -0.0014838578645139933 -0.0014951491029933095 -0.0017559255938977003 -0.001417631283402443 -0.0007931627915240824
-0.067937470972538 -0.067937470972538 -0.067937470972538 -0.067937470972538 -0.067937470972538 -0.067937470972538 -0.067937470972538 -0.067937470972538 -0.067937470972538 -0.067937470972538 -0.067937470972538 -0.067937470972538 -0.067937470972538 -0.067937470972538 -0.067937470972538 -0.067937470972538 -0.067937470972538 -0.067937470972538 -0.067937470972538 -0.067937470972538 -0.067937470972538 -0.067937470972538 -0.067937470972538 -0.067937470972538 -0.067937470972538 -0.067937470972538 -0.067937470972538 -0.067937470972538 -0.067937470972538 -0.067937470972538 -0.067937470972538 -0.06747663766145706 -0.067937470972538 -0.067937470972538 -0.05224170908331871 -0.03813114017248154 -0.013875516131520271 -0.007903523743152618 -0.007903523743152618 -0.005043469835072756 -0.0014838578645139933 -0.0014838578645139933 -0.0014951491029933095 -0.0017559255938977003 -0.001417631283402443 -0.0007931627915240824
-0.16096055507659912 -0.16096055507659912 -0.16096055507659912 -0.16096055507659912 -0.16096055507659912 -0.16096055507659912 -0.16096055507659912 -0.16096055507659912 -0.16096055507659912 -0.16096055507659912 -0.16096055507659912 -0.16096055507659912 -0.16096055507659912 -0.16096055507659912 -0.16096055507659912 -0.16096055507659912 -0.16096055507659912 -0.16096055507659912 -0.16096055507659912 -0.16096055507659912 -0.16096055507659912 -0.16096055507659912 -0.16096055507659912 -0.16096055507659912 -0.16096055507659912 -0.16096055507659912 -0.16096055507659912 -0.12646937370300293 -0.0864204466342926 -0.08724544942378998 -0.08709798008203506 -0.06747663766145706 -0.06971634179353714 -0.067937470972538 -0.05224170908331871 -0.03813114017248154 -0.013875516131520271 -0.007903523743152618 -0.007903523743152618 -0.005043469835072756 -0.0014838578645139933 -0.0014838578645139933 -0.0014951491029933095 -0.0017559255938977003 -0.001417631283402443 -0.0007931627915240824
-0.14614719152450562 -0.14614719152450562 -0.14614719152450562 -0.14614719152450562 -0.14614719152450562 -0.14614719152450562 -0.14614719152450562 -0.14614719152450562 -0.14614719152450562 -0.14614719152450562 -0.14614719152450562 -0.14614719152450562 -0.14614719152450562 -0.14614719152450562 -0.14614719152450562 -0.14614719152450562 -0.14614719152450562 -0.14614719152450562 -0.14614719152450562 -0.14614719152450562 -0.14614719152450562 -0.14614719152450562 -0.14614719152450562 -0.14614719152450562 -0.14614719152450562 -0.14614719152450562 -0.14614719152450562 -0.12646937370300293 -0.0864204466342926 -0.08724544942378998 -0.08709798008203506 -0.06747663766145706 -0.06971634179353714 -0.067937470972538 -0.05224170908331871 -0.03813114017248154 -0.013875516131520271 -0.007903523743152618 -0.007903523743152618 -0.005043469835072756 -0.0014838578645139933 -0.0014838578645139933 -0.0014951491029933095 -0.0017559255938977003 -0.001417631283402443 -0.0007931627915240824
-0.14530998468399048 -0.14530998468399048 -0.14530998468399048 -0.14530998468399048 -0.14530998468399048 -0.14530998468399048 -0.14530998468399048 -0.14530998468399048 -0.14530998468399048 -0.14530998468399048 -0.14530998468399048 -0.14530998468399048 -0.14530998468399048 -0.14530998468399048 -0.14530998468399048 -0.14530998468399048 -0.14530998468399048 -0.14530998468399048 -0.14530998468399048 -0.14530998468399048 -0.14530998468399048 -0.14530998468399048 -0.14530998468399048 -0.14530998468399048 -0.14530998468399048 -0.14530998468399048 -0.14530998468399048 -0.12646937370300293 -0.0864204466342926 -0.08724544942378998 -0.08709798008203506 -0.06747663766145706 -0.06971634179353714 -0.067937470972538 -0.05224170908331871 -0.03813114017248154 -0.013875516131520271 -0.007903523743152618 -0.007903523743152618 -0.005043469835072756 -0.0014838578645139933 -0.0014838578645139933 -0.0014951491029933095 -0.0017559255938977003 -0.001417631283402443 -0.0007931627915240824
-0.06971634179353714 -0.06971634179353714 -0.06971634179353714 -0.06971634179353714 -0.06971634179353714 -0.06971634179353714 -0.06971634179353714 -0.06971634179353714 -0.06971634179353714 -0.06971634179353714 -0.06971634179353714 -0.06971634179353714 -0.06971634179353714 -0.06971634179353714 -0.06971634179353714 -0.06971634179353714 -0.06971634179353714 -0.06971634179353714 -0.06971634179353714 -0.06971634179353714 -0.06971634179353714 -0.06971634179353714 -0.06971634179353714 -0.06971634179353714 -0.06971634179353714 -0.06971634179353714 -0.06971634179353714 -0.06971634179353714 -0.06971634179353714 -0.06971634179353714 -0.06971634179353714 -0.06747663766145706 -0.06971634179353714 -0.067937470972538 -0.05224170908331871 -0.03813114017248154 -0.013875516131520271 -0.007903523743152618 -0.007903523743152618 -0.005043469835072756 -0.0014838578645139933 -0.0014838578645139933 -0.0014951491029933095 -0.0017559255938977003 -0.001417631283402443 -0.0007931627915240824
-0.12551744282245636 -0.12551744282245636 -0.12551744282245636 -0.12551744282245636 -0.12551744282245636 -0.12551744282245636 -0.12551744282245636 -0.12551744282245636 -0.12551744282245636 -0.12551744282245636 -0.12551744282245636 -0.12551744282245636 -0.12551744282245636 -0.12551744282245636 -0.12551744282245636 -0.12551744282245636 -0.12551744282245636 -0.12551744282245636 -0.12551744282245636 -0.12551744282245636 -0.12551744282245636 -0.12551744282245636 -0.12551744282245636 -0.12551744282245636 -0.12551744282245636 -0.12551744282245636 -0.12551744282245636 -0.12551744282245636 -0.0864204466342926 -0.08724544942378998 -0.08709798008203506 -0.06747663766145706 -0.06971634179353714 -0.067937470972538 -0.05224170908331871 -0.03813114017248154 -0.013875516131520271 -0.007903523743152618 -0.007903523743152618 -0.005043469835072756 -0.0014838578645139933 -0.0014838578645139933 -0.0014951491029933095 -0.0017559255938977003 -0.001417631283402443 -0.0007931627915240824
-0.12483774870634079 -0.12483774870634079 -0.12483774870634079 -0.12483774870634079 -0.12483774870634079 -0.12483774870634079 -0.12483774870634079 -0.12483774870634079 -0.12483774870634079 -0.12483774870634079 -0.12483774870634079 -0.12483774870634079 -0.12483774870634079 -0.12483774870634079 -0.12483774870634079 -0.12483774870634079 -0.12483774870634079 -0.12483774870634079 -0.12483774870634079 -0.12483774870634079 -0.12483774870634079 -0.12483774870634079 -0.12483774870634079 -0.12483774870634079 -0.12483774870634079 -0.12483774870634079 -0.12483774870634079 -0.12483774870634079 -0.0864204466342926 -0.08724544942378998 -0.08709798008203506 -0.06747663766145706 -0.06971634179353714 -0.067937470972538 -0.05224170908331871 -0.03813114017248154 -0.013875516131520271 -0.007903523743152618 -0.007903523743152618 -0.005043469835072756 -0.0014838578645139933 -0.0014838578645139933 -0.0014951491029933095 -0.0017559255938977003 -0.001417631283402443 -0.0007931627915240824
-0.05224170908331871 -0.05224170908331871 -0.05224170908331871 -0.05224170908331871 -0.05224170908331871 -0.05224170908331871 -0.05224170908331871 -0.05224170908331871 -0.05224170908331871 -0.05224170908331871 -0.05224170908331871 -0.05224170908331871 -0.05224170908331871 -0.05224170908331871 -0.05224170908331871 -0.05224170908331871 -0.05224170908331871 -0.05224170908331871 -0.05224170908331871 -0.05224170908331871 -0.05224170908331871 -0.05224170908331871 -0.05224170908331871 -0.05224170908331871 -0.05224170908331871 -0.05224170908331871 -0.05224170908331871 -0.05224170908331871 -0.05224170908331871 -0.05224170908331871 -0.05224170908331871 -0.05224170908331871 -0.05224170908331871 -0.05224170908331871 -0.05224170908331871 -0.03813114017248154 -0.013875516131520271 -0.007903523743152618 -0.007903523743152618 -0.005043469835072756 -0.0014838578645139933 -0.0014838578645139933 -0.0014951491029933095 -0.0017559255938977003 -0.001417631283402443 -0.0007931627915240824
-0.11352257430553436 -0.11352257430553436 -0.11352257430553436 -0.11352257430553436 -0.11352257430553436 -0.11352257430553436 -0.11352257430553436 -0.11352257430553436 -0.11352257430553436 -0.11352257430553436 -0.11352257430553436 -0.11352257430553436 -0.11352257430553436 -0.11352257430553436 -0.11352257430553436 -0.11352257430553436 -0.11352257430553436 -0.11352257430553436 -0.11352257430553436 -0.11352257430553436 -0.11352257430553436 -0.11352257430553436 -0.11352257430553436 -0.11352257430553436 -0.11352257430553436 -0.11352257430553436 -0.11352257430553436 -0.11352257430553436 -0.0864204466342926 -0.08724544942378998 -0.08709798008203506 -0.06747663766145706 -0.06971634179353714 -0.067937470972538 -0.05224170908331871 -0.03813114017248154 -0.013875516131520271 -0.007903523743152618 -0.007903523743152618 -0.005043469835072756 -0.0014838578645139933 -0.0014838578645139933 -0.0014951491029933095 -0.0017559255938977003 -0.001417631283402443 -0.0007931627915240824
-0.10353954136371613 -0.10353954136371613 -0.10353954136371613 -0.10353954136371613 -0.10353954136371613 -0.10353954136371613 -0.10353954136371613 -0.10353954136371613 -0.10353954136371613 -0.10353954136371613 -0.10353954136371613 -0.10353954136371613 -0.10353954136371613 -0.10353954136371613 -0.10353954136371613 -0.10353954136371613 -0.10353954136371613 -0.10353954136371613 -0.10353954136371613 -0.10353954136371613 -0.10353954136371613 -0.10353954136371613 -0.10353954136371613 -0.10353954136371613 -0.10353954136371613 -0.10353954136371613 -0.10353954136371613 -0.10353954136371613 -0.0864204466342926 -0.08724544942378998 -0.08709798008203506 -0.06747663766145706 -0.06971634179353714 -0.067937470972538 -0.05224170908331871 -0.03813114017248154 -0.013875516131520271 -0.007903523743152618 -0.007903523743152618 -0.005043469835072756 -0.0014838578645139933 -0.0014838578645139933 -0.0014951491029933095 -0.0017559255938977003 -0.001417631283402443 -0.0007931627915240824
-0.09927888214588165 -0.09927888214588165 -0.09927888214588165 -0.09927888214588165 -0.09927888214588165 -0.09927888214588165 -0.09927888214588165 -0.09927888214588165 -0.09927888214588165 -0.09927888214588165 -0.09927888214588165 -0.09927888214588165 -0.09927888214588165 -0.09927888214588165 -0.09927888214588165 -0.09927888214588165 -0.09927888214588165 -0.09927888214588165 -0.09927888214588165 -0.09927888214588165 -0.09927888214588165 -0.09927888214588165 -0.09927888214588165 -0.09927888214588165 -0.09927888214588165 -0.09927888214588165 -0.09927888214588165 -0.09927888214588165 -0.0864204466342926 -0.08724544942378998 -0.08709798008203506 -0.06747663766145706 -0.06971634179353714 -0.067937470972538 -0.05224170908331871 -0.03813114017248154 -0.013875516131520271 -0.007903523743152618 -0.007903523743152618 -0.005043469835072756 -0.0014838578645139933 -0.0014838578645139933 -0.0014951491029933095 -0.0017559255938977003 -0.001417631283402443 -0.0007931627915240824
-0.0981038436293602 -0.0981038436293602 -0.0981038436293602 -0.0981038436293602 -0.0981038436293602 -0.0981038436293602 -0.0981038436293602 -0.0981038436293602 -0.0981038436293602 -0.0981038436293602 -0.0981038436293602 -0.0981038436293602 -0.0981038436293602 -0.0981038436293602 -0.0981038436293602 -0.0981038436293602 -0.0981038436293602 -0.0981038436293602 -0.0981038436293602 -0.0981038436293602 -0.0981038436293602 -0.0981038436293602 -0.0981038436293602 -0.0981038436293602 -0.0981038436293602 -0.0981038436293602 -0.0981038436293602 -0.0981038436293602 -0.0864204466342926 -0.08724544942378998 -0.08709798008203506 -0.06747663766145706 -0.06971634179353714 -0.067937470972538 -0.05224170908331871 -0.03813114017248154 -0.013875516131520271 -0.007903523743152618 -0.007903523743152618 -0.005043469835072756 -0.0014838578645139933 -0.0014838578645139933 -0.0014951491029933095 -0.0017559255938977003 -0.001417631283402443 -0.0007931627915240824
-0.0864204466342926 -0.0864204466342926 -0.0864204466342926 -0.0864204466342926 -0.0864204466342926 -0.0864204466342926 -0.0864204466342926 -0.0864204466342926 -0.0864204466342926 -0.0864204466342926 -0.0864204466342926 -0.0864204466342926 -0.0864204466342926 -0.0864204466342926 -0.0864204466342926 -0.0864204466342926 -0.0864204466342926 -0.0864204466342926 -0.0864204466342926 -0.0864204466342926 -0.0864204466342926 -0.0864204466342926 -0.0864204466342926 -0.0864204466342926 -0.0864204466342926 -0.0864204466342926 -0.0864204466342926 -0.0864204466342926 -0.0864204466342926 -0.0864204466342926 -0.0864204466342926 -0.06747663766145706 -0.06971634179353714 -0.067937470972538 -0.05224170908331871 -0.03813114017248154 -0.013875516131520271 -0.007903523743152618 -0.007903523743152618 -0.005043469835072756 -0.0014838578645139933 -0.0014838578645139933 -0.0014951491029933095 -0.0017559255938977003 -0.001417631283402443 -0.0007931627915240824
-0.06747663766145706 -0.06747663766145706 -0.06747663766145706 -0.06747663766145706 -0.06747663766145706 -0.06747663766145706 -0.06747663766145706 -0.06747663766145706 -0.06747663766145706 -0.06747663766145706 -0.06747663766145706 -0.06747663766145706 -0.06747663766145706 -0.06747663766145706 -0.06747663766145706 -0.06747663766145706 -0.06747663766145706 -0.06747663766145706 -0.06747663766145706 -0.06747663766145706 -0.06747663766145706 -0.06747663766145706 -0.06747663766145706 -0.06747663766145706 -0.06747663766145706 -0.06747663766145706 -0.06747663766145706 -0.06747663766145706 -0.06747663766145706 -0.06747663766145706 -0.06747663766145706 -0.06747663766145706 -0.06747663766145706 -0.06747663766145706 -0.05224170908331871 -0.03813114017248154 -0.013875516131520271 -0.007903523743152618 -0.007903523743152618 -0.005043469835072756 -0.0014838578645139933 -0.0014838578645139933 -0.0014951491029933095 -0.0017559255938977003 -0.001417631283402443 -0.0007931627915240824
-0.03813114017248154 -0.03813114017248154 -0.03813114017248154 -0.03813114017248154 -0.03813114017248154 -0.03813114017248154 -0.03813114017248154 -0.03813114017248154 -0.03813114017248154 -0.03813114017248154 -0.03813114017248154 -0.03813114017248154 -0.03813114017248154 -0.03813114017248154 -0.03813114017248154 -0.03813114017248154 -0.03813114017248154 -0.03813114017248154 -0.03813114017248154 -0.03813114017248154 -0.03813114017248154 -0.03813114017248154 -0.03813114017248154 -0.03813114017248154 -0.03813114017248154 -0.03813114017248154 -0.03813114017248154 -0.03813114017248154 -0.03813114017248154 -0.03813114017248154 -0.03813114017248154 -0.03813114017248154 -0.03813114017248154 -0.03813114017248154 -0.03813114017248154 -0.04552236571907997 -0.013875516131520271 -0.007903523743152618 -0.007903523743152618 -0.005043469835072756 -0.0014838578645139933 -0.0014838578645139933 -0.0014951491029933095 -0.0017559255938977003 -0.001417631283402443 -0.0007931627915240824
-0.02542715147137642 -0.02542715147137642 -0.02542715147137642 -0.02542715147137642 -0.02542715147137642 -0.02542715147137642 -0.02542715147137642 -0.02542715147137642 -0.02542715147137642 -0.02542715147137642 -0.02542715147137642 -0.02542715147137642 -0.02542715147137642 -0.02542715147137642 -0.02542715147137642 -0.02542715147137642 -0.02542715147137642 -0.02542715147137642 -0.02542715147137642 -0.02542715147137642 -0.02542715147137642 -0.02542715147137642 -0.02542715147137642 -0.02542715147137642 -0.02542715147137642 -0.02542715147137642 -0.02542715147137642 -0.02542715147137642 -0.02542715147137642 -0.02542715147137642 -0.02542715147137642 -0.02542715147137642 -0.02542715147137642 -0.02542715147137642 -0.02542715147137642 -0.02542715147137642 -0.013875516131520271 -0.007903523743152618 -0.007903523743152618 -0.005043469835072756 -0.0014838578645139933 -0.0014838578645139933 -0.0014951491029933095 -0.0017559255938977003 -0.001417631283402443 -0.0007931627915240824
-0.005043469835072756 -0.005043469835072756 -0.005043469835072756 -0.005043469835072756 -0.005043469835072756 -0.005043469835072756 -0.005043469835072756 -0.005043469835072756 -0.005043469835072756 -0.005043469835072756 -0.005043469835072756 -0.005043469835072756 -0.005043469835072756 -0.005043469835072756 -0.005043469835072756 -0.005043469835072756 -0.005043469835072756 -0.005043469835072756 -0.005043469835072756 -0.005043469835072756 -0.005043469835072756 -0.005043469835072756 -0.005043469835072756 -0.005043469835072756 -0.005043469835072756 -0.005043469835072756 -0.005043469835072756 -0.005043469835072756 -0.005043469835072756 -0.005043469835072756 -0.005043469835072756 -0.005043469835072756 -0.005043469835072756 -0.005043469835072756 -0.005043469835072756 -0.005043469835072756 -0.005043469835072756 -0.005043469835072756 -0.005043469835072756 -0.008852184750139713 -0.0014838578645139933 -0.0014838578645139933 -0.0014951491029933095 -0.0017559255938977003 -0.001417631283402443 -0.0007931627915240824
-0.0068481359630823135 -0.0068481359630823135 -0.0068481359630823135 -0.0068481359630823135 -0.0068481359630823135 -0.0068481359630823135 -0.0068481359630823135 -0.0068481359630823135 -0.0068481359630823135 -0.0068481359630823135 -0.0068481359630823135 -0.0068481359630823135 -0.0068481359630823135 -0.0068481359630823135 -0.0068481359630823135 -0.0068481359630823135 -0.0068481359630823135 -0.0068481359630823135 -0.0068481359630823135 -0.0068481359630823135 -0.0068481359630823135 -0.0068481359630823135 -0.0068481359630823135 -0.0068481359630823135 -0.0068481359630823135 -0.0068481359630823135 -0.0068481359630823135 -0.0068481359630823135 -0.0068481359630823135 -0.0068481359630823135 -0.0068481359630823135 -0.0068481359630823135 -0.0068481359630823135 -0.0068481359630823135 -0.0068481359630823135 -0.0068481359630823135 -0.0068481359630823135 -0.0068481359630823135 -0.0068481359630823135 -0.005043469835072756 -0.0014838578645139933 -0.0014838578645139933 -0.0014951491029933095 -0.0017559255938977003 -0.001417631283402443 -0.0007931627915240824
-0.0014838578645139933 -0.0014838578645139933 -0.0014838578645139933 -0.0014838578645139933 -0.0014838578645139933 -0.0014838578645139933 -0.0014838578645139933 -0.0014838578645139933 -0.0014838578645139933 -0.0014838578645139933 -0.0014838578645139933 -0.0014838578645139933 -0.0014838578645139933 -0.0014838578645139933 -0.0014838578645139933 -0.0014838578645139933 -0.0014838578645139933 -0.0014838578645139933 -0.0014838578645139933 -0.0014838578645139933 -0.0014838578645139933 -0.0014838578645139933 -0.0014838578645139933 -0.0014838578645139933 -0.0014838578645139933 -0.0014838578645139933 -0.0014838578645139933 -0.0014838578645139933 -0.0014838578645139933 -0.0014838578645139933 -0.0014838578645139933 -0.0014838578645139933 -0.0014838578645139933 -0.0014838578645139933 -0.0014838578645139933 -0.0014838578645139933 -0.0014838578645139933 -0.0014838578645139933 -0.0014838578645139933 -0.0014838578645139933 -0.002026689238846302 -0.0018047424964606762 -0.0014838578645139933 -0.0014838578645139933 -0.001417631283402443 -0.0007931627915240824
-0.0014838578645139933 -0.0014838578645139933 -0.0014838578645139933 -0.0014838578645139933 -0.0014838578645139933 -0.0014838578645139933 -0.0014838578645139933 -0.0014838578645139933 -0.0014838578645139933 -0.0014838578645139933 -0.0014838578645139933 -0.0014838578645139933 -0.0014838578645139933 -0.0014838578645139933 -0.0014838578645139933 -0.0014838578645139933 -0.0014838578645139933 -0.0014838578645139933 -0.0014838578645139933 -0.0014838578645139933 -0.0014838578645139933 -0.0014838578645139933 -0.0014838578645139933 -0.0014838578645139933 -0.0014838578645139933 -0.0014838578645139933 -0.0014838578645139933 -0.0014838578645139933 -0.0014838578645139933 -0.0014838578645139933 -0.0014838578645139933 -0.0014838578645139933 -0.0014838578645139933 -0.0014838578645139933 -0.0014838578645139933 -0.0014838578645139933 -0.0014838578645139933 -0.0014838578645139933 -0.0014838578645139933 -0.0014838578645139933 -0.0018047424964606762 -0.001939344801940024 -0.0014838578645139933 -0.0014838578645139933 -0.001417631283402443 -0.0007931627915240824
-0.0014951491029933095 -0.0014951491029933095 -0.0014951491029933095 -0.0014951491029933095 -0.0014951491029933095 -0.0014951491029933095 -0.0014951491029933095 -0.0014951491029933095 -0.0014951491029933095 -0.0014951491029933095 -0.0014951491029933095 -0.0014951491029933095 -0.0014951491029933095 -0.0014951491029933095 -0.0014951491029933095 -0.0014951491029933095 -0.0014951491029933095 -0.0014951491029933095 -0.0014951491029933095 -0.0014951491029933095 -0.0014951491029933095 -0.0014951491029933095 -0.0014951491029933095 -0.0014951491029933095 -0.0014951491029933095 -0.0014951491029933095 -0.0014951491029933095 -0.0014951491029933095 -0.0014951491029933095 -0.0014951491029933095 -0.0014951491029933095 -0.0014951491029933095 -0.0014951491029933095 -0.0014951491029933095 -0.0014951491029933095 -0.0014951491029933095 -0.0014951491029933095 -0.0014951491029933095 -0.0014951491029933095 -0.0014951491029933095 -0.0014838578645139933 -0.0014838578645139933 -0.0018650523852556944 -0.0014951491029933095 -0.001417631283402443 -0.0007931627915240824
-0.0017559255938977003 -0.0017559255938977003 -0.0017559255938977003 -0.0017559255938977003 -0.0017559255938977003 -0.0017559255938977003 -0.0017559255938977003 -0.0017559255938977003 -0.0017559255938977003 -0.0017559255938977003 -0.0017559255938977003 -0.0017559255938977003 -0.0017559255938977003 -0.0017559255938977003 -0.0017559255938977003 -0.0017559255938977003 -0.0017559255938977003 -0.0017559255938977003 -0.0017559255938977003 -0.0017559255938977003 -0.0017559255938977003 -0.0017559255938977003 -0.0017559255938977003 -0.0017559255938977003 -0.0017559255938977003 -0.0017559255938977003 -0.0017559255938977003 -0.0017559255938977003 -0.0017559255938977003 -0.0017559255938977003 -0.0017559255938977003 -0.0017559255938977003 -0.0017559255938977003 -0.0017559255938977003 -0.0017559255938977003 -0.0017559255938977003 -0.0017559255938977003 -0.0017559255938977003 -0.0017559255938977003 -0.0017559255938977003 -0.0014838578645139933 -0.0014838578645139933 -0.0014951491029933095 -0.0017559255938977003 -0.001417631283402443 -0.0007931627915240824
-0.0027000263798981905 -0.0027000263798981905 -0.0027000263798981905 -0.0027000263798981905 -0.0027000263798981905 -0.0027000263798981905 -0.0027000263798981905 -0.0027000263798981905 -0.0027000263798981905 -0.0027000263798981905 -0.0027000263798981905 -0.0027000263798981905 -0.0027000263798981905 -0.0027000263798981905 -0.0027000263798981905 -0.0027000263798981905 -0.0027000263798981905 -0.0027000263798981905 -0.0027000263798981905 -0.0027000263798981905 -0.0027000263798981905 -0.0027000263798981905 -0.0027000263798981905 -0.0027000263798981905 -0.0027000263798981905 -0.0027000263798981905 -0.0027000263798981905 -0.0027000263798981905 -0.0027000263798981905 -0.0027000263798981905 -0.0027000263798981905 -0.0027000263798981905 -0.0027000263798981905 -0.0027000263798981905 -0.0027000263798981905 -0.0027000263798981905 -0.0027000263798981905 -0.0027000263798981905 -0.0027000263798981905 -0.0027000263798981905 -0.0014838578645139933 -0.0014838578645139933 -0.0014951491029933095 -0.0017559255938977003 -0.001417631283402443 -0.0007931627915240824