-0.7090579867362976 -0.5346801280975342 -0.5048165917396545 -0.4804876744747162 -0.4804876744747162 -0.4812100827693939 -0.1778102070093155 -0.41605517268180847 -0.19353912770748138 -0.1778102070093155 -0.1778102070093155 -0.19353912770748138 -0.19353912770748138 -0.19422070682048798 -0.19422070682048798 -0.19422070682048798 -0.19422070682048798 -0.1778102070093155 -0.1778102070093155 -0.14266444742679596 -0.14056967198848724 -0.10900036990642548 -0.035541098564863205 -0.02736268937587738 -0.02235371433198452 -0.017530076205730438 -0.017530076205730438 -0.004611325450241566 -0.010385345667600632 -0.005099428351968527 -0.0038409049157053232 -0.004362544044852257 -0.0037704743444919586 -0.0031596627086400986 -0.0027066206093877554 -0.0020830328576266766 -0.0013653947971761227 -0.0013042058562859893 -0.0011908754240721464
-0.4804876744747162 -0.4804876744747162 -0.4804876744747162 -0.49677950143814087 -0.48145395517349243 -0.4804876744747162 -0.1778102070093155 -0.41605517268180847 -0.19353912770748138 -0.1778102070093155 -0.1778102070093155 -0.19353912770748138 -0.19353912770748138 -0.19422070682048798 -0.19422070682048798 -0.19422070682048798 -0.19422070682048798 -0.1778102070093155 -0.1778102070093155 -0.14266444742679596 -0.14056967198848724 -0.10900036990642548 -0.035541098564863205 -0.02736268937587738 -0.02235371433198452 -0.017530076205730438 -0.017530076205730438 -0.004611325450241566 -0.010385345667600632 -0.005099428351968527 -0.0038409049157053232 -0.004362544044852257 -0.0037704743444919586 -0.0031596627086400986 -0.0027066206093877554 -0.0020830328576266766 -0.0013653947971761227 -0.0013042058562859893 -0.0011908754240721464
-0.41605517268180847 -0.41605517268180847 -0.41605517268180847 -0.41605517268180847 -0.41605517268180847 -0.41605517268180847 -0.1778102070093155 -0.41605517268180847 -0.19353912770748138 -0.1778102070093155 -0.1778102070093155 -0.19353912770748138 -0.19353912770748138 -0.19422070682048798 -0.19422070682048798 -0.19422070682048798 -0.19422070682048798 -0.1778102070093155 -0.1778102070093155 -0.14266444742679596 -0.14056967198848724 -0.10900036990642548 -0.035541098564863205 -0.02736268937587738 -0.02235371433198452 -0.017530076205730438 -0.017530076205730438 -0.004611325450241566 -0.010385345667600632 -0.005099428351968527 -0.0038409049157053232 -0.004362544044852257 -0.0037704743444919586 -0.0031596627086400986 -0.0027066206093877554 -0.0020830328576266766 -0.0013653947971761227 -0.0013042058562859893 -0.0011908754240721464
-0.1778102070093155 -0.1778102070093155 -0.1778102070093155 -0.1778102070093155 -0.1778102070093155 -0.1778102070093155 -0.4498273432254791 -0.1778102070093155 -0.1778102070093155 -0.23167838156223297 -0.2930620312690735 -0.1778102070093155 -0.1778102070093155 -0.1778102070093155 -0.1778102070093155 -0.1778102070093155 -0.1778102070093155 -0.1889672577381134 -0.18906523287296295 -0.14266444742679596 -0.14056967198848724 -0.10900036990642548 -0.035541098564863205 -0.02736268937587738 -0.02235371433198452 -0.017530076205730438 -0.017530076205730438 -0.004611325450241566 -0.010385345667600632 -0.005099428351968527 -0.0038409049157053232 -0.004362544044852257 -0.0037704743444919586 -0.0031596627086400986 -0.0027066206093877554 -0.0020830328576266766 -0.0013653947971761227 -0.0013042058562859893 -0.0011908754240721464
-0.1778102070093155 -0.1778102070093155 -0.1778102070093155 -0.1778102070093155 -0.1778102070093155 -0.1778102070093155 -0.2930620312690735 -0.1778102070093155 -0.1778102070093155 -0.23167838156223297 -0.2930620312690735 -0.1778102070093155 -0.1778102070093155 -0.1778102070093155 -0.1778102070093155 -0.1778102070093155 -0.1778102070093155 -0.1889672577381134 -0.18906523287296295 -0.14266444742679596 -0.14056967198848724 -0.10900036990642548 -0.035541098564863205 -0.02736268937587738 -0.02235371433198452 -0.017530076205730438 -0.017530076205730438 -0.004611325450241566 -0.010385345667600632 -0.005099428351968527 -0.0038409049157053232 -0.004362544044852257 -0.0037704743444919586 -0.0031596627086400986 -0.0027066206093877554 -0.0020830328576266766 -0.0013653947971761227 -0.0013042058562859893 -0.0011908754240721464
-0.1778102070093155 -0.1778102070093155 -0.1778102070093155 -0.1778102070093155 -0.1778102070093155 -0.1778102070093155 -0.23167838156223297 -0.1778102070093155 -0.1778102070093155 -0.23167838156223297 -0.23167838156223297 -0.1778102070093155 -0.1778102070093155 -0.1778102070093155 -0.1778102070093155 -0.1778102070093155 -0.1778102070093155 -0.1889672577381134 -0.18906523287296295 -0.14266444742679596 -0.14056967198848724 -0.10900036990642548 -0.035541098564863205 -0.02736268937587738 -0.02235371433198452 -0.017530076205730438 -0.017530076205730438 -0.004611325450241566 -0.010385345667600632 -0.005099428351968527 -0.0038409049157053232 -0.004362544044852257 -0.0037704743444919586 -0.0031596627086400986 -0.0027066206093877554 -0.0020830328576266766 -0.0013653947971761227 -0.0013042058562859893 -0.0011908754240721464
-0.1778102070093155 -0.1778102070093155 -0.1778102070093155 -0.1778102070093155 -0.1778102070093155 -0.1778102070093155 -0.23167838156223297 -0.1778102070093155 -0.1778102070093155 -0.3216857314109802 -0.23167838156223297 -0.1778102070093155 -0.1778102070093155 -0.1778102070093155 -0.1778102070093155 -0.1778102070093155 -0.1778102070093155 -0.1889672577381134 -0.18906523287296295 -0.14266444742679596 -0.14056967198848724 -0.10900036990642548 -0.035541098564863205 -0.02736268937587738 -0.02235371433198452 -0.017530076205730438 -0.017530076205730438 -0.004611325450241566 -0.010385345667600632 -0.005099428351968527 -0.0038409049157053232 -0.004362544044852257 -0.0037704743444919586 -0.0031596627086400986 -0.0027066206093877554 -0.0020830328576266766 -0.0013653947971761227 -0.0013042058562859893 -0.0011908754240721464
-0.1778102070093155 -0.1778102070093155 -0.1778102070093155 -0.1778102070093155 -0.1778102070093155 -0.1778102070093155 -0.23167838156223297 -0.1778102070093155 -0.1778102070093155 -0.3216857314109802 -0.23167838156223297 -0.1778102070093155 -0.1778102070093155 -0.1778102070093155 -0.1778102070093155 -0.1778102070093155 -0.1778102070093155 -0.1889672577381134 -0.18906523287296295 -0.14266444742679596 -0.14056967198848724 -0.10900036990642548 -0.035541098564863205 -0.02736268937587738 -0.02235371433198452 -0.017530076205730438 -0.017530076205730438 -0.004611325450241566 -0.010385345667600632 -0.005099428351968527 -0.0038409049157053232 -0.004362544044852257 -0.0037704743444919586 -0.0031596627086400986 -0.0027066206093877554 -0.0020830328576266766 -0.0013653947971761227 -0.0013042058562859893 -0.0011908754240721464
-0.1778102070093155 -0.1778102070093155 -0.1778102070093155 -0.1778102070093155 -0.1778102070093155 -0.1778102070093155 -0.23167838156223297 -0.1778102070093155 -0.1778102070093155 -0.3216857314109802 -0.23167838156223297 -0.1778102070093155 -0.1778102070093155 -0.1778102070093155 -0.1778102070093155 -0.1778102070093155 -0.1778102070093155 -0.1889672577381134 -0.18906523287296295 -0.14266444742679596 -0.14056967198848724 -0.10900036990642548 -0.035541098564863205 -0.02736268937587738 -0.02235371433198452 -0.017530076205730438 -0.017530076205730438 -0.004611325450241566 -0.010385345667600632 -0.005099428351968527 -0.0038409049157053232 -0.004362544044852257 -0.0037704743444919586 -0.0031596627086400986 -0.0027066206093877554 -0.0020830328576266766 -0.0013653947971761227 -0.0013042058562859893 -0.0011908754240721464
-0.1778102070093155 -0.1778102070093155 -0.1778102070093155 -0.1778102070093155 -0.1778102070093155 -0.1778102070093155 -0.23167838156223297 -0.1778102070093155 -0.1778102070093155 -0.3216857314109802 -0.23167838156223297 -0.1778102070093155 -0.1778102070093155 -0.1778102070093155 -0.1778102070093155 -0.1778102070093155 -0.1778102070093155 -0.1889672577381134 -0.18906523287296295 -0.14266444742679596 -0.14056967198848724 -0.10900036990642548 -0.035541098564863205 -0.02736268937587738 -0.02235371433198452 -0.017530076205730438 -0.017530076205730438 -0.004611325450241566 -0.010385345667600632 -0.005099428351968527 -0.0038409049157053232 -0.004362544044852257 -0.0037704743444919586 -0.0031596627086400986 -0.0027066206093877554 -0.0020830328576266766 -0.0013653947971761227 -0.0013042058562859893 -0.0011908754240721464
-0.1778102070093155 -0.1778102070093155 -0.1778102070093155 -0.1778102070093155 -0.1778102070093155 -0.1778102070093155 -0.23167838156223297 -0.1778102070093155 -0.1778102070093155 -0.3216857314109802 -0.23167838156223297 -0.1778102070093155 -0.1778102070093155 -0.1778102070093155 -0.1778102070093155 -0.1778102070093155 -0.1778102070093155 -0.1889672577381134 -0.18906523287296295 -0.14266444742679596 -0.14056967198848724 -0.10900036990642548 -0.035541098564863205 -0.02736268937587738 -0.02235371433198452 -0.017530076205730438 -0.017530076205730438 -0.004611325450241566 -0.010385345667600632 -0.005099428351968527 -0.0038409049157053232 -0.004362544044852257 -0.0037704743444919586 -0.0031596627086400986 -0.0027066206093877554 -0.0020830328576266766 -0.0013653947971761227 -0.0013042058562859893 -0.0011908754240721464
-0.1778102070093155 -0.1778102070093155 -0.1778102070093155 -0.1778102070093155 -0.1778102070093155 -0.1778102070093155 -0.23167838156223297 -0.1778102070093155 -0.1778102070093155 -0.3216857314109802 -0.23167838156223297 -0.1778102070093155 -0.1778102070093155 -0.1778102070093155 -0.1778102070093155 -0.1778102070093155 -0.1778102070093155 -0.1889672577381134 -0.18906523287296295 -0.14266444742679596 -0.14056967198848724 -0.10900036990642548 -0.035541098564863205 -0.02736268937587738 -0.02235371433198452 -0.017530076205730438 -0.017530076205730438 -0.004611325450241566 -0.010385345667600632 -0.005099428351968527 -0.0038409049157053232 -0.004362544044852257 -0.0037704743444919586 -0.0031596627086400986 -0.0027066206093877554 -0.0020830328576266766 -0.0013653947971761227 -0.0013042058562859893 -0.0011908754240721464
-0.1778102070093155 -0.1778102070093155 -0.1778102070093155 -0.1778102070093155 -0.1778102070093155 -0.1778102070093155 -0.23167838156223297 -0.1778102070093155 -0.1778102070093155 -0.3216857314109802 -0.23167838156223297 -0.1778102070093155 -0.1778102070093155 -0.1778102070093155 -0.1778102070093155 -0.1778102070093155 -0.1778102070093155 -0.1889672577381134 -0.18906523287296295 -0.14266444742679596 -0.14056967198848724 -0.10900036990642548 -0.035541098564863205 -0.02736268937587738 -0.02235371433198452 -0.017530076205730438 -0.017530076205730438 -0.004611325450241566 -0.010385345667600632 -0.005099428351968527 -0.0038409049157053232 -0.004362544044852257 -0.0037704743444919586 -0.0031596627086400986 -0.0027066206093877554 -0.0020830328576266766 -0.0013653947971761227 -0.0013042058562859893 -0.0011908754240721464
-0.1778102070093155 -0.1778102070093155 -0.1778102070093155 -0.1778102070093155 -0.1778102070093155 -0.1778102070093155 -0.23167838156223297 -0.1778102070093155 -0.1778102070093155 -0.3216857314109802 -0.23167838156223297 -0.1778102070093155 -0.1778102070093155 -0.1778102070093155 -0.1778102070093155 -0.1778102070093155 -0.1778102070093155 -0.1889672577381134 -0.18906523287296295 -0.14266444742679596 -0.14056967198848724 -0.10900036990642548 -0.035541098564863205 -0.02736268937587738 -0.02235371433198452 -0.017530076205730438 -0.017530076205730438 -0.004611325450241566 -0.010385345667600632 -0.005099428351968527 -0.0038409049157053232 -0.004362544044852257 -0.0037704743444919586 -0.0031596627086400986 -0.0027066206093877554 -0.0020830328576266766 -0.0013653947971761227 -0.0013042058562859893 -0.0011908754240721464
-0.19422070682048798 -0.19422070682048798 -0.19422070682048798 -0.19422070682048798 -0.19422070682048798 -0.19422070682048798 -0.1778102070093155 -0.19422070682048798 -0.19353912770748138 -0.1778102070093155 -0.1778102070093155 -0.19353912770748138 -0.19353912770748138 -0.22389622032642365 -0.23248109221458435 -0.23248109221458435 -0.24898019433021545 -0.1778102070093155 -0.1778102070093155 -0.14266444742679596 -0.14056967198848724 -0.10900036990642548 -0.035541098564863205 -0.02736268937587738 -0.02235371433198452 -0.017530076205730438 -0.017530076205730438 -0.004611325450241566 -0.010385345667600632 -0.005099428351968527 -0.0038409049157053232 -0.004362544044852257 -0.0037704743444919586 -0.0031596627086400986 -0.0027066206093877554 -0.0020830328576266766 -0.0013653947971761227 -0.0013042058562859893 -0.0011908754240721464
-0.02235371433198452 -0.02235371433198452 -0.02235371433198452 -0.02235371433198452 -0.02235371433198452 -0.02235371433198452 -0.02235371433198452 -0.02235371433198452 -0.02235371433198452 -0.02235371433198452 -0.02235371433198452 -0.02235371433198452 -0.02235371433198452 -0.02235371433198452 -0.02235371433198452 -0.02235371433198452 -0.02235371433198452 -0.02235371433198452 -0.02235371433198452 -0.02235371433198452 -0.02235371433198452 -0.02235371433198452 -0.02235371433198452 -0.02235371433198452 -0.02235371433198452 -0.017530076205730438 -0.017530076205730438 -0.004611325450241566 -0.010385345667600632 -0.005099428351968527 -0.0038409049157053232 -0.004362544044852257 -0.0037704743444919586 -0.0031596627086400986 -0.0027066206093877554 -0.0020830328576266766 -0.0013653947971761227 -0.0013042058562859893 -0.0011908754240721464
-0.19353912770748138 -0.19353912770748138 -0.19353912770748138 -0.19353912770748138 -0.19353912770748138 -0.19353912770748138 -0.1778102070093155 -0.19353912770748138 -0.30277109146118164 -0.1778102070093155 -0.1778102070093155 -0.30277109146118164 -0.25229334831237793 -0.19353912770748138 -0.19353912770748138 -0.19353912770748138 -0.19353912770748138 -0.1778102070093155 -0.1778102070093155 -0.14266444742679596 -0.14056967198848724 -0.10900036990642548 -0.035541098564863205 -0.02736268937587738 -0.02235371433198452 -0.017530076205730438 -0.017530076205730438 -0.004611325450241566 -0.010385345667600632 -0.005099428351968527 -0.0038409049157053232 -0.004362544044852257 -0.0037704743444919586 -0.0031596627086400986 -0.0027066206093877554 -0.0020830328576266766 -0.0013653947971761227 -0.0013042058562859893 -0.0011908754240721464
-0.19422070682048798 -0.19422070682048798 -0.19422070682048798 -0.19422070682048798 -0.19422070682048798 -0.19422070682048798 -0.1778102070093155 -0.19422070682048798 -0.19353912770748138 -0.1778102070093155 -0.1778102070093155 -0.19353912770748138 -0.19353912770748138 -0.22389622032642365 -0.2505480647087097 -0.2505480647087097 -0.23248109221458435 -0.1778102070093155 -0.1778102070093155 -0.14266444742679596 -0.14056967198848724 -0.10900036990642548 -0.035541098564863205 -0.02736268937587738 -0.02235371433198452 -0.017530076205730438 -0.017530076205730438 -0.004611325450241566 -0.010385345667600632 -0.005099428351968527 -0.0038409049157053232 -0.004362544044852257 -0.0037704743444919586 -0.0031596627086400986 -0.0027066206093877554 -0.0020830328576266766 -0.0013653947971761227 -0.0013042058562859893 -0.0011908754240721464
-0.10900036990642548 -0.10900036990642548 -0.10900036990642548 -0.10900036990642548 -0.10900036990642548 -0.10900036990642548 -0.10900036990642548 -0.10900036990642548 -0.10900036990642548 -0.10900036990642548 -0.10900036990642548 -0.10900036990642548 -0.10900036990642548 -0.10900036990642548 -0.10900036990642548 -0.10900036990642548 -0.10900036990642548 -0.10900036990642548 -0.10900036990642548 -0.10900036990642548 -0.10900036990642548 -0.10900036990642548 -0.035541098564863205 -0.02736268937587738 -0.02235371433198452 -0.017530076205730438 -0.017530076205730438 -0.004611325450241566 -0.010385345667600632 -0.005099428351968527 -0.0038409049157053232 -0.004362544044852257 -0.0037704743444919586 -0.0031596627086400986 -0.0027066206093877554 -0.0020830328576266766 -0.0013653947971761227 -0.0013042058562859893 -0.0011908754240721464
-0.02235371433198452 -0.02235371433198452 -0.02235371433198452 -0.02235371433198452 -0.02235371433198452 -0.02235371433198452 -0.02235371433198452 -0.02235371433198452 -0.02235371433198452 -0.02235371433198452 -0.02235371433198452 -0.02235371433198452 -0.02235371433198452 -0.02235371433198452 -0.02235371433198452 -0.02235371433198452 -0.02235371433198452 -0.02235371433198452 -0.02235371433198452 -0.02235371433198452 -0.02235371433198452 -0.02235371433198452 -0.02235371433198452 -0.02235371433198452 -0.02235371433198452 -0.017530076205730438 -0.017530076205730438 -0.004611325450241566 -0.010385345667600632 -0.005099428351968527 -0.0038409049157053232 -0.004362544044852257 -0.0037704743444919586 -0.0031596627086400986 -0.0027066206093877554 -0.0020830328576266766 -0.0013653947971761227 -0.0013042058562859893 -0.0011908754240721464
-0.19353912770748138 -0.19353912770748138 -0.19353912770748138 -0.19353912770748138 -0.19353912770748138 -0.19353912770748138 -0.1778102070093155 -0.19353912770748138 -0.25229334831237793 -0.1778102070093155 -0.1778102070093155 -0.25229334831237793 -0.25229334831237793 -0.19353912770748138 -0.19353912770748138 -0.19353912770748138 -0.19353912770748138 -0.1778102070093155 -0.1778102070093155 -0.14266444742679596 -0.14056967198848724 -0.10900036990642548 -0.035541098564863205 -0.02736268937587738 -0.02235371433198452 -0.017530076205730438 -0.017530076205730438 -0.004611325450241566 -0.010385345667600632 -0.005099428351968527 -0.0038409049157053232 -0.004362544044852257 -0.0037704743444919586 -0.0031596627086400986 -0.0027066206093877554 -0.0020830328576266766 -0.0013653947971761227 -0.0013042058562859893 -0.0011908754240721464
-0.1778102070093155 -0.1778102070093155 -0.1778102070093155 -0.1778102070093155 -0.1778102070093155 -0.1778102070093155 -0.23167838156223297 -0.1778102070093155 -0.1778102070093155 -0.23167838156223297 -0.23167838156223297 -0.1778102070093155 -0.1778102070093155 -0.1778102070093155 -0.1778102070093155 -0.1778102070093155 -0.1778102070093155 -0.1889672577381134 -0.18906523287296295 -0.14266444742679596 -0.14056967198848724 -0.10900036990642548 -0.035541098564863205 -0.02736268937587738 -0.02235371433198452 -0.017530076205730438 -0.017530076205730438 -0.004611325450241566 -0.010385345667600632 -0.005099428351968527 -0.0038409049157053232 -0.004362544044852257 -0.0037704743444919586 -0.0031596627086400986 -0.0027066206093877554 -0.0020830328576266766 -0.0013653947971761227 -0.0013042058562859893 -0.0011908754240721464
-0.14056967198848724 -0.14056967198848724 -0.14056967198848724 -0.14056967198848724 -0.14056967198848724 -0.14056967198848724 -0.14056967198848724 -0.14056967198848724 -0.14056967198848724 -0.14056967198848724 -0.14056967198848724 -0.14056967198848724 -0.14056967198848724 -0.14056967198848724 -0.14056967198848724 -0.14056967198848724 -0.14056967198848724 -0.14056967198848724 -0.14056967198848724 -0.14056967198848724 -0.14056967198848724 -0.10900036990642548 -0.035541098564863205 -0.02736268937587738 -0.02235371433198452 -0.017530076205730438 -0.017530076205730438 -0.004611325450241566 -0.010385345667600632 -0.005099428351968527 -0.0038409049157053232 -0.004362544044852257 -0.0037704743444919586 -0.0031596627086400986 -0.0027066206093877554 -0.0020830328576266766 -0.0013653947971761227 -0.0013042058562859893 -0.0011908754240721464
-0.19422070682048798 -0.19422070682048798 -0.19422070682048798 -0.19422070682048798 -0.19422070682048798 -0.19422070682048798 -0.1778102070093155 -0.19422070682048798 -0.19353912770748138 -0.1778102070093155 -0.1778102070093155 -0.19353912770748138 -0.19353912770748138 -0.25279858708381653 -0.22389622032642365 -0.22389622032642365 -0.22389622032642365 -0.1778102070093155 -0.1778102070093155 -0.14266444742679596 -0.14056967198848724 -0.10900036990642548 -0.035541098564863205 -0.02736268937587738 -0.02235371433198452 -0.017530076205730438 -0.017530076205730438 -0.004611325450241566 -0.010385345667600632 -0.005099428351968527 -0.0038409049157053232 -0.004362544044852257 -0.0037704743444919586 -0.0031596627086400986 -0.0027066206093877554 -0.0020830328576266766 -0.0013653947971761227 -0.0013042058562859893 -0.0011908754240721464
-0.017530076205730438 -0.017530076205730438 -0.017530076205730438 -0.017530076205730438 -0.017530076205730438 -0.017530076205730438 -0.017530076205730438 -0.017530076205730438 -0.017530076205730438 -0.017530076205730438 -0.017530076205730438 -0.017530076205730438 -0.017530076205730438 -0.017530076205730438 -0.017530076205730438 -0.017530076205730438 -0.017530076205730438 -0.017530076205730438 -0.017530076205730438 -0.017530076205730438 -0.017530076205730438 -0.017530076205730438 -0.017530076205730438 -0.017530076205730438 -0.017530076205730438 -0.017530076205730438 -0.017530076205730438 -0.004611325450241566 -0.010385345667600632 -0.005099428351968527 -0.0038409049157053232 -0.004362544044852257 -0.0037704743444919586 -0.0031596627086400986 -0.0027066206093877554 -0.0020830328576266766 -0.0013653947971761227 -0.0013042058562859893 -0.0011908754240721464
-0.10900036990642548 -0.10900036990642548 -0.10900036990642548 -0.10900036990642548 -0.10900036990642548 -0.10900036990642548 -0.10900036990642548 -0.10900036990642548 -0.10900036990642548 -0.10900036990642548 -0.10900036990642548 -0.10900036990642548 -0.10900036990642548 -0.10900036990642548 -0.10900036990642548 -0.10900036990642548 -0.10900036990642548 -0.10900036990642548 -0.10900036990642548 -0.10900036990642548 -0.10900036990642548 -0.11578278243541718 -0.035541098564863205 -0.02736268937587738 -0.02235371433198452 -0.017530076205730438 -0.017530076205730438 -0.004611325450241566 -0.010385345667600632 -0.005099428351968527 -0.0038409049157053232 -0.004362544044852257 -0.0037704743444919586 -0.0031596627086400986 -0.0027066206093877554 -0.0020830328576266766 -0.0013653947971761227 -0.0013042058562859893 -0.0011908754240721464
-0.1778102070093155 -0.1778102070093155 -0.1778102070093155 -0.1778102070093155 -0.1778102070093155 -0.1778102070093155 -0.1889672577381134 -0.1778102070093155 -0.1778102070093155 -0.1889672577381134 -0.1889672577381134 -0.1778102070093155 -0.1778102070093155 -0.1778102070093155 -0.1778102070093155 -0.1778102070093155 -0.1778102070093155 -0.1889672577381134 -0.1889672577381134 -0.14266444742679596 -0.14056967198848724 -0.10900036990642548 -0.035541098564863205 -0.02736268937587738 -0.02235371433198452 -0.017530076205730438 -0.017530076205730438 -0.004611325450241566 -0.010385345667600632 -0.005099428351968527 -0.0038409049157053232 -0.004362544044852257 -0.0037704743444919586 -0.0031596627086400986 -0.0027066206093877554 -0.0020830328576266766 -0.0013653947971761227 -0.0013042058562859893 -0.0011908754240721464
-0.1778102070093155 -0.1778102070093155 -0.1778102070093155 -0.1778102070093155 -0.1778102070093155 -0.1778102070093155 -0.1778102070093155 -0.1778102070093155 -0.1778102070093155 -0.1778102070093155 -0.1778102070093155 -0.1778102070093155 -0.1778102070093155 -0.1778102070093155 -0.1778102070093155 -0.1778102070093155 -0.1778102070093155 -0.1778102070093155 -0.1778102070093155 -0.14266444742679596 -0.14056967198848724 -0.10900036990642548 -0.035541098564863205 -0.02736268937587738 -0.02235371433198452 -0.017530076205730438 -0.017530076205730438 -0.004611325450241566 -0.010385345667600632 -0.005099428351968527 -0.0038409049157053232 -0.004362544044852257 -0.0037704743444919586 -0.0031596627086400986 -0.0027066206093877554 -0.0020830328576266766 -0.0013653947971761227 -0.0013042058562859893 -0.0011908754240721464
-0.14056967198848724 -0.14056967198848724 -0.14056967198848724 -0.14056967198848724 -0.14056967198848724 -0.14056967198848724 -0.14056967198848724 -0.14056967198848724 -0.14056967198848724 -0.14056967198848724 -0.14056967198848724 -0.14056967198848724 -0.14056967198848724 -0.14056967198848724 -0.14056967198848724 -0.14056967198848724 -0.14056967198848724 -0.14056967198848724 -0.14056967198848724 -0.14056967198848724 -0.14056967198848724 -0.10900036990642548 -0.035541098564863205 -0.02736268937587738 -0.02235371433198452 -0.017530076205730438 -0.017530076205730438 -0.004611325450241566 -0.010385345667600632 -0.005099428351968527 -0.0038409049157053232 -0.004362544044852257 -0.0037704743444919586 -0.0031596627086400986 -0.0027066206093877554 -0.0020830328576266766 -0.0013653947971761227 -0.0013042058562859893 -0.0011908754240721464
-0.017530076205730438 -0.017530076205730438 -0.017530076205730438 -0.017530076205730438 -0.017530076205730438 -0.017530076205730438 -0.017530076205730438 -0.017530076205730438 -0.017530076205730438 -0.017530076205730438 -0.017530076205730438 -0.017530076205730438 -0.017530076205730438 -0.017530076205730438 -0.017530076205730438 -0.017530076205730438 -0.017530076205730438 -0.017530076205730438 -0.017530076205730438 -0.017530076205730438 -0.017530076205730438 -0.017530076205730438 -0.017530076205730438 -0.017530076205730438 -0.017530076205730438 -0.017530076205730438 -0.017530076205730438 -0.004611325450241566 -0.010385345667600632 -0.005099428351968527 -0.0038409049157053232 -0.004362544044852257 -0.0037704743444919586 -0.0031596627086400986 -0.0027066206093877554 -0.0020830328576266766 -0.0013653947971761227 -0.0013042058562859893 -0.0011908754240721464
-0.010385345667600632 -0.010385345667600632 -0.010385345667600632 -0.010385345667600632 -0.010385345667600632 -0.010385345667600632 -0.010385345667600632 -0.010385345667600632 -0.010385345667600632 -0.010385345667600632 -0.010385345667600632 -0.010385345667600632 -0.010385345667600632 -0.010385345667600632 -0.010385345667600632 -0.010385345667600632 -0.010385345667600632 -0.010385345667600632 -0.010385345667600632 -0.010385345667600632 -0.010385345667600632 -0.010385345667600632 -0.010385345667600632 -0.010385345667600632 -0.010385345667600632 -0.010385345667600632 -0.010385345667600632 -0.004611325450241566 -0.010385345667600632 -0.005099428351968527 -0.0038409049157053232 -0.004362544044852257 -0.0037704743444919586 -0.0031596627086400986 -0.0027066206093877554 -0.0020830328576266766 -0.0013653947971761227 -0.0013042058562859893 -0.0011908754240721464
-0.09769696742296219 -0.09769696742296219 -0.09769696742296219 -0.09769696742296219 -0.09769696742296219 -0.09769696742296219 -0.09769696742296219 -0.09769696742296219 -0.09769696742296219 -0.09769696742296219 -0.09769696742296219 -0.09769696742296219 -0.09769696742296219 -0.09769696742296219 -0.09769696742296219 -0.09769696742296219 -0.09769696742296219 -0.09769696742296219 -0.09769696742296219 -0.09769696742296219 -0.09769696742296219 -0.09769696742296219 -0.035541098564863205 -0.02736268937587738 -0.02235371433198452 -0.017530076205730438 -0.017530076205730438 -0.004611325450241566 -0.010385345667600632 -0.005099428351968527 -0.0038409049157053232 -0.004362544044852257 -0.0037704743444919586 -0.0031596627086400986 -0.0027066206093877554 -0.0020830328576266766 -0.0013653947971761227 -0.0013042058562859893 -0.0011908754240721464
-0.09384474158287048 -0.09384474158287048 -0.09384474158287048 -0.09384474158287048 -0.09384474158287048 -0.09384474158287048 -0.09384474158287048 -0.09384474158287048 -0.09384474158287048 -0.09384474158287048 -0.09384474158287048 -0.09384474158287048 -0.09384474158287048 -0.09384474158287048 -0.09384474158287048 -0.09384474158287048 -0.09384474158287048 -0.09384474158287048 -0.09384474158287048 -0.09384474158287048 -0.09384474158287048 -0.09384474158287048 -0.035541098564863205 -0.02736268937587738 -0.02235371433198452 -0.017530076205730438 -0.017530076205730438 -0.004611325450241566 -0.010385345667600632 -0.005099428351968527 -0.0038409049157053232 -0.004362544044852257 -0.0037704743444919586 -0.0031596627086400986 -0.0027066206093877554 -0.0020830328576266766 -0.0013653947971761227 -0.0013042058562859893 -0.0011908754240721464
-0.09211678057909012 -0.09211678057909012 -0.09211678057909012 -0.09211678057909012 -0.09211678057909012 -0.09211678057909012 -0.09211678057909012 -0.09211678057909012 -0.09211678057909012 -0.09211678057909012 -0.09211678057909012 -0.09211678057909012 -0.09211678057909012 -0.09211678057909012 -0.09211678057909012 -0.09211678057909012 -0.09211678057909012 -0.09211678057909012 -0.09211678057909012 -0.09211678057909012 -0.09211678057909012 -0.09211678057909012 -0.035541098564863205 -0.02736268937587738 -0.02235371433198452 -0.017530076205730438 -0.017530076205730438 -0.004611325450241566 -0.010385345667600632 -0.005099428351968527 -0.0038409049157053232 -0.004362544044852257 -0.0037704743444919586 -0.0031596627086400986 -0.0027066206093877554 -0.0020830328576266766 -0.0013653947971761227 -0.0013042058562859893 -0.0011908754240721464
-0.0814199298620224 -0.0814199298620224 -0.0814199298620224 -0.0814199298620224 -0.0814199298620224 -0.0814199298620224 -0.0814199298620224 -0.0814199298620224 -0.0814199298620224 -0.0814199298620224 -0.0814199298620224 -0.0814199298620224 -0.0814199298620224 -0.0814199298620224 -0.0814199298620224 -0.0814199298620224 -0.0814199298620224 -0.0814199298620224 -0.0814199298620224 -0.0814199298620224 -0.0814199298620224 -0.0814199298620224 -0.035541098564863205 -0.02736268937587738 -0.02235371433198452 -0.017530076205730438 -0.017530076205730438 -0.004611325450241566 -0.010385345667600632 -0.005099428351968527 -0.0038409049157053232 -0.004362544044852257 -0.0037704743444919586 -0.0031596627086400986 -0.0027066206093877554 -0.0020830328576266766 -0.0013653947971761227 -0.0013042058562859893 -0.0011908754240721464
-0.07515091449022293 -0.07515091449022293 -0.07515091449022293 -0.07515091449022293 -0.07515091449022293 -0.07515091449022293 -0.07515091449022293 -0.07515091449022293 -0.07515091449022293 -0.07515091449022293 -0.07515091449022293 -0.07515091449022293 -0.07515091449022293 -0.07515091449022293 -0.07515091449022293 -0.07515091449022293 -0.07515091449022293 -0.07515091449022293 -0.07515091449022293 -0.07515091449022293 -0.07515091449022293 -0.07515091449022293 -0.035541098564863205 -0.02736268937587738 -0.02235371433198452 -0.017530076205730438 -0.017530076205730438 -0.004611325450241566 -0.010385345667600632 -0.005099428351968527 -0.0038409049157053232 -0.004362544044852257 -0.0037704743444919586 -0.0031596627086400986 -0.0027066206093877554 -0.0020830328576266766 -0.0013653947971761227 -0.0013042058562859893 -0.0011908754240721464
-0.07378347963094711 -0.07378347963094711 -0.07378347963094711 -0.07378347963094711 -0.07378347963094711 -0.07378347963094711 -0.07378347963094711 -0.07378347963094711 -0.07378347963094711 -0.07378347963094711 -0.07378347963094711 -0.07378347963094711 -0.07378347963094711 -0.07378347963094711 -0.07378347963094711 -0.07378347963094711 -0.07378347963094711 -0.07378347963094711 -0.07378347963094711 -0.07378347963094711 -0.07378347963094711 -0.07378347963094711 -0.035541098564863205 -0.02736268937587738 -0.02235371433198452 -0.017530076205730438 -0.017530076205730438 -0.004611325450241566 -0.010385345667600632 -0.005099428351968527 -0.0038409049157053232 -0.004362544044852257 -0.0037704743444919586 -0.0031596627086400986 -0.0027066206093877554 -0.0020830328576266766 -0.0013653947971761227 -0.0013042058562859893 -0.0011908754240721464
-0.005099428351968527 -0.005099428351968527 -0.005099428351968527 -0.005099428351968527 -0.005099428351968527 -0.005099428351968527 -0.005099428351968527 -0.005099428351968527 -0.005099428351968527 -0.005099428351968527 -0.005099428351968527 -0.005099428351968527 -0.005099428351968527 -0.005099428351968527 -0.005099428351968527 -0.005099428351968527 -0.005099428351968527 -0.005099428351968527 -0.005099428351968527 -0.005099428351968527 -0.005099428351968527 -0.005099428351968527 -0.005099428351968527 -0.005099428351968527 -0.005099428351968527 -0.005099428351968527 -0.005099428351968527 -0.004611325450241566 -0.005099428351968527 -0.005099428351968527 -0.0038409049157053232 -0.004362544044852257 -0.0037704743444919586 -0.0031596627086400986 -0.0027066206093877554 -0.0020830328576266766 -0.0013653947971761227 -0.0013042058562859893 -0.0011908754240721464
-0.035541098564863205 -0.035541098564863205 -0.035541098564863205 -0.035541098564863205 -0.035541098564863205 -0.035541098564863205 -0.035541098564863205 -0.035541098564863205 -0.035541098564863205 -0.035541098564863205 -0.035541098564863205 -0.035541098564863205 -0.035541098564863205 -0.035541098564863205 -0.035541098564863205 -0.035541098564863205 -0.035541098564863205 -0.035541098564863205 -0.035541098564863205 -0.035541098564863205 -0.035541098564863205 -0.035541098564863205 -0.035541098564863205 -0.02736268937587738 -0.02235371433198452 -0.017530076205730438 -0.017530076205730438 -0.004611325450241566 -0.010385345667600632 -0.005099428351968527 -0.0038409049157053232 -0.004362544044852257 -0.0037704743444919586 -0.0031596627086400986 -0.0027066206093877554 -0.0020830328576266766 -0.0013653947971761227 -0.0013042058562859893 -0.0011908754240721464
-0.017530076205730438 -0.017530076205730438 -0.017530076205730438 -0.017530076205730438 -0.017530076205730438 -0.017530076205730438 -0.017530076205730438 -0.017530076205730438 -0.017530076205730438 -0.017530076205730438 -0.017530076205730438 -0.017530076205730438 -0.017530076205730438 -0.017530076205730438 -0.017530076205730438 -0.017530076205730438 -0.017530076205730438 -0.017530076205730438 -0.017530076205730438 -0.017530076205730438 -0.017530076205730438 -0.017530076205730438 -0.017530076205730438 -0.017530076205730438 -0.017530076205730438 -0.017530076205730438 -0.017530076205730438 -0.004611325450241566 -0.010385345667600632 -0.005099428351968527 -0.0038409049157053232 -0.004362544044852257 -0.0037704743444919586 -0.0031596627086400986 -0.0027066206093877554 -0.0020830328576266766 -0.0013653947971761227 -0.0013042058562859893 -0.0011908754240721464
-0.035541098564863205 -0.035541098564863205 -0.035541098564863205 -0.035541098564863205 -0.035541098564863205 -0.035541098564863205 -0.035541098564863205 -0.035541098564863205 -0.035541098564863205 -0.035541098564863205 -0.035541098564863205 -0.035541098564863205 -0.035541098564863205 -0.035541098564863205 -0.035541098564863205 -0.035541098564863205 -0.035541098564863205 -0.035541098564863205 -0.035541098564863205 -0.035541098564863205 -0.035541098564863205 -0.035541098564863205 -0.03581899777054787 -0.02736268937587738 -0.02235371433198452 -0.017530076205730438 -0.017530076205730438 -0.004611325450241566 -0.010385345667600632 -0.005099428351968527 -0.0038409049157053232 -0.004362544044852257 -0.0037704743444919586 -0.0031596627086400986 -0.0027066206093877554 -0.0020830328576266766 -0.0013653947971761227 -0.0013042058562859893 -0.0011908754240721464
-0.04865218326449394 -0.04865218326449394 -0.04865218326449394 -0.04865218326449394 -0.04865218326449394 -0.04865218326449394 -0.04865218326449394 -0.04865218326449394 -0.04865218326449394 -0.04865218326449394 -0.04865218326449394 -0.04865218326449394 -0.04865218326449394 -0.04865218326449394 -0.04865218326449394 -0.04865218326449394 -0.04865218326449394 -0.04865218326449394 -0.04865218326449394 -0.04865218326449394 -0.04865218326449394 -0.04865218326449394 -0.035541098564863205 -0.02736268937587738 -0.02235371433198452 -0.017530076205730438 -0.017530076205730438 -0.004611325450241566 -0.010385345667600632 -0.005099428351968527 -0.0038409049157053232 -0.004362544044852257 -0.0037704743444919586 -0.0031596627086400986 -0.0027066206093877554 -0.0020830328576266766 -0.0013653947971761227 -0.0013042058562859893 -0.0011908754240721464
-0.04531519487500191 -0.04531519487500191 -0.04531519487500191 -0.04531519487500191 -0.04531519487500191 -0.04531519487500191 -0.04531519487500191 -0.04531519487500191 -0.04531519487500191 -0.04531519487500191 -0.04531519487500191 -0.04531519487500191 -0.04531519487500191 -0.04531519487500191 -0.04531519487500191 -0.04531519487500191 -0.04531519487500191 -0.04531519487500191 -0.04531519487500191 -0.04531519487500191 -0.04531519487500191 -0.04531519487500191 -0.035541098564863205 -0.02736268937587738 -0.02235371433198452 -0.017530076205730438 -0.017530076205730438 -0.004611325450241566 -0.010385345667600632 -0.005099428351968527 -0.0038409049157053232 -0.004362544044852257 -0.0037704743444919586 -0.0031596627086400986 -0.0027066206093877554 -0.0020830328576266766 -0.0013653947971761227 -0.0013042058562859893 -0.0011908754240721464
-0.02736268937587738 -0.02736268937587738 -0.02736268937587738 -0.02736268937587738 -0.02736268937587738 -0.02736268937587738 -0.02736268937587738 -0.02736268937587738 -0.02736268937587738 -0.02736268937587738 -0.02736268937587738 -0.02736268937587738 -0.02736268937587738 -0.02736268937587738 -0.02736268937587738 -0.02736268937587738 -0.02736268937587738 -0.02736268937587738 -0.02736268937587738 -0.02736268937587738 -0.02736268937587738 -0.02736268937587738 -0.02736268937587738 -0.027669548988342285 -0.02235371433198452 -0.017530076205730438 -0.017530076205730438 -0.004611325450241566 -0.010385345667600632 -0.005099428351968527 -0.0038409049157053232 -0.004362544044852257 -0.0037704743444919586 -0.0031596627086400986 -0.0027066206093877554 -0.0020830328576266766 -0.0013653947971761227 -0.0013042058562859893 -0.0011908754240721464
-0.02235371433198452 -0.02235371433198452 -0.02235371433198452 -0.02235371433198452 -0.02235371433198452 -0.02235371433198452 -0.02235371433198452 -0.02235371433198452 -0.02235371433198452 -0.02235371433198452 -0.02235371433198452 -0.02235371433198452 -0.02235371433198452 -0.02235371433198452 -0.02235371433198452 -0.02235371433198452 -0.02235371433198452 -0.02235371433198452 -0.02235371433198452 -0.02235371433198452 -0.02235371433198452 -0.02235371433198452 -0.02235371433198452 -0.02235371433198452 -0.024517687037587166 -0.017530076205730438 -0.017530076205730438 -0.004611325450241566 -0.010385345667600632 -0.005099428351968527 -0.0038409049157053232 -0.004362544044852257 -0.0037704743444919586 -0.0031596627086400986 -0.0027066206093877554 -0.0020830328576266766 -0.0013653947971761227 -0.0013042058562859893 -0.0011908754240721464
-0.004611325450241566 -0.004611325450241566 -0.004611325450241566 -0.004611325450241566 -0.004611325450241566 -0.004611325450241566 -0.004611325450241566 -0.004611325450241566 -0.004611325450241566 -0.004611325450241566 -0.004611325450241566 -0.004611325450241566 -0.004611325450241566 -0.004611325450241566 -0.004611325450241566 -0.004611325450241566 -0.004611325450241566 -0.004611325450241566 -0.004611325450241566 -0.004611325450241566 -0.004611325450241566 -0.004611325450241566 -0.004611325450241566 -0.004611325450241566 -0.004611325450241566 -0.004611325450241566 -0.004611325450241566 -0.011903726495802402 -0.004611325450241566 -0.004611325450241566 -0.0038409049157053232 -0.004362544044852257 -0.0037704743444919586 -0.0031596627086400986 -0.0027066206093877554 -0.0020830328576266766 -0.0013653947971761227 -0.0013042058562859893 -0.0011908754240721464
-0.0017911980394273996 -0.0017911980394273996 -0.0017911980394273996 -0.0017911980394273996 -0.0017911980394273996 -0.0017911980394273996 -0.0017911980394273996 -0.0017911980394273996 -0.0017911980394273996 -0.0017911980394273996 -0.0017911980394273996 -0.0017911980394273996 -0.0017911980394273996 -0.0017911980394273996 -0.0017911980394273996 -0.0017911980394273996 -0.0017911980394273996 -0.0017911980394273996 -0.0017911980394273996 -0.0017911980394273996 -0.0017911980394273996 -0.0017911980394273996 -0.0017911980394273996 -0.0017911980394273996 -0.0017911980394273996 -0.0017911980394273996 -0.0017911980394273996 -0.0017911980394273996 -0.0017911980394273996 -0.0017911980394273996 -0.0017911980394273996 -0.0017911980394273996 -0.0017911980394273996 -0.0017911980394273996 -0.0017911980394273996 -0.0017911980394273996 -0.0013653947971761227 -0.0013042058562859893 -0.0011908754240721464
-0.0017764318035915494 -0.0017764318035915494 -0.0017764318035915494 -0.0017764318035915494 -0.0017764318035915494 -0.0017764318035915494 -0.0017764318035915494 -0.0017764318035915494 -0.0017764318035915494 -0.0017764318035915494 -0.0017764318035915494 -0.0017764318035915494 -0.0017764318035915494 -0.0017764318035915494 -0.0017764318035915494 -0.0017764318035915494 -0.0017764318035915494 -0.0017764318035915494 -0.0017764318035915494 -0.0017764318035915494 -0.0017764318035915494 -0.0017764318035915494 -0.0017764318035915494 -0.0017764318035915494 -0.0017764318035915494 -0.0017764318035915494 -0.0017764318035915494 -0.0017764318035915494 -0.0017764318035915494 -0.0017764318035915494 -0.0017764318035915494 -0.0017764318035915494 -0.0017764318035915494 -0.0017764318035915494 -0.0017764318035915494 -0.0017764318035915494 -0.0013653947971761227 -0.0013042058562859893 -0.0011908754240721464
-0.001471515977755189 -0.001471515977755189 -0.001471515977755189 -0.001471515977755189 -0.001471515977755189 -0.001471515977755189 -0.001471515977755189 -0.001471515977755189 -0.001471515977755189 -0.001471515977755189 -0.001471515977755189 -0.001471515977755189 -0.001471515977755189 -0.001471515977755189 -0.001471515977755189 -0.001471515977755189 -0.001471515977755189 -0.001471515977755189 -0.001471515977755189 -0.001471515977755189 -0.001471515977755189 -0.001471515977755189 -0.001471515977755189 -0.001471515977755189 -0.001471515977755189 -0.001471515977755189 -0.001471515977755189 -0.001471515977755189 -0.001471515977755189 -0.001471515977755189 -0.001471515977755189 -0.001471515977755189 -0.001471515977755189 -0.001471515977755189 -0.001471515977755189 -0.001471515977755189 -0.0013653947971761227 -0.0013042058562859893 -0.0011908754240721464
-0.0007887934916652739 -0.0007887934916652739 -0.0007887934916652739 -0.0007887934916652739 -0.0007887934916652739 -0.0007887934916652739 -0.0007887934916652739 -0.0007887934916652739 -0.0007887934916652739 -0.0007887934916652739 -0.0007887934916652739 -0.0007887934916652739 -0.0007887934916652739 -0.0007887934916652739 -0.0007887934916652739 -0.0007887934916652739 -0.0007887934916652739 -0.0007887934916652739 -0.0007887934916652739 -0.0007887934916652739 -0.0007887934916652739 -0.0007887934916652739 -0.0007887934916652739 -0.0007887934916652739 -0.0007887934916652739 -0.0007887934916652739 -0.0007887934916652739 -0.0007887934916652739 -0.0007887934916652739 -0.0007887934916652739 -0.0007887934916652739 -0.0007887934916652739 -0.0007887934916652739 -0.0007887934916652739 -0.0007887934916652739 -0.0007887934916652739 -0.0007887934916652739 -0.0007887934916652739 -0.0007887934916652739
-0.0007703096489422023 -0.0007703096489422023 -0.0007703096489422023 -0.0007703096489422023 -0.0007703096489422023 -0.0007703096489422023 -0.0007703096489422023 -0.0007703096489422023 -0.0007703096489422023 -0.0007703096489422023 -0.0007703096489422023 -0.0007703096489422023 -0.0007703096489422023 -0.0007703096489422023 -0.0007703096489422023 -0.0007703096489422023 -0.0007703096489422023 -0.0007703096489422023 -0.0007703096489422023 -0.0007703096489422023 -0.0007703096489422023 -0.0007703096489422023 -0.0007703096489422023 -0.0007703096489422023 -0.0007703096489422023 -0.0007703096489422023 -0.0007703096489422023 -0.0007703096489422023 -0.0007703096489422023 -0.0007703096489422023 -0.0007703096489422023 -0.0007703096489422023 -0.0007703096489422023 -0.0007703096489422023 -0.0007703096489422023 -0.0007703096489422023 -0.0007703096489422023 -0.0007703096489422023 -0.0007703096489422023
-0.0007125184056349099 -0.0007125184056349099 -0.0007125184056349099 -0.0007125184056349099 -0.0007125184056349099 -0.0007125184056349099 -0.0007125184056349099 -0.0007125184056349099 -0.0007125184056349099 -0.0007125184056349099 -0.0007125184056349099 -0.0007125184056349099 -0.0007125184056349099 -0.0007125184056349099 -0.0007125184056349099 -0.0007125184056349099 -0.0007125184056349099 -0.0007125184056349099 -0.0007125184056349099 -0.0007125184056349099 -0.0007125184056349099 -0.0007125184056349099 -0.0007125184056349099 -0.0007125184056349099 -0.0007125184056349099 -0.0007125184056349099 -0.0007125184056349099 -0.0007125184056349099 -0.0007125184056349099 -0.0007125184056349099 -0.0007125184056349099 -0.0007125184056349099 -0.0007125184056349099 -0.0007125184056349099 -0.0007125184056349099 -0.0007125184056349099 -0.0007125184056349099 -0.0007125184056349099 -0.0007125184056349099
-0.0006804578006267548 -0.0006804578006267548 -0.0006804578006267548 -0.0006804578006267548 -0.0006804578006267548 -0.0006804578006267548 -0.0006804578006267548 -0.0006804578006267548 -0.0006804578006267548 -0.0006804578006267548 -0.0006804578006267548 -0.0006804578006267548 -0.0006804578006267548 -0.0006804578006267548 -0.0006804578006267548 -0.0006804578006267548 -0.0006804578006267548 -0.0006804578006267548 -0.0006804578006267548 -0.0006804578006267548 -0.0006804578006267548 -0.0006804578006267548 -0.0006804578006267548 -0.0006804578006267548 -0.0006804578006267548 -0.0006804578006267548 -0.0006804578006267548 -0.0006804578006267548 -0.0006804578006267548 -0.0006804578006267548 -0.0006804578006267548 -0.0006804578006267548 -0.0006804578006267548 -0.0006804578006267548 -0.0006804578006267548 -0.0006804578006267548 -0.0006804578006267548 -0.0006804578006267548 -0.0006804578006267548