-0.8477005362510681 -0.8477005362510681 -0.6350709795951843 -0.6404568552970886 -0.6350709795951843 -0.19481955468654633 -0.3355730175971985 -0.2589944899082184 -0.2589944899082184 -0.19481955468654633 -0.19481955468654633 -0.19481955468654633 -0.19481955468654633 -0.2589944899082184 -0.19481955468654633 -0.19481955468654633 -0.19481955468654633 -0.19481955468654633 -0.19481955468654633 -0.19481955468654633 -0.19481955468654633 -0.2589944899082184 -0.3441419005393982 -0.2589944899082184 -0.2589944899082184 -0.2589944899082184 -0.2589944899082184 -0.2531321942806244 -0.1862582564353943 -0.19481955468654633 -0.19481955468654633 -0.19481955468654633 -0.19481955468654633 -0.19481955468654633 -0.18008463084697723 -0.1862582564353943 -0.17117738723754883 -0.15383552014827728 -0.09342502057552338 -0.14305870234966278 -0.11791287362575531 -0.09342502057552338 -0.09342502057552338 -0.09342502057552338 -0.09342502057552338 -0.09342502057552338 -0.09342502057552338 -0.04985010623931885 -0.028149684891104698 -0.009064682759344578 -0.004114058334380388 -0.00456634908914566 -0.004658920224756002 -0.004213373176753521 -0.0007127703865990043 -0.0008422641549259424 -0.000789176148828119
-0.6350709795951843 -0.6350709795951843 -0.7687152624130249 -0.6350709795951843 -0.6362527012825012 -0.19481955468654633 -0.3355730175971985 -0.2589944899082184 -0.2589944899082184 -0.19481955468654633 -0.19481955468654633 -0.19481955468654633 -0.19481955468654633 -0.2589944899082184 -0.19481955468654633 -0.19481955468654633 -0.19481955468654633 -0.19481955468654633 -0.19481955468654633 -0.19481955468654633 -0.19481955468654633 -0.2589944899082184 -0.3441419005393982 -0.2589944899082184 -0.2589944899082184 -0.2589944899082184 -0.2589944899082184 -0.2531321942806244 -0.1862582564353943 -0.19481955468654633 -0.19481955468654633 -0.19481955468654633 -0.19481955468654633 -0.19481955468654633 -0.18008463084697723 -0.1862582564353943 -0.17117738723754883 -0.15383552014827728 -0.09342502057552338 -0.14305870234966278 -0.11791287362575531 -0.09342502057552338 -0.09342502057552338 -0.09342502057552338 -0.09342502057552338 -0.09342502057552338 -0.09342502057552338 -0.04985010623931885 -0.028149684891104698 -0.009064682759344578 -0.004114058334380388 -0.00456634908914566 -0.004658920224756002 -0.004213373176753521 -0.0007127703865990043 -0.0008422641549259424 -0.000789176148828119
-0.7187901139259338 -0.7187901139259338 -0.6350709795951843 -0.6404568552970886 -0.6350709795951843 -0.19481955468654633 -0.3355730175971985 -0.2589944899082184 -0.2589944899082184 -0.19481955468654633 -0.19481955468654633 -0.19481955468654633 -0.19481955468654633 -0.2589944899082184 -0.19481955468654633 -0.19481955468654633 -0.19481955468654633 -0.19481955468654633 -0.19481955468654633 -0.19481955468654633 -0.19481955468654633 -0.2589944899082184 -0.3441419005393982 -0.2589944899082184 -0.2589944899082184 -0.2589944899082184 -0.2589944899082184 -0.2531321942806244 -0.1862582564353943 -0.19481955468654633 -0.19481955468654633 -0.19481955468654633 -0.19481955468654633 -0.19481955468654633 -0.18008463084697723 -0.1862582564353943 -0.17117738723754883 -0.15383552014827728 -0.09342502057552338 -0.14305870234966278 -0.11791287362575531 -0.09342502057552338 -0.09342502057552338 -0.09342502057552338 -0.09342502057552338 -0.09342502057552338 -0.09342502057552338 -0.04985010623931885 -0.028149684891104698 -0.009064682759344578 -0.004114058334380388 -0.00456634908914566 -0.004658920224756002 -0.004213373176753521 -0.0007127703865990043 -0.0008422641549259424 -0.000789176148828119
-0.19481955468654633 -0.19481955468654633 -0.19481955468654633 -0.19481955468654633 -0.19481955468654633 -0.4893331825733185 -0.19481955468654633 -0.19481955468654633 -0.19481955468654633 -0.3600141108036041 -0.3600141108036041 -0.3600141108036041 -0.3600141108036041 -0.19481955468654633 -0.3600141108036041 -0.31801655888557434 -0.3600141108036041 -0.3600141108036041 -0.3600141108036041 -0.3600141108036041 -0.35240671038627625 -0.19481955468654633 -0.19481955468654633 -0.19481955468654633 -0.19481955468654633 -0.19481955468654633 -0.19481955468654633 -0.19481955468654633 -0.1862582564353943 -0.19955682754516602 -0.19955682754516602 -0.19955682754516602 -0.2016604095697403 -0.19955682754516602 -0.18008463084697723 -0.1862582564353943 -0.17117738723754883 -0.15383552014827728 -0.09342502057552338 -0.14305870234966278 -0.11791287362575531 -0.09342502057552338 -0.09342502057552338 -0.09342502057552338 -0.09342502057552338 -0.09342502057552338 -0.09342502057552338 -0.04985010623931885 -0.028149684891104698 -0.009064682759344578 -0.004114058334380388 -0.00456634908914566 -0.004658920224756002 -0.004213373176753521 -0.0007127703865990043 -0.0008422641549259424 -0.000789176148828119
-0.19481955468654633 -0.19481955468654633 -0.19481955468654633 -0.19481955468654633 -0.19481955468654633 -0.4893331825733185 -0.19481955468654633 -0.19481955468654633 -0.19481955468654633 -0.3600141108036041 -0.3600141108036041 -0.3600141108036041 -0.3600141108036041 -0.19481955468654633 -0.3600141108036041 -0.31801655888557434 -0.3600141108036041 -0.3600141108036041 -0.3600141108036041 -0.3600141108036041 -0.35240671038627625 -0.19481955468654633 -0.19481955468654633 -0.19481955468654633 -0.19481955468654633 -0.19481955468654633 -0.19481955468654633 -0.19481955468654633 -0.1862582564353943 -0.19955682754516602 -0.19955682754516602 -0.19955682754516602 -0.2016604095697403 -0.19955682754516602 -0.18008463084697723 -0.1862582564353943 -0.17117738723754883 -0.15383552014827728 -0.09342502057552338 -0.14305870234966278 -0.11791287362575531 -0.09342502057552338 -0.09342502057552338 -0.09342502057552338 -0.09342502057552338 -0.09342502057552338 -0.09342502057552338 -0.04985010623931885 -0.028149684891104698 -0.009064682759344578 -0.004114058334380388 -0.00456634908914566 -0.004658920224756002 -0.004213373176753521 -0.0007127703865990043 -0.0008422641549259424 -0.000789176148828119
-0.19481955468654633 -0.19481955468654633 -0.19481955468654633 -0.19481955468654633 -0.19481955468654633 -0.4893331825733185 -0.19481955468654633 -0.19481955468654633 -0.19481955468654633 -0.3600141108036041 -0.3600141108036041 -0.3600141108036041 -0.3600141108036041 -0.19481955468654633 -0.3600141108036041 -0.31801655888557434 -0.3600141108036041 -0.3600141108036041 -0.3600141108036041 -0.3600141108036041 -0.35240671038627625 -0.19481955468654633 -0.19481955468654633 -0.19481955468654633 -0.19481955468654633 -0.19481955468654633 -0.19481955468654633 -0.19481955468654633 -0.1862582564353943 -0.19955682754516602 -0.19955682754516602 -0.19955682754516602 -0.2016604095697403 -0.19955682754516602 -0.18008463084697723 -0.1862582564353943 -0.17117738723754883 -0.15383552014827728 -0.09342502057552338 -0.14305870234966278 -0.11791287362575531 -0.09342502057552338 -0.09342502057552338 -0.09342502057552338 -0.09342502057552338 -0.09342502057552338 -0.09342502057552338 -0.04985010623931885 -0.028149684891104698 -0.009064682759344578 -0.004114058334380388 -0.00456634908914566 -0.004658920224756002 -0.004213373176753521 -0.0007127703865990043 -0.0008422641549259424 -0.000789176148828119
-0.19481955468654633 -0.19481955468654633 -0.19481955468654633 -0.19481955468654633 -0.19481955468654633 -0.3600141108036041 -0.19481955468654633 -0.19481955468654633 -0.19481955468654633 -0.3620823621749878 -0.3620823621749878 -0.36181849241256714 -0.36181849241256714 -0.19481955468654633 -0.3620823621749878 -0.31801655888557434 -0.36181849241256714 -0.3620823621749878 -0.36181849241256714 -0.3623577952384949 -0.35240671038627625 -0.19481955468654633 -0.19481955468654633 -0.19481955468654633 -0.19481955468654633 -0.19481955468654633 -0.19481955468654633 -0.19481955468654633 -0.1862582564353943 -0.19955682754516602 -0.19955682754516602 -0.19955682754516602 -0.2016604095697403 -0.19955682754516602 -0.18008463084697723 -0.1862582564353943 -0.17117738723754883 -0.15383552014827728 -0.09342502057552338 -0.14305870234966278 -0.11791287362575531 -0.09342502057552338 -0.09342502057552338 -0.09342502057552338 -0.09342502057552338 -0.09342502057552338 -0.09342502057552338 -0.04985010623931885 -0.028149684891104698 -0.009064682759344578 -0.004114058334380388 -0.00456634908914566 -0.004658920224756002 -0.004213373176753521 -0.0007127703865990043 -0.0008422641549259424 -0.000789176148828119
-0.19481955468654633 -0.19481955468654633 -0.19481955468654633 -0.19481955468654633 -0.19481955468654633 -0.3600141108036041 -0.19481955468654633 -0.19481955468654633 -0.19481955468654633 -0.3623991012573242 -0.3623991012573242 -0.36181849241256714 -0.36181849241256714 -0.19481955468654633 -0.3623991012573242 -0.31801655888557434 -0.36181849241256714 -0.3630775213241577 -0.36181849241256714 -0.3620823621749878 -0.35240671038627625 -0.19481955468654633 -0.19481955468654633 -0.19481955468654633 -0.19481955468654633 -0.19481955468654633 -0.19481955468654633 -0.19481955468654633 -0.1862582564353943 -0.19955682754516602 -0.19955682754516602 -0.19955682754516602 -0.2016604095697403 -0.19955682754516602 -0.18008463084697723 -0.1862582564353943 -0.17117738723754883 -0.15383552014827728 -0.09342502057552338 -0.14305870234966278 -0.11791287362575531 -0.09342502057552338 -0.09342502057552338 -0.09342502057552338 -0.09342502057552338 -0.09342502057552338 -0.09342502057552338 -0.04985010623931885 -0.028149684891104698 -0.009064682759344578 -0.004114058334380388 -0.00456634908914566 -0.004658920224756002 -0.004213373176753521 -0.0007127703865990043 -0.0008422641549259424 -0.000789176148828119
-0.19481955468654633 -0.19481955468654633 -0.19481955468654633 -0.19481955468654633 -0.19481955468654633 -0.3600141108036041 -0.19481955468654633 -0.19481955468654633 -0.19481955468654633 -0.36181849241256714 -0.36181849241256714 -0.362013041973114 -0.362013041973114 -0.19481955468654633 -0.36181849241256714 -0.31801655888557434 -0.362013041973114 -0.36181849241256714 -0.3627285957336426 -0.36181849241256714 -0.35240671038627625 -0.19481955468654633 -0.19481955468654633 -0.19481955468654633 -0.19481955468654633 -0.19481955468654633 -0.19481955468654633 -0.19481955468654633 -0.1862582564353943 -0.19955682754516602 -0.19955682754516602 -0.19955682754516602 -0.2016604095697403 -0.19955682754516602 -0.18008463084697723 -0.1862582564353943 -0.17117738723754883 -0.15383552014827728 -0.09342502057552338 -0.14305870234966278 -0.11791287362575531 -0.09342502057552338 -0.09342502057552338 -0.09342502057552338 -0.09342502057552338 -0.09342502057552338 -0.09342502057552338 -0.04985010623931885 -0.028149684891104698 -0.009064682759344578 -0.004114058334380388 -0.00456634908914566 -0.004658920224756002 -0.004213373176753521 -0.0007127703865990043 -0.0008422641549259424 -0.000789176148828119
-0.19481955468654633 -0.19481955468654633 -0.19481955468654633 -0.19481955468654633 -0.19481955468654633 -0.3600141108036041 -0.19481955468654633 -0.19481955468654633 -0.19481955468654633 -0.36181849241256714 -0.36181849241256714 -0.3632228970527649 -0.3632228970527649 -0.19481955468654633 -0.36181849241256714 -0.31801655888557434 -0.3640880882740021 -0.36181849241256714 -0.362013041973114 -0.36181849241256714 -0.35240671038627625 -0.19481955468654633 -0.19481955468654633 -0.19481955468654633 -0.19481955468654633 -0.19481955468654633 -0.19481955468654633 -0.19481955468654633 -0.1862582564353943 -0.19955682754516602 -0.19955682754516602 -0.19955682754516602 -0.2016604095697403 -0.19955682754516602 -0.18008463084697723 -0.1862582564353943 -0.17117738723754883 -0.15383552014827728 -0.09342502057552338 -0.14305870234966278 -0.11791287362575531 -0.09342502057552338 -0.09342502057552338 -0.09342502057552338 -0.09342502057552338 -0.09342502057552338 -0.09342502057552338 -0.04985010623931885 -0.028149684891104698 -0.009064682759344578 -0.004114058334380388 -0.00456634908914566 -0.004658920224756002 -0.004213373176753521 -0.0007127703865990043 -0.0008422641549259424 -0.000789176148828119
-0.19481955468654633 -0.19481955468654633 -0.19481955468654633 -0.19481955468654633 -0.19481955468654633 -0.3600141108036041 -0.19481955468654633 -0.19481955468654633 -0.19481955468654633 -0.3645454943180084 -0.3645454943180084 -0.36181849241256714 -0.36181849241256714 -0.19481955468654633 -0.3645454943180084 -0.31801655888557434 -0.36181849241256714 -0.3623991012573242 -0.36181849241256714 -0.3620823621749878 -0.35240671038627625 -0.19481955468654633 -0.19481955468654633 -0.19481955468654633 -0.19481955468654633 -0.19481955468654633 -0.19481955468654633 -0.19481955468654633 -0.1862582564353943 -0.19955682754516602 -0.19955682754516602 -0.19955682754516602 -0.2016604095697403 -0.19955682754516602 -0.18008463084697723 -0.1862582564353943 -0.17117738723754883 -0.15383552014827728 -0.09342502057552338 -0.14305870234966278 -0.11791287362575531 -0.09342502057552338 -0.09342502057552338 -0.09342502057552338 -0.09342502057552338 -0.09342502057552338 -0.09342502057552338 -0.04985010623931885 -0.028149684891104698 -0.009064682759344578 -0.004114058334380388 -0.00456634908914566 -0.004658920224756002 -0.004213373176753521 -0.0007127703865990043 -0.0008422641549259424 -0.000789176148828119
-0.19481955468654633 -0.19481955468654633 -0.19481955468654633 -0.19481955468654633 -0.19481955468654633 -0.3600141108036041 -0.19481955468654633 -0.19481955468654633 -0.19481955468654633 -0.36181849241256714 -0.36181849241256714 -0.36395248770713806 -0.3651027977466583 -0.19481955468654633 -0.36181849241256714 -0.31801655888557434 -0.3632228970527649 -0.36181849241256714 -0.362013041973114 -0.36181849241256714 -0.35240671038627625 -0.19481955468654633 -0.19481955468654633 -0.19481955468654633 -0.19481955468654633 -0.19481955468654633 -0.19481955468654633 -0.19481955468654633 -0.1862582564353943 -0.19955682754516602 -0.19955682754516602 -0.19955682754516602 -0.2016604095697403 -0.19955682754516602 -0.18008463084697723 -0.1862582564353943 -0.17117738723754883 -0.15383552014827728 -0.09342502057552338 -0.14305870234966278 -0.11791287362575531 -0.09342502057552338 -0.09342502057552338 -0.09342502057552338 -0.09342502057552338 -0.09342502057552338 -0.09342502057552338 -0.04985010623931885 -0.028149684891104698 -0.009064682759344578 -0.004114058334380388 -0.00456634908914566 -0.004658920224756002 -0.004213373176753521 -0.0007127703865990043 -0.0008422641549259424 -0.000789176148828119
-0.19481955468654633 -0.19481955468654633 -0.19481955468654633 -0.19481955468654633 -0.19481955468654633 -0.3600141108036041 -0.19481955468654633 -0.19481955468654633 -0.19481955468654633 -0.36181849241256714 -0.36181849241256714 -0.36395248770713806 -0.36395248770713806 -0.19481955468654633 -0.36181849241256714 -0.31801655888557434 -0.3632228970527649 -0.36181849241256714 -0.362013041973114 -0.36181849241256714 -0.35240671038627625 -0.19481955468654633 -0.19481955468654633 -0.19481955468654633 -0.19481955468654633 -0.19481955468654633 -0.19481955468654633 -0.19481955468654633 -0.1862582564353943 -0.19955682754516602 -0.19955682754516602 -0.19955682754516602 -0.2016604095697403 -0.19955682754516602 -0.18008463084697723 -0.1862582564353943 -0.17117738723754883 -0.15383552014827728 -0.09342502057552338 -0.14305870234966278 -0.11791287362575531 -0.09342502057552338 -0.09342502057552338 -0.09342502057552338 -0.09342502057552338 -0.09342502057552338 -0.09342502057552338 -0.04985010623931885 -0.028149684891104698 -0.009064682759344578 -0.004114058334380388 -0.00456634908914566 -0.004658920224756002 -0.004213373176753521 -0.0007127703865990043 -0.0008422641549259424 -0.000789176148828119
-0.19481955468654633 -0.19481955468654633 -0.19481955468654633 -0.19481955468654633 -0.19481955468654633 -0.3600141108036041 -0.19481955468654633 -0.19481955468654633 -0.19481955468654633 -0.36181849241256714 -0.36181849241256714 -0.3632228970527649 -0.3632228970527649 -0.19481955468654633 -0.36181849241256714 -0.31801655888557434 -0.3632228970527649 -0.36181849241256714 -0.362013041973114 -0.36181849241256714 -0.35240671038627625 -0.19481955468654633 -0.19481955468654633 -0.19481955468654633 -0.19481955468654633 -0.19481955468654633 -0.19481955468654633 -0.19481955468654633 -0.1862582564353943 -0.19955682754516602 -0.19955682754516602 -0.19955682754516602 -0.2016604095697403 -0.19955682754516602 -0.18008463084697723 -0.1862582564353943 -0.17117738723754883 -0.15383552014827728 -0.09342502057552338 -0.14305870234966278 -0.11791287362575531 -0.09342502057552338 -0.09342502057552338 -0.09342502057552338 -0.09342502057552338 -0.09342502057552338 -0.09342502057552338 -0.04985010623931885 -0.028149684891104698 -0.009064682759344578 -0.004114058334380388 -0.00456634908914566 -0.004658920224756002 -0.004213373176753521 -0.0007127703865990043 -0.0008422641549259424 -0.000789176148828119
-0.2589944899082184 -0.2589944899082184 -0.2589944899082184 -0.2589944899082184 -0.2589944899082184 -0.19481955468654633 -0.2589944899082184 -0.2617712616920471 -0.3860190510749817 -0.19481955468654633 -0.19481955468654633 -0.19481955468654633 -0.19481955468654633 -0.36299464106559753 -0.19481955468654633 -0.19481955468654633 -0.19481955468654633 -0.19481955468654633 -0.19481955468654633 -0.19481955468654633 -0.19481955468654633 -0.2617712616920471 -0.2589944899082184 -0.3083564043045044 -0.2617712616920471 -0.2825038433074951 -0.2617712616920471 -0.2531321942806244 -0.1862582564353943 -0.19481955468654633 -0.19481955468654633 -0.19481955468654633 -0.19481955468654633 -0.19481955468654633 -0.18008463084697723 -0.1862582564353943 -0.17117738723754883 -0.15383552014827728 -0.09342502057552338 -0.14305870234966278 -0.11791287362575531 -0.09342502057552338 -0.09342502057552338 -0.09342502057552338 -0.09342502057552338 -0.09342502057552338 -0.09342502057552338 -0.04985010623931885 -0.028149684891104698 -0.009064682759344578 -0.004114058334380388 -0.00456634908914566 -0.004658920224756002 -0.004213373176753521 -0.0007127703865990043 -0.0008422641549259424 -0.000789176148828119
-0.14305870234966278 -0.14305870234966278 -0.14305870234966278 -0.14305870234966278 -0.14305870234966278 -0.14305870234966278 -0.14305870234966278 -0.14305870234966278 -0.14305870234966278 -0.14305870234966278 -0.14305870234966278 -0.14305870234966278 -0.14305870234966278 -0.14305870234966278 -0.14305870234966278 -0.14305870234966278 -0.14305870234966278 -0.14305870234966278 -0.14305870234966278 -0.14305870234966278 -0.14305870234966278 -0.14305870234966278 -0.14305870234966278 -0.14305870234966278 -0.14305870234966278 -0.14305870234966278 -0.14305870234966278 -0.14305870234966278 -0.14305870234966278 -0.14305870234966278 -0.14305870234966278 -0.14305870234966278 -0.14305870234966278 -0.14305870234966278 -0.14305870234966278 -0.14305870234966278 -0.14305870234966278 -0.14305870234966278 -0.09342502057552338 -0.14718672633171082 -0.11791287362575531 -0.09342502057552338 -0.09342502057552338 -0.09342502057552338 -0.09342502057552338 -0.09342502057552338 -0.09342502057552338 -0.04985010623931885 -0.028149684891104698 -0.009064682759344578 -0.004114058334380388 -0.00456634908914566 -0.004658920224756002 -0.004213373176753521 -0.0007127703865990043 -0.0008422641549259424 -0.000789176148828119
-0.2589944899082184 -0.2589944899082184 -0.2589944899082184 -0.2589944899082184 -0.2589944899082184 -0.19481955468654633 -0.2589944899082184 -0.40627962350845337 -0.2617712616920471 -0.19481955468654633 -0.19481955468654633 -0.19481955468654633 -0.19481955468654633 -0.2617712616920471 -0.19481955468654633 -0.19481955468654633 -0.19481955468654633 -0.19481955468654633 -0.19481955468654633 -0.19481955468654633 -0.19481955468654633 -0.34493231773376465 -0.2589944899082184 -0.2617712616920471 -0.287693589925766 -0.2617712616920471 -0.26215147972106934 -0.2531321942806244 -0.1862582564353943 -0.19481955468654633 -0.19481955468654633 -0.19481955468654633 -0.19481955468654633 -0.19481955468654633 -0.18008463084697723 -0.1862582564353943 -0.17117738723754883 -0.15383552014827728 -0.09342502057552338 -0.14305870234966278 -0.11791287362575531 -0.09342502057552338 -0.09342502057552338 -0.09342502057552338 -0.09342502057552338 -0.09342502057552338 -0.09342502057552338 -0.04985010623931885 -0.028149684891104698 -0.009064682759344578 -0.004114058334380388 -0.00456634908914566 -0.004658920224756002 -0.004213373176753521 -0.0007127703865990043 -0.0008422641549259424 -0.000789176148828119
-0.2589944899082184 -0.2589944899082184 -0.2589944899082184 -0.2589944899082184 -0.2589944899082184 -0.19481955468654633 -0.2589944899082184 -0.2617712616920471 -0.36299464106559753 -0.19481955468654633 -0.19481955468654633 -0.19481955468654633 -0.19481955468654633 -0.3648120164871216 -0.19481955468654633 -0.19481955468654633 -0.19481955468654633 -0.19481955468654633 -0.19481955468654633 -0.19481955468654633 -0.19481955468654633 -0.2617712616920471 -0.2589944899082184 -0.3083564043045044 -0.2617712616920471 -0.2825038433074951 -0.2617712616920471 -0.2531321942806244 -0.1862582564353943 -0.19481955468654633 -0.19481955468654633 -0.19481955468654633 -0.19481955468654633 -0.19481955468654633 -0.18008463084697723 -0.1862582564353943 -0.17117738723754883 -0.15383552014827728 -0.09342502057552338 -0.14305870234966278 -0.11791287362575531 -0.09342502057552338 -0.09342502057552338 -0.09342502057552338 -0.09342502057552338 -0.09342502057552338 -0.09342502057552338 -0.04985010623931885 -0.028149684891104698 -0.009064682759344578 -0.004114058334380388 -0.00456634908914566 -0.004658920224756002 -0.004213373176753521 -0.0007127703865990043 -0.0008422641549259424 -0.000789176148828119
-0.2589944899082184 -0.2589944899082184 -0.2589944899082184 -0.2589944899082184 -0.2589944899082184 -0.19481955468654633 -0.2589944899082184 -0.2617712616920471 -0.3083564043045044 -0.19481955468654633 -0.19481955468654633 -0.19481955468654633 -0.19481955468654633 -0.3083564043045044 -0.19481955468654633 -0.19481955468654633 -0.19481955468654633 -0.19481955468654633 -0.19481955468654633 -0.19481955468654633 -0.19481955468654633 -0.2617712616920471 -0.2589944899082184 -0.3083564043045044 -0.2617712616920471 -0.2825038433074951 -0.2617712616920471 -0.2531321942806244 -0.1862582564353943 -0.19481955468654633 -0.19481955468654633 -0.19481955468654633 -0.19481955468654633 -0.19481955468654633 -0.18008463084697723 -0.1862582564353943 -0.17117738723754883 -0.15383552014827728 -0.09342502057552338 -0.14305870234966278 -0.11791287362575531 -0.09342502057552338 -0.09342502057552338 -0.09342502057552338 -0.09342502057552338 -0.09342502057552338 -0.09342502057552338 -0.04985010623931885 -0.028149684891104698 -0.009064682759344578 -0.004114058334380388 -0.00456634908914566 -0.004658920224756002 -0.004213373176753521 -0.0007127703865990043 -0.0008422641549259424 -0.000789176148828119
-0.1862582564353943 -0.1862582564353943 -0.1862582564353943 -0.1862582564353943 -0.1862582564353943 -0.1862582564353943 -0.1862582564353943 -0.1862582564353943 -0.1862582564353943 -0.1862582564353943 -0.1862582564353943 -0.1862582564353943 -0.1862582564353943 -0.1862582564353943 -0.1862582564353943 -0.1862582564353943 -0.1862582564353943 -0.1862582564353943 -0.1862582564353943 -0.1862582564353943 -0.1862582564353943 -0.1862582564353943 -0.1862582564353943 -0.1862582564353943 -0.1862582564353943 -0.1862582564353943 -0.1862582564353943 -0.1862582564353943 -0.21639859676361084 -0.1862582564353943 -0.1862582564353943 -0.1862582564353943 -0.1862582564353943 -0.1862582564353943 -0.18008463084697723 -0.18857388198375702 -0.17117738723754883 -0.15383552014827728 -0.09342502057552338 -0.14305870234966278 -0.11791287362575531 -0.09342502057552338 -0.09342502057552338 -0.09342502057552338 -0.09342502057552338 -0.09342502057552338 -0.09342502057552338 -0.04985010623931885 -0.028149684891104698 -0.009064682759344578 -0.004114058334380388 -0.00456634908914566 -0.004658920224756002 -0.004213373176753521 -0.0007127703865990043 -0.0008422641549259424 -0.000789176148828119
-0.2589944899082184 -0.2589944899082184 -0.2589944899082184 -0.2589944899082184 -0.2589944899082184 -0.19481955468654633 -0.2589944899082184 -0.287693589925766 -0.2617712616920471 -0.19481955468654633 -0.19481955468654633 -0.19481955468654633 -0.19481955468654633 -0.2617712616920471 -0.19481955468654633 -0.19481955468654633 -0.19481955468654633 -0.19481955468654633 -0.19481955468654633 -0.19481955468654633 -0.19481955468654633 -0.287693589925766 -0.2589944899082184 -0.2617712616920471 -0.287693589925766 -0.2617712616920471 -0.26215147972106934 -0.2531321942806244 -0.1862582564353943 -0.19481955468654633 -0.19481955468654633 -0.19481955468654633 -0.19481955468654633 -0.19481955468654633 -0.18008463084697723 -0.1862582564353943 -0.17117738723754883 -0.15383552014827728 -0.09342502057552338 -0.14305870234966278 -0.11791287362575531 -0.09342502057552338 -0.09342502057552338 -0.09342502057552338 -0.09342502057552338 -0.09342502057552338 -0.09342502057552338 -0.04985010623931885 -0.028149684891104698 -0.009064682759344578 -0.004114058334380388 -0.00456634908914566 -0.004658920224756002 -0.004213373176753521 -0.0007127703865990043 -0.0008422641549259424 -0.000789176148828119
-0.19481955468654633 -0.19481955468654633 -0.19481955468654633 -0.19481955468654633 -0.19481955468654633 -0.31801655888557434 -0.19481955468654633 -0.19481955468654633 -0.19481955468654633 -0.31801655888557434 -0.31801655888557434 -0.31801655888557434 -0.31801655888557434 -0.19481955468654633 -0.31801655888557434 -0.3445611000061035 -0.31801655888557434 -0.31801655888557434 -0.31801655888557434 -0.31801655888557434 -0.31801655888557434 -0.19481955468654633 -0.19481955468654633 -0.19481955468654633 -0.19481955468654633 -0.19481955468654633 -0.19481955468654633 -0.19481955468654633 -0.1862582564353943 -0.19955682754516602 -0.19955682754516602 -0.19955682754516602 -0.2016604095697403 -0.19955682754516602 -0.18008463084697723 -0.1862582564353943 -0.17117738723754883 -0.15383552014827728 -0.09342502057552338 -0.14305870234966278 -0.11791287362575531 -0.09342502057552338 -0.09342502057552338 -0.09342502057552338 -0.09342502057552338 -0.09342502057552338 -0.09342502057552338 -0.04985010623931885 -0.028149684891104698 -0.009064682759344578 -0.004114058334380388 -0.00456634908914566 -0.004658920224756002 -0.004213373176753521 -0.0007127703865990043 -0.0008422641549259424 -0.000789176148828119
-0.19481955468654633 -0.19481955468654633 -0.19481955468654633 -0.19481955468654633 -0.19481955468654633 -0.31801655888557434 -0.19481955468654633 -0.19481955468654633 -0.19481955468654633 -0.31801655888557434 -0.31801655888557434 -0.31801655888557434 -0.31801655888557434 -0.19481955468654633 -0.31801655888557434 -0.31801655888557434 -0.31801655888557434 -0.31801655888557434 -0.31801655888557434 -0.31801655888557434 -0.31801655888557434 -0.19481955468654633 -0.19481955468654633 -0.19481955468654633 -0.19481955468654633 -0.19481955468654633 -0.19481955468654633 -0.19481955468654633 -0.1862582564353943 -0.19955682754516602 -0.19955682754516602 -0.19955682754516602 -0.2016604095697403 -0.19955682754516602 -0.18008463084697723 -0.1862582564353943 -0.17117738723754883 -0.15383552014827728 -0.09342502057552338 -0.14305870234966278 -0.11791287362575531 -0.09342502057552338 -0.09342502057552338 -0.09342502057552338 -0.09342502057552338 -0.09342502057552338 -0.09342502057552338 -0.04985010623931885 -0.028149684891104698 -0.009064682759344578 -0.004114058334380388 -0.00456634908914566 -0.004658920224756002 -0.004213373176753521 -0.0007127703865990043 -0.0008422641549259424 -0.000789176148828119
-0.2589944899082184 -0.2589944899082184 -0.2589944899082184 -0.2589944899082184 -0.2589944899082184 -0.19481955468654633 -0.2589944899082184 -0.2617712616920471 -0.2825038433074951 -0.19481955468654633 -0.19481955468654633 -0.19481955468654633 -0.19481955468654633 -0.2825038433074951 -0.19481955468654633 -0.19481955468654633 -0.19481955468654633 -0.19481955468654633 -0.19481955468654633 -0.19481955468654633 -0.19481955468654633 -0.2617712616920471 -0.2589944899082184 -0.2825038433074951 -0.2617712616920471 -0.2929580807685852 -0.2617712616920471 -0.2531321942806244 -0.1862582564353943 -0.19481955468654633 -0.19481955468654633 -0.19481955468654633 -0.19481955468654633 -0.19481955468654633 -0.18008463084697723 -0.1862582564353943 -0.17117738723754883 -0.15383552014827728 -0.09342502057552338 -0.14305870234966278 -0.11791287362575531 -0.09342502057552338 -0.09342502057552338 -0.09342502057552338 -0.09342502057552338 -0.09342502057552338 -0.09342502057552338 -0.04985010623931885 -0.028149684891104698 -0.009064682759344578 -0.004114058334380388 -0.00456634908914566 -0.004658920224756002 -0.004213373176753521 -0.0007127703865990043 -0.0008422641549259424 -0.000789176148828119
-0.1862582564353943 -0.1862582564353943 -0.1862582564353943 -0.1862582564353943 -0.1862582564353943 -0.1862582564353943 -0.1862582564353943 -0.1862582564353943 -0.1862582564353943 -0.1862582564353943 -0.1862582564353943 -0.1862582564353943 -0.1862582564353943 -0.1862582564353943 -0.1862582564353943 -0.1862582564353943 -0.1862582564353943 -0.1862582564353943 -0.1862582564353943 -0.1862582564353943 -0.1862582564353943 -0.1862582564353943 -0.1862582564353943 -0.1862582564353943 -0.1862582564353943 -0.1862582564353943 -0.1862582564353943 -0.1862582564353943 -0.21639859676361084 -0.1862582564353943 -0.1862582564353943 -0.1862582564353943 -0.1862582564353943 -0.1862582564353943 -0.18008463084697723 -0.18857388198375702 -0.17117738723754883 -0.15383552014827728 -0.09342502057552338 -0.14305870234966278 -0.11791287362575531 -0.09342502057552338 -0.09342502057552338 -0.09342502057552338 -0.09342502057552338 -0.09342502057552338 -0.09342502057552338 -0.04985010623931885 -0.028149684891104698 -0.009064682759344578 -0.004114058334380388 -0.00456634908914566 -0.004658920224756002 -0.004213373176753521 -0.0007127703865990043 -0.0008422641549259424 -0.000789176148828119
-0.18008463084697723 -0.18008463084697723 -0.18008463084697723 -0.18008463084697723 -0.18008463084697723 -0.18008463084697723 -0.18008463084697723 -0.18008463084697723 -0.18008463084697723 -0.18008463084697723 -0.18008463084697723 -0.18008463084697723 -0.18008463084697723 -0.18008463084697723 -0.18008463084697723 -0.18008463084697723 -0.18008463084697723 -0.18008463084697723 -0.18008463084697723 -0.18008463084697723 -0.18008463084697723 -0.18008463084697723 -0.18008463084697723 -0.18008463084697723 -0.18008463084697723 -0.18008463084697723 -0.18008463084697723 -0.18008463084697723 -0.18008463084697723 -0.18008463084697723 -0.18008463084697723 -0.18008463084697723 -0.18008463084697723 -0.18008463084697723 -0.19809110462665558 -0.18008463084697723 -0.17117738723754883 -0.15383552014827728 -0.09342502057552338 -0.14305870234966278 -0.11791287362575531 -0.09342502057552338 -0.09342502057552338 -0.09342502057552338 -0.09342502057552338 -0.09342502057552338 -0.09342502057552338 -0.04985010623931885 -0.028149684891104698 -0.009064682759344578 -0.004114058334380388 -0.00456634908914566 -0.004658920224756002 -0.004213373176753521 -0.0007127703865990043 -0.0008422641549259424 -0.000789176148828119
-0.19481955468654633 -0.19481955468654633 -0.19481955468654633 -0.19481955468654633 -0.19481955468654633 -0.19481955468654633 -0.19481955468654633 -0.19481955468654633 -0.19481955468654633 -0.19481955468654633 -0.19481955468654633 -0.19481955468654633 -0.19481955468654633 -0.19481955468654633 -0.19481955468654633 -0.19481955468654633 -0.19481955468654633 -0.19481955468654633 -0.19481955468654633 -0.19481955468654633 -0.19481955468654633 -0.19481955468654633 -0.19481955468654633 -0.19481955468654633 -0.19481955468654633 -0.19481955468654633 -0.19481955468654633 -0.19481955468654633 -0.1862582564353943 -0.19481955468654633 -0.19481955468654633 -0.19481955468654633 -0.19481955468654633 -0.19481955468654633 -0.18008463084697723 -0.1862582564353943 -0.17117738723754883 -0.15383552014827728 -0.09342502057552338 -0.14305870234966278 -0.11791287362575531 -0.09342502057552338 -0.09342502057552338 -0.09342502057552338 -0.09342502057552338 -0.09342502057552338 -0.09342502057552338 -0.04985010623931885 -0.028149684891104698 -0.009064682759344578 -0.004114058334380388 -0.00456634908914566 -0.004658920224756002 -0.004213373176753521 -0.0007127703865990043 -0.0008422641549259424 -0.000789176148828119
-0.1862582564353943 -0.1862582564353943 -0.1862582564353943 -0.1862582564353943 -0.1862582564353943 -0.1862582564353943 -0.1862582564353943 -0.1862582564353943 -0.1862582564353943 -0.1862582564353943 -0.1862582564353943 -0.1862582564353943 -0.1862582564353943 -0.1862582564353943 -0.1862582564353943 -0.1862582564353943 -0.1862582564353943 -0.1862582564353943 -0.1862582564353943 -0.1862582564353943 -0.1862582564353943 -0.1862582564353943 -0.1862582564353943 -0.1862582564353943 -0.1862582564353943 -0.1862582564353943 -0.1862582564353943 -0.1862582564353943 -0.1862582564353943 -0.1862582564353943 -0.1862582564353943 -0.1862582564353943 -0.1862582564353943 -0.1862582564353943 -0.18008463084697723 -0.1862582564353943 -0.17117738723754883 -0.15383552014827728 -0.09342502057552338 -0.14305870234966278 -0.11791287362575531 -0.09342502057552338 -0.09342502057552338 -0.09342502057552338 -0.09342502057552338 -0.09342502057552338 -0.09342502057552338 -0.04985010623931885 -0.028149684891104698 -0.009064682759344578 -0.004114058334380388 -0.00456634908914566 -0.004658920224756002 -0.004213373176753521 -0.0007127703865990043 -0.0008422641549259424 -0.000789176148828119
-0.1862582564353943 -0.1862582564353943 -0.1862582564353943 -0.1862582564353943 -0.1862582564353943 -0.1862582564353943 -0.1862582564353943 -0.1862582564353943 -0.1862582564353943 -0.1862582564353943 -0.1862582564353943 -0.1862582564353943 -0.1862582564353943 -0.1862582564353943 -0.1862582564353943 -0.1862582564353943 -0.1862582564353943 -0.1862582564353943 -0.1862582564353943 -0.1862582564353943 -0.1862582564353943 -0.1862582564353943 -0.1862582564353943 -0.1862582564353943 -0.1862582564353943 -0.1862582564353943 -0.1862582564353943 -0.1862582564353943 -0.18857388198375702 -0.1862582564353943 -0.1862582564353943 -0.1862582564353943 -0.1862582564353943 -0.1862582564353943 -0.18008463084697723 -0.18857388198375702 -0.17117738723754883 -0.15383552014827728 -0.09342502057552338 -0.14305870234966278 -0.11791287362575531 -0.09342502057552338 -0.09342502057552338 -0.09342502057552338 -0.09342502057552338 -0.09342502057552338 -0.09342502057552338 -0.04985010623931885 -0.028149684891104698 -0.009064682759344578 -0.004114058334380388 -0.00456634908914566 -0.004658920224756002 -0.004213373176753521 -0.0007127703865990043 -0.0008422641549259424 -0.000789176148828119
-0.15383552014827728 -0.15383552014827728 -0.15383552014827728 -0.15383552014827728 -0.15383552014827728 -0.15383552014827728 -0.15383552014827728 -0.15383552014827728 -0.15383552014827728 -0.15383552014827728 -0.15383552014827728 -0.15383552014827728 -0.15383552014827728 -0.15383552014827728 -0.15383552014827728 -0.15383552014827728 -0.15383552014827728 -0.15383552014827728 -0.15383552014827728 -0.15383552014827728 -0.15383552014827728 -0.15383552014827728 -0.15383552014827728 -0.15383552014827728 -0.15383552014827728 -0.15383552014827728 -0.15383552014827728 -0.15383552014827728 -0.15383552014827728 -0.15383552014827728 -0.15383552014827728 -0.15383552014827728 -0.15383552014827728 -0.15383552014827728 -0.15383552014827728 -0.15383552014827728 -0.15383552014827728 -0.15383552014827728 -0.09342502057552338 -0.14305870234966278 -0.11791287362575531 -0.09342502057552338 -0.09342502057552338 -0.09342502057552338 -0.09342502057552338 -0.09342502057552338 -0.09342502057552338 -0.04985010623931885 -0.028149684891104698 -0.009064682759344578 -0.004114058334380388 -0.00456634908914566 -0.004658920224756002 -0.004213373176753521 -0.0007127703865990043 -0.0008422641549259424 -0.000789176148828119
-0.14305870234966278 -0.14305870234966278 -0.14305870234966278 -0.14305870234966278 -0.14305870234966278 -0.14305870234966278 -0.14305870234966278 -0.14305870234966278 -0.14305870234966278 -0.14305870234966278 -0.14305870234966278 -0.14305870234966278 -0.14305870234966278 -0.14305870234966278 -0.14305870234966278 -0.14305870234966278 -0.14305870234966278 -0.14305870234966278 -0.14305870234966278 -0.14305870234966278 -0.14305870234966278 -0.14305870234966278 -0.14305870234966278 -0.14305870234966278 -0.14305870234966278 -0.14305870234966278 -0.14305870234966278 -0.14305870234966278 -0.14305870234966278 -0.14305870234966278 -0.14305870234966278 -0.14305870234966278 -0.14305870234966278 -0.14305870234966278 -0.14305870234966278 -0.14305870234966278 -0.14305870234966278 -0.14305870234966278 -0.09342502057552338 -0.14305870234966278 -0.11791287362575531 -0.09342502057552338 -0.09342502057552338 -0.09342502057552338 -0.09342502057552338 -0.09342502057552338 -0.09342502057552338 -0.04985010623931885 -0.028149684891104698 -0.009064682759344578 -0.004114058334380388 -0.00456634908914566 -0.004658920224756002 -0.004213373176753521 -0.0007127703865990043 -0.0008422641549259424 -0.000789176148828119
-0.09769696742296219 -0.09769696742296219 -0.09769696742296219 -0.09769696742296219 -0.09769696742296219 -0.09769696742296219 -0.09769696742296219 -0.09769696742296219 -0.09769696742296219 -0.09769696742296219 -0.09769696742296219 -0.09769696742296219 -0.09769696742296219 -0.09769696742296219 -0.09769696742296219 -0.09769696742296219 -0.09769696742296219 -0.09769696742296219 -0.09769696742296219 -0.09769696742296219 -0.09769696742296219 -0.09769696742296219 -0.09769696742296219 -0.09769696742296219 -0.09769696742296219 -0.09769696742296219 -0.09769696742296219 -0.09769696742296219 -0.09769696742296219 -0.09769696742296219 -0.09769696742296219 -0.09769696742296219 -0.09769696742296219 -0.09769696742296219 -0.09769696742296219 -0.09769696742296219 -0.09769696742296219 -0.09769696742296219 -0.09342502057552338 -0.09769696742296219 -0.09769696742296219 -0.09342502057552338 -0.09342502057552338 -0.09342502057552338 -0.09342502057552338 -0.09342502057552338 -0.09342502057552338 -0.04985010623931885 -0.028149684891104698 -0.009064682759344578 -0.004114058334380388 -0.00456634908914566 -0.004658920224756002 -0.004213373176753521 -0.0007127703865990043 -0.0008422641549259424 -0.000789176148828119
-0.09384474158287048 -0.09384474158287048 -0.09384474158287048 -0.09384474158287048 -0.09384474158287048 -0.09384474158287048 -0.09384474158287048 -0.09384474158287048 -0.09384474158287048 -0.09384474158287048 -0.09384474158287048 -0.09384474158287048 -0.09384474158287048 -0.09384474158287048 -0.09384474158287048 -0.09384474158287048 -0.09384474158287048 -0.09384474158287048 -0.09384474158287048 -0.09384474158287048 -0.09384474158287048 -0.09384474158287048 -0.09384474158287048 -0.09384474158287048 -0.09384474158287048 -0.09384474158287048 -0.09384474158287048 -0.09384474158287048 -0.09384474158287048 -0.09384474158287048 -0.09384474158287048 -0.09384474158287048 -0.09384474158287048 -0.09384474158287048 -0.09384474158287048 -0.09384474158287048 -0.09384474158287048 -0.09384474158287048 -0.09342502057552338 -0.09384474158287048 -0.09384474158287048 -0.09342502057552338 -0.09342502057552338 -0.09342502057552338 -0.09342502057552338 -0.09342502057552338 -0.09342502057552338 -0.04985010623931885 -0.028149684891104698 -0.009064682759344578 -0.004114058334380388 -0.00456634908914566 -0.004658920224756002 -0.004213373176753521 -0.0007127703865990043 -0.0008422641549259424 -0.000789176148828119
-0.09211678057909012 -0.09211678057909012 -0.09211678057909012 -0.09211678057909012 -0.09211678057909012 -0.09211678057909012 -0.09211678057909012 -0.09211678057909012 -0.09211678057909012 -0.09211678057909012 -0.09211678057909012 -0.09211678057909012 -0.09211678057909012 -0.09211678057909012 -0.09211678057909012 -0.09211678057909012 -0.09211678057909012 -0.09211678057909012 -0.09211678057909012 -0.09211678057909012 -0.09211678057909012 -0.09211678057909012 -0.09211678057909012 -0.09211678057909012 -0.09211678057909012 -0.09211678057909012 -0.09211678057909012 -0.09211678057909012 -0.09211678057909012 -0.09211678057909012 -0.09211678057909012 -0.09211678057909012 -0.09211678057909012 -0.09211678057909012 -0.09211678057909012 -0.09211678057909012 -0.09211678057909012 -0.09211678057909012 -0.09211678057909012 -0.09211678057909012 -0.09211678057909012 -0.09211678057909012 -0.09211678057909012 -0.09211678057909012 -0.09211678057909012 -0.09211678057909012 -0.09211678057909012 -0.04985010623931885 -0.028149684891104698 -0.009064682759344578 -0.004114058334380388 -0.00456634908914566 -0.004658920224756002 -0.004213373176753521 -0.0007127703865990043 -0.0008422641549259424 -0.000789176148828119
-0.0814199298620224 -0.0814199298620224 -0.0814199298620224 -0.0814199298620224 -0.0814199298620224 -0.0814199298620224 -0.0814199298620224 -0.0814199298620224 -0.0814199298620224 -0.0814199298620224 -0.0814199298620224 -0.0814199298620224 -0.0814199298620224 -0.0814199298620224 -0.0814199298620224 -0.0814199298620224 -0.0814199298620224 -0.0814199298620224 -0.0814199298620224 -0.0814199298620224 -0.0814199298620224 -0.0814199298620224 -0.0814199298620224 -0.0814199298620224 -0.0814199298620224 -0.0814199298620224 -0.0814199298620224 -0.0814199298620224 -0.0814199298620224 -0.0814199298620224 -0.0814199298620224 -0.0814199298620224 -0.0814199298620224 -0.0814199298620224 -0.0814199298620224 -0.0814199298620224 -0.0814199298620224 -0.0814199298620224 -0.0814199298620224 -0.0814199298620224 -0.0814199298620224 -0.0814199298620224 -0.0814199298620224 -0.0814199298620224 -0.0814199298620224 -0.0814199298620224 -0.0814199298620224 -0.04985010623931885 -0.028149684891104698 -0.009064682759344578 -0.004114058334380388 -0.00456634908914566 -0.004658920224756002 -0.004213373176753521 -0.0007127703865990043 -0.0008422641549259424 -0.000789176148828119
-0.04985010623931885 -0.04985010623931885 -0.04985010623931885 -0.04985010623931885 -0.04985010623931885 -0.04985010623931885 -0.04985010623931885 -0.04985010623931885 -0.04985010623931885 -0.04985010623931885 -0.04985010623931885 -0.04985010623931885 -0.04985010623931885 -0.04985010623931885 -0.04985010623931885 -0.04985010623931885 -0.04985010623931885 -0.04985010623931885 -0.04985010623931885 -0.04985010623931885 -0.04985010623931885 -0.04985010623931885 -0.04985010623931885 -0.04985010623931885 -0.04985010623931885 -0.04985010623931885 -0.04985010623931885 -0.04985010623931885 -0.04985010623931885 -0.04985010623931885 -0.04985010623931885 -0.04985010623931885 -0.04985010623931885 -0.04985010623931885 -0.04985010623931885 -0.04985010623931885 -0.04985010623931885 -0.04985010623931885 -0.04985010623931885 -0.04985010623931885 -0.04985010623931885 -0.04985010623931885 -0.04985010623931885 -0.04985010623931885 -0.04985010623931885 -0.04985010623931885 -0.04985010623931885 -0.04985010623931885 -0.028149684891104698 -0.009064682759344578 -0.004114058334380388 -0.00456634908914566 -0.004658920224756002 -0.004213373176753521 -0.0007127703865990043 -0.0008422641549259424 -0.000789176148828119
-0.04985010623931885 -0.04985010623931885 -0.04985010623931885 -0.04985010623931885 -0.04985010623931885 -0.04985010623931885 -0.04985010623931885 -0.04985010623931885 -0.04985010623931885 -0.04985010623931885 -0.04985010623931885 -0.04985010623931885 -0.04985010623931885 -0.04985010623931885 -0.04985010623931885 -0.04985010623931885 -0.04985010623931885 -0.04985010623931885 -0.04985010623931885 -0.04985010623931885 -0.04985010623931885 -0.04985010623931885 -0.04985010623931885 -0.04985010623931885 -0.04985010623931885 -0.04985010623931885 -0.04985010623931885 -0.04985010623931885 -0.04985010623931885 -0.04985010623931885 -0.04985010623931885 -0.04985010623931885 -0.04985010623931885 -0.04985010623931885 -0.04985010623931885 -0.04985010623931885 -0.04985010623931885 -0.04985010623931885 -0.04985010623931885 -0.04985010623931885 -0.04985010623931885 -0.04985010623931885 -0.04985010623931885 -0.04985010623931885 -0.04985010623931885 -0.04985010623931885 -0.04985010623931885 -0.04985010623931885 -0.028149684891104698 -0.009064682759344578 -0.004114058334380388 -0.00456634908914566 -0.004658920224756002 -0.004213373176753521 -0.0007127703865990043 -0.0008422641549259424 -0.000789176148828119
-0.06570110470056534 -0.06570110470056534 -0.06570110470056534 -0.06570110470056534 -0.06570110470056534 -0.06570110470056534 -0.06570110470056534 -0.06570110470056534 -0.06570110470056534 -0.06570110470056534 -0.06570110470056534 -0.06570110470056534 -0.06570110470056534 -0.06570110470056534 -0.06570110470056534 -0.06570110470056534 -0.06570110470056534 -0.06570110470056534 -0.06570110470056534 -0.06570110470056534 -0.06570110470056534 -0.06570110470056534 -0.06570110470056534 -0.06570110470056534 -0.06570110470056534 -0.06570110470056534 -0.06570110470056534 -0.06570110470056534 -0.06570110470056534 -0.06570110470056534 -0.06570110470056534 -0.06570110470056534 -0.06570110470056534 -0.06570110470056534 -0.06570110470056534 -0.06570110470056534 -0.06570110470056534 -0.06570110470056534 -0.06570110470056534 -0.06570110470056534 -0.06570110470056534 -0.06570110470056534 -0.06570110470056534 -0.06570110470056534 -0.06570110470056534 -0.06570110470056534 -0.06570110470056534 -0.04985010623931885 -0.028149684891104698 -0.009064682759344578 -0.004114058334380388 -0.00456634908914566 -0.004658920224756002 -0.004213373176753521 -0.0007127703865990043 -0.0008422641549259424 -0.000789176148828119
-0.06045101583003998 -0.06045101583003998 -0.06045101583003998 -0.06045101583003998 -0.06045101583003998 -0.06045101583003998 -0.06045101583003998 -0.06045101583003998 -0.06045101583003998 -0.06045101583003998 -0.06045101583003998 -0.06045101583003998 -0.06045101583003998 -0.06045101583003998 -0.06045101583003998 -0.06045101583003998 -0.06045101583003998 -0.06045101583003998 -0.06045101583003998 -0.06045101583003998 -0.06045101583003998 -0.06045101583003998 -0.06045101583003998 -0.06045101583003998 -0.06045101583003998 -0.06045101583003998 -0.06045101583003998 -0.06045101583003998 -0.06045101583003998 -0.06045101583003998 -0.06045101583003998 -0.06045101583003998 -0.06045101583003998 -0.06045101583003998 -0.06045101583003998 -0.06045101583003998 -0.06045101583003998 -0.06045101583003998 -0.06045101583003998 -0.06045101583003998 -0.06045101583003998 -0.06045101583003998 -0.06045101583003998 -0.06045101583003998 -0.06045101583003998 -0.06045101583003998 -0.06045101583003998 -0.04985010623931885 -0.028149684891104698 -0.009064682759344578 -0.004114058334380388 -0.00456634908914566 -0.004658920224756002 -0.004213373176753521 -0.0007127703865990043 -0.0008422641549259424 -0.000789176148828119
-0.05850956216454506 -0.05850956216454506 -0.05850956216454506 -0.05850956216454506 -0.05850956216454506 -0.05850956216454506 -0.05850956216454506 -0.05850956216454506 -0.05850956216454506 -0.05850956216454506 -0.05850956216454506 -0.05850956216454506 -0.05850956216454506 -0.05850956216454506 -0.05850956216454506 -0.05850956216454506 -0.05850956216454506 -0.05850956216454506 -0.05850956216454506 -0.05850956216454506 -0.05850956216454506 -0.05850956216454506 -0.05850956216454506 -0.05850956216454506 -0.05850956216454506 -0.05850956216454506 -0.05850956216454506 -0.05850956216454506 -0.05850956216454506 -0.05850956216454506 -0.05850956216454506 -0.05850956216454506 -0.05850956216454506 -0.05850956216454506 -0.05850956216454506 -0.05850956216454506 -0.05850956216454506 -0.05850956216454506 -0.05850956216454506 -0.05850956216454506 -0.05850956216454506 -0.05850956216454506 -0.05850956216454506 -0.05850956216454506 -0.05850956216454506 -0.05850956216454506 -0.05850956216454506 -0.04985010623931885 -0.028149684891104698 -0.009064682759344578 -0.004114058334380388 -0.00456634908914566 -0.004658920224756002 -0.004213373176753521 -0.0007127703865990043 -0.0008422641549259424 -0.000789176148828119
-0.05003288388252258 -0.05003288388252258 -0.05003288388252258 -0.05003288388252258 -0.05003288388252258 -0.05003288388252258 -0.05003288388252258 -0.05003288388252258 -0.05003288388252258 -0.05003288388252258 -0.05003288388252258 -0.05003288388252258 -0.05003288388252258 -0.05003288388252258 -0.05003288388252258 -0.05003288388252258 -0.05003288388252258 -0.05003288388252258 -0.05003288388252258 -0.05003288388252258 -0.05003288388252258 -0.05003288388252258 -0.05003288388252258 -0.05003288388252258 -0.05003288388252258 -0.05003288388252258 -0.05003288388252258 -0.05003288388252258 -0.05003288388252258 -0.05003288388252258 -0.05003288388252258 -0.05003288388252258 -0.05003288388252258 -0.05003288388252258 -0.05003288388252258 -0.05003288388252258 -0.05003288388252258 -0.05003288388252258 -0.05003288388252258 -0.05003288388252258 -0.05003288388252258 -0.05003288388252258 -0.05003288388252258 -0.05003288388252258 -0.05003288388252258 -0.05003288388252258 -0.05003288388252258 -0.04985010623931885 -0.028149684891104698 -0.009064682759344578 -0.004114058334380388 -0.00456634908914566 -0.004658920224756002 -0.004213373176753521 -0.0007127703865990043 -0.0008422641549259424 -0.000789176148828119
-0.04865218326449394 -0.04865218326449394 -0.04865218326449394 -0.04865218326449394 -0.04865218326449394 -0.04865218326449394 -0.04865218326449394 -0.04865218326449394 -0.04865218326449394 -0.04865218326449394 -0.04865218326449394 -0.04865218326449394 -0.04865218326449394 -0.04865218326449394 -0.04865218326449394 -0.04865218326449394 -0.04865218326449394 -0.04865218326449394 -0.04865218326449394 -0.04865218326449394 -0.04865218326449394 -0.04865218326449394 -0.04865218326449394 -0.04865218326449394 -0.04865218326449394 -0.04865218326449394 -0.04865218326449394 -0.04865218326449394 -0.04865218326449394 -0.04865218326449394 -0.04865218326449394 -0.04865218326449394 -0.04865218326449394 -0.04865218326449394 -0.04865218326449394 -0.04865218326449394 -0.04865218326449394 -0.04865218326449394 -0.04865218326449394 -0.04865218326449394 -0.04865218326449394 -0.04865218326449394 -0.04865218326449394 -0.04865218326449394 -0.04865218326449394 -0.04865218326449394 -0.04865218326449394 -0.04865218326449394 -0.028149684891104698 -0.009064682759344578 -0.004114058334380388 -0.00456634908914566 -0.004658920224756002 -0.004213373176753521 -0.0007127703865990043 -0.0008422641549259424 -0.000789176148828119
-0.04531519487500191 -0.04531519487500191 -0.04531519487500191 -0.04531519487500191 -0.04531519487500191 -0.04531519487500191 -0.04531519487500191 -0.04531519487500191 -0.04531519487500191 -0.04531519487500191 -0.04531519487500191 -0.04531519487500191 -0.04531519487500191 -0.04531519487500191 -0.04531519487500191 -0.04531519487500191 -0.04531519487500191 -0.04531519487500191 -0.04531519487500191 -0.04531519487500191 -0.04531519487500191 -0.04531519487500191 -0.04531519487500191 -0.04531519487500191 -0.04531519487500191 -0.04531519487500191 -0.04531519487500191 -0.04531519487500191 -0.04531519487500191 -0.04531519487500191 -0.04531519487500191 -0.04531519487500191 -0.04531519487500191 -0.04531519487500191 -0.04531519487500191 -0.04531519487500191 -0.04531519487500191 -0.04531519487500191 -0.04531519487500191 -0.04531519487500191 -0.04531519487500191 -0.04531519487500191 -0.04531519487500191 -0.04531519487500191 -0.04531519487500191 -0.04531519487500191 -0.04531519487500191 -0.04531519487500191 -0.028149684891104698 -0.009064682759344578 -0.004114058334380388 -0.00456634908914566 -0.004658920224756002 -0.004213373176753521 -0.0007127703865990043 -0.0008422641549259424 -0.000789176148828119
-0.042815860360860825 -0.042815860360860825 -0.042815860360860825 -0.042815860360860825 -0.042815860360860825 -0.042815860360860825 -0.042815860360860825 -0.042815860360860825 -0.042815860360860825 -0.042815860360860825 -0.042815860360860825 -0.042815860360860825 -0.042815860360860825 -0.042815860360860825 -0.042815860360860825 -0.042815860360860825 -0.042815860360860825 -0.042815860360860825 -0.042815860360860825 -0.042815860360860825 -0.042815860360860825 -0.042815860360860825 -0.042815860360860825 -0.042815860360860825 -0.042815860360860825 -0.042815860360860825 -0.042815860360860825 -0.042815860360860825 -0.042815860360860825 -0.042815860360860825 -0.042815860360860825 -0.042815860360860825 -0.042815860360860825 -0.042815860360860825 -0.042815860360860825 -0.042815860360860825 -0.042815860360860825 -0.042815860360860825 -0.042815860360860825 -0.042815860360860825 -0.042815860360860825 -0.042815860360860825 -0.042815860360860825 -0.042815860360860825 -0.042815860360860825 -0.042815860360860825 -0.042815860360860825 -0.042815860360860825 -0.028149684891104698 -0.009064682759344578 -0.004114058334380388 -0.00456634908914566 -0.004658920224756002 -0.004213373176753521 -0.0007127703865990043 -0.0008422641549259424 -0.000789176148828119
-0.004114058334380388 -0.004114058334380388 -0.004114058334380388 -0.004114058334380388 -0.004114058334380388 -0.004114058334380388 -0.004114058334380388 -0.004114058334380388 -0.004114058334380388 -0.004114058334380388 -0.004114058334380388 -0.004114058334380388 -0.004114058334380388 -0.004114058334380388 -0.004114058334380388 -0.004114058334380388 -0.004114058334380388 -0.004114058334380388 -0.004114058334380388 -0.004114058334380388 -0.004114058334380388 -0.004114058334380388 -0.004114058334380388 -0.004114058334380388 -0.004114058334380388 -0.004114058334380388 -0.004114058334380388 -0.004114058334380388 -0.004114058334380388 -0.004114058334380388 -0.004114058334380388 -0.004114058334380388 -0.004114058334380388 -0.004114058334380388 -0.004114058334380388 -0.004114058334380388 -0.004114058334380388 -0.004114058334380388 -0.004114058334380388 -0.004114058334380388 -0.004114058334380388 -0.004114058334380388 -0.004114058334380388 -0.004114058334380388 -0.004114058334380388 -0.004114058334380388 -0.004114058334380388 -0.004114058334380388 -0.004114058334380388 -0.004114058334380388 -0.010621215216815472 -0.004114058334380388 -0.004114058334380388 -0.004114058334380388 -0.0007127703865990043 -0.0008422641549259424 -0.000789176148828119
-0.009064682759344578 -0.009064682759344578 -0.009064682759344578 -0.009064682759344578 -0.009064682759344578 -0.009064682759344578 -0.009064682759344578 -0.009064682759344578 -0.009064682759344578 -0.009064682759344578 -0.009064682759344578 -0.009064682759344578 -0.009064682759344578 -0.009064682759344578 -0.009064682759344578 -0.009064682759344578 -0.009064682759344578 -0.009064682759344578 -0.009064682759344578 -0.009064682759344578 -0.009064682759344578 -0.009064682759344578 -0.009064682759344578 -0.009064682759344578 -0.009064682759344578 -0.009064682759344578 -0.009064682759344578 -0.009064682759344578 -0.009064682759344578 -0.009064682759344578 -0.009064682759344578 -0.009064682759344578 -0.009064682759344578 -0.009064682759344578 -0.009064682759344578 -0.009064682759344578 -0.009064682759344578 -0.009064682759344578 -0.009064682759344578 -0.009064682759344578 -0.009064682759344578 -0.009064682759344578 -0.009064682759344578 -0.009064682759344578 -0.009064682759344578 -0.009064682759344578 -0.009064682759344578 -0.009064682759344578 -0.009064682759344578 -0.016145268455147743 -0.004114058334380388 -0.00456634908914566 -0.004658920224756002 -0.004213373176753521 -0.0007127703865990043 -0.0008422641549259424 -0.000789176148828119
-0.0017911980394273996 -0.0017911980394273996 -0.0017911980394273996 -0.0017911980394273996 -0.0017911980394273996 -0.0017911980394273996 -0.0017911980394273996 -0.0017911980394273996 -0.0017911980394273996 -0.0017911980394273996 -0.0017911980394273996 -0.0017911980394273996 -0.0017911980394273996 -0.0017911980394273996 -0.0017911980394273996 -0.0017911980394273996 -0.0017911980394273996 -0.0017911980394273996 -0.0017911980394273996 -0.0017911980394273996 -0.0017911980394273996 -0.0017911980394273996 -0.0017911980394273996 -0.0017911980394273996 -0.0017911980394273996 -0.0017911980394273996 -0.0017911980394273996 -0.0017911980394273996 -0.0017911980394273996 -0.0017911980394273996 -0.0017911980394273996 -0.0017911980394273996 -0.0017911980394273996 -0.0017911980394273996 -0.0017911980394273996 -0.0017911980394273996 -0.0017911980394273996 -0.0017911980394273996 -0.0017911980394273996 -0.0017911980394273996 -0.0017911980394273996 -0.0017911980394273996 -0.0017911980394273996 -0.0017911980394273996 -0.0017911980394273996 -0.0017911980394273996 -0.0017911980394273996 -0.0017911980394273996 -0.0017911980394273996 -0.0017911980394273996 -0.0017911980394273996 -0.0017911980394273996 -0.0017911980394273996 -0.0017911980394273996 -0.0007127703865990043 -0.0008422641549259424 -0.000789176148828119
-0.0017764318035915494 -0.0017764318035915494 -0.0017764318035915494 -0.0017764318035915494 -0.0017764318035915494 -0.0017764318035915494 -0.0017764318035915494 -0.0017764318035915494 -0.0017764318035915494 -0.0017764318035915494 -0.0017764318035915494 -0.0017764318035915494 -0.0017764318035915494 -0.0017764318035915494 -0.0017764318035915494 -0.0017764318035915494 -0.0017764318035915494 -0.0017764318035915494 -0.0017764318035915494 -0.0017764318035915494 -0.0017764318035915494 -0.0017764318035915494 -0.0017764318035915494 -0.0017764318035915494 -0.0017764318035915494 -0.0017764318035915494 -0.0017764318035915494 -0.0017764318035915494 -0.0017764318035915494 -0.0017764318035915494 -0.0017764318035915494 -0.0017764318035915494 -0.0017764318035915494 -0.0017764318035915494 -0.0017764318035915494 -0.0017764318035915494 -0.0017764318035915494 -0.0017764318035915494 -0.0017764318035915494 -0.0017764318035915494 -0.0017764318035915494 -0.0017764318035915494 -0.0017764318035915494 -0.0017764318035915494 -0.0017764318035915494 -0.0017764318035915494 -0.0017764318035915494 -0.0017764318035915494 -0.0017764318035915494 -0.0017764318035915494 -0.0017764318035915494 -0.0017764318035915494 -0.0017764318035915494 -0.0017764318035915494 -0.0007127703865990043 -0.0008422641549259424 -0.000789176148828119
-0.001471515977755189 -0.001471515977755189 -0.001471515977755189 -0.001471515977755189 -0.001471515977755189 -0.001471515977755189 -0.001471515977755189 -0.001471515977755189 -0.001471515977755189 -0.001471515977755189 -0.001471515977755189 -0.001471515977755189 -0.001471515977755189 -0.001471515977755189 -0.001471515977755189 -0.001471515977755189 -0.001471515977755189 -0.001471515977755189 -0.001471515977755189 -0.001471515977755189 -0.001471515977755189 -0.001471515977755189 -0.001471515977755189 -0.001471515977755189 -0.001471515977755189 -0.001471515977755189 -0.001471515977755189 -0.001471515977755189 -0.001471515977755189 -0.001471515977755189 -0.001471515977755189 -0.001471515977755189 -0.001471515977755189 -0.001471515977755189 -0.001471515977755189 -0.001471515977755189 -0.001471515977755189 -0.001471515977755189 -0.001471515977755189 -0.001471515977755189 -0.001471515977755189 -0.001471515977755189 -0.001471515977755189 -0.001471515977755189 -0.001471515977755189 -0.001471515977755189 -0.001471515977755189 -0.001471515977755189 -0.001471515977755189 -0.001471515977755189 -0.001471515977755189 -0.001471515977755189 -0.001471515977755189 -0.001471515977755189 -0.0007127703865990043 -0.0008422641549259424 -0.000789176148828119
-0.0007887934916652739 -0.0007887934916652739 -0.0007887934916652739 -0.0007887934916652739 -0.0007887934916652739 -0.0007887934916652739 -0.0007887934916652739 -0.0007887934916652739 -0.0007887934916652739 -0.0007887934916652739 -0.0007887934916652739 -0.0007887934916652739 -0.0007887934916652739 -0.0007887934916652739 -0.0007887934916652739 -0.0007887934916652739 -0.0007887934916652739 -0.0007887934916652739 -0.0007887934916652739 -0.0007887934916652739 -0.0007887934916652739 -0.0007887934916652739 -0.0007887934916652739 -0.0007887934916652739 -0.0007887934916652739 -0.0007887934916652739 -0.0007887934916652739 -0.0007887934916652739 -0.0007887934916652739 -0.0007887934916652739 -0.0007887934916652739 -0.0007887934916652739 -0.0007887934916652739 -0.0007887934916652739 -0.0007887934916652739 -0.0007887934916652739 -0.0007887934916652739 -0.0007887934916652739 -0.0007887934916652739 -0.0007887934916652739 -0.0007887934916652739 -0.0007887934916652739 -0.0007887934916652739 -0.0007887934916652739 -0.0007887934916652739 -0.0007887934916652739 -0.0007887934916652739 -0.0007887934916652739 -0.0007887934916652739 -0.0007887934916652739 -0.0007887934916652739 -0.0007887934916652739 -0.0007887934916652739 -0.0007887934916652739 -0.0007127703865990043 -0.0007887934916652739 -0.0007887934916652739
-0.0007703096489422023 -0.0007703096489422023 -0.0007703096489422023 -0.0007703096489422023 -0.0007703096489422023 -0.0007703096489422023 -0.0007703096489422023 -0.0007703096489422023 -0.0007703096489422023 -0.0007703096489422023 -0.0007703096489422023 -0.0007703096489422023 -0.0007703096489422023 -0.0007703096489422023 -0.0007703096489422023 -0.0007703096489422023 -0.0007703096489422023 -0.0007703096489422023 -0.0007703096489422023 -0.0007703096489422023 -0.0007703096489422023 -0.0007703096489422023 -0.0007703096489422023 -0.0007703096489422023 -0.0007703096489422023 -0.0007703096489422023 -0.0007703096489422023 -0.0007703096489422023 -0.0007703096489422023 -0.0007703096489422023 -0.0007703096489422023 -0.0007703096489422023 -0.0007703096489422023 -0.0007703096489422023 -0.0007703096489422023 -0.0007703096489422023 -0.0007703096489422023 -0.0007703096489422023 -0.0007703096489422023 -0.0007703096489422023 -0.0007703096489422023 -0.0007703096489422023 -0.0007703096489422023 -0.0007703096489422023 -0.0007703096489422023 -0.0007703096489422023 -0.0007703096489422023 -0.0007703096489422023 -0.0007703096489422023 -0.0007703096489422023 -0.0007703096489422023 -0.0007703096489422023 -0.0007703096489422023 -0.0007703096489422023 -0.0007127703865990043 -0.0007703096489422023 -0.0007703096489422023
-0.0007125184056349099 -0.0007125184056349099 -0.0007125184056349099 -0.0007125184056349099 -0.0007125184056349099 -0.0007125184056349099 -0.0007125184056349099 -0.0007125184056349099 -0.0007125184056349099 -0.0007125184056349099 -0.0007125184056349099 -0.0007125184056349099 -0.0007125184056349099 -0.0007125184056349099 -0.0007125184056349099 -0.0007125184056349099 -0.0007125184056349099 -0.0007125184056349099 -0.0007125184056349099 -0.0007125184056349099 -0.0007125184056349099 -0.0007125184056349099 -0.0007125184056349099 -0.0007125184056349099 -0.0007125184056349099 -0.0007125184056349099 -0.0007125184056349099 -0.0007125184056349099 -0.0007125184056349099 -0.0007125184056349099 -0.0007125184056349099 -0.0007125184056349099 -0.0007125184056349099 -0.0007125184056349099 -0.0007125184056349099 -0.0007125184056349099 -0.0007125184056349099 -0.0007125184056349099 -0.0007125184056349099 -0.0007125184056349099 -0.0007125184056349099 -0.0007125184056349099 -0.0007125184056349099 -0.0007125184056349099 -0.0007125184056349099 -0.0007125184056349099 -0.0007125184056349099 -0.0007125184056349099 -0.0007125184056349099 -0.0007125184056349099 -0.0007125184056349099 -0.0007125184056349099 -0.0007125184056349099 -0.0007125184056349099 -0.0007125184056349099 -0.0007125184056349099 -0.0007125184056349099
-0.0006804578006267548 -0.0006804578006267548 -0.0006804578006267548 -0.0006804578006267548 -0.0006804578006267548 -0.0006804578006267548 -0.0006804578006267548 -0.0006804578006267548 -0.0006804578006267548 -0.0006804578006267548 -0.0006804578006267548 -0.0006804578006267548 -0.0006804578006267548 -0.0006804578006267548 -0.0006804578006267548 -0.0006804578006267548 -0.0006804578006267548 -0.0006804578006267548 -0.0006804578006267548 -0.0006804578006267548 -0.0006804578006267548 -0.0006804578006267548 -0.0006804578006267548 -0.0006804578006267548 -0.0006804578006267548 -0.0006804578006267548 -0.0006804578006267548 -0.0006804578006267548 -0.0006804578006267548 -0.0006804578006267548 -0.0006804578006267548 -0.0006804578006267548 -0.0006804578006267548 -0.0006804578006267548 -0.0006804578006267548 -0.0006804578006267548 -0.0006804578006267548 -0.0006804578006267548 -0.0006804578006267548 -0.0006804578006267548 -0.0006804578006267548 -0.0006804578006267548 -0.0006804578006267548 -0.0006804578006267548 -0.0006804578006267548 -0.0006804578006267548 -0.0006804578006267548 -0.0006804578006267548 -0.0006804578006267548 -0.0006804578006267548 -0.0006804578006267548 -0.0006804578006267548 -0.0006804578006267548 -0.0006804578006267548 -0.0006804578006267548 -0.0006804578006267548 -0.0006804578006267548