-0.8477005362510681 -0.5861958265304565 -0.6463539004325867 -0.5861958265304565 -0.5881480574607849 -0.441951185464859 -0.21180589497089386 -0.21180589497089386 -0.21180589497089386 -0.36863070726394653 -0.21180589497089386 -0.21180589497089386 -0.21180589497089386 -0.21180589497089386 -0.21180589497089386 -0.21180589497089386 -0.21180589497089386 -0.21180589497089386 -0.21180589497089386 -0.21180589497089386 -0.266182005405426 -0.21180589497089386 -0.20905663073062897 -0.1717650294303894 -0.1721445620059967 -0.1721445620059967 -0.16185438632965088 -0.12646937370300293 -0.0864204466342926 -0.08724544942378998 -0.08709798008203506 -0.06747663766145706 -0.06971634179353714 -0.067937470972538 -0.05224170908331871 -0.03813114017248154 -0.013875516131520271 -0.007903523743152618 -0.007903523743152618 -0.005043469835072756 -0.0014838578645139933 -0.0014838578645139933 -0.0014951491029933095 -0.0017559255938977003 -0.001417631283402443 -0.0007931627915240824
-0.5861958265304565 -0.6658285856246948 -0.5861958265304565 -0.5882657170295715 -0.5861958265304565 -0.441951185464859 -0.21180589497089386 -0.21180589497089386 -0.21180589497089386 -0.36863070726394653 -0.21180589497089386 -0.21180589497089386 -0.21180589497089386 -0.21180589497089386 -0.21180589497089386 -0.21180589497089386 -0.21180589497089386 -0.21180589497089386 -0.21180589497089386 -0.21180589497089386 -0.266182005405426 -0.21180589497089386 -0.20905663073062897 -0.1717650294303894 -0.1721445620059967 -0.1721445620059967 -0.16185438632965088 -0.12646937370300293 -0.0864204466342926 -0.08724544942378998 -0.08709798008203506 -0.06747663766145706 -0.06971634179353714 -0.067937470972538 -0.05224170908331871 -0.03813114017248154 -0.013875516131520271 -0.007903523743152618 -0.007903523743152618 -0.005043469835072756 -0.0014838578645139933 -0.0014838578645139933 -0.0014951491029933095 -0.0017559255938977003 -0.001417631283402443 -0.0007931627915240824
-0.6463539004325867 -0.5861958265304565 -0.6463539004325867 -0.5861958265304565 -0.5881480574607849 -0.441951185464859 -0.21180589497089386 -0.21180589497089386 -0.21180589497089386 -0.36863070726394653 -0.21180589497089386 -0.21180589497089386 -0.21180589497089386 -0.21180589497089386 -0.21180589497089386 -0.21180589497089386 -0.21180589497089386 -0.21180589497089386 -0.21180589497089386 -0.21180589497089386 -0.266182005405426 -0.21180589497089386 -0.20905663073062897 -0.1717650294303894 -0.1721445620059967 -0.1721445620059967 -0.16185438632965088 -0.12646937370300293 -0.0864204466342926 -0.08724544942378998 -0.08709798008203506 -0.06747663766145706 -0.06971634179353714 -0.067937470972538 -0.05224170908331871 -0.03813114017248154 -0.013875516131520271 -0.007903523743152618 -0.007903523743152618 -0.005043469835072756 -0.0014838578645139933 -0.0014838578645139933 -0.0014951491029933095 -0.0017559255938977003 -0.001417631283402443 -0.0007931627915240824
-0.21180589497089386 -0.21180589497089386 -0.21180589497089386 -0.21180589497089386 -0.21180589497089386 -0.21180589497089386 -0.21203939616680145 -0.21203939616680145 -0.21203939616680145 -0.21180589497089386 -0.38015279173851013 -0.38015279173851013 -0.2829947769641876 -0.32155469059944153 -0.32155469059944153 -0.21203939616680145 -0.32155469059944153 -0.3256593942642212 -0.32155469059944153 -0.32140079140663147 -0.21180589497089386 -0.21203939616680145 -0.20905663073062897 -0.1717650294303894 -0.1721445620059967 -0.1721445620059967 -0.16185438632965088 -0.12646937370300293 -0.0864204466342926 -0.08724544942378998 -0.08709798008203506 -0.06747663766145706 -0.06971634179353714 -0.067937470972538 -0.05224170908331871 -0.03813114017248154 -0.013875516131520271 -0.007903523743152618 -0.007903523743152618 -0.005043469835072756 -0.0014838578645139933 -0.0014838578645139933 -0.0014951491029933095 -0.0017559255938977003 -0.001417631283402443 -0.0007931627915240824
-0.21180589497089386 -0.21180589497089386 -0.21180589497089386 -0.21180589497089386 -0.21180589497089386 -0.21180589497089386 -0.21203939616680145 -0.21203939616680145 -0.21203939616680145 -0.21180589497089386 -0.38015279173851013 -0.38015279173851013 -0.2829947769641876 -0.32155469059944153 -0.32155469059944153 -0.21203939616680145 -0.32155469059944153 -0.3256593942642212 -0.32155469059944153 -0.32140079140663147 -0.21180589497089386 -0.21203939616680145 -0.20905663073062897 -0.1717650294303894 -0.1721445620059967 -0.1721445620059967 -0.16185438632965088 -0.12646937370300293 -0.0864204466342926 -0.08724544942378998 -0.08709798008203506 -0.06747663766145706 -0.06971634179353714 -0.067937470972538 -0.05224170908331871 -0.03813114017248154 -0.013875516131520271 -0.007903523743152618 -0.007903523743152618 -0.005043469835072756 -0.0014838578645139933 -0.0014838578645139933 -0.0014951491029933095 -0.0017559255938977003 -0.001417631283402443 -0.0007931627915240824
-0.21180589497089386 -0.21180589497089386 -0.21180589497089386 -0.21180589497089386 -0.21180589497089386 -0.21180589497089386 -0.21203939616680145 -0.21203939616680145 -0.21203939616680145 -0.21180589497089386 -0.2829947769641876 -0.2829947769641876 -0.2829947769641876 -0.2829947769641876 -0.2829947769641876 -0.21203939616680145 -0.2829947769641876 -0.2829947769641876 -0.2829947769641876 -0.2829947769641876 -0.21180589497089386 -0.21203939616680145 -0.20905663073062897 -0.1717650294303894 -0.1721445620059967 -0.1721445620059967 -0.16185438632965088 -0.12646937370300293 -0.0864204466342926 -0.08724544942378998 -0.08709798008203506 -0.06747663766145706 -0.06971634179353714 -0.067937470972538 -0.05224170908331871 -0.03813114017248154 -0.013875516131520271 -0.007903523743152618 -0.007903523743152618 -0.005043469835072756 -0.0014838578645139933 -0.0014838578645139933 -0.0014951491029933095 -0.0017559255938977003 -0.001417631283402443 -0.0007931627915240824
-0.21180589497089386 -0.21180589497089386 -0.21180589497089386 -0.21180589497089386 -0.21180589497089386 -0.21180589497089386 -0.21203939616680145 -0.21203939616680145 -0.21203939616680145 -0.21180589497089386 -0.32155469059944153 -0.32155469059944153 -0.2829947769641876 -0.32400745153427124 -0.32400745153427124 -0.21203939616680145 -0.32400745153427124 -0.32155469059944153 -0.32400745153427124 -0.32140079140663147 -0.21180589497089386 -0.21203939616680145 -0.20905663073062897 -0.1717650294303894 -0.1721445620059967 -0.1721445620059967 -0.16185438632965088 -0.12646937370300293 -0.0864204466342926 -0.08724544942378998 -0.08709798008203506 -0.06747663766145706 -0.06971634179353714 -0.067937470972538 -0.05224170908331871 -0.03813114017248154 -0.013875516131520271 -0.007903523743152618 -0.007903523743152618 -0.005043469835072756 -0.0014838578645139933 -0.0014838578645139933 -0.0014951491029933095 -0.0017559255938977003 -0.001417631283402443 -0.0007931627915240824
-0.21180589497089386 -0.21180589497089386 -0.21180589497089386 -0.21180589497089386 -0.21180589497089386 -0.21180589497089386 -0.21203939616680145 -0.21203939616680145 -0.21203939616680145 -0.21180589497089386 -0.32155469059944153 -0.32155469059944153 -0.2829947769641876 -0.32581421732902527 -0.32581421732902527 -0.21203939616680145 -0.32581421732902527 -0.32155469059944153 -0.32400745153427124 -0.32140079140663147 -0.21180589497089386 -0.21203939616680145 -0.20905663073062897 -0.1717650294303894 -0.1721445620059967 -0.1721445620059967 -0.16185438632965088 -0.12646937370300293 -0.0864204466342926 -0.08724544942378998 -0.08709798008203506 -0.06747663766145706 -0.06971634179353714 -0.067937470972538 -0.05224170908331871 -0.03813114017248154 -0.013875516131520271 -0.007903523743152618 -0.007903523743152618 -0.005043469835072756 -0.0014838578645139933 -0.0014838578645139933 -0.0014951491029933095 -0.0017559255938977003 -0.001417631283402443 -0.0007931627915240824
-0.21180589497089386 -0.21180589497089386 -0.21180589497089386 -0.21180589497089386 -0.21180589497089386 -0.21180589497089386 -0.21203939616680145 -0.21203939616680145 -0.21203939616680145 -0.21180589497089386 -0.32140079140663147 -0.32140079140663147 -0.2829947769641876 -0.32140079140663147 -0.32140079140663147 -0.21203939616680145 -0.32140079140663147 -0.32140079140663147 -0.32140079140663147 -0.32140079140663147 -0.21180589497089386 -0.21203939616680145 -0.20905663073062897 -0.1717650294303894 -0.1721445620059967 -0.1721445620059967 -0.16185438632965088 -0.12646937370300293 -0.0864204466342926 -0.08724544942378998 -0.08709798008203506 -0.06747663766145706 -0.06971634179353714 -0.067937470972538 -0.05224170908331871 -0.03813114017248154 -0.013875516131520271 -0.007903523743152618 -0.007903523743152618 -0.005043469835072756 -0.0014838578645139933 -0.0014838578645139933 -0.0014951491029933095 -0.0017559255938977003 -0.001417631283402443 -0.0007931627915240824
-0.21180589497089386 -0.21180589497089386 -0.21180589497089386 -0.21180589497089386 -0.21180589497089386 -0.21180589497089386 -0.21203939616680145 -0.21203939616680145 -0.21203939616680145 -0.21180589497089386 -0.32140079140663147 -0.32140079140663147 -0.2829947769641876 -0.32140079140663147 -0.32140079140663147 -0.21203939616680145 -0.32140079140663147 -0.32140079140663147 -0.32140079140663147 -0.32140079140663147 -0.21180589497089386 -0.21203939616680145 -0.20905663073062897 -0.1717650294303894 -0.1721445620059967 -0.1721445620059967 -0.16185438632965088 -0.12646937370300293 -0.0864204466342926 -0.08724544942378998 -0.08709798008203506 -0.06747663766145706 -0.06971634179353714 -0.067937470972538 -0.05224170908331871 -0.03813114017248154 -0.013875516131520271 -0.007903523743152618 -0.007903523743152618 -0.005043469835072756 -0.0014838578645139933 -0.0014838578645139933 -0.0014951491029933095 -0.0017559255938977003 -0.001417631283402443 -0.0007931627915240824
-0.21180589497089386 -0.21180589497089386 -0.21180589497089386 -0.21180589497089386 -0.21180589497089386 -0.21180589497089386 -0.21203939616680145 -0.21203939616680145 -0.21203939616680145 -0.21180589497089386 -0.32155469059944153 -0.32155469059944153 -0.2829947769641876 -0.32400745153427124 -0.32400745153427124 -0.21203939616680145 -0.32400745153427124 -0.32155469059944153 -0.32400745153427124 -0.32140079140663147 -0.21180589497089386 -0.21203939616680145 -0.20905663073062897 -0.1717650294303894 -0.1721445620059967 -0.1721445620059967 -0.16185438632965088 -0.12646937370300293 -0.0864204466342926 -0.08724544942378998 -0.08709798008203506 -0.06747663766145706 -0.06971634179353714 -0.067937470972538 -0.05224170908331871 -0.03813114017248154 -0.013875516131520271 -0.007903523743152618 -0.007903523743152618 -0.005043469835072756 -0.0014838578645139933 -0.0014838578645139933 -0.0014951491029933095 -0.0017559255938977003 -0.001417631283402443 -0.0007931627915240824
-0.21180589497089386 -0.21180589497089386 -0.21180589497089386 -0.21180589497089386 -0.21180589497089386 -0.21180589497089386 -0.21203939616680145 -0.21203939616680145 -0.21203939616680145 -0.21180589497089386 -0.32140079140663147 -0.32140079140663147 -0.2829947769641876 -0.32140079140663147 -0.32140079140663147 -0.21203939616680145 -0.32140079140663147 -0.32140079140663147 -0.32140079140663147 -0.32140079140663147 -0.21180589497089386 -0.21203939616680145 -0.20905663073062897 -0.1717650294303894 -0.1721445620059967 -0.1721445620059967 -0.16185438632965088 -0.12646937370300293 -0.0864204466342926 -0.08724544942378998 -0.08709798008203506 -0.06747663766145706 -0.06971634179353714 -0.067937470972538 -0.05224170908331871 -0.03813114017248154 -0.013875516131520271 -0.007903523743152618 -0.007903523743152618 -0.005043469835072756 -0.0014838578645139933 -0.0014838578645139933 -0.0014951491029933095 -0.0017559255938977003 -0.001417631283402443 -0.0007931627915240824
-0.21180589497089386 -0.21180589497089386 -0.21180589497089386 -0.21180589497089386 -0.21180589497089386 -0.21180589497089386 -0.21203939616680145 -0.21203939616680145 -0.21203939616680145 -0.21180589497089386 -0.32140079140663147 -0.32140079140663147 -0.2829947769641876 -0.32140079140663147 -0.32140079140663147 -0.21203939616680145 -0.32140079140663147 -0.32140079140663147 -0.32140079140663147 -0.32140079140663147 -0.21180589497089386 -0.21203939616680145 -0.20905663073062897 -0.1717650294303894 -0.1721445620059967 -0.1721445620059967 -0.16185438632965088 -0.12646937370300293 -0.0864204466342926 -0.08724544942378998 -0.08709798008203506 -0.06747663766145706 -0.06971634179353714 -0.067937470972538 -0.05224170908331871 -0.03813114017248154 -0.013875516131520271 -0.007903523743152618 -0.007903523743152618 -0.005043469835072756 -0.0014838578645139933 -0.0014838578645139933 -0.0014951491029933095 -0.0017559255938977003 -0.001417631283402443 -0.0007931627915240824
-0.21180589497089386 -0.21180589497089386 -0.21180589497089386 -0.21180589497089386 -0.21180589497089386 -0.21180589497089386 -0.21203939616680145 -0.21203939616680145 -0.21203939616680145 -0.21180589497089386 -0.32140079140663147 -0.32140079140663147 -0.2829947769641876 -0.32140079140663147 -0.32140079140663147 -0.21203939616680145 -0.32140079140663147 -0.32140079140663147 -0.32140079140663147 -0.32140079140663147 -0.21180589497089386 -0.21203939616680145 -0.20905663073062897 -0.1717650294303894 -0.1721445620059967 -0.1721445620059967 -0.16185438632965088 -0.12646937370300293 -0.0864204466342926 -0.08724544942378998 -0.08709798008203506 -0.06747663766145706 -0.06971634179353714 -0.067937470972538 -0.05224170908331871 -0.03813114017248154 -0.013875516131520271 -0.007903523743152618 -0.007903523743152618 -0.005043469835072756 -0.0014838578645139933 -0.0014838578645139933 -0.0014951491029933095 -0.0017559255938977003 -0.001417631283402443 -0.0007931627915240824
-0.21180589497089386 -0.21180589497089386 -0.21180589497089386 -0.21180589497089386 -0.21180589497089386 -0.21180589497089386 -0.21555766463279724 -0.21555766463279724 -0.21555766463279724 -0.21180589497089386 -0.21203939616680145 -0.21203939616680145 -0.21203939616680145 -0.21203939616680145 -0.21203939616680145 -0.32692110538482666 -0.21203939616680145 -0.21203939616680145 -0.21203939616680145 -0.21203939616680145 -0.21180589497089386 -0.21555766463279724 -0.20905663073062897 -0.1717650294303894 -0.1721445620059967 -0.1721445620059967 -0.16185438632965088 -0.12646937370300293 -0.0864204466342926 -0.08724544942378998 -0.08709798008203506 -0.06747663766145706 -0.06971634179353714 -0.067937470972538 -0.05224170908331871 -0.03813114017248154 -0.013875516131520271 -0.007903523743152618 -0.007903523743152618 -0.005043469835072756 -0.0014838578645139933 -0.0014838578645139933 -0.0014951491029933095 -0.0017559255938977003 -0.001417631283402443 -0.0007931627915240824
-0.06747663766145706 -0.06747663766145706 -0.06747663766145706 -0.06747663766145706 -0.06747663766145706 -0.06747663766145706 -0.06747663766145706 -0.06747663766145706 -0.06747663766145706 -0.06747663766145706 -0.06747663766145706 -0.06747663766145706 -0.06747663766145706 -0.06747663766145706 -0.06747663766145706 -0.06747663766145706 -0.06747663766145706 -0.06747663766145706 -0.06747663766145706 -0.06747663766145706 -0.06747663766145706 -0.06747663766145706 -0.06747663766145706 -0.06747663766145706 -0.06747663766145706 -0.06747663766145706 -0.06747663766145706 -0.06747663766145706 -0.06747663766145706 -0.06747663766145706 -0.06747663766145706 -0.06747663766145706 -0.06747663766145706 -0.06747663766145706 -0.05224170908331871 -0.03813114017248154 -0.013875516131520271 -0.007903523743152618 -0.007903523743152618 -0.005043469835072756 -0.0014838578645139933 -0.0014838578645139933 -0.0014951491029933095 -0.0017559255938977003 -0.001417631283402443 -0.0007931627915240824
-0.21180589497089386 -0.21180589497089386 -0.21180589497089386 -0.21180589497089386 -0.21180589497089386 -0.21180589497089386 -0.4006343185901642 -0.30459243059158325 -0.30459243059158325 -0.21180589497089386 -0.21203939616680145 -0.21203939616680145 -0.21203939616680145 -0.21203939616680145 -0.21203939616680145 -0.21555766463279724 -0.21203939616680145 -0.21203939616680145 -0.21203939616680145 -0.21203939616680145 -0.21180589497089386 -0.21919499337673187 -0.20905663073062897 -0.1717650294303894 -0.1721445620059967 -0.1721445620059967 -0.16185438632965088 -0.12646937370300293 -0.0864204466342926 -0.08724544942378998 -0.08709798008203506 -0.06747663766145706 -0.06971634179353714 -0.067937470972538 -0.05224170908331871 -0.03813114017248154 -0.013875516131520271 -0.007903523743152618 -0.007903523743152618 -0.005043469835072756 -0.0014838578645139933 -0.0014838578645139933 -0.0014951491029933095 -0.0017559255938977003 -0.001417631283402443 -0.0007931627915240824
-0.21180589497089386 -0.21180589497089386 -0.21180589497089386 -0.21180589497089386 -0.21180589497089386 -0.21180589497089386 -0.21555766463279724 -0.21555766463279724 -0.21555766463279724 -0.21180589497089386 -0.21203939616680145 -0.21203939616680145 -0.21203939616680145 -0.21203939616680145 -0.21203939616680145 -0.32692110538482666 -0.21203939616680145 -0.21203939616680145 -0.21203939616680145 -0.21203939616680145 -0.21180589497089386 -0.21555766463279724 -0.20905663073062897 -0.1717650294303894 -0.1721445620059967 -0.1721445620059967 -0.16185438632965088 -0.12646937370300293 -0.0864204466342926 -0.08724544942378998 -0.08709798008203506 -0.06747663766145706 -0.06971634179353714 -0.067937470972538 -0.05224170908331871 -0.03813114017248154 -0.013875516131520271 -0.007903523743152618 -0.007903523743152618 -0.005043469835072756 -0.0014838578645139933 -0.0014838578645139933 -0.0014951491029933095 -0.0017559255938977003 -0.001417631283402443 -0.0007931627915240824
-0.20905663073062897 -0.20905663073062897 -0.20905663073062897 -0.20905663073062897 -0.20905663073062897 -0.20905663073062897 -0.20905663073062897 -0.20905663073062897 -0.20905663073062897 -0.20905663073062897 -0.20905663073062897 -0.20905663073062897 -0.20905663073062897 -0.20905663073062897 -0.20905663073062897 -0.20905663073062897 -0.20905663073062897 -0.20905663073062897 -0.20905663073062897 -0.20905663073062897 -0.20905663073062897 -0.20905663073062897 -0.20905663073062897 -0.1717650294303894 -0.1721445620059967 -0.1721445620059967 -0.16185438632965088 -0.12646937370300293 -0.0864204466342926 -0.08724544942378998 -0.08709798008203506 -0.06747663766145706 -0.06971634179353714 -0.067937470972538 -0.05224170908331871 -0.03813114017248154 -0.013875516131520271 -0.007903523743152618 -0.007903523743152618 -0.005043469835072756 -0.0014838578645139933 -0.0014838578645139933 -0.0014951491029933095 -0.0017559255938977003 -0.001417631283402443 -0.0007931627915240824
-0.05224170908331871 -0.05224170908331871 -0.05224170908331871 -0.05224170908331871 -0.05224170908331871 -0.05224170908331871 -0.05224170908331871 -0.05224170908331871 -0.05224170908331871 -0.05224170908331871 -0.05224170908331871 -0.05224170908331871 -0.05224170908331871 -0.05224170908331871 -0.05224170908331871 -0.05224170908331871 -0.05224170908331871 -0.05224170908331871 -0.05224170908331871 -0.05224170908331871 -0.05224170908331871 -0.05224170908331871 -0.05224170908331871 -0.05224170908331871 -0.05224170908331871 -0.05224170908331871 -0.05224170908331871 -0.05224170908331871 -0.05224170908331871 -0.05224170908331871 -0.05224170908331871 -0.05224170908331871 -0.05224170908331871 -0.05224170908331871 -0.05224170908331871 -0.03813114017248154 -0.013875516131520271 -0.007903523743152618 -0.007903523743152618 -0.005043469835072756 -0.0014838578645139933 -0.0014838578645139933 -0.0014951491029933095 -0.0017559255938977003 -0.001417631283402443 -0.0007931627915240824
-0.21180589497089386 -0.21180589497089386 -0.21180589497089386 -0.21180589497089386 -0.21180589497089386 -0.21180589497089386 -0.30459243059158325 -0.30459243059158325 -0.30459243059158325 -0.21180589497089386 -0.21203939616680145 -0.21203939616680145 -0.21203939616680145 -0.21203939616680145 -0.21203939616680145 -0.21555766463279724 -0.21203939616680145 -0.21203939616680145 -0.21203939616680145 -0.21203939616680145 -0.21180589497089386 -0.21919499337673187 -0.20905663073062897 -0.1717650294303894 -0.1721445620059967 -0.1721445620059967 -0.16185438632965088 -0.12646937370300293 -0.0864204466342926 -0.08724544942378998 -0.08709798008203506 -0.06747663766145706 -0.06971634179353714 -0.067937470972538 -0.05224170908331871 -0.03813114017248154 -0.013875516131520271 -0.007903523743152618 -0.007903523743152618 -0.005043469835072756 -0.0014838578645139933 -0.0014838578645139933 -0.0014951491029933095 -0.0017559255938977003 -0.001417631283402443 -0.0007931627915240824
-0.21180589497089386 -0.21180589497089386 -0.21180589497089386 -0.21180589497089386 -0.21180589497089386 -0.21180589497089386 -0.21203939616680145 -0.21203939616680145 -0.21203939616680145 -0.21180589497089386 -0.2829947769641876 -0.2829947769641876 -0.3445611000061035 -0.2829947769641876 -0.2829947769641876 -0.21203939616680145 -0.2829947769641876 -0.2829947769641876 -0.2829947769641876 -0.2829947769641876 -0.21180589497089386 -0.21203939616680145 -0.20905663073062897 -0.1717650294303894 -0.1721445620059967 -0.1721445620059967 -0.16185438632965088 -0.12646937370300293 -0.0864204466342926 -0.08724544942378998 -0.08709798008203506 -0.06747663766145706 -0.06971634179353714 -0.067937470972538 -0.05224170908331871 -0.03813114017248154 -0.013875516131520271 -0.007903523743152618 -0.007903523743152618 -0.005043469835072756 -0.0014838578645139933 -0.0014838578645139933 -0.0014951491029933095 -0.0017559255938977003 -0.001417631283402443 -0.0007931627915240824
-0.21180589497089386 -0.21180589497089386 -0.21180589497089386 -0.21180589497089386 -0.21180589497089386 -0.21180589497089386 -0.21203939616680145 -0.21203939616680145 -0.21203939616680145 -0.21180589497089386 -0.2829947769641876 -0.2829947769641876 -0.2829947769641876 -0.2829947769641876 -0.2829947769641876 -0.21203939616680145 -0.2829947769641876 -0.2829947769641876 -0.2829947769641876 -0.2829947769641876 -0.21180589497089386 -0.21203939616680145 -0.20905663073062897 -0.1717650294303894 -0.1721445620059967 -0.1721445620059967 -0.16185438632965088 -0.12646937370300293 -0.0864204466342926 -0.08724544942378998 -0.08709798008203506 -0.06747663766145706 -0.06971634179353714 -0.067937470972538 -0.05224170908331871 -0.03813114017248154 -0.013875516131520271 -0.007903523743152618 -0.007903523743152618 -0.005043469835072756 -0.0014838578645139933 -0.0014838578645139933 -0.0014951491029933095 -0.0017559255938977003 -0.001417631283402443 -0.0007931627915240824
-0.21180589497089386 -0.21180589497089386 -0.21180589497089386 -0.21180589497089386 -0.21180589497089386 -0.21180589497089386 -0.21555766463279724 -0.21555766463279724 -0.21555766463279724 -0.21180589497089386 -0.21203939616680145 -0.21203939616680145 -0.21203939616680145 -0.21203939616680145 -0.21203939616680145 -0.31943392753601074 -0.21203939616680145 -0.21203939616680145 -0.21203939616680145 -0.21203939616680145 -0.21180589497089386 -0.21555766463279724 -0.20905663073062897 -0.1717650294303894 -0.1721445620059967 -0.1721445620059967 -0.16185438632965088 -0.12646937370300293 -0.0864204466342926 -0.08724544942378998 -0.08709798008203506 -0.06747663766145706 -0.06971634179353714 -0.067937470972538 -0.05224170908331871 -0.03813114017248154 -0.013875516131520271 -0.007903523743152618 -0.007903523743152618 -0.005043469835072756 -0.0014838578645139933 -0.0014838578645139933 -0.0014951491029933095 -0.0017559255938977003 -0.001417631283402443 -0.0007931627915240824
-0.05224170908331871 -0.05224170908331871 -0.05224170908331871 -0.05224170908331871 -0.05224170908331871 -0.05224170908331871 -0.05224170908331871 -0.05224170908331871 -0.05224170908331871 -0.05224170908331871 -0.05224170908331871 -0.05224170908331871 -0.05224170908331871 -0.05224170908331871 -0.05224170908331871 -0.05224170908331871 -0.05224170908331871 -0.05224170908331871 -0.05224170908331871 -0.05224170908331871 -0.05224170908331871 -0.05224170908331871 -0.05224170908331871 -0.05224170908331871 -0.05224170908331871 -0.05224170908331871 -0.05224170908331871 -0.05224170908331871 -0.05224170908331871 -0.05224170908331871 -0.05224170908331871 -0.05224170908331871 -0.05224170908331871 -0.05224170908331871 -0.05224170908331871 -0.03813114017248154 -0.013875516131520271 -0.007903523743152618 -0.007903523743152618 -0.005043469835072756 -0.0014838578645139933 -0.0014838578645139933 -0.0014951491029933095 -0.0017559255938977003 -0.001417631283402443 -0.0007931627915240824
-0.12646937370300293 -0.12646937370300293 -0.12646937370300293 -0.12646937370300293 -0.12646937370300293 -0.12646937370300293 -0.12646937370300293 -0.12646937370300293 -0.12646937370300293 -0.12646937370300293 -0.12646937370300293 -0.12646937370300293 -0.12646937370300293 -0.12646937370300293 -0.12646937370300293 -0.12646937370300293 -0.12646937370300293 -0.12646937370300293 -0.12646937370300293 -0.12646937370300293 -0.12646937370300293 -0.12646937370300293 -0.12646937370300293 -0.12646937370300293 -0.12646937370300293 -0.12646937370300293 -0.12646937370300293 -0.1325797140598297 -0.0864204466342926 -0.08724544942378998 -0.08709798008203506 -0.06747663766145706 -0.06971634179353714 -0.067937470972538 -0.05224170908331871 -0.03813114017248154 -0.013875516131520271 -0.007903523743152618 -0.007903523743152618 -0.005043469835072756 -0.0014838578645139933 -0.0014838578645139933 -0.0014951491029933095 -0.0017559255938977003 -0.001417631283402443 -0.0007931627915240824
-0.20905663073062897 -0.20905663073062897 -0.20905663073062897 -0.20905663073062897 -0.20905663073062897 -0.20905663073062897 -0.20905663073062897 -0.20905663073062897 -0.20905663073062897 -0.20905663073062897 -0.20905663073062897 -0.20905663073062897 -0.20905663073062897 -0.20905663073062897 -0.20905663073062897 -0.20905663073062897 -0.20905663073062897 -0.20905663073062897 -0.20905663073062897 -0.20905663073062897 -0.20905663073062897 -0.20905663073062897 -0.20905663073062897 -0.1717650294303894 -0.1721445620059967 -0.1721445620059967 -0.16185438632965088 -0.12646937370300293 -0.0864204466342926 -0.08724544942378998 -0.08709798008203506 -0.06747663766145706 -0.06971634179353714 -0.067937470972538 -0.05224170908331871 -0.03813114017248154 -0.013875516131520271 -0.007903523743152618 -0.007903523743152618 -0.005043469835072756 -0.0014838578645139933 -0.0014838578645139933 -0.0014951491029933095 -0.0017559255938977003 -0.001417631283402443 -0.0007931627915240824
-0.20905663073062897 -0.20905663073062897 -0.20905663073062897 -0.20905663073062897 -0.20905663073062897 -0.20905663073062897 -0.20905663073062897 -0.20905663073062897 -0.20905663073062897 -0.20905663073062897 -0.20905663073062897 -0.20905663073062897 -0.20905663073062897 -0.20905663073062897 -0.20905663073062897 -0.20905663073062897 -0.20905663073062897 -0.20905663073062897 -0.20905663073062897 -0.20905663073062897 -0.20905663073062897 -0.20905663073062897 -0.20905663073062897 -0.1717650294303894 -0.1721445620059967 -0.1721445620059967 -0.16185438632965088 -0.12646937370300293 -0.0864204466342926 -0.08724544942378998 -0.08709798008203506 -0.06747663766145706 -0.06971634179353714 -0.067937470972538 -0.05224170908331871 -0.03813114017248154 -0.013875516131520271 -0.007903523743152618 -0.007903523743152618 -0.005043469835072756 -0.0014838578645139933 -0.0014838578645139933 -0.0014951491029933095 -0.0017559255938977003 -0.001417631283402443 -0.0007931627915240824
-0.1717650294303894 -0.1717650294303894 -0.1717650294303894 -0.1717650294303894 -0.1717650294303894 -0.1717650294303894 -0.1717650294303894 -0.1717650294303894 -0.1717650294303894 -0.1717650294303894 -0.1717650294303894 -0.1717650294303894 -0.1717650294303894 -0.1717650294303894 -0.1717650294303894 -0.1717650294303894 -0.1717650294303894 -0.1717650294303894 -0.1717650294303894 -0.1717650294303894 -0.1717650294303894 -0.1717650294303894 -0.1717650294303894 -0.1717650294303894 -0.1717650294303894 -0.1717650294303894 -0.16185438632965088 -0.12646937370300293 -0.0864204466342926 -0.08724544942378998 -0.08709798008203506 -0.06747663766145706 -0.06971634179353714 -0.067937470972538 -0.05224170908331871 -0.03813114017248154 -0.013875516131520271 -0.007903523743152618 -0.007903523743152618 -0.005043469835072756 -0.0014838578645139933 -0.0014838578645139933 -0.0014951491029933095 -0.0017559255938977003 -0.001417631283402443 -0.0007931627915240824
-0.03813114017248154 -0.03813114017248154 -0.03813114017248154 -0.03813114017248154 -0.03813114017248154 -0.03813114017248154 -0.03813114017248154 -0.03813114017248154 -0.03813114017248154 -0.03813114017248154 -0.03813114017248154 -0.03813114017248154 -0.03813114017248154 -0.03813114017248154 -0.03813114017248154 -0.03813114017248154 -0.03813114017248154 -0.03813114017248154 -0.03813114017248154 -0.03813114017248154 -0.03813114017248154 -0.03813114017248154 -0.03813114017248154 -0.03813114017248154 -0.03813114017248154 -0.03813114017248154 -0.03813114017248154 -0.03813114017248154 -0.03813114017248154 -0.03813114017248154 -0.03813114017248154 -0.03813114017248154 -0.03813114017248154 -0.03813114017248154 -0.03813114017248154 -0.03813114017248154 -0.013875516131520271 -0.007903523743152618 -0.007903523743152618 -0.005043469835072756 -0.0014838578645139933 -0.0014838578645139933 -0.0014951491029933095 -0.0017559255938977003 -0.001417631283402443 -0.0007931627915240824
-0.007903523743152618 -0.007903523743152618 -0.007903523743152618 -0.007903523743152618 -0.007903523743152618 -0.007903523743152618 -0.007903523743152618 -0.007903523743152618 -0.007903523743152618 -0.007903523743152618 -0.007903523743152618 -0.007903523743152618 -0.007903523743152618 -0.007903523743152618 -0.007903523743152618 -0.007903523743152618 -0.007903523743152618 -0.007903523743152618 -0.007903523743152618 -0.007903523743152618 -0.007903523743152618 -0.007903523743152618 -0.007903523743152618 -0.007903523743152618 -0.007903523743152618 -0.007903523743152618 -0.007903523743152618 -0.007903523743152618 -0.007903523743152618 -0.007903523743152618 -0.007903523743152618 -0.007903523743152618 -0.007903523743152618 -0.007903523743152618 -0.007903523743152618 -0.007903523743152618 -0.007903523743152618 -0.007903523743152618 -0.007903523743152618 -0.005043469835072756 -0.0014838578645139933 -0.0014838578645139933 -0.0014951491029933095 -0.0017559255938977003 -0.001417631283402443 -0.0007931627915240824
-0.09769696742296219 -0.09769696742296219 -0.09769696742296219 -0.09769696742296219 -0.09769696742296219 -0.09769696742296219 -0.09769696742296219 -0.09769696742296219 -0.09769696742296219 -0.09769696742296219 -0.09769696742296219 -0.09769696742296219 -0.09769696742296219 -0.09769696742296219 -0.09769696742296219 -0.09769696742296219 -0.09769696742296219 -0.09769696742296219 -0.09769696742296219 -0.09769696742296219 -0.09769696742296219 -0.09769696742296219 -0.09769696742296219 -0.09769696742296219 -0.09769696742296219 -0.09769696742296219 -0.09769696742296219 -0.09769696742296219 -0.0864204466342926 -0.08724544942378998 -0.08709798008203506 -0.06747663766145706 -0.06971634179353714 -0.067937470972538 -0.05224170908331871 -0.03813114017248154 -0.013875516131520271 -0.007903523743152618 -0.007903523743152618 -0.005043469835072756 -0.0014838578645139933 -0.0014838578645139933 -0.0014951491029933095 -0.0017559255938977003 -0.001417631283402443 -0.0007931627915240824
-0.09384474158287048 -0.09384474158287048 -0.09384474158287048 -0.09384474158287048 -0.09384474158287048 -0.09384474158287048 -0.09384474158287048 -0.09384474158287048 -0.09384474158287048 -0.09384474158287048 -0.09384474158287048 -0.09384474158287048 -0.09384474158287048 -0.09384474158287048 -0.09384474158287048 -0.09384474158287048 -0.09384474158287048 -0.09384474158287048 -0.09384474158287048 -0.09384474158287048 -0.09384474158287048 -0.09384474158287048 -0.09384474158287048 -0.09384474158287048 -0.09384474158287048 -0.09384474158287048 -0.09384474158287048 -0.09384474158287048 -0.0864204466342926 -0.08724544942378998 -0.08709798008203506 -0.06747663766145706 -0.06971634179353714 -0.067937470972538 -0.05224170908331871 -0.03813114017248154 -0.013875516131520271 -0.007903523743152618 -0.007903523743152618 -0.005043469835072756 -0.0014838578645139933 -0.0014838578645139933 -0.0014951491029933095 -0.0017559255938977003 -0.001417631283402443 -0.0007931627915240824
-0.09211678057909012 -0.09211678057909012 -0.09211678057909012 -0.09211678057909012 -0.09211678057909012 -0.09211678057909012 -0.09211678057909012 -0.09211678057909012 -0.09211678057909012 -0.09211678057909012 -0.09211678057909012 -0.09211678057909012 -0.09211678057909012 -0.09211678057909012 -0.09211678057909012 -0.09211678057909012 -0.09211678057909012 -0.09211678057909012 -0.09211678057909012 -0.09211678057909012 -0.09211678057909012 -0.09211678057909012 -0.09211678057909012 -0.09211678057909012 -0.09211678057909012 -0.09211678057909012 -0.09211678057909012 -0.09211678057909012 -0.0864204466342926 -0.08724544942378998 -0.08709798008203506 -0.06747663766145706 -0.06971634179353714 -0.067937470972538 -0.05224170908331871 -0.03813114017248154 -0.013875516131520271 -0.007903523743152618 -0.007903523743152618 -0.005043469835072756 -0.0014838578645139933 -0.0014838578645139933 -0.0014951491029933095 -0.0017559255938977003 -0.001417631283402443 -0.0007931627915240824
-0.0814199298620224 -0.0814199298620224 -0.0814199298620224 -0.0814199298620224 -0.0814199298620224 -0.0814199298620224 -0.0814199298620224 -0.0814199298620224 -0.0814199298620224 -0.0814199298620224 -0.0814199298620224 -0.0814199298620224 -0.0814199298620224 -0.0814199298620224 -0.0814199298620224 -0.0814199298620224 -0.0814199298620224 -0.0814199298620224 -0.0814199298620224 -0.0814199298620224 -0.0814199298620224 -0.0814199298620224 -0.0814199298620224 -0.0814199298620224 -0.0814199298620224 -0.0814199298620224 -0.0814199298620224 -0.0814199298620224 -0.0814199298620224 -0.0814199298620224 -0.0814199298620224 -0.06747663766145706 -0.06971634179353714 -0.067937470972538 -0.05224170908331871 -0.03813114017248154 -0.013875516131520271 -0.007903523743152618 -0.007903523743152618 -0.005043469835072756 -0.0014838578645139933 -0.0014838578645139933 -0.0014951491029933095 -0.0017559255938977003 -0.001417631283402443 -0.0007931627915240824
-0.07515091449022293 -0.07515091449022293 -0.07515091449022293 -0.07515091449022293 -0.07515091449022293 -0.07515091449022293 -0.07515091449022293 -0.07515091449022293 -0.07515091449022293 -0.07515091449022293 -0.07515091449022293 -0.07515091449022293 -0.07515091449022293 -0.07515091449022293 -0.07515091449022293 -0.07515091449022293 -0.07515091449022293 -0.07515091449022293 -0.07515091449022293 -0.07515091449022293 -0.07515091449022293 -0.07515091449022293 -0.07515091449022293 -0.07515091449022293 -0.07515091449022293 -0.07515091449022293 -0.07515091449022293 -0.07515091449022293 -0.07515091449022293 -0.07515091449022293 -0.07515091449022293 -0.06747663766145706 -0.06971634179353714 -0.067937470972538 -0.05224170908331871 -0.03813114017248154 -0.013875516131520271 -0.007903523743152618 -0.007903523743152618 -0.005043469835072756 -0.0014838578645139933 -0.0014838578645139933 -0.0014951491029933095 -0.0017559255938977003 -0.001417631283402443 -0.0007931627915240824
-0.07378347963094711 -0.07378347963094711 -0.07378347963094711 -0.07378347963094711 -0.07378347963094711 -0.07378347963094711 -0.07378347963094711 -0.07378347963094711 -0.07378347963094711 -0.07378347963094711 -0.07378347963094711 -0.07378347963094711 -0.07378347963094711 -0.07378347963094711 -0.07378347963094711 -0.07378347963094711 -0.07378347963094711 -0.07378347963094711 -0.07378347963094711 -0.07378347963094711 -0.07378347963094711 -0.07378347963094711 -0.07378347963094711 -0.07378347963094711 -0.07378347963094711 -0.07378347963094711 -0.07378347963094711 -0.07378347963094711 -0.07378347963094711 -0.07378347963094711 -0.07378347963094711 -0.06747663766145706 -0.06971634179353714 -0.067937470972538 -0.05224170908331871 -0.03813114017248154 -0.013875516131520271 -0.007903523743152618 -0.007903523743152618 -0.005043469835072756 -0.0014838578645139933 -0.0014838578645139933 -0.0014951491029933095 -0.0017559255938977003 -0.001417631283402443 -0.0007931627915240824
-0.05224170908331871 -0.05224170908331871 -0.05224170908331871 -0.05224170908331871 -0.05224170908331871 -0.05224170908331871 -0.05224170908331871 -0.05224170908331871 -0.05224170908331871 -0.05224170908331871 -0.05224170908331871 -0.05224170908331871 -0.05224170908331871 -0.05224170908331871 -0.05224170908331871 -0.05224170908331871 -0.05224170908331871 -0.05224170908331871 -0.05224170908331871 -0.05224170908331871 -0.05224170908331871 -0.05224170908331871 -0.05224170908331871 -0.05224170908331871 -0.05224170908331871 -0.05224170908331871 -0.05224170908331871 -0.05224170908331871 -0.05224170908331871 -0.05224170908331871 -0.05224170908331871 -0.05224170908331871 -0.05224170908331871 -0.05224170908331871 -0.06570110470056534 -0.03813114017248154 -0.013875516131520271 -0.007903523743152618 -0.007903523743152618 -0.005043469835072756 -0.0014838578645139933 -0.0014838578645139933 -0.0014951491029933095 -0.0017559255938977003 -0.001417631283402443 -0.0007931627915240824
-0.03813114017248154 -0.03813114017248154 -0.03813114017248154 -0.03813114017248154 -0.03813114017248154 -0.03813114017248154 -0.03813114017248154 -0.03813114017248154 -0.03813114017248154 -0.03813114017248154 -0.03813114017248154 -0.03813114017248154 -0.03813114017248154 -0.03813114017248154 -0.03813114017248154 -0.03813114017248154 -0.03813114017248154 -0.03813114017248154 -0.03813114017248154 -0.03813114017248154 -0.03813114017248154 -0.03813114017248154 -0.03813114017248154 -0.03813114017248154 -0.03813114017248154 -0.03813114017248154 -0.03813114017248154 -0.03813114017248154 -0.03813114017248154 -0.03813114017248154 -0.03813114017248154 -0.03813114017248154 -0.03813114017248154 -0.03813114017248154 -0.03813114017248154 -0.0474000982940197 -0.013875516131520271 -0.007903523743152618 -0.007903523743152618 -0.005043469835072756 -0.0014838578645139933 -0.0014838578645139933 -0.0014951491029933095 -0.0017559255938977003 -0.001417631283402443 -0.0007931627915240824
-0.05850956216454506 -0.05850956216454506 -0.05850956216454506 -0.05850956216454506 -0.05850956216454506 -0.05850956216454506 -0.05850956216454506 -0.05850956216454506 -0.05850956216454506 -0.05850956216454506 -0.05850956216454506 -0.05850956216454506 -0.05850956216454506 -0.05850956216454506 -0.05850956216454506 -0.05850956216454506 -0.05850956216454506 -0.05850956216454506 -0.05850956216454506 -0.05850956216454506 -0.05850956216454506 -0.05850956216454506 -0.05850956216454506 -0.05850956216454506 -0.05850956216454506 -0.05850956216454506 -0.05850956216454506 -0.05850956216454506 -0.05850956216454506 -0.05850956216454506 -0.05850956216454506 -0.05850956216454506 -0.05850956216454506 -0.05850956216454506 -0.05224170908331871 -0.03813114017248154 -0.013875516131520271 -0.007903523743152618 -0.007903523743152618 -0.005043469835072756 -0.0014838578645139933 -0.0014838578645139933 -0.0014951491029933095 -0.0017559255938977003 -0.001417631283402443 -0.0007931627915240824
-0.05003288388252258 -0.05003288388252258 -0.05003288388252258 -0.05003288388252258 -0.05003288388252258 -0.05003288388252258 -0.05003288388252258 -0.05003288388252258 -0.05003288388252258 -0.05003288388252258 -0.05003288388252258 -0.05003288388252258 -0.05003288388252258 -0.05003288388252258 -0.05003288388252258 -0.05003288388252258 -0.05003288388252258 -0.05003288388252258 -0.05003288388252258 -0.05003288388252258 -0.05003288388252258 -0.05003288388252258 -0.05003288388252258 -0.05003288388252258 -0.05003288388252258 -0.05003288388252258 -0.05003288388252258 -0.05003288388252258 -0.05003288388252258 -0.05003288388252258 -0.05003288388252258 -0.05003288388252258 -0.05003288388252258 -0.05003288388252258 -0.05003288388252258 -0.03813114017248154 -0.013875516131520271 -0.007903523743152618 -0.007903523743152618 -0.005043469835072756 -0.0014838578645139933 -0.0014838578645139933 -0.0014951491029933095 -0.0017559255938977003 -0.001417631283402443 -0.0007931627915240824
-0.04865218326449394 -0.04865218326449394 -0.04865218326449394 -0.04865218326449394 -0.04865218326449394 -0.04865218326449394 -0.04865218326449394 -0.04865218326449394 -0.04865218326449394 -0.04865218326449394 -0.04865218326449394 -0.04865218326449394 -0.04865218326449394 -0.04865218326449394 -0.04865218326449394 -0.04865218326449394 -0.04865218326449394 -0.04865218326449394 -0.04865218326449394 -0.04865218326449394 -0.04865218326449394 -0.04865218326449394 -0.04865218326449394 -0.04865218326449394 -0.04865218326449394 -0.04865218326449394 -0.04865218326449394 -0.04865218326449394 -0.04865218326449394 -0.04865218326449394 -0.04865218326449394 -0.04865218326449394 -0.04865218326449394 -0.04865218326449394 -0.04865218326449394 -0.03813114017248154 -0.013875516131520271 -0.007903523743152618 -0.007903523743152618 -0.005043469835072756 -0.0014838578645139933 -0.0014838578645139933 -0.0014951491029933095 -0.0017559255938977003 -0.001417631283402443 -0.0007931627915240824
-0.013875516131520271 -0.013875516131520271 -0.013875516131520271 -0.013875516131520271 -0.013875516131520271 -0.013875516131520271 -0.013875516131520271 -0.013875516131520271 -0.013875516131520271 -0.013875516131520271 -0.013875516131520271 -0.013875516131520271 -0.013875516131520271 -0.013875516131520271 -0.013875516131520271 -0.013875516131520271 -0.013875516131520271 -0.013875516131520271 -0.013875516131520271 -0.013875516131520271 -0.013875516131520271 -0.013875516131520271 -0.013875516131520271 -0.013875516131520271 -0.013875516131520271 -0.013875516131520271 -0.013875516131520271 -0.013875516131520271 -0.013875516131520271 -0.013875516131520271 -0.013875516131520271 -0.013875516131520271 -0.013875516131520271 -0.013875516131520271 -0.013875516131520271 -0.013875516131520271 -0.013875516131520271 -0.007903523743152618 -0.007903523743152618 -0.005043469835072756 -0.0014838578645139933 -0.0014838578645139933 -0.0014951491029933095 -0.0017559255938977003 -0.001417631283402443 -0.0007931627915240824
-0.042815860360860825 -0.042815860360860825 -0.042815860360860825 -0.042815860360860825 -0.042815860360860825 -0.042815860360860825 -0.042815860360860825 -0.042815860360860825 -0.042815860360860825 -0.042815860360860825 -0.042815860360860825 -0.042815860360860825 -0.042815860360860825 -0.042815860360860825 -0.042815860360860825 -0.042815860360860825 -0.042815860360860825 -0.042815860360860825 -0.042815860360860825 -0.042815860360860825 -0.042815860360860825 -0.042815860360860825 -0.042815860360860825 -0.042815860360860825 -0.042815860360860825 -0.042815860360860825 -0.042815860360860825 -0.042815860360860825 -0.042815860360860825 -0.042815860360860825 -0.042815860360860825 -0.042815860360860825 -0.042815860360860825 -0.042815860360860825 -0.042815860360860825 -0.03813114017248154 -0.013875516131520271 -0.007903523743152618 -0.007903523743152618 -0.005043469835072756 -0.0014838578645139933 -0.0014838578645139933 -0.0014951491029933095 -0.0017559255938977003 -0.001417631283402443 -0.0007931627915240824
-0.013875516131520271 -0.013875516131520271 -0.013875516131520271 -0.013875516131520271 -0.013875516131520271 -0.013875516131520271 -0.013875516131520271 -0.013875516131520271 -0.013875516131520271 -0.013875516131520271 -0.013875516131520271 -0.013875516131520271 -0.013875516131520271 -0.013875516131520271 -0.013875516131520271 -0.013875516131520271 -0.013875516131520271 -0.013875516131520271 -0.013875516131520271 -0.013875516131520271 -0.013875516131520271 -0.013875516131520271 -0.013875516131520271 -0.013875516131520271 -0.013875516131520271 -0.013875516131520271 -0.013875516131520271 -0.013875516131520271 -0.013875516131520271 -0.013875516131520271 -0.013875516131520271 -0.013875516131520271 -0.013875516131520271 -0.013875516131520271 -0.013875516131520271 -0.013875516131520271 -0.0211725402623415 -0.007903523743152618 -0.007903523743152618 -0.005043469835072756 -0.0014838578645139933 -0.0014838578645139933 -0.0014951491029933095 -0.0017559255938977003 -0.001417631283402443 -0.0007931627915240824
-0.005043469835072756 -0.005043469835072756 -0.005043469835072756 -0.005043469835072756 -0.005043469835072756 -0.005043469835072756 -0.005043469835072756 -0.005043469835072756 -0.005043469835072756 -0.005043469835072756 -0.005043469835072756 -0.005043469835072756 -0.005043469835072756 -0.005043469835072756 -0.005043469835072756 -0.005043469835072756 -0.005043469835072756 -0.005043469835072756 -0.005043469835072756 -0.005043469835072756 -0.005043469835072756 -0.005043469835072756 -0.005043469835072756 -0.005043469835072756 -0.005043469835072756 -0.005043469835072756 -0.005043469835072756 -0.005043469835072756 -0.005043469835072756 -0.005043469835072756 -0.005043469835072756 -0.005043469835072756 -0.005043469835072756 -0.005043469835072756 -0.005043469835072756 -0.005043469835072756 -0.005043469835072756 -0.005043469835072756 -0.005043469835072756 -0.008852184750139713 -0.0014838578645139933 -0.0014838578645139933 -0.0014951491029933095 -0.0017559255938977003 -0.001417631283402443 -0.0007931627915240824
-0.0017911980394273996 -0.0017911980394273996 -0.0017911980394273996 -0.0017911980394273996 -0.0017911980394273996 -0.0017911980394273996 -0.0017911980394273996 -0.0017911980394273996 -0.0017911980394273996 -0.0017911980394273996 -0.0017911980394273996 -0.0017911980394273996 -0.0017911980394273996 -0.0017911980394273996 -0.0017911980394273996 -0.0017911980394273996 -0.0017911980394273996 -0.0017911980394273996 -0.0017911980394273996 -0.0017911980394273996 -0.0017911980394273996 -0.0017911980394273996 -0.0017911980394273996 -0.0017911980394273996 -0.0017911980394273996 -0.0017911980394273996 -0.0017911980394273996 -0.0017911980394273996 -0.0017911980394273996 -0.0017911980394273996 -0.0017911980394273996 -0.0017911980394273996 -0.0017911980394273996 -0.0017911980394273996 -0.0017911980394273996 -0.0017911980394273996 -0.0017911980394273996 -0.0017911980394273996 -0.0017911980394273996 -0.0017911980394273996 -0.0014838578645139933 -0.0014838578645139933 -0.0014951491029933095 -0.0017559255938977003 -0.001417631283402443 -0.0007931627915240824
-0.0014951491029933095 -0.0014951491029933095 -0.0014951491029933095 -0.0014951491029933095 -0.0014951491029933095 -0.0014951491029933095 -0.0014951491029933095 -0.0014951491029933095 -0.0014951491029933095 -0.0014951491029933095 -0.0014951491029933095 -0.0014951491029933095 -0.0014951491029933095 -0.0014951491029933095 -0.0014951491029933095 -0.0014951491029933095 -0.0014951491029933095 -0.0014951491029933095 -0.0014951491029933095 -0.0014951491029933095 -0.0014951491029933095 -0.0014951491029933095 -0.0014951491029933095 -0.0014951491029933095 -0.0014951491029933095 -0.0014951491029933095 -0.0014951491029933095 -0.0014951491029933095 -0.0014951491029933095 -0.0014951491029933095 -0.0014951491029933095 -0.0014951491029933095 -0.0014951491029933095 -0.0014951491029933095 -0.0014951491029933095 -0.0014951491029933095 -0.0014951491029933095 -0.0014951491029933095 -0.0014951491029933095 -0.0014951491029933095 -0.0014838578645139933 -0.0014838578645139933 -0.0017764318035915494 -0.0014951491029933095 -0.001417631283402443 -0.0007931627915240824
-0.001471515977755189 -0.001471515977755189 -0.001471515977755189 -0.001471515977755189 -0.001471515977755189 -0.001471515977755189 -0.001471515977755189 -0.001471515977755189 -0.001471515977755189 -0.001471515977755189 -0.001471515977755189 -0.001471515977755189 -0.001471515977755189 -0.001471515977755189 -0.001471515977755189 -0.001471515977755189 -0.001471515977755189 -0.001471515977755189 -0.001471515977755189 -0.001471515977755189 -0.001471515977755189 -0.001471515977755189 -0.001471515977755189 -0.001471515977755189 -0.001471515977755189 -0.001471515977755189 -0.001471515977755189 -0.001471515977755189 -0.001471515977755189 -0.001471515977755189 -0.001471515977755189 -0.001471515977755189 -0.001471515977755189 -0.001471515977755189 -0.001471515977755189 -0.001471515977755189 -0.001471515977755189 -0.001471515977755189 -0.001471515977755189 -0.001471515977755189 -0.001471515977755189 -0.001471515977755189 -0.001471515977755189 -0.001471515977755189 -0.001417631283402443 -0.0007931627915240824
-0.0007887934916652739 -0.0007887934916652739 -0.0007887934916652739 -0.0007887934916652739 -0.0007887934916652739 -0.0007887934916652739 -0.0007887934916652739 -0.0007887934916652739 -0.0007887934916652739 -0.0007887934916652739 -0.0007887934916652739 -0.0007887934916652739 -0.0007887934916652739 -0.0007887934916652739 -0.0007887934916652739 -0.0007887934916652739 -0.0007887934916652739 -0.0007887934916652739 -0.0007887934916652739 -0.0007887934916652739 -0.0007887934916652739 -0.0007887934916652739 -0.0007887934916652739 -0.0007887934916652739 -0.0007887934916652739 -0.0007887934916652739 -0.0007887934916652739 -0.0007887934916652739 -0.0007887934916652739 -0.0007887934916652739 -0.0007887934916652739 -0.0007887934916652739 -0.0007887934916652739 -0.0007887934916652739 -0.0007887934916652739 -0.0007887934916652739 -0.0007887934916652739 -0.0007887934916652739 -0.0007887934916652739 -0.0007887934916652739 -0.0007887934916652739 -0.0007887934916652739 -0.0007887934916652739 -0.0007887934916652739 -0.0007887934916652739 -0.0007887934916652739
-0.0007703096489422023 -0.0007703096489422023 -0.0007703096489422023 -0.0007703096489422023 -0.0007703096489422023 -0.0007703096489422023 -0.0007703096489422023 -0.0007703096489422023 -0.0007703096489422023 -0.0007703096489422023 -0.0007703096489422023 -0.0007703096489422023 -0.0007703096489422023 -0.0007703096489422023 -0.0007703096489422023 -0.0007703096489422023 -0.0007703096489422023 -0.0007703096489422023 -0.0007703096489422023 -0.0007703096489422023 -0.0007703096489422023 -0.0007703096489422023 -0.0007703096489422023 -0.0007703096489422023 -0.0007703096489422023 -0.0007703096489422023 -0.0007703096489422023 -0.0007703096489422023 -0.0007703096489422023 -0.0007703096489422023 -0.0007703096489422023 -0.0007703096489422023 -0.0007703096489422023 -0.0007703096489422023 -0.0007703096489422023 -0.0007703096489422023 -0.0007703096489422023 -0.0007703096489422023 -0.0007703096489422023 -0.0007703096489422023 -0.0007703096489422023 -0.0007703096489422023 -0.0007703096489422023 -0.0007703096489422023 -0.0007703096489422023 -0.0007703096489422023
-0.0007125184056349099 -0.0007125184056349099 -0.0007125184056349099 -0.0007125184056349099 -0.0007125184056349099 -0.0007125184056349099 -0.0007125184056349099 -0.0007125184056349099 -0.0007125184056349099 -0.0007125184056349099 -0.0007125184056349099 -0.0007125184056349099 -0.0007125184056349099 -0.0007125184056349099 -0.0007125184056349099 -0.0007125184056349099 -0.0007125184056349099 -0.0007125184056349099 -0.0007125184056349099 -0.0007125184056349099 -0.0007125184056349099 -0.0007125184056349099 -0.0007125184056349099 -0.0007125184056349099 -0.0007125184056349099 -0.0007125184056349099 -0.0007125184056349099 -0.0007125184056349099 -0.0007125184056349099 -0.0007125184056349099 -0.0007125184056349099 -0.0007125184056349099 -0.0007125184056349099 -0.0007125184056349099 -0.0007125184056349099 -0.0007125184056349099 -0.0007125184056349099 -0.0007125184056349099 -0.0007125184056349099 -0.0007125184056349099 -0.0007125184056349099 -0.0007125184056349099 -0.0007125184056349099 -0.0007125184056349099 -0.0007125184056349099 -0.0007125184056349099
-0.0006804578006267548 -0.0006804578006267548 -0.0006804578006267548 -0.0006804578006267548 -0.0006804578006267548 -0.0006804578006267548 -0.0006804578006267548 -0.0006804578006267548 -0.0006804578006267548 -0.0006804578006267548 -0.0006804578006267548 -0.0006804578006267548 -0.0006804578006267548 -0.0006804578006267548 -0.0006804578006267548 -0.0006804578006267548 -0.0006804578006267548 -0.0006804578006267548 -0.0006804578006267548 -0.0006804578006267548 -0.0006804578006267548 -0.0006804578006267548 -0.0006804578006267548 -0.0006804578006267548 -0.0006804578006267548 -0.0006804578006267548 -0.0006804578006267548 -0.0006804578006267548 -0.0006804578006267548 -0.0006804578006267548 -0.0006804578006267548 -0.0006804578006267548 -0.0006804578006267548 -0.0006804578006267548 -0.0006804578006267548 -0.0006804578006267548 -0.0006804578006267548 -0.0006804578006267548 -0.0006804578006267548 -0.0006804578006267548 -0.0006804578006267548 -0.0006804578006267548 -0.0006804578006267548 -0.0006804578006267548 -0.0006804578006267548 -0.0006804578006267548