-0.5135712027549744 -0.5135712027549744 -0.45049214363098145 -0.45049214363098145 -0.3516891598701477 -0.18790216743946075 -0.18790216743946075 -0.1275186538696289 -0.1275186538696289 -0.1275186538696289 -0.1275186538696289 -0.1275186538696289 -0.2925999164581299 -0.1829623579978943 -0.18790216743946075 -0.1829623579978943 -0.18790216743946075 -0.1275186538696289 -0.1275186538696289 -0.1275186538696289 -0.18790216743946075 -0.11387056112289429 -0.11387056112289429 -0.14319483935832977 -0.1275186538696289 -0.12359347194433212 -0.08638069033622742 -0.08638069033622742 -0.0688323900103569 -0.07324295490980148 -0.04665679857134819 -0.004573935642838478 -0.0026207820046693087 -0.0011911147739738226 -0.0018653590232133865 -0.0018743579275906086 -0.0014714781427755952 -0.0009918218711391091 -0.000735043897293508 -0.0008998595294542611 -0.0006738962256349623 -0.0009918218711391091 -0.0009426274336874485 -0.0009517124854028225 -0.0008839037618599832 -0.0007633605855517089 -0.0005858420627191663
-0.3516891598701477 -0.3516891598701477 -0.3516891598701477 -0.3516891598701477 -0.3516891598701477 -0.18790216743946075 -0.18790216743946075 -0.1275186538696289 -0.1275186538696289 -0.1275186538696289 -0.1275186538696289 -0.1275186538696289 -0.2925999164581299 -0.1829623579978943 -0.18790216743946075 -0.1829623579978943 -0.18790216743946075 -0.1275186538696289 -0.1275186538696289 -0.1275186538696289 -0.18790216743946075 -0.11387056112289429 -0.11387056112289429 -0.14319483935832977 -0.1275186538696289 -0.12359347194433212 -0.08638069033622742 -0.08638069033622742 -0.0688323900103569 -0.07324295490980148 -0.04665679857134819 -0.004573935642838478 -0.0026207820046693087 -0.0011911147739738226 -0.0018653590232133865 -0.0018743579275906086 -0.0014714781427755952 -0.0009918218711391091 -0.000735043897293508 -0.0008998595294542611 -0.0006738962256349623 -0.0009918218711391091 -0.0009426274336874485 -0.0009517124854028225 -0.0008839037618599832 -0.0007633605855517089 -0.0005858420627191663
-0.5135712027549744 -0.5135712027549744 -0.45049214363098145 -0.45049214363098145 -0.3516891598701477 -0.18790216743946075 -0.18790216743946075 -0.1275186538696289 -0.1275186538696289 -0.1275186538696289 -0.1275186538696289 -0.1275186538696289 -0.2925999164581299 -0.1829623579978943 -0.18790216743946075 -0.1829623579978943 -0.18790216743946075 -0.1275186538696289 -0.1275186538696289 -0.1275186538696289 -0.18790216743946075 -0.11387056112289429 -0.11387056112289429 -0.14319483935832977 -0.1275186538696289 -0.12359347194433212 -0.08638069033622742 -0.08638069033622742 -0.0688323900103569 -0.07324295490980148 -0.04665679857134819 -0.004573935642838478 -0.0026207820046693087 -0.0011911147739738226 -0.0018653590232133865 -0.0018743579275906086 -0.0014714781427755952 -0.0009918218711391091 -0.000735043897293508 -0.0008998595294542611 -0.0006738962256349623 -0.0009918218711391091 -0.0009426274336874485 -0.0009517124854028225 -0.0008839037618599832 -0.0007633605855517089 -0.0005858420627191663
-0.1275186538696289 -0.1275186538696289 -0.1275186538696289 -0.1275186538696289 -0.1275186538696289 -0.1275186538696289 -0.1275186538696289 -0.1553960144519806 -0.1553960144519806 -0.1553960144519806 -0.1553960144519806 -0.1553960144519806 -0.1275186538696289 -0.1275186538696289 -0.1275186538696289 -0.1275186538696289 -0.1275186538696289 -0.1553960144519806 -0.1553960144519806 -0.1553960144519806 -0.1275186538696289 -0.11387056112289429 -0.11387056112289429 -0.1275186538696289 -0.1553960144519806 -0.12359347194433212 -0.08638069033622742 -0.08638069033622742 -0.0688323900103569 -0.07324295490980148 -0.04665679857134819 -0.004573935642838478 -0.0026207820046693087 -0.0011911147739738226 -0.0018653590232133865 -0.0018743579275906086 -0.0014714781427755952 -0.0009918218711391091 -0.000735043897293508 -0.0008998595294542611 -0.0006738962256349623 -0.0009918218711391091 -0.0009426274336874485 -0.0009517124854028225 -0.0008839037618599832 -0.0007633605855517089 -0.0005858420627191663
-0.11387056112289429 -0.11387056112289429 -0.11387056112289429 -0.11387056112289429 -0.11387056112289429 -0.11387056112289429 -0.11387056112289429 -0.11387056112289429 -0.11387056112289429 -0.11387056112289429 -0.11387056112289429 -0.11387056112289429 -0.11387056112289429 -0.11387056112289429 -0.11387056112289429 -0.11387056112289429 -0.11387056112289429 -0.11387056112289429 -0.11387056112289429 -0.11387056112289429 -0.11387056112289429 -0.11387056112289429 -0.11387056112289429 -0.11387056112289429 -0.11387056112289429 -0.11387056112289429 -0.08638069033622742 -0.08638069033622742 -0.0688323900103569 -0.07324295490980148 -0.04665679857134819 -0.004573935642838478 -0.0026207820046693087 -0.0011911147739738226 -0.0018653590232133865 -0.0018743579275906086 -0.0014714781427755952 -0.0009918218711391091 -0.000735043897293508 -0.0008998595294542611 -0.0006738962256349623 -0.0009918218711391091 -0.0009426274336874485 -0.0009517124854028225 -0.0008839037618599832 -0.0007633605855517089 -0.0005858420627191663
-0.0688323900103569 -0.0688323900103569 -0.0688323900103569 -0.0688323900103569 -0.0688323900103569 -0.0688323900103569 -0.0688323900103569 -0.0688323900103569 -0.0688323900103569 -0.0688323900103569 -0.0688323900103569 -0.0688323900103569 -0.0688323900103569 -0.0688323900103569 -0.0688323900103569 -0.0688323900103569 -0.0688323900103569 -0.0688323900103569 -0.0688323900103569 -0.0688323900103569 -0.0688323900103569 -0.0688323900103569 -0.0688323900103569 -0.0688323900103569 -0.0688323900103569 -0.0688323900103569 -0.0688323900103569 -0.0688323900103569 -0.0688323900103569 -0.0688323900103569 -0.04665679857134819 -0.004573935642838478 -0.0026207820046693087 -0.0011911147739738226 -0.0018653590232133865 -0.0018743579275906086 -0.0014714781427755952 -0.0009918218711391091 -0.000735043897293508 -0.0008998595294542611 -0.0006738962256349623 -0.0009918218711391091 -0.0009426274336874485 -0.0009517124854028225 -0.0008839037618599832 -0.0007633605855517089 -0.0005858420627191663
-0.1275186538696289 -0.1275186538696289 -0.1275186538696289 -0.1275186538696289 -0.1275186538696289 -0.1275186538696289 -0.1275186538696289 -0.22697097063064575 -0.22697097063064575 -0.22697097063064575 -0.22697097063064575 -0.22697097063064575 -0.1275186538696289 -0.1275186538696289 -0.1275186538696289 -0.1275186538696289 -0.1275186538696289 -0.19003649055957794 -0.22697097063064575 -0.19003649055957794 -0.1275186538696289 -0.11387056112289429 -0.11387056112289429 -0.1275186538696289 -0.1553960144519806 -0.12359347194433212 -0.08638069033622742 -0.08638069033622742 -0.0688323900103569 -0.07324295490980148 -0.04665679857134819 -0.004573935642838478 -0.0026207820046693087 -0.0011911147739738226 -0.0018653590232133865 -0.0018743579275906086 -0.0014714781427755952 -0.0009918218711391091 -0.000735043897293508 -0.0008998595294542611 -0.0006738962256349623 -0.0009918218711391091 -0.0009426274336874485 -0.0009517124854028225 -0.0008839037618599832 -0.0007633605855517089 -0.0005858420627191663
-0.1275186538696289 -0.1275186538696289 -0.1275186538696289 -0.1275186538696289 -0.1275186538696289 -0.1275186538696289 -0.1275186538696289 -0.22697097063064575 -0.22697097063064575 -0.22697097063064575 -0.22697097063064575 -0.22697097063064575 -0.1275186538696289 -0.1275186538696289 -0.1275186538696289 -0.1275186538696289 -0.1275186538696289 -0.19003649055957794 -0.22697097063064575 -0.19003649055957794 -0.1275186538696289 -0.11387056112289429 -0.11387056112289429 -0.1275186538696289 -0.1553960144519806 -0.12359347194433212 -0.08638069033622742 -0.08638069033622742 -0.0688323900103569 -0.07324295490980148 -0.04665679857134819 -0.004573935642838478 -0.0026207820046693087 -0.0011911147739738226 -0.0018653590232133865 -0.0018743579275906086 -0.0014714781427755952 -0.0009918218711391091 -0.000735043897293508 -0.0008998595294542611 -0.0006738962256349623 -0.0009918218711391091 -0.0009426274336874485 -0.0009517124854028225 -0.0008839037618599832 -0.0007633605855517089 -0.0005858420627191663
-0.1275186538696289 -0.1275186538696289 -0.1275186538696289 -0.1275186538696289 -0.1275186538696289 -0.1275186538696289 -0.1275186538696289 -0.22697097063064575 -0.22697097063064575 -0.22697097063064575 -0.22697097063064575 -0.22697097063064575 -0.1275186538696289 -0.1275186538696289 -0.1275186538696289 -0.1275186538696289 -0.1275186538696289 -0.19003649055957794 -0.22697097063064575 -0.19003649055957794 -0.1275186538696289 -0.11387056112289429 -0.11387056112289429 -0.1275186538696289 -0.1553960144519806 -0.12359347194433212 -0.08638069033622742 -0.08638069033622742 -0.0688323900103569 -0.07324295490980148 -0.04665679857134819 -0.004573935642838478 -0.0026207820046693087 -0.0011911147739738226 -0.0018653590232133865 -0.0018743579275906086 -0.0014714781427755952 -0.0009918218711391091 -0.000735043897293508 -0.0008998595294542611 -0.0006738962256349623 -0.0009918218711391091 -0.0009426274336874485 -0.0009517124854028225 -0.0008839037618599832 -0.0007633605855517089 -0.0005858420627191663
-0.1275186538696289 -0.1275186538696289 -0.1275186538696289 -0.1275186538696289 -0.1275186538696289 -0.1275186538696289 -0.1275186538696289 -0.22697097063064575 -0.22697097063064575 -0.22697097063064575 -0.22697097063064575 -0.22697097063064575 -0.1275186538696289 -0.1275186538696289 -0.1275186538696289 -0.1275186538696289 -0.1275186538696289 -0.19003649055957794 -0.22697097063064575 -0.19003649055957794 -0.1275186538696289 -0.11387056112289429 -0.11387056112289429 -0.1275186538696289 -0.1553960144519806 -0.12359347194433212 -0.08638069033622742 -0.08638069033622742 -0.0688323900103569 -0.07324295490980148 -0.04665679857134819 -0.004573935642838478 -0.0026207820046693087 -0.0011911147739738226 -0.0018653590232133865 -0.0018743579275906086 -0.0014714781427755952 -0.0009918218711391091 -0.000735043897293508 -0.0008998595294542611 -0.0006738962256349623 -0.0009918218711391091 -0.0009426274336874485 -0.0009517124854028225 -0.0008839037618599832 -0.0007633605855517089 -0.0005858420627191663
-0.1275186538696289 -0.1275186538696289 -0.1275186538696289 -0.1275186538696289 -0.1275186538696289 -0.1275186538696289 -0.1275186538696289 -0.22697097063064575 -0.22697097063064575 -0.22697097063064575 -0.22697097063064575 -0.22697097063064575 -0.1275186538696289 -0.1275186538696289 -0.1275186538696289 -0.1275186538696289 -0.1275186538696289 -0.19003649055957794 -0.22697097063064575 -0.19003649055957794 -0.1275186538696289 -0.11387056112289429 -0.11387056112289429 -0.1275186538696289 -0.1553960144519806 -0.12359347194433212 -0.08638069033622742 -0.08638069033622742 -0.0688323900103569 -0.07324295490980148 -0.04665679857134819 -0.004573935642838478 -0.0026207820046693087 -0.0011911147739738226 -0.0018653590232133865 -0.0018743579275906086 -0.0014714781427755952 -0.0009918218711391091 -0.000735043897293508 -0.0008998595294542611 -0.0006738962256349623 -0.0009918218711391091 -0.0009426274336874485 -0.0009517124854028225 -0.0008839037618599832 -0.0007633605855517089 -0.0005858420627191663
-0.1275186538696289 -0.1275186538696289 -0.1275186538696289 -0.1275186538696289 -0.1275186538696289 -0.1275186538696289 -0.1275186538696289 -0.3278619945049286 -0.3278619945049286 -0.3278619945049286 -0.3278619945049286 -0.3278619945049286 -0.1275186538696289 -0.1275186538696289 -0.1275186538696289 -0.1275186538696289 -0.1275186538696289 -0.19003649055957794 -0.22697097063064575 -0.19003649055957794 -0.1275186538696289 -0.11387056112289429 -0.11387056112289429 -0.1275186538696289 -0.1553960144519806 -0.12359347194433212 -0.08638069033622742 -0.08638069033622742 -0.0688323900103569 -0.07324295490980148 -0.04665679857134819 -0.004573935642838478 -0.0026207820046693087 -0.0011911147739738226 -0.0018653590232133865 -0.0018743579275906086 -0.0014714781427755952 -0.0009918218711391091 -0.000735043897293508 -0.0008998595294542611 -0.0006738962256349623 -0.0009918218711391091 -0.0009426274336874485 -0.0009517124854028225 -0.0008839037618599832 -0.0007633605855517089 -0.0005858420627191663
-0.1275186538696289 -0.1275186538696289 -0.1275186538696289 -0.1275186538696289 -0.1275186538696289 -0.1275186538696289 -0.1275186538696289 -0.3278619945049286 -0.3278619945049286 -0.3278619945049286 -0.3278619945049286 -0.3278619945049286 -0.1275186538696289 -0.1275186538696289 -0.1275186538696289 -0.1275186538696289 -0.1275186538696289 -0.19003649055957794 -0.22697097063064575 -0.19003649055957794 -0.1275186538696289 -0.11387056112289429 -0.11387056112289429 -0.1275186538696289 -0.1553960144519806 -0.12359347194433212 -0.08638069033622742 -0.08638069033622742 -0.0688323900103569 -0.07324295490980148 -0.04665679857134819 -0.004573935642838478 -0.0026207820046693087 -0.0011911147739738226 -0.0018653590232133865 -0.0018743579275906086 -0.0014714781427755952 -0.0009918218711391091 -0.000735043897293508 -0.0008998595294542611 -0.0006738962256349623 -0.0009918218711391091 -0.0009426274336874485 -0.0009517124854028225 -0.0008839037618599832 -0.0007633605855517089 -0.0005858420627191663
-0.1275186538696289 -0.1275186538696289 -0.1275186538696289 -0.1275186538696289 -0.1275186538696289 -0.1275186538696289 -0.1275186538696289 -0.3278619945049286 -0.3278619945049286 -0.3278619945049286 -0.3278619945049286 -0.3278619945049286 -0.1275186538696289 -0.1275186538696289 -0.1275186538696289 -0.1275186538696289 -0.1275186538696289 -0.19003649055957794 -0.22697097063064575 -0.19003649055957794 -0.1275186538696289 -0.11387056112289429 -0.11387056112289429 -0.1275186538696289 -0.1553960144519806 -0.12359347194433212 -0.08638069033622742 -0.08638069033622742 -0.0688323900103569 -0.07324295490980148 -0.04665679857134819 -0.004573935642838478 -0.0026207820046693087 -0.0011911147739738226 -0.0018653590232133865 -0.0018743579275906086 -0.0014714781427755952 -0.0009918218711391091 -0.000735043897293508 -0.0008998595294542611 -0.0006738962256349623 -0.0009918218711391091 -0.0009426274336874485 -0.0009517124854028225 -0.0008839037618599832 -0.0007633605855517089 -0.0005858420627191663
-0.18790216743946075 -0.18790216743946075 -0.18790216743946075 -0.18790216743946075 -0.18790216743946075 -0.27516552805900574 -0.27516552805900574 -0.1275186538696289 -0.1275186538696289 -0.1275186538696289 -0.1275186538696289 -0.1275186538696289 -0.18790216743946075 -0.1829623579978943 -0.28491273522377014 -0.1829623579978943 -0.2563033401966095 -0.1275186538696289 -0.1275186538696289 -0.1275186538696289 -0.18854258954524994 -0.11387056112289429 -0.11387056112289429 -0.14319483935832977 -0.1275186538696289 -0.12359347194433212 -0.08638069033622742 -0.08638069033622742 -0.0688323900103569 -0.07324295490980148 -0.04665679857134819 -0.004573935642838478 -0.0026207820046693087 -0.0011911147739738226 -0.0018653590232133865 -0.0018743579275906086 -0.0014714781427755952 -0.0009918218711391091 -0.000735043897293508 -0.0008998595294542611 -0.0006738962256349623 -0.0009918218711391091 -0.0009426274336874485 -0.0009517124854028225 -0.0008839037618599832 -0.0007633605855517089 -0.0005858420627191663
-0.04665679857134819 -0.04665679857134819 -0.04665679857134819 -0.04665679857134819 -0.04665679857134819 -0.04665679857134819 -0.04665679857134819 -0.04665679857134819 -0.04665679857134819 -0.04665679857134819 -0.04665679857134819 -0.04665679857134819 -0.04665679857134819 -0.04665679857134819 -0.04665679857134819 -0.04665679857134819 -0.04665679857134819 -0.04665679857134819 -0.04665679857134819 -0.04665679857134819 -0.04665679857134819 -0.04665679857134819 -0.04665679857134819 -0.04665679857134819 -0.04665679857134819 -0.04665679857134819 -0.04665679857134819 -0.04665679857134819 -0.04665679857134819 -0.04665679857134819 -0.04665679857134819 -0.004573935642838478 -0.0026207820046693087 -0.0011911147739738226 -0.0018653590232133865 -0.0018743579275906086 -0.0014714781427755952 -0.0009918218711391091 -0.000735043897293508 -0.0008998595294542611 -0.0006738962256349623 -0.0009918218711391091 -0.0009426274336874485 -0.0009517124854028225 -0.0008839037618599832 -0.0007633605855517089 -0.0005858420627191663
-0.1829623579978943 -0.1829623579978943 -0.1829623579978943 -0.1829623579978943 -0.1829623579978943 -0.1829623579978943 -0.1829623579978943 -0.1275186538696289 -0.1275186538696289 -0.1275186538696289 -0.1275186538696289 -0.1275186538696289 -0.1829623579978943 -0.26893842220306396 -0.1829623579978943 -0.26893842220306396 -0.1829623579978943 -0.1275186538696289 -0.1275186538696289 -0.1275186538696289 -0.1829623579978943 -0.11387056112289429 -0.11387056112289429 -0.14319483935832977 -0.1275186538696289 -0.12359347194433212 -0.08638069033622742 -0.08638069033622742 -0.0688323900103569 -0.07324295490980148 -0.04665679857134819 -0.004573935642838478 -0.0026207820046693087 -0.0011911147739738226 -0.0018653590232133865 -0.0018743579275906086 -0.0014714781427755952 -0.0009918218711391091 -0.000735043897293508 -0.0008998595294542611 -0.0006738962256349623 -0.0009918218711391091 -0.0009426274336874485 -0.0009517124854028225 -0.0008839037618599832 -0.0007633605855517089 -0.0005858420627191663
-0.18790216743946075 -0.18790216743946075 -0.18790216743946075 -0.18790216743946075 -0.18790216743946075 -0.3438546359539032 -0.3438546359539032 -0.1275186538696289 -0.1275186538696289 -0.1275186538696289 -0.1275186538696289 -0.1275186538696289 -0.18790216743946075 -0.1829623579978943 -0.27516552805900574 -0.1829623579978943 -0.2563033401966095 -0.1275186538696289 -0.1275186538696289 -0.1275186538696289 -0.18854258954524994 -0.11387056112289429 -0.11387056112289429 -0.14319483935832977 -0.1275186538696289 -0.12359347194433212 -0.08638069033622742 -0.08638069033622742 -0.0688323900103569 -0.07324295490980148 -0.04665679857134819 -0.004573935642838478 -0.0026207820046693087 -0.0011911147739738226 -0.0018653590232133865 -0.0018743579275906086 -0.0014714781427755952 -0.0009918218711391091 -0.000735043897293508 -0.0008998595294542611 -0.0006738962256349623 -0.0009918218711391091 -0.0009426274336874485 -0.0009517124854028225 -0.0008839037618599832 -0.0007633605855517089 -0.0005858420627191663
-0.18790216743946075 -0.18790216743946075 -0.18790216743946075 -0.18790216743946075 -0.18790216743946075 -0.2563033401966095 -0.2563033401966095 -0.1275186538696289 -0.1275186538696289 -0.1275186538696289 -0.1275186538696289 -0.1275186538696289 -0.18790216743946075 -0.1829623579978943 -0.2563033401966095 -0.1829623579978943 -0.27108871936798096 -0.1275186538696289 -0.1275186538696289 -0.1275186538696289 -0.18854258954524994 -0.11387056112289429 -0.11387056112289429 -0.14319483935832977 -0.1275186538696289 -0.12359347194433212 -0.08638069033622742 -0.08638069033622742 -0.0688323900103569 -0.07324295490980148 -0.04665679857134819 -0.004573935642838478 -0.0026207820046693087 -0.0011911147739738226 -0.0018653590232133865 -0.0018743579275906086 -0.0014714781427755952 -0.0009918218711391091 -0.000735043897293508 -0.0008998595294542611 -0.0006738962256349623 -0.0009918218711391091 -0.0009426274336874485 -0.0009517124854028225 -0.0008839037618599832 -0.0007633605855517089 -0.0005858420627191663
-0.08638069033622742 -0.08638069033622742 -0.08638069033622742 -0.08638069033622742 -0.08638069033622742 -0.08638069033622742 -0.08638069033622742 -0.08638069033622742 -0.08638069033622742 -0.08638069033622742 -0.08638069033622742 -0.08638069033622742 -0.08638069033622742 -0.08638069033622742 -0.08638069033622742 -0.08638069033622742 -0.08638069033622742 -0.08638069033622742 -0.08638069033622742 -0.08638069033622742 -0.08638069033622742 -0.08638069033622742 -0.08638069033622742 -0.08638069033622742 -0.08638069033622742 -0.08638069033622742 -0.08638069033622742 -0.08638069033622742 -0.0688323900103569 -0.07324295490980148 -0.04665679857134819 -0.004573935642838478 -0.0026207820046693087 -0.0011911147739738226 -0.0018653590232133865 -0.0018743579275906086 -0.0014714781427755952 -0.0009918218711391091 -0.000735043897293508 -0.0008998595294542611 -0.0006738962256349623 -0.0009918218711391091 -0.0009426274336874485 -0.0009517124854028225 -0.0008839037618599832 -0.0007633605855517089 -0.0005858420627191663
-0.1829623579978943 -0.1829623579978943 -0.1829623579978943 -0.1829623579978943 -0.1829623579978943 -0.1829623579978943 -0.1829623579978943 -0.1275186538696289 -0.1275186538696289 -0.1275186538696289 -0.1275186538696289 -0.1275186538696289 -0.1829623579978943 -0.26893842220306396 -0.1829623579978943 -0.26893842220306396 -0.1829623579978943 -0.1275186538696289 -0.1275186538696289 -0.1275186538696289 -0.1829623579978943 -0.11387056112289429 -0.11387056112289429 -0.14319483935832977 -0.1275186538696289 -0.12359347194433212 -0.08638069033622742 -0.08638069033622742 -0.0688323900103569 -0.07324295490980148 -0.04665679857134819 -0.004573935642838478 -0.0026207820046693087 -0.0011911147739738226 -0.0018653590232133865 -0.0018743579275906086 -0.0014714781427755952 -0.0009918218711391091 -0.000735043897293508 -0.0008998595294542611 -0.0006738962256349623 -0.0009918218711391091 -0.0009426274336874485 -0.0009517124854028225 -0.0008839037618599832 -0.0007633605855517089 -0.0005858420627191663
-0.1275186538696289 -0.1275186538696289 -0.1275186538696289 -0.1275186538696289 -0.1275186538696289 -0.1275186538696289 -0.1275186538696289 -0.1553960144519806 -0.1553960144519806 -0.1553960144519806 -0.1553960144519806 -0.1553960144519806 -0.1275186538696289 -0.1275186538696289 -0.1275186538696289 -0.1275186538696289 -0.1275186538696289 -0.1553960144519806 -0.1553960144519806 -0.1553960144519806 -0.1275186538696289 -0.11387056112289429 -0.11387056112289429 -0.1275186538696289 -0.1553960144519806 -0.12359347194433212 -0.08638069033622742 -0.08638069033622742 -0.0688323900103569 -0.07324295490980148 -0.04665679857134819 -0.004573935642838478 -0.0026207820046693087 -0.0011911147739738226 -0.0018653590232133865 -0.0018743579275906086 -0.0014714781427755952 -0.0009918218711391091 -0.000735043897293508 -0.0008998595294542611 -0.0006738962256349623 -0.0009918218711391091 -0.0009426274336874485 -0.0009517124854028225 -0.0008839037618599832 -0.0007633605855517089 -0.0005858420627191663
-0.11387056112289429 -0.11387056112289429 -0.11387056112289429 -0.11387056112289429 -0.11387056112289429 -0.11387056112289429 -0.11387056112289429 -0.11387056112289429 -0.11387056112289429 -0.11387056112289429 -0.11387056112289429 -0.11387056112289429 -0.11387056112289429 -0.11387056112289429 -0.11387056112289429 -0.11387056112289429 -0.11387056112289429 -0.11387056112289429 -0.11387056112289429 -0.11387056112289429 -0.11387056112289429 -0.11387056112289429 -0.11387056112289429 -0.11387056112289429 -0.11387056112289429 -0.11387056112289429 -0.08638069033622742 -0.08638069033622742 -0.0688323900103569 -0.07324295490980148 -0.04665679857134819 -0.004573935642838478 -0.0026207820046693087 -0.0011911147739738226 -0.0018653590232133865 -0.0018743579275906086 -0.0014714781427755952 -0.0009918218711391091 -0.000735043897293508 -0.0008998595294542611 -0.0006738962256349623 -0.0009918218711391091 -0.0009426274336874485 -0.0009517124854028225 -0.0008839037618599832 -0.0007633605855517089 -0.0005858420627191663
-0.18790216743946075 -0.18790216743946075 -0.18790216743946075 -0.18790216743946075 -0.18790216743946075 -0.31943392753601074 -0.31943392753601074 -0.1275186538696289 -0.1275186538696289 -0.1275186538696289 -0.1275186538696289 -0.1275186538696289 -0.18790216743946075 -0.1829623579978943 -0.27516552805900574 -0.1829623579978943 -0.2563033401966095 -0.1275186538696289 -0.1275186538696289 -0.1275186538696289 -0.18854258954524994 -0.11387056112289429 -0.11387056112289429 -0.14319483935832977 -0.1275186538696289 -0.12359347194433212 -0.08638069033622742 -0.08638069033622742 -0.0688323900103569 -0.07324295490980148 -0.04665679857134819 -0.004573935642838478 -0.0026207820046693087 -0.0011911147739738226 -0.0018653590232133865 -0.0018743579275906086 -0.0014714781427755952 -0.0009918218711391091 -0.000735043897293508 -0.0008998595294542611 -0.0006738962256349623 -0.0009918218711391091 -0.0009426274336874485 -0.0009517124854028225 -0.0008839037618599832 -0.0007633605855517089 -0.0005858420627191663
-0.08638069033622742 -0.08638069033622742 -0.08638069033622742 -0.08638069033622742 -0.08638069033622742 -0.08638069033622742 -0.08638069033622742 -0.08638069033622742 -0.08638069033622742 -0.08638069033622742 -0.08638069033622742 -0.08638069033622742 -0.08638069033622742 -0.08638069033622742 -0.08638069033622742 -0.08638069033622742 -0.08638069033622742 -0.08638069033622742 -0.08638069033622742 -0.08638069033622742 -0.08638069033622742 -0.08638069033622742 -0.08638069033622742 -0.08638069033622742 -0.08638069033622742 -0.08638069033622742 -0.09026852995157242 -0.09616377204656601 -0.0688323900103569 -0.07324295490980148 -0.04665679857134819 -0.004573935642838478 -0.0026207820046693087 -0.0011911147739738226 -0.0018653590232133865 -0.0018743579275906086 -0.0014714781427755952 -0.0009918218711391091 -0.000735043897293508 -0.0008998595294542611 -0.0006738962256349623 -0.0009918218711391091 -0.0009426274336874485 -0.0009517124854028225 -0.0008839037618599832 -0.0007633605855517089 -0.0005858420627191663
-0.1275186538696289 -0.1275186538696289 -0.1275186538696289 -0.1275186538696289 -0.1275186538696289 -0.1275186538696289 -0.1275186538696289 -0.22697097063064575 -0.22697097063064575 -0.22697097063064575 -0.22697097063064575 -0.22697097063064575 -0.1275186538696289 -0.1275186538696289 -0.1275186538696289 -0.1275186538696289 -0.1275186538696289 -0.19003649055957794 -0.2330417037010193 -0.19003649055957794 -0.1275186538696289 -0.11387056112289429 -0.11387056112289429 -0.1275186538696289 -0.1553960144519806 -0.12359347194433212 -0.08638069033622742 -0.08638069033622742 -0.0688323900103569 -0.07324295490980148 -0.04665679857134819 -0.004573935642838478 -0.0026207820046693087 -0.0011911147739738226 -0.0018653590232133865 -0.0018743579275906086 -0.0014714781427755952 -0.0009918218711391091 -0.000735043897293508 -0.0008998595294542611 -0.0006738962256349623 -0.0009918218711391091 -0.0009426274336874485 -0.0009517124854028225 -0.0008839037618599832 -0.0007633605855517089 -0.0005858420627191663
-0.11387056112289429 -0.11387056112289429 -0.11387056112289429 -0.11387056112289429 -0.11387056112289429 -0.11387056112289429 -0.11387056112289429 -0.11387056112289429 -0.11387056112289429 -0.11387056112289429 -0.11387056112289429 -0.11387056112289429 -0.11387056112289429 -0.11387056112289429 -0.11387056112289429 -0.11387056112289429 -0.11387056112289429 -0.11387056112289429 -0.11387056112289429 -0.11387056112289429 -0.11387056112289429 -0.11387056112289429 -0.11387056112289429 -0.11387056112289429 -0.11387056112289429 -0.11387056112289429 -0.08638069033622742 -0.08638069033622742 -0.0688323900103569 -0.07324295490980148 -0.04665679857134819 -0.004573935642838478 -0.0026207820046693087 -0.0011911147739738226 -0.0018653590232133865 -0.0018743579275906086 -0.0014714781427755952 -0.0009918218711391091 -0.000735043897293508 -0.0008998595294542611 -0.0006738962256349623 -0.0009918218711391091 -0.0009426274336874485 -0.0009517124854028225 -0.0008839037618599832 -0.0007633605855517089 -0.0005858420627191663
-0.08638069033622742 -0.08638069033622742 -0.08638069033622742 -0.08638069033622742 -0.08638069033622742 -0.08638069033622742 -0.08638069033622742 -0.08638069033622742 -0.08638069033622742 -0.08638069033622742 -0.08638069033622742 -0.08638069033622742 -0.08638069033622742 -0.08638069033622742 -0.08638069033622742 -0.08638069033622742 -0.08638069033622742 -0.08638069033622742 -0.08638069033622742 -0.08638069033622742 -0.08638069033622742 -0.08638069033622742 -0.08638069033622742 -0.08638069033622742 -0.08638069033622742 -0.08638069033622742 -0.08638069033622742 -0.08638069033622742 -0.0688323900103569 -0.07324295490980148 -0.04665679857134819 -0.004573935642838478 -0.0026207820046693087 -0.0011911147739738226 -0.0018653590232133865 -0.0018743579275906086 -0.0014714781427755952 -0.0009918218711391091 -0.000735043897293508 -0.0008998595294542611 -0.0006738962256349623 -0.0009918218711391091 -0.0009426274336874485 -0.0009517124854028225 -0.0008839037618599832 -0.0007633605855517089 -0.0005858420627191663
-0.0688323900103569 -0.0688323900103569 -0.0688323900103569 -0.0688323900103569 -0.0688323900103569 -0.0688323900103569 -0.0688323900103569 -0.0688323900103569 -0.0688323900103569 -0.0688323900103569 -0.0688323900103569 -0.0688323900103569 -0.0688323900103569 -0.0688323900103569 -0.0688323900103569 -0.0688323900103569 -0.0688323900103569 -0.0688323900103569 -0.0688323900103569 -0.0688323900103569 -0.0688323900103569 -0.0688323900103569 -0.0688323900103569 -0.0688323900103569 -0.0688323900103569 -0.0688323900103569 -0.0688323900103569 -0.0688323900103569 -0.0688323900103569 -0.0688323900103569 -0.04665679857134819 -0.004573935642838478 -0.0026207820046693087 -0.0011911147739738226 -0.0018653590232133865 -0.0018743579275906086 -0.0014714781427755952 -0.0009918218711391091 -0.000735043897293508 -0.0008998595294542611 -0.0006738962256349623 -0.0009918218711391091 -0.0009426274336874485 -0.0009517124854028225 -0.0008839037618599832 -0.0007633605855517089 -0.0005858420627191663
-0.08638069033622742 -0.08638069033622742 -0.08638069033622742 -0.08638069033622742 -0.08638069033622742 -0.08638069033622742 -0.08638069033622742 -0.08638069033622742 -0.08638069033622742 -0.08638069033622742 -0.08638069033622742 -0.08638069033622742 -0.08638069033622742 -0.08638069033622742 -0.08638069033622742 -0.08638069033622742 -0.08638069033622742 -0.08638069033622742 -0.08638069033622742 -0.08638069033622742 -0.08638069033622742 -0.08638069033622742 -0.08638069033622742 -0.08638069033622742 -0.08638069033622742 -0.08638069033622742 -0.10087157040834427 -0.09026852995157242 -0.0688323900103569 -0.07324295490980148 -0.04665679857134819 -0.004573935642838478 -0.0026207820046693087 -0.0011911147739738226 -0.0018653590232133865 -0.0018743579275906086 -0.0014714781427755952 -0.0009918218711391091 -0.000735043897293508 -0.0008998595294542611 -0.0006738962256349623 -0.0009918218711391091 -0.0009426274336874485 -0.0009517124854028225 -0.0008839037618599832 -0.0007633605855517089 -0.0005858420627191663
-0.08638069033622742 -0.08638069033622742 -0.08638069033622742 -0.08638069033622742 -0.08638069033622742 -0.08638069033622742 -0.08638069033622742 -0.08638069033622742 -0.08638069033622742 -0.08638069033622742 -0.08638069033622742 -0.08638069033622742 -0.08638069033622742 -0.08638069033622742 -0.08638069033622742 -0.08638069033622742 -0.08638069033622742 -0.08638069033622742 -0.08638069033622742 -0.08638069033622742 -0.08638069033622742 -0.08638069033622742 -0.08638069033622742 -0.08638069033622742 -0.08638069033622742 -0.08638069033622742 -0.09026852995157242 -0.09026852995157242 -0.0688323900103569 -0.07324295490980148 -0.04665679857134819 -0.004573935642838478 -0.0026207820046693087 -0.0011911147739738226 -0.0018653590232133865 -0.0018743579275906086 -0.0014714781427755952 -0.0009918218711391091 -0.000735043897293508 -0.0008998595294542611 -0.0006738962256349623 -0.0009918218711391091 -0.0009426274336874485 -0.0009517124854028225 -0.0008839037618599832 -0.0007633605855517089 -0.0005858420627191663
-0.0688323900103569 -0.0688323900103569 -0.0688323900103569 -0.0688323900103569 -0.0688323900103569 -0.0688323900103569 -0.0688323900103569 -0.0688323900103569 -0.0688323900103569 -0.0688323900103569 -0.0688323900103569 -0.0688323900103569 -0.0688323900103569 -0.0688323900103569 -0.0688323900103569 -0.0688323900103569 -0.0688323900103569 -0.0688323900103569 -0.0688323900103569 -0.0688323900103569 -0.0688323900103569 -0.0688323900103569 -0.0688323900103569 -0.0688323900103569 -0.0688323900103569 -0.0688323900103569 -0.0688323900103569 -0.0688323900103569 -0.0688323900103569 -0.0688323900103569 -0.04665679857134819 -0.004573935642838478 -0.0026207820046693087 -0.0011911147739738226 -0.0018653590232133865 -0.0018743579275906086 -0.0014714781427755952 -0.0009918218711391091 -0.000735043897293508 -0.0008998595294542611 -0.0006738962256349623 -0.0009918218711391091 -0.0009426274336874485 -0.0009517124854028225 -0.0008839037618599832 -0.0007633605855517089 -0.0005858420627191663
-0.0688323900103569 -0.0688323900103569 -0.0688323900103569 -0.0688323900103569 -0.0688323900103569 -0.0688323900103569 -0.0688323900103569 -0.0688323900103569 -0.0688323900103569 -0.0688323900103569 -0.0688323900103569 -0.0688323900103569 -0.0688323900103569 -0.0688323900103569 -0.0688323900103569 -0.0688323900103569 -0.0688323900103569 -0.0688323900103569 -0.0688323900103569 -0.0688323900103569 -0.0688323900103569 -0.0688323900103569 -0.0688323900103569 -0.0688323900103569 -0.0688323900103569 -0.0688323900103569 -0.0688323900103569 -0.0688323900103569 -0.0688323900103569 -0.0688323900103569 -0.04665679857134819 -0.004573935642838478 -0.0026207820046693087 -0.0011911147739738226 -0.0018653590232133865 -0.0018743579275906086 -0.0014714781427755952 -0.0009918218711391091 -0.000735043897293508 -0.0008998595294542611 -0.0006738962256349623 -0.0009918218711391091 -0.0009426274336874485 -0.0009517124854028225 -0.0008839037618599832 -0.0007633605855517089 -0.0005858420627191663
-0.0688323900103569 -0.0688323900103569 -0.0688323900103569 -0.0688323900103569 -0.0688323900103569 -0.0688323900103569 -0.0688323900103569 -0.0688323900103569 -0.0688323900103569 -0.0688323900103569 -0.0688323900103569 -0.0688323900103569 -0.0688323900103569 -0.0688323900103569 -0.0688323900103569 -0.0688323900103569 -0.0688323900103569 -0.0688323900103569 -0.0688323900103569 -0.0688323900103569 -0.0688323900103569 -0.0688323900103569 -0.0688323900103569 -0.0688323900103569 -0.0688323900103569 -0.0688323900103569 -0.0688323900103569 -0.0688323900103569 -0.0688323900103569 -0.0688323900103569 -0.04665679857134819 -0.004573935642838478 -0.0026207820046693087 -0.0011911147739738226 -0.0018653590232133865 -0.0018743579275906086 -0.0014714781427755952 -0.0009918218711391091 -0.000735043897293508 -0.0008998595294542611 -0.0006738962256349623 -0.0009918218711391091 -0.0009426274336874485 -0.0009517124854028225 -0.0008839037618599832 -0.0007633605855517089 -0.0005858420627191663
-0.0688323900103569 -0.0688323900103569 -0.0688323900103569 -0.0688323900103569 -0.0688323900103569 -0.0688323900103569 -0.0688323900103569 -0.0688323900103569 -0.0688323900103569 -0.0688323900103569 -0.0688323900103569 -0.0688323900103569 -0.0688323900103569 -0.0688323900103569 -0.0688323900103569 -0.0688323900103569 -0.0688323900103569 -0.0688323900103569 -0.0688323900103569 -0.0688323900103569 -0.0688323900103569 -0.0688323900103569 -0.0688323900103569 -0.0688323900103569 -0.0688323900103569 -0.0688323900103569 -0.0688323900103569 -0.0688323900103569 -0.0688323900103569 -0.0688323900103569 -0.04665679857134819 -0.004573935642838478 -0.0026207820046693087 -0.0011911147739738226 -0.0018653590232133865 -0.0018743579275906086 -0.0014714781427755952 -0.0009918218711391091 -0.000735043897293508 -0.0008998595294542611 -0.0006738962256349623 -0.0009918218711391091 -0.0009426274336874485 -0.0009517124854028225 -0.0008839037618599832 -0.0007633605855517089 -0.0005858420627191663
-0.04665679857134819 -0.04665679857134819 -0.04665679857134819 -0.04665679857134819 -0.04665679857134819 -0.04665679857134819 -0.04665679857134819 -0.04665679857134819 -0.04665679857134819 -0.04665679857134819 -0.04665679857134819 -0.04665679857134819 -0.04665679857134819 -0.04665679857134819 -0.04665679857134819 -0.04665679857134819 -0.04665679857134819 -0.04665679857134819 -0.04665679857134819 -0.04665679857134819 -0.04665679857134819 -0.04665679857134819 -0.04665679857134819 -0.04665679857134819 -0.04665679857134819 -0.04665679857134819 -0.04665679857134819 -0.04665679857134819 -0.04665679857134819 -0.04665679857134819 -0.04951196536421776 -0.004573935642838478 -0.0026207820046693087 -0.0011911147739738226 -0.0018653590232133865 -0.0018743579275906086 -0.0014714781427755952 -0.0009918218711391091 -0.000735043897293508 -0.0008998595294542611 -0.0006738962256349623 -0.0009918218711391091 -0.0009426274336874485 -0.0009517124854028225 -0.0008839037618599832 -0.0007633605855517089 -0.0005858420627191663
-0.07324295490980148 -0.07324295490980148 -0.07324295490980148 -0.07324295490980148 -0.07324295490980148 -0.07324295490980148 -0.07324295490980148 -0.07324295490980148 -0.07324295490980148 -0.07324295490980148 -0.07324295490980148 -0.07324295490980148 -0.07324295490980148 -0.07324295490980148 -0.07324295490980148 -0.07324295490980148 -0.07324295490980148 -0.07324295490980148 -0.07324295490980148 -0.07324295490980148 -0.07324295490980148 -0.07324295490980148 -0.07324295490980148 -0.07324295490980148 -0.07324295490980148 -0.07324295490980148 -0.07324295490980148 -0.07324295490980148 -0.0688323900103569 -0.07324295490980148 -0.04665679857134819 -0.004573935642838478 -0.0026207820046693087 -0.0011911147739738226 -0.0018653590232133865 -0.0018743579275906086 -0.0014714781427755952 -0.0009918218711391091 -0.000735043897293508 -0.0008998595294542611 -0.0006738962256349623 -0.0009918218711391091 -0.0009426274336874485 -0.0009517124854028225 -0.0008839037618599832 -0.0007633605855517089 -0.0005858420627191663
-0.06570110470056534 -0.06570110470056534 -0.06570110470056534 -0.06570110470056534 -0.06570110470056534 -0.06570110470056534 -0.06570110470056534 -0.06570110470056534 -0.06570110470056534 -0.06570110470056534 -0.06570110470056534 -0.06570110470056534 -0.06570110470056534 -0.06570110470056534 -0.06570110470056534 -0.06570110470056534 -0.06570110470056534 -0.06570110470056534 -0.06570110470056534 -0.06570110470056534 -0.06570110470056534 -0.06570110470056534 -0.06570110470056534 -0.06570110470056534 -0.06570110470056534 -0.06570110470056534 -0.06570110470056534 -0.06570110470056534 -0.06570110470056534 -0.06570110470056534 -0.04665679857134819 -0.004573935642838478 -0.0026207820046693087 -0.0011911147739738226 -0.0018653590232133865 -0.0018743579275906086 -0.0014714781427755952 -0.0009918218711391091 -0.000735043897293508 -0.0008998595294542611 -0.0006738962256349623 -0.0009918218711391091 -0.0009426274336874485 -0.0009517124854028225 -0.0008839037618599832 -0.0007633605855517089 -0.0005858420627191663
-0.06045101583003998 -0.06045101583003998 -0.06045101583003998 -0.06045101583003998 -0.06045101583003998 -0.06045101583003998 -0.06045101583003998 -0.06045101583003998 -0.06045101583003998 -0.06045101583003998 -0.06045101583003998 -0.06045101583003998 -0.06045101583003998 -0.06045101583003998 -0.06045101583003998 -0.06045101583003998 -0.06045101583003998 -0.06045101583003998 -0.06045101583003998 -0.06045101583003998 -0.06045101583003998 -0.06045101583003998 -0.06045101583003998 -0.06045101583003998 -0.06045101583003998 -0.06045101583003998 -0.06045101583003998 -0.06045101583003998 -0.06045101583003998 -0.06045101583003998 -0.04665679857134819 -0.004573935642838478 -0.0026207820046693087 -0.0011911147739738226 -0.0018653590232133865 -0.0018743579275906086 -0.0014714781427755952 -0.0009918218711391091 -0.000735043897293508 -0.0008998595294542611 -0.0006738962256349623 -0.0009918218711391091 -0.0009426274336874485 -0.0009517124854028225 -0.0008839037618599832 -0.0007633605855517089 -0.0005858420627191663
-0.05850956216454506 -0.05850956216454506 -0.05850956216454506 -0.05850956216454506 -0.05850956216454506 -0.05850956216454506 -0.05850956216454506 -0.05850956216454506 -0.05850956216454506 -0.05850956216454506 -0.05850956216454506 -0.05850956216454506 -0.05850956216454506 -0.05850956216454506 -0.05850956216454506 -0.05850956216454506 -0.05850956216454506 -0.05850956216454506 -0.05850956216454506 -0.05850956216454506 -0.05850956216454506 -0.05850956216454506 -0.05850956216454506 -0.05850956216454506 -0.05850956216454506 -0.05850956216454506 -0.05850956216454506 -0.05850956216454506 -0.05850956216454506 -0.05850956216454506 -0.04665679857134819 -0.004573935642838478 -0.0026207820046693087 -0.0011911147739738226 -0.0018653590232133865 -0.0018743579275906086 -0.0014714781427755952 -0.0009918218711391091 -0.000735043897293508 -0.0008998595294542611 -0.0006738962256349623 -0.0009918218711391091 -0.0009426274336874485 -0.0009517124854028225 -0.0008839037618599832 -0.0007633605855517089 -0.0005858420627191663
-0.05003288388252258 -0.05003288388252258 -0.05003288388252258 -0.05003288388252258 -0.05003288388252258 -0.05003288388252258 -0.05003288388252258 -0.05003288388252258 -0.05003288388252258 -0.05003288388252258 -0.05003288388252258 -0.05003288388252258 -0.05003288388252258 -0.05003288388252258 -0.05003288388252258 -0.05003288388252258 -0.05003288388252258 -0.05003288388252258 -0.05003288388252258 -0.05003288388252258 -0.05003288388252258 -0.05003288388252258 -0.05003288388252258 -0.05003288388252258 -0.05003288388252258 -0.05003288388252258 -0.05003288388252258 -0.05003288388252258 -0.05003288388252258 -0.05003288388252258 -0.04665679857134819 -0.004573935642838478 -0.0026207820046693087 -0.0011911147739738226 -0.0018653590232133865 -0.0018743579275906086 -0.0014714781427755952 -0.0009918218711391091 -0.000735043897293508 -0.0008998595294542611 -0.0006738962256349623 -0.0009918218711391091 -0.0009426274336874485 -0.0009517124854028225 -0.0008839037618599832 -0.0007633605855517089 -0.0005858420627191663
-0.04865218326449394 -0.04865218326449394 -0.04865218326449394 -0.04865218326449394 -0.04865218326449394 -0.04865218326449394 -0.04865218326449394 -0.04865218326449394 -0.04865218326449394 -0.04865218326449394 -0.04865218326449394 -0.04865218326449394 -0.04865218326449394 -0.04865218326449394 -0.04865218326449394 -0.04865218326449394 -0.04865218326449394 -0.04865218326449394 -0.04865218326449394 -0.04865218326449394 -0.04865218326449394 -0.04865218326449394 -0.04865218326449394 -0.04865218326449394 -0.04865218326449394 -0.04865218326449394 -0.04865218326449394 -0.04865218326449394 -0.04865218326449394 -0.04865218326449394 -0.04665679857134819 -0.004573935642838478 -0.0026207820046693087 -0.0011911147739738226 -0.0018653590232133865 -0.0018743579275906086 -0.0014714781427755952 -0.0009918218711391091 -0.000735043897293508 -0.0008998595294542611 -0.0006738962256349623 -0.0009918218711391091 -0.0009426274336874485 -0.0009517124854028225 -0.0008839037618599832 -0.0007633605855517089 -0.0005858420627191663
-0.04531519487500191 -0.04531519487500191 -0.04531519487500191 -0.04531519487500191 -0.04531519487500191 -0.04531519487500191 -0.04531519487500191 -0.04531519487500191 -0.04531519487500191 -0.04531519487500191 -0.04531519487500191 -0.04531519487500191 -0.04531519487500191 -0.04531519487500191 -0.04531519487500191 -0.04531519487500191 -0.04531519487500191 -0.04531519487500191 -0.04531519487500191 -0.04531519487500191 -0.04531519487500191 -0.04531519487500191 -0.04531519487500191 -0.04531519487500191 -0.04531519487500191 -0.04531519487500191 -0.04531519487500191 -0.04531519487500191 -0.04531519487500191 -0.04531519487500191 -0.04531519487500191 -0.004573935642838478 -0.0026207820046693087 -0.0011911147739738226 -0.0018653590232133865 -0.0018743579275906086 -0.0014714781427755952 -0.0009918218711391091 -0.000735043897293508 -0.0008998595294542611 -0.0006738962256349623 -0.0009918218711391091 -0.0009426274336874485 -0.0009517124854028225 -0.0008839037618599832 -0.0007633605855517089 -0.0005858420627191663
-0.042815860360860825 -0.042815860360860825 -0.042815860360860825 -0.042815860360860825 -0.042815860360860825 -0.042815860360860825 -0.042815860360860825 -0.042815860360860825 -0.042815860360860825 -0.042815860360860825 -0.042815860360860825 -0.042815860360860825 -0.042815860360860825 -0.042815860360860825 -0.042815860360860825 -0.042815860360860825 -0.042815860360860825 -0.042815860360860825 -0.042815860360860825 -0.042815860360860825 -0.042815860360860825 -0.042815860360860825 -0.042815860360860825 -0.042815860360860825 -0.042815860360860825 -0.042815860360860825 -0.042815860360860825 -0.042815860360860825 -0.042815860360860825 -0.042815860360860825 -0.042815860360860825 -0.004573935642838478 -0.0026207820046693087 -0.0011911147739738226 -0.0018653590232133865 -0.0018743579275906086 -0.0014714781427755952 -0.0009918218711391091 -0.000735043897293508 -0.0008998595294542611 -0.0006738962256349623 -0.0009918218711391091 -0.0009426274336874485 -0.0009517124854028225 -0.0008839037618599832 -0.0007633605855517089 -0.0005858420627191663
-0.024517687037587166 -0.024517687037587166 -0.024517687037587166 -0.024517687037587166 -0.024517687037587166 -0.024517687037587166 -0.024517687037587166 -0.024517687037587166 -0.024517687037587166 -0.024517687037587166 -0.024517687037587166 -0.024517687037587166 -0.024517687037587166 -0.024517687037587166 -0.024517687037587166 -0.024517687037587166 -0.024517687037587166 -0.024517687037587166 -0.024517687037587166 -0.024517687037587166 -0.024517687037587166 -0.024517687037587166 -0.024517687037587166 -0.024517687037587166 -0.024517687037587166 -0.024517687037587166 -0.024517687037587166 -0.024517687037587166 -0.024517687037587166 -0.024517687037587166 -0.024517687037587166 -0.004573935642838478 -0.0026207820046693087 -0.0011911147739738226 -0.0018653590232133865 -0.0018743579275906086 -0.0014714781427755952 -0.0009918218711391091 -0.000735043897293508 -0.0008998595294542611 -0.0006738962256349623 -0.0009918218711391091 -0.0009426274336874485 -0.0009517124854028225 -0.0008839037618599832 -0.0007633605855517089 -0.0005858420627191663
-0.0011911147739738226 -0.0011911147739738226 -0.0011911147739738226 -0.0011911147739738226 -0.0011911147739738226 -0.0011911147739738226 -0.0011911147739738226 -0.0011911147739738226 -0.0011911147739738226 -0.0011911147739738226 -0.0011911147739738226 -0.0011911147739738226 -0.0011911147739738226 -0.0011911147739738226 -0.0011911147739738226 -0.0011911147739738226 -0.0011911147739738226 -0.0011911147739738226 -0.0011911147739738226 -0.0011911147739738226 -0.0011911147739738226 -0.0011911147739738226 -0.0011911147739738226 -0.0011911147739738226 -0.0011911147739738226 -0.0011911147739738226 -0.0011911147739738226 -0.0011911147739738226 -0.0011911147739738226 -0.0011911147739738226 -0.0011911147739738226 -0.0011911147739738226 -0.0011911147739738226 -0.0025496550370007753 -0.0011911147739738226 -0.0011911147739738226 -0.0011911147739738226 -0.0009918218711391091 -0.000735043897293508 -0.0008998595294542611 -0.0006738962256349623 -0.0009918218711391091 -0.0009426274336874485 -0.0009517124854028225 -0.0008839037618599832 -0.0007633605855517089 -0.0005858420627191663
-0.0014714781427755952 -0.0014714781427755952 -0.0014714781427755952 -0.0014714781427755952 -0.0014714781427755952 -0.0014714781427755952 -0.0014714781427755952 -0.0014714781427755952 -0.0014714781427755952 -0.0014714781427755952 -0.0014714781427755952 -0.0014714781427755952 -0.0014714781427755952 -0.0014714781427755952 -0.0014714781427755952 -0.0014714781427755952 -0.0014714781427755952 -0.0014714781427755952 -0.0014714781427755952 -0.0014714781427755952 -0.0014714781427755952 -0.0014714781427755952 -0.0014714781427755952 -0.0014714781427755952 -0.0014714781427755952 -0.0014714781427755952 -0.0014714781427755952 -0.0014714781427755952 -0.0014714781427755952 -0.0014714781427755952 -0.0014714781427755952 -0.0014714781427755952 -0.0014714781427755952 -0.0011911147739738226 -0.0014714781427755952 -0.0014714781427755952 -0.0016798160504549742 -0.0009918218711391091 -0.000735043897293508 -0.0008998595294542611 -0.0006738962256349623 -0.0009918218711391091 -0.0009426274336874485 -0.0009517124854028225 -0.0008839037618599832 -0.0007633605855517089 -0.0005858420627191663
-0.0017764318035915494 -0.0017764318035915494 -0.0017764318035915494 -0.0017764318035915494 -0.0017764318035915494 -0.0017764318035915494 -0.0017764318035915494 -0.0017764318035915494 -0.0017764318035915494 -0.0017764318035915494 -0.0017764318035915494 -0.0017764318035915494 -0.0017764318035915494 -0.0017764318035915494 -0.0017764318035915494 -0.0017764318035915494 -0.0017764318035915494 -0.0017764318035915494 -0.0017764318035915494 -0.0017764318035915494 -0.0017764318035915494 -0.0017764318035915494 -0.0017764318035915494 -0.0017764318035915494 -0.0017764318035915494 -0.0017764318035915494 -0.0017764318035915494 -0.0017764318035915494 -0.0017764318035915494 -0.0017764318035915494 -0.0017764318035915494 -0.0017764318035915494 -0.0017764318035915494 -0.0011911147739738226 -0.0017764318035915494 -0.0017764318035915494 -0.0014714781427755952 -0.0009918218711391091 -0.000735043897293508 -0.0008998595294542611 -0.0006738962256349623 -0.0009918218711391091 -0.0009426274336874485 -0.0009517124854028225 -0.0008839037618599832 -0.0007633605855517089 -0.0005858420627191663
-0.001471515977755189 -0.001471515977755189 -0.001471515977755189 -0.001471515977755189 -0.001471515977755189 -0.001471515977755189 -0.001471515977755189 -0.001471515977755189 -0.001471515977755189 -0.001471515977755189 -0.001471515977755189 -0.001471515977755189 -0.001471515977755189 -0.001471515977755189 -0.001471515977755189 -0.001471515977755189 -0.001471515977755189 -0.001471515977755189 -0.001471515977755189 -0.001471515977755189 -0.001471515977755189 -0.001471515977755189 -0.001471515977755189 -0.001471515977755189 -0.001471515977755189 -0.001471515977755189 -0.001471515977755189 -0.001471515977755189 -0.001471515977755189 -0.001471515977755189 -0.001471515977755189 -0.001471515977755189 -0.001471515977755189 -0.0011911147739738226 -0.001471515977755189 -0.001471515977755189 -0.0014714781427755952 -0.0009918218711391091 -0.000735043897293508 -0.0008998595294542611 -0.0006738962256349623 -0.0009918218711391091 -0.0009426274336874485 -0.0009517124854028225 -0.0008839037618599832 -0.0007633605855517089 -0.0005858420627191663
-0.0007887934916652739 -0.0007887934916652739 -0.0007887934916652739 -0.0007887934916652739 -0.0007887934916652739 -0.0007887934916652739 -0.0007887934916652739 -0.0007887934916652739 -0.0007887934916652739 -0.0007887934916652739 -0.0007887934916652739 -0.0007887934916652739 -0.0007887934916652739 -0.0007887934916652739 -0.0007887934916652739 -0.0007887934916652739 -0.0007887934916652739 -0.0007887934916652739 -0.0007887934916652739 -0.0007887934916652739 -0.0007887934916652739 -0.0007887934916652739 -0.0007887934916652739 -0.0007887934916652739 -0.0007887934916652739 -0.0007887934916652739 -0.0007887934916652739 -0.0007887934916652739 -0.0007887934916652739 -0.0007887934916652739 -0.0007887934916652739 -0.0007887934916652739 -0.0007887934916652739 -0.0007887934916652739 -0.0007887934916652739 -0.0007887934916652739 -0.0007887934916652739 -0.0007887934916652739 -0.000735043897293508 -0.0007887934916652739 -0.0006738962256349623 -0.0007887934916652739 -0.0007887934916652739 -0.0007887934916652739 -0.0007887934916652739 -0.0007633605855517089 -0.0005858420627191663
-0.0007703096489422023 -0.0007703096489422023 -0.0007703096489422023 -0.0007703096489422023 -0.0007703096489422023 -0.0007703096489422023 -0.0007703096489422023 -0.0007703096489422023 -0.0007703096489422023 -0.0007703096489422023 -0.0007703096489422023 -0.0007703096489422023 -0.0007703096489422023 -0.0007703096489422023 -0.0007703096489422023 -0.0007703096489422023 -0.0007703096489422023 -0.0007703096489422023 -0.0007703096489422023 -0.0007703096489422023 -0.0007703096489422023 -0.0007703096489422023 -0.0007703096489422023 -0.0007703096489422023 -0.0007703096489422023 -0.0007703096489422023 -0.0007703096489422023 -0.0007703096489422023 -0.0007703096489422023 -0.0007703096489422023 -0.0007703096489422023 -0.0007703096489422023 -0.0007703096489422023 -0.0007703096489422023 -0.0007703096489422023 -0.0007703096489422023 -0.0007703096489422023 -0.0007703096489422023 -0.000735043897293508 -0.0007703096489422023 -0.0006738962256349623 -0.0007703096489422023 -0.0007703096489422023 -0.0007703096489422023 -0.0007703096489422023 -0.0007633605855517089 -0.0005858420627191663
-0.0007125184056349099 -0.0007125184056349099 -0.0007125184056349099 -0.0007125184056349099 -0.0007125184056349099 -0.0007125184056349099 -0.0007125184056349099 -0.0007125184056349099 -0.0007125184056349099 -0.0007125184056349099 -0.0007125184056349099 -0.0007125184056349099 -0.0007125184056349099 -0.0007125184056349099 -0.0007125184056349099 -0.0007125184056349099 -0.0007125184056349099 -0.0007125184056349099 -0.0007125184056349099 -0.0007125184056349099 -0.0007125184056349099 -0.0007125184056349099 -0.0007125184056349099 -0.0007125184056349099 -0.0007125184056349099 -0.0007125184056349099 -0.0007125184056349099 -0.0007125184056349099 -0.0007125184056349099 -0.0007125184056349099 -0.0007125184056349099 -0.0007125184056349099 -0.0007125184056349099 -0.0007125184056349099 -0.0007125184056349099 -0.0007125184056349099 -0.0007125184056349099 -0.0007125184056349099 -0.0007125184056349099 -0.0007125184056349099 -0.0006738962256349623 -0.0007125184056349099 -0.0007125184056349099 -0.0007125184056349099 -0.0007125184056349099 -0.0007125184056349099 -0.0005858420627191663
-0.0006804578006267548 -0.0006804578006267548 -0.0006804578006267548 -0.0006804578006267548 -0.0006804578006267548 -0.0006804578006267548 -0.0006804578006267548 -0.0006804578006267548 -0.0006804578006267548 -0.0006804578006267548 -0.0006804578006267548 -0.0006804578006267548 -0.0006804578006267548 -0.0006804578006267548 -0.0006804578006267548 -0.0006804578006267548 -0.0006804578006267548 -0.0006804578006267548 -0.0006804578006267548 -0.0006804578006267548 -0.0006804578006267548 -0.0006804578006267548 -0.0006804578006267548 -0.0006804578006267548 -0.0006804578006267548 -0.0006804578006267548 -0.0006804578006267548 -0.0006804578006267548 -0.0006804578006267548 -0.0006804578006267548 -0.0006804578006267548 -0.0006804578006267548 -0.0006804578006267548 -0.0006804578006267548 -0.0006804578006267548 -0.0006804578006267548 -0.0006804578006267548 -0.0006804578006267548 -0.0006804578006267548 -0.0006804578006267548 -0.0006738962256349623 -0.0006804578006267548 -0.0006804578006267548 -0.0006804578006267548 -0.0006804578006267548 -0.0006804578006267548 -0.0005858420627191663