-0.46437010169029236 -0.46437010169029236 -0.4487744867801666 -0.46437010169029236 -0.46437010169029236 -0.46437010169029236 -0.46437010169029236 -0.1615695357322693 -0.1615695357322693 -0.16296309232711792 -0.1615695357322693 -0.1615695357322693 -0.16296309232711792 -0.16296309232711792 -0.16407279670238495 -0.16407279670238495 -0.16407279670238495 -0.16407279670238495 -0.1615695357322693 -0.1615695357322693 -0.1615695357322693 -0.1592637151479721 -0.15940523147583008 -0.1165333241224289 -0.052085526287555695 -0.05474575236439705 -0.058040425181388855 -0.05474575236439705 -0.05300753563642502 -0.05300753563642502 -0.05300753563642502 -0.014061924070119858 -0.016180966049432755 -0.01679319515824318 -0.003851801622658968 -0.0067079379223287106 -0.005407948046922684 -0.0038776500150561333 -0.00205081794410944 -0.0013559674844145775 -0.0010572826722636819 -0.0010572826722636819
-0.4487744867801666 -0.4487744867801666 -0.4487744867801666 -0.4487744867801666 -0.4487744867801666 -0.4487744867801666 -0.4487744867801666 -0.1615695357322693 -0.1615695357322693 -0.16296309232711792 -0.1615695357322693 -0.1615695357322693 -0.16296309232711792 -0.16296309232711792 -0.16407279670238495 -0.16407279670238495 -0.16407279670238495 -0.16407279670238495 -0.1615695357322693 -0.1615695357322693 -0.1615695357322693 -0.1592637151479721 -0.15940523147583008 -0.1165333241224289 -0.052085526287555695 -0.05474575236439705 -0.058040425181388855 -0.05474575236439705 -0.05300753563642502 -0.05300753563642502 -0.05300753563642502 -0.014061924070119858 -0.016180966049432755 -0.01679319515824318 -0.003851801622658968 -0.0067079379223287106 -0.005407948046922684 -0.0038776500150561333 -0.00205081794410944 -0.0013559674844145775 -0.0010572826722636819 -0.0010572826722636819
-0.4487744867801666 -0.4487744867801666 -0.4487744867801666 -0.4487744867801666 -0.4487744867801666 -0.4487744867801666 -0.4487744867801666 -0.1615695357322693 -0.1615695357322693 -0.16296309232711792 -0.1615695357322693 -0.1615695357322693 -0.16296309232711792 -0.16296309232711792 -0.16407279670238495 -0.16407279670238495 -0.16407279670238495 -0.16407279670238495 -0.1615695357322693 -0.1615695357322693 -0.1615695357322693 -0.1592637151479721 -0.15940523147583008 -0.1165333241224289 -0.052085526287555695 -0.05474575236439705 -0.058040425181388855 -0.05474575236439705 -0.05300753563642502 -0.05300753563642502 -0.05300753563642502 -0.014061924070119858 -0.016180966049432755 -0.01679319515824318 -0.003851801622658968 -0.0067079379223287106 -0.005407948046922684 -0.0038776500150561333 -0.00205081794410944 -0.0013559674844145775 -0.0010572826722636819 -0.0010572826722636819
-0.1615695357322693 -0.1615695357322693 -0.1615695357322693 -0.1615695357322693 -0.1615695357322693 -0.1615695357322693 -0.1615695357322693 -0.21992141008377075 -0.40621188282966614 -0.1615695357322693 -0.2786061763763428 -0.21992141008377075 -0.1615695357322693 -0.1615695357322693 -0.1615695357322693 -0.1615695357322693 -0.1615695357322693 -0.1615695357322693 -0.1754550188779831 -0.1754550188779831 -0.1754550188779831 -0.1592637151479721 -0.15940523147583008 -0.1165333241224289 -0.052085526287555695 -0.05474575236439705 -0.058040425181388855 -0.05474575236439705 -0.05300753563642502 -0.05300753563642502 -0.05300753563642502 -0.014061924070119858 -0.016180966049432755 -0.01679319515824318 -0.003851801622658968 -0.0067079379223287106 -0.005407948046922684 -0.0038776500150561333 -0.00205081794410944 -0.0013559674844145775 -0.0010572826722636819 -0.0010572826722636819
-0.1615695357322693 -0.1615695357322693 -0.1615695357322693 -0.1615695357322693 -0.1615695357322693 -0.1615695357322693 -0.1615695357322693 -0.21992141008377075 -0.2786061763763428 -0.1615695357322693 -0.2786061763763428 -0.21992141008377075 -0.1615695357322693 -0.1615695357322693 -0.1615695357322693 -0.1615695357322693 -0.1615695357322693 -0.1615695357322693 -0.1754550188779831 -0.1754550188779831 -0.1754550188779831 -0.1592637151479721 -0.15940523147583008 -0.1165333241224289 -0.052085526287555695 -0.05474575236439705 -0.058040425181388855 -0.05474575236439705 -0.05300753563642502 -0.05300753563642502 -0.05300753563642502 -0.014061924070119858 -0.016180966049432755 -0.01679319515824318 -0.003851801622658968 -0.0067079379223287106 -0.005407948046922684 -0.0038776500150561333 -0.00205081794410944 -0.0013559674844145775 -0.0010572826722636819 -0.0010572826722636819
-0.1615695357322693 -0.1615695357322693 -0.1615695357322693 -0.1615695357322693 -0.1615695357322693 -0.1615695357322693 -0.1615695357322693 -0.21992141008377075 -0.21992141008377075 -0.1615695357322693 -0.21992141008377075 -0.21992141008377075 -0.1615695357322693 -0.1615695357322693 -0.1615695357322693 -0.1615695357322693 -0.1615695357322693 -0.1615695357322693 -0.1754550188779831 -0.1754550188779831 -0.1754550188779831 -0.1592637151479721 -0.15940523147583008 -0.1165333241224289 -0.052085526287555695 -0.05474575236439705 -0.058040425181388855 -0.05474575236439705 -0.05300753563642502 -0.05300753563642502 -0.05300753563642502 -0.014061924070119858 -0.016180966049432755 -0.01679319515824318 -0.003851801622658968 -0.0067079379223287106 -0.005407948046922684 -0.0038776500150561333 -0.00205081794410944 -0.0013559674844145775 -0.0010572826722636819 -0.0010572826722636819
-0.1615695357322693 -0.1615695357322693 -0.1615695357322693 -0.1615695357322693 -0.1615695357322693 -0.1615695357322693 -0.1615695357322693 -0.4265546202659607 -0.21992141008377075 -0.1615695357322693 -0.21992141008377075 -0.2674996554851532 -0.1615695357322693 -0.1615695357322693 -0.1615695357322693 -0.1615695357322693 -0.1615695357322693 -0.1615695357322693 -0.1754550188779831 -0.1754550188779831 -0.1754550188779831 -0.1592637151479721 -0.15940523147583008 -0.1165333241224289 -0.052085526287555695 -0.05474575236439705 -0.058040425181388855 -0.05474575236439705 -0.05300753563642502 -0.05300753563642502 -0.05300753563642502 -0.014061924070119858 -0.016180966049432755 -0.01679319515824318 -0.003851801622658968 -0.0067079379223287106 -0.005407948046922684 -0.0038776500150561333 -0.00205081794410944 -0.0013559674844145775 -0.0010572826722636819 -0.0010572826722636819
-0.1615695357322693 -0.1615695357322693 -0.1615695357322693 -0.1615695357322693 -0.1615695357322693 -0.1615695357322693 -0.1615695357322693 -0.4265546202659607 -0.21992141008377075 -0.1615695357322693 -0.21992141008377075 -0.2674996554851532 -0.1615695357322693 -0.1615695357322693 -0.1615695357322693 -0.1615695357322693 -0.1615695357322693 -0.1615695357322693 -0.1754550188779831 -0.1754550188779831 -0.1754550188779831 -0.1592637151479721 -0.15940523147583008 -0.1165333241224289 -0.052085526287555695 -0.05474575236439705 -0.058040425181388855 -0.05474575236439705 -0.05300753563642502 -0.05300753563642502 -0.05300753563642502 -0.014061924070119858 -0.016180966049432755 -0.01679319515824318 -0.003851801622658968 -0.0067079379223287106 -0.005407948046922684 -0.0038776500150561333 -0.00205081794410944 -0.0013559674844145775 -0.0010572826722636819 -0.0010572826722636819
-0.1615695357322693 -0.1615695357322693 -0.1615695357322693 -0.1615695357322693 -0.1615695357322693 -0.1615695357322693 -0.1615695357322693 -0.4265546202659607 -0.21992141008377075 -0.1615695357322693 -0.21992141008377075 -0.2674996554851532 -0.1615695357322693 -0.1615695357322693 -0.1615695357322693 -0.1615695357322693 -0.1615695357322693 -0.1615695357322693 -0.1754550188779831 -0.1754550188779831 -0.1754550188779831 -0.1592637151479721 -0.15940523147583008 -0.1165333241224289 -0.052085526287555695 -0.05474575236439705 -0.058040425181388855 -0.05474575236439705 -0.05300753563642502 -0.05300753563642502 -0.05300753563642502 -0.014061924070119858 -0.016180966049432755 -0.01679319515824318 -0.003851801622658968 -0.0067079379223287106 -0.005407948046922684 -0.0038776500150561333 -0.00205081794410944 -0.0013559674844145775 -0.0010572826722636819 -0.0010572826722636819
-0.1615695357322693 -0.1615695357322693 -0.1615695357322693 -0.1615695357322693 -0.1615695357322693 -0.1615695357322693 -0.1615695357322693 -0.4265546202659607 -0.21992141008377075 -0.1615695357322693 -0.21992141008377075 -0.2674996554851532 -0.1615695357322693 -0.1615695357322693 -0.1615695357322693 -0.1615695357322693 -0.1615695357322693 -0.1615695357322693 -0.1754550188779831 -0.1754550188779831 -0.1754550188779831 -0.1592637151479721 -0.15940523147583008 -0.1165333241224289 -0.052085526287555695 -0.05474575236439705 -0.058040425181388855 -0.05474575236439705 -0.05300753563642502 -0.05300753563642502 -0.05300753563642502 -0.014061924070119858 -0.016180966049432755 -0.01679319515824318 -0.003851801622658968 -0.0067079379223287106 -0.005407948046922684 -0.0038776500150561333 -0.00205081794410944 -0.0013559674844145775 -0.0010572826722636819 -0.0010572826722636819
-0.1615695357322693 -0.1615695357322693 -0.1615695357322693 -0.1615695357322693 -0.1615695357322693 -0.1615695357322693 -0.1615695357322693 -0.4265546202659607 -0.21992141008377075 -0.1615695357322693 -0.21992141008377075 -0.2674996554851532 -0.1615695357322693 -0.1615695357322693 -0.1615695357322693 -0.1615695357322693 -0.1615695357322693 -0.1615695357322693 -0.1754550188779831 -0.1754550188779831 -0.1754550188779831 -0.1592637151479721 -0.15940523147583008 -0.1165333241224289 -0.052085526287555695 -0.05474575236439705 -0.058040425181388855 -0.05474575236439705 -0.05300753563642502 -0.05300753563642502 -0.05300753563642502 -0.014061924070119858 -0.016180966049432755 -0.01679319515824318 -0.003851801622658968 -0.0067079379223287106 -0.005407948046922684 -0.0038776500150561333 -0.00205081794410944 -0.0013559674844145775 -0.0010572826722636819 -0.0010572826722636819
-0.1615695357322693 -0.1615695357322693 -0.1615695357322693 -0.1615695357322693 -0.1615695357322693 -0.1615695357322693 -0.1615695357322693 -0.4265546202659607 -0.21992141008377075 -0.1615695357322693 -0.21992141008377075 -0.2674996554851532 -0.1615695357322693 -0.1615695357322693 -0.1615695357322693 -0.1615695357322693 -0.1615695357322693 -0.1615695357322693 -0.1754550188779831 -0.1754550188779831 -0.1754550188779831 -0.1592637151479721 -0.15940523147583008 -0.1165333241224289 -0.052085526287555695 -0.05474575236439705 -0.058040425181388855 -0.05474575236439705 -0.05300753563642502 -0.05300753563642502 -0.05300753563642502 -0.014061924070119858 -0.016180966049432755 -0.01679319515824318 -0.003851801622658968 -0.0067079379223287106 -0.005407948046922684 -0.0038776500150561333 -0.00205081794410944 -0.0013559674844145775 -0.0010572826722636819 -0.0010572826722636819
-0.1615695357322693 -0.1615695357322693 -0.1615695357322693 -0.1615695357322693 -0.1615695357322693 -0.1615695357322693 -0.1615695357322693 -0.4265546202659607 -0.21992141008377075 -0.1615695357322693 -0.21992141008377075 -0.2674996554851532 -0.1615695357322693 -0.1615695357322693 -0.1615695357322693 -0.1615695357322693 -0.1615695357322693 -0.1615695357322693 -0.1754550188779831 -0.1754550188779831 -0.1754550188779831 -0.1592637151479721 -0.15940523147583008 -0.1165333241224289 -0.052085526287555695 -0.05474575236439705 -0.058040425181388855 -0.05474575236439705 -0.05300753563642502 -0.05300753563642502 -0.05300753563642502 -0.014061924070119858 -0.016180966049432755 -0.01679319515824318 -0.003851801622658968 -0.0067079379223287106 -0.005407948046922684 -0.0038776500150561333 -0.00205081794410944 -0.0013559674844145775 -0.0010572826722636819 -0.0010572826722636819
-0.1615695357322693 -0.1615695357322693 -0.1615695357322693 -0.1615695357322693 -0.1615695357322693 -0.1615695357322693 -0.1615695357322693 -0.2674996554851532 -0.21992141008377075 -0.1615695357322693 -0.21992141008377075 -0.2674996554851532 -0.1615695357322693 -0.1615695357322693 -0.1615695357322693 -0.1615695357322693 -0.1615695357322693 -0.1615695357322693 -0.1754550188779831 -0.1754550188779831 -0.1754550188779831 -0.1592637151479721 -0.15940523147583008 -0.1165333241224289 -0.052085526287555695 -0.05474575236439705 -0.058040425181388855 -0.05474575236439705 -0.05300753563642502 -0.05300753563642502 -0.05300753563642502 -0.014061924070119858 -0.016180966049432755 -0.01679319515824318 -0.003851801622658968 -0.0067079379223287106 -0.005407948046922684 -0.0038776500150561333 -0.00205081794410944 -0.0013559674844145775 -0.0010572826722636819 -0.0010572826722636819
-0.16407279670238495 -0.16407279670238495 -0.16407279670238495 -0.16407279670238495 -0.16407279670238495 -0.16407279670238495 -0.16407279670238495 -0.1615695357322693 -0.1615695357322693 -0.16296309232711792 -0.1615695357322693 -0.1615695357322693 -0.16296309232711792 -0.16296309232711792 -0.24006681144237518 -0.21999715268611908 -0.19414184987545013 -0.21999715268611908 -0.1615695357322693 -0.1615695357322693 -0.1615695357322693 -0.1592637151479721 -0.15940523147583008 -0.1165333241224289 -0.052085526287555695 -0.05474575236439705 -0.058040425181388855 -0.05474575236439705 -0.05300753563642502 -0.05300753563642502 -0.05300753563642502 -0.014061924070119858 -0.016180966049432755 -0.01679319515824318 -0.003851801622658968 -0.0067079379223287106 -0.005407948046922684 -0.0038776500150561333 -0.00205081794410944 -0.0013559674844145775 -0.0010572826722636819 -0.0010572826722636819
-0.052085526287555695 -0.052085526287555695 -0.052085526287555695 -0.052085526287555695 -0.052085526287555695 -0.052085526287555695 -0.052085526287555695 -0.052085526287555695 -0.052085526287555695 -0.052085526287555695 -0.052085526287555695 -0.052085526287555695 -0.052085526287555695 -0.052085526287555695 -0.052085526287555695 -0.052085526287555695 -0.052085526287555695 -0.052085526287555695 -0.052085526287555695 -0.052085526287555695 -0.052085526287555695 -0.052085526287555695 -0.052085526287555695 -0.052085526287555695 -0.052085526287555695 -0.052085526287555695 -0.052085526287555695 -0.052085526287555695 -0.052085526287555695 -0.052085526287555695 -0.052085526287555695 -0.014061924070119858 -0.016180966049432755 -0.01679319515824318 -0.003851801622658968 -0.0067079379223287106 -0.005407948046922684 -0.0038776500150561333 -0.00205081794410944 -0.0013559674844145775 -0.0010572826722636819 -0.0010572826722636819
-0.16296309232711792 -0.16296309232711792 -0.16296309232711792 -0.16296309232711792 -0.16296309232711792 -0.16296309232711792 -0.16296309232711792 -0.1615695357322693 -0.1615695357322693 -0.2900451421737671 -0.1615695357322693 -0.1615695357322693 -0.2900451421737671 -0.2900451421737671 -0.16296309232711792 -0.16296309232711792 -0.16296309232711792 -0.16296309232711792 -0.1615695357322693 -0.1615695357322693 -0.1615695357322693 -0.1592637151479721 -0.15940523147583008 -0.1165333241224289 -0.052085526287555695 -0.05474575236439705 -0.058040425181388855 -0.05474575236439705 -0.05300753563642502 -0.05300753563642502 -0.05300753563642502 -0.014061924070119858 -0.016180966049432755 -0.01679319515824318 -0.003851801622658968 -0.0067079379223287106 -0.005407948046922684 -0.0038776500150561333 -0.00205081794410944 -0.0013559674844145775 -0.0010572826722636819 -0.0010572826722636819
-0.16407279670238495 -0.16407279670238495 -0.16407279670238495 -0.16407279670238495 -0.16407279670238495 -0.16407279670238495 -0.16407279670238495 -0.1615695357322693 -0.1615695357322693 -0.16296309232711792 -0.1615695357322693 -0.1615695357322693 -0.16296309232711792 -0.16296309232711792 -0.21999715268611908 -0.22142821550369263 -0.19414184987545013 -0.22234123945236206 -0.1615695357322693 -0.1615695357322693 -0.1615695357322693 -0.1592637151479721 -0.15940523147583008 -0.1165333241224289 -0.052085526287555695 -0.05474575236439705 -0.058040425181388855 -0.05474575236439705 -0.05300753563642502 -0.05300753563642502 -0.05300753563642502 -0.014061924070119858 -0.016180966049432755 -0.01679319515824318 -0.003851801622658968 -0.0067079379223287106 -0.005407948046922684 -0.0038776500150561333 -0.00205081794410944 -0.0013559674844145775 -0.0010572826722636819 -0.0010572826722636819
-0.1165333241224289 -0.1165333241224289 -0.1165333241224289 -0.1165333241224289 -0.1165333241224289 -0.1165333241224289 -0.1165333241224289 -0.1165333241224289 -0.1165333241224289 -0.1165333241224289 -0.1165333241224289 -0.1165333241224289 -0.1165333241224289 -0.1165333241224289 -0.1165333241224289 -0.1165333241224289 -0.1165333241224289 -0.1165333241224289 -0.1165333241224289 -0.1165333241224289 -0.1165333241224289 -0.1165333241224289 -0.1165333241224289 -0.1165333241224289 -0.052085526287555695 -0.05474575236439705 -0.058040425181388855 -0.05474575236439705 -0.05300753563642502 -0.05300753563642502 -0.05300753563642502 -0.014061924070119858 -0.016180966049432755 -0.01679319515824318 -0.003851801622658968 -0.0067079379223287106 -0.005407948046922684 -0.0038776500150561333 -0.00205081794410944 -0.0013559674844145775 -0.0010572826722636819 -0.0010572826722636819
-0.014061924070119858 -0.014061924070119858 -0.014061924070119858 -0.014061924070119858 -0.014061924070119858 -0.014061924070119858 -0.014061924070119858 -0.014061924070119858 -0.014061924070119858 -0.014061924070119858 -0.014061924070119858 -0.014061924070119858 -0.014061924070119858 -0.014061924070119858 -0.014061924070119858 -0.014061924070119858 -0.014061924070119858 -0.014061924070119858 -0.014061924070119858 -0.014061924070119858 -0.014061924070119858 -0.014061924070119858 -0.014061924070119858 -0.014061924070119858 -0.014061924070119858 -0.014061924070119858 -0.014061924070119858 -0.014061924070119858 -0.014061924070119858 -0.014061924070119858 -0.014061924070119858 -0.014061924070119858 -0.014061924070119858 -0.014061924070119858 -0.003851801622658968 -0.0067079379223287106 -0.005407948046922684 -0.0038776500150561333 -0.00205081794410944 -0.0013559674844145775 -0.0010572826722636819 -0.0010572826722636819
-0.16296309232711792 -0.16296309232711792 -0.16296309232711792 -0.16296309232711792 -0.16296309232711792 -0.16296309232711792 -0.16296309232711792 -0.1615695357322693 -0.1615695357322693 -0.2900451421737671 -0.1615695357322693 -0.1615695357322693 -0.2900451421737671 -0.2900451421737671 -0.16296309232711792 -0.16296309232711792 -0.16296309232711792 -0.16296309232711792 -0.1615695357322693 -0.1615695357322693 -0.1615695357322693 -0.1592637151479721 -0.15940523147583008 -0.1165333241224289 -0.052085526287555695 -0.05474575236439705 -0.058040425181388855 -0.05474575236439705 -0.05300753563642502 -0.05300753563642502 -0.05300753563642502 -0.014061924070119858 -0.016180966049432755 -0.01679319515824318 -0.003851801622658968 -0.0067079379223287106 -0.005407948046922684 -0.0038776500150561333 -0.00205081794410944 -0.0013559674844145775 -0.0010572826722636819 -0.0010572826722636819
-0.1615695357322693 -0.1615695357322693 -0.1615695357322693 -0.1615695357322693 -0.1615695357322693 -0.1615695357322693 -0.1615695357322693 -0.1754550188779831 -0.1754550188779831 -0.1615695357322693 -0.1754550188779831 -0.1754550188779831 -0.1615695357322693 -0.1615695357322693 -0.1615695357322693 -0.1615695357322693 -0.1615695357322693 -0.1615695357322693 -0.1754550188779831 -0.1754550188779831 -0.1754550188779831 -0.1592637151479721 -0.15940523147583008 -0.1165333241224289 -0.052085526287555695 -0.05474575236439705 -0.058040425181388855 -0.05474575236439705 -0.05300753563642502 -0.05300753563642502 -0.05300753563642502 -0.014061924070119858 -0.016180966049432755 -0.01679319515824318 -0.003851801622658968 -0.0067079379223287106 -0.005407948046922684 -0.0038776500150561333 -0.00205081794410944 -0.0013559674844145775 -0.0010572826722636819 -0.0010572826722636819
-0.1592637151479721 -0.1592637151479721 -0.1592637151479721 -0.1592637151479721 -0.1592637151479721 -0.1592637151479721 -0.1592637151479721 -0.1592637151479721 -0.1592637151479721 -0.1592637151479721 -0.1592637151479721 -0.1592637151479721 -0.1592637151479721 -0.1592637151479721 -0.1592637151479721 -0.1592637151479721 -0.1592637151479721 -0.1592637151479721 -0.1592637151479721 -0.1592637151479721 -0.1592637151479721 -0.1592637151479721 -0.1592637151479721 -0.1165333241224289 -0.052085526287555695 -0.05474575236439705 -0.058040425181388855 -0.05474575236439705 -0.05300753563642502 -0.05300753563642502 -0.05300753563642502 -0.014061924070119858 -0.016180966049432755 -0.01679319515824318 -0.003851801622658968 -0.0067079379223287106 -0.005407948046922684 -0.0038776500150561333 -0.00205081794410944 -0.0013559674844145775 -0.0010572826722636819 -0.0010572826722636819
-0.16407279670238495 -0.16407279670238495 -0.16407279670238495 -0.16407279670238495 -0.16407279670238495 -0.16407279670238495 -0.16407279670238495 -0.1615695357322693 -0.1615695357322693 -0.16296309232711792 -0.1615695357322693 -0.1615695357322693 -0.16296309232711792 -0.16296309232711792 -0.19414184987545013 -0.19414184987545013 -0.22338610887527466 -0.19414184987545013 -0.1615695357322693 -0.1615695357322693 -0.1615695357322693 -0.1592637151479721 -0.15940523147583008 -0.1165333241224289 -0.052085526287555695 -0.05474575236439705 -0.058040425181388855 -0.05474575236439705 -0.05300753563642502 -0.05300753563642502 -0.05300753563642502 -0.014061924070119858 -0.016180966049432755 -0.01679319515824318 -0.003851801622658968 -0.0067079379223287106 -0.005407948046922684 -0.0038776500150561333 -0.00205081794410944 -0.0013559674844145775 -0.0010572826722636819 -0.0010572826722636819
-0.014061924070119858 -0.014061924070119858 -0.014061924070119858 -0.014061924070119858 -0.014061924070119858 -0.014061924070119858 -0.014061924070119858 -0.014061924070119858 -0.014061924070119858 -0.014061924070119858 -0.014061924070119858 -0.014061924070119858 -0.014061924070119858 -0.014061924070119858 -0.014061924070119858 -0.014061924070119858 -0.014061924070119858 -0.014061924070119858 -0.014061924070119858 -0.014061924070119858 -0.014061924070119858 -0.014061924070119858 -0.014061924070119858 -0.014061924070119858 -0.014061924070119858 -0.014061924070119858 -0.014061924070119858 -0.014061924070119858 -0.014061924070119858 -0.014061924070119858 -0.014061924070119858 -0.020690811797976494 -0.014061924070119858 -0.014061924070119858 -0.003851801622658968 -0.0067079379223287106 -0.005407948046922684 -0.0038776500150561333 -0.00205081794410944 -0.0013559674844145775 -0.0010572826722636819 -0.0010572826722636819
-0.1615695357322693 -0.1615695357322693 -0.1615695357322693 -0.1615695357322693 -0.1615695357322693 -0.1615695357322693 -0.1615695357322693 -0.25208717584609985 -0.21992141008377075 -0.1615695357322693 -0.21992141008377075 -0.25208717584609985 -0.1615695357322693 -0.1615695357322693 -0.1615695357322693 -0.1615695357322693 -0.1615695357322693 -0.1615695357322693 -0.1754550188779831 -0.1754550188779831 -0.1754550188779831 -0.1592637151479721 -0.15940523147583008 -0.1165333241224289 -0.052085526287555695 -0.05474575236439705 -0.058040425181388855 -0.05474575236439705 -0.05300753563642502 -0.05300753563642502 -0.05300753563642502 -0.014061924070119858 -0.016180966049432755 -0.01679319515824318 -0.003851801622658968 -0.0067079379223287106 -0.005407948046922684 -0.0038776500150561333 -0.00205081794410944 -0.0013559674844145775 -0.0010572826722636819 -0.0010572826722636819
-0.1615695357322693 -0.1615695357322693 -0.1615695357322693 -0.1615695357322693 -0.1615695357322693 -0.1615695357322693 -0.1615695357322693 -0.1754550188779831 -0.1754550188779831 -0.1615695357322693 -0.1754550188779831 -0.1754550188779831 -0.1615695357322693 -0.1615695357322693 -0.1615695357322693 -0.1615695357322693 -0.1615695357322693 -0.1615695357322693 -0.1754550188779831 -0.1754550188779831 -0.1754550188779831 -0.1592637151479721 -0.15940523147583008 -0.1165333241224289 -0.052085526287555695 -0.05474575236439705 -0.058040425181388855 -0.05474575236439705 -0.05300753563642502 -0.05300753563642502 -0.05300753563642502 -0.014061924070119858 -0.016180966049432755 -0.01679319515824318 -0.003851801622658968 -0.0067079379223287106 -0.005407948046922684 -0.0038776500150561333 -0.00205081794410944 -0.0013559674844145775 -0.0010572826722636819 -0.0010572826722636819
-0.1592637151479721 -0.1592637151479721 -0.1592637151479721 -0.1592637151479721 -0.1592637151479721 -0.1592637151479721 -0.1592637151479721 -0.1592637151479721 -0.1592637151479721 -0.1592637151479721 -0.1592637151479721 -0.1592637151479721 -0.1592637151479721 -0.1592637151479721 -0.1592637151479721 -0.1592637151479721 -0.1592637151479721 -0.1592637151479721 -0.1592637151479721 -0.1592637151479721 -0.1592637151479721 -0.1592637151479721 -0.1592637151479721 -0.1165333241224289 -0.052085526287555695 -0.05474575236439705 -0.058040425181388855 -0.05474575236439705 -0.05300753563642502 -0.05300753563642502 -0.05300753563642502 -0.014061924070119858 -0.016180966049432755 -0.01679319515824318 -0.003851801622658968 -0.0067079379223287106 -0.005407948046922684 -0.0038776500150561333 -0.00205081794410944 -0.0013559674844145775 -0.0010572826722636819 -0.0010572826722636819
-0.052085526287555695 -0.052085526287555695 -0.052085526287555695 -0.052085526287555695 -0.052085526287555695 -0.052085526287555695 -0.052085526287555695 -0.052085526287555695 -0.052085526287555695 -0.052085526287555695 -0.052085526287555695 -0.052085526287555695 -0.052085526287555695 -0.052085526287555695 -0.052085526287555695 -0.052085526287555695 -0.052085526287555695 -0.052085526287555695 -0.052085526287555695 -0.052085526287555695 -0.052085526287555695 -0.052085526287555695 -0.052085526287555695 -0.052085526287555695 -0.052085526287555695 -0.052085526287555695 -0.052085526287555695 -0.052085526287555695 -0.052085526287555695 -0.052085526287555695 -0.052085526287555695 -0.014061924070119858 -0.016180966049432755 -0.01679319515824318 -0.003851801622658968 -0.0067079379223287106 -0.005407948046922684 -0.0038776500150561333 -0.00205081794410944 -0.0013559674844145775 -0.0010572826722636819 -0.0010572826722636819
-0.01679319515824318 -0.01679319515824318 -0.01679319515824318 -0.01679319515824318 -0.01679319515824318 -0.01679319515824318 -0.01679319515824318 -0.01679319515824318 -0.01679319515824318 -0.01679319515824318 -0.01679319515824318 -0.01679319515824318 -0.01679319515824318 -0.01679319515824318 -0.01679319515824318 -0.01679319515824318 -0.01679319515824318 -0.01679319515824318 -0.01679319515824318 -0.01679319515824318 -0.01679319515824318 -0.01679319515824318 -0.01679319515824318 -0.01679319515824318 -0.01679319515824318 -0.01679319515824318 -0.01679319515824318 -0.01679319515824318 -0.01679319515824318 -0.01679319515824318 -0.01679319515824318 -0.014061924070119858 -0.016180966049432755 -0.01706777699291706 -0.003851801622658968 -0.0067079379223287106 -0.005407948046922684 -0.0038776500150561333 -0.00205081794410944 -0.0013559674844145775 -0.0010572826722636819 -0.0010572826722636819
-0.014061924070119858 -0.014061924070119858 -0.014061924070119858 -0.014061924070119858 -0.014061924070119858 -0.014061924070119858 -0.014061924070119858 -0.014061924070119858 -0.014061924070119858 -0.014061924070119858 -0.014061924070119858 -0.014061924070119858 -0.014061924070119858 -0.014061924070119858 -0.014061924070119858 -0.014061924070119858 -0.014061924070119858 -0.014061924070119858 -0.014061924070119858 -0.014061924070119858 -0.014061924070119858 -0.014061924070119858 -0.014061924070119858 -0.014061924070119858 -0.014061924070119858 -0.014061924070119858 -0.014061924070119858 -0.014061924070119858 -0.014061924070119858 -0.014061924070119858 -0.014061924070119858 -0.014061924070119858 -0.014061924070119858 -0.014061924070119858 -0.003851801622658968 -0.0067079379223287106 -0.005407948046922684 -0.0038776500150561333 -0.00205081794410944 -0.0013559674844145775 -0.0010572826722636819 -0.0010572826722636819
-0.09769696742296219 -0.09769696742296219 -0.09769696742296219 -0.09769696742296219 -0.09769696742296219 -0.09769696742296219 -0.09769696742296219 -0.09769696742296219 -0.09769696742296219 -0.09769696742296219 -0.09769696742296219 -0.09769696742296219 -0.09769696742296219 -0.09769696742296219 -0.09769696742296219 -0.09769696742296219 -0.09769696742296219 -0.09769696742296219 -0.09769696742296219 -0.09769696742296219 -0.09769696742296219 -0.09769696742296219 -0.09769696742296219 -0.09769696742296219 -0.052085526287555695 -0.05474575236439705 -0.058040425181388855 -0.05474575236439705 -0.05300753563642502 -0.05300753563642502 -0.05300753563642502 -0.014061924070119858 -0.016180966049432755 -0.01679319515824318 -0.003851801622658968 -0.0067079379223287106 -0.005407948046922684 -0.0038776500150561333 -0.00205081794410944 -0.0013559674844145775 -0.0010572826722636819 -0.0010572826722636819
-0.09384474158287048 -0.09384474158287048 -0.09384474158287048 -0.09384474158287048 -0.09384474158287048 -0.09384474158287048 -0.09384474158287048 -0.09384474158287048 -0.09384474158287048 -0.09384474158287048 -0.09384474158287048 -0.09384474158287048 -0.09384474158287048 -0.09384474158287048 -0.09384474158287048 -0.09384474158287048 -0.09384474158287048 -0.09384474158287048 -0.09384474158287048 -0.09384474158287048 -0.09384474158287048 -0.09384474158287048 -0.09384474158287048 -0.09384474158287048 -0.052085526287555695 -0.05474575236439705 -0.058040425181388855 -0.05474575236439705 -0.05300753563642502 -0.05300753563642502 -0.05300753563642502 -0.014061924070119858 -0.016180966049432755 -0.01679319515824318 -0.003851801622658968 -0.0067079379223287106 -0.005407948046922684 -0.0038776500150561333 -0.00205081794410944 -0.0013559674844145775 -0.0010572826722636819 -0.0010572826722636819
-0.09211678057909012 -0.09211678057909012 -0.09211678057909012 -0.09211678057909012 -0.09211678057909012 -0.09211678057909012 -0.09211678057909012 -0.09211678057909012 -0.09211678057909012 -0.09211678057909012 -0.09211678057909012 -0.09211678057909012 -0.09211678057909012 -0.09211678057909012 -0.09211678057909012 -0.09211678057909012 -0.09211678057909012 -0.09211678057909012 -0.09211678057909012 -0.09211678057909012 -0.09211678057909012 -0.09211678057909012 -0.09211678057909012 -0.09211678057909012 -0.052085526287555695 -0.05474575236439705 -0.058040425181388855 -0.05474575236439705 -0.05300753563642502 -0.05300753563642502 -0.05300753563642502 -0.014061924070119858 -0.016180966049432755 -0.01679319515824318 -0.003851801622658968 -0.0067079379223287106 -0.005407948046922684 -0.0038776500150561333 -0.00205081794410944 -0.0013559674844145775 -0.0010572826722636819 -0.0010572826722636819
-0.0814199298620224 -0.0814199298620224 -0.0814199298620224 -0.0814199298620224 -0.0814199298620224 -0.0814199298620224 -0.0814199298620224 -0.0814199298620224 -0.0814199298620224 -0.0814199298620224 -0.0814199298620224 -0.0814199298620224 -0.0814199298620224 -0.0814199298620224 -0.0814199298620224 -0.0814199298620224 -0.0814199298620224 -0.0814199298620224 -0.0814199298620224 -0.0814199298620224 -0.0814199298620224 -0.0814199298620224 -0.0814199298620224 -0.0814199298620224 -0.052085526287555695 -0.05474575236439705 -0.058040425181388855 -0.05474575236439705 -0.05300753563642502 -0.05300753563642502 -0.05300753563642502 -0.014061924070119858 -0.016180966049432755 -0.01679319515824318 -0.003851801622658968 -0.0067079379223287106 -0.005407948046922684 -0.0038776500150561333 -0.00205081794410944 -0.0013559674844145775 -0.0010572826722636819 -0.0010572826722636819
-0.07515091449022293 -0.07515091449022293 -0.07515091449022293 -0.07515091449022293 -0.07515091449022293 -0.07515091449022293 -0.07515091449022293 -0.07515091449022293 -0.07515091449022293 -0.07515091449022293 -0.07515091449022293 -0.07515091449022293 -0.07515091449022293 -0.07515091449022293 -0.07515091449022293 -0.07515091449022293 -0.07515091449022293 -0.07515091449022293 -0.07515091449022293 -0.07515091449022293 -0.07515091449022293 -0.07515091449022293 -0.07515091449022293 -0.07515091449022293 -0.052085526287555695 -0.05474575236439705 -0.058040425181388855 -0.05474575236439705 -0.05300753563642502 -0.05300753563642502 -0.05300753563642502 -0.014061924070119858 -0.016180966049432755 -0.01679319515824318 -0.003851801622658968 -0.0067079379223287106 -0.005407948046922684 -0.0038776500150561333 -0.00205081794410944 -0.0013559674844145775 -0.0010572826722636819 -0.0010572826722636819
-0.052085526287555695 -0.052085526287555695 -0.052085526287555695 -0.052085526287555695 -0.052085526287555695 -0.052085526287555695 -0.052085526287555695 -0.052085526287555695 -0.052085526287555695 -0.052085526287555695 -0.052085526287555695 -0.052085526287555695 -0.052085526287555695 -0.052085526287555695 -0.052085526287555695 -0.052085526287555695 -0.052085526287555695 -0.052085526287555695 -0.052085526287555695 -0.052085526287555695 -0.052085526287555695 -0.052085526287555695 -0.052085526287555695 -0.052085526287555695 -0.052085526287555695 -0.052085526287555695 -0.052085526287555695 -0.052085526287555695 -0.052085526287555695 -0.052085526287555695 -0.052085526287555695 -0.014061924070119858 -0.016180966049432755 -0.01679319515824318 -0.003851801622658968 -0.0067079379223287106 -0.005407948046922684 -0.0038776500150561333 -0.00205081794410944 -0.0013559674844145775 -0.0010572826722636819 -0.0010572826722636819
-0.05300753563642502 -0.05300753563642502 -0.05300753563642502 -0.05300753563642502 -0.05300753563642502 -0.05300753563642502 -0.05300753563642502 -0.05300753563642502 -0.05300753563642502 -0.05300753563642502 -0.05300753563642502 -0.05300753563642502 -0.05300753563642502 -0.05300753563642502 -0.05300753563642502 -0.05300753563642502 -0.05300753563642502 -0.05300753563642502 -0.05300753563642502 -0.05300753563642502 -0.05300753563642502 -0.05300753563642502 -0.05300753563642502 -0.05300753563642502 -0.052085526287555695 -0.05300753563642502 -0.05300753563642502 -0.05300753563642502 -0.0581037737429142 -0.05401623249053955 -0.05401623249053955 -0.014061924070119858 -0.016180966049432755 -0.01679319515824318 -0.003851801622658968 -0.0067079379223287106 -0.005407948046922684 -0.0038776500150561333 -0.00205081794410944 -0.0013559674844145775 -0.0010572826722636819 -0.0010572826722636819
-0.052085526287555695 -0.052085526287555695 -0.052085526287555695 -0.052085526287555695 -0.052085526287555695 -0.052085526287555695 -0.052085526287555695 -0.052085526287555695 -0.052085526287555695 -0.052085526287555695 -0.052085526287555695 -0.052085526287555695 -0.052085526287555695 -0.052085526287555695 -0.052085526287555695 -0.052085526287555695 -0.052085526287555695 -0.052085526287555695 -0.052085526287555695 -0.052085526287555695 -0.052085526287555695 -0.052085526287555695 -0.052085526287555695 -0.052085526287555695 -0.06045101583003998 -0.052085526287555695 -0.052085526287555695 -0.052085526287555695 -0.052085526287555695 -0.052085526287555695 -0.052085526287555695 -0.014061924070119858 -0.016180966049432755 -0.01679319515824318 -0.003851801622658968 -0.0067079379223287106 -0.005407948046922684 -0.0038776500150561333 -0.00205081794410944 -0.0013559674844145775 -0.0010572826722636819 -0.0010572826722636819
-0.05474575236439705 -0.05474575236439705 -0.05474575236439705 -0.05474575236439705 -0.05474575236439705 -0.05474575236439705 -0.05474575236439705 -0.05474575236439705 -0.05474575236439705 -0.05474575236439705 -0.05474575236439705 -0.05474575236439705 -0.05474575236439705 -0.05474575236439705 -0.05474575236439705 -0.05474575236439705 -0.05474575236439705 -0.05474575236439705 -0.05474575236439705 -0.05474575236439705 -0.05474575236439705 -0.05474575236439705 -0.05474575236439705 -0.05474575236439705 -0.052085526287555695 -0.05850956216454506 -0.05474575236439705 -0.05850956216454506 -0.05300753563642502 -0.05300753563642502 -0.05300753563642502 -0.014061924070119858 -0.016180966049432755 -0.01679319515824318 -0.003851801622658968 -0.0067079379223287106 -0.005407948046922684 -0.0038776500150561333 -0.00205081794410944 -0.0013559674844145775 -0.0010572826722636819 -0.0010572826722636819
-0.05003288388252258 -0.05003288388252258 -0.05003288388252258 -0.05003288388252258 -0.05003288388252258 -0.05003288388252258 -0.05003288388252258 -0.05003288388252258 -0.05003288388252258 -0.05003288388252258 -0.05003288388252258 -0.05003288388252258 -0.05003288388252258 -0.05003288388252258 -0.05003288388252258 -0.05003288388252258 -0.05003288388252258 -0.05003288388252258 -0.05003288388252258 -0.05003288388252258 -0.05003288388252258 -0.05003288388252258 -0.05003288388252258 -0.05003288388252258 -0.05003288388252258 -0.05003288388252258 -0.05003288388252258 -0.05003288388252258 -0.05003288388252258 -0.05003288388252258 -0.05003288388252258 -0.014061924070119858 -0.016180966049432755 -0.01679319515824318 -0.003851801622658968 -0.0067079379223287106 -0.005407948046922684 -0.0038776500150561333 -0.00205081794410944 -0.0013559674844145775 -0.0010572826722636819 -0.0010572826722636819
-0.04865218326449394 -0.04865218326449394 -0.04865218326449394 -0.04865218326449394 -0.04865218326449394 -0.04865218326449394 -0.04865218326449394 -0.04865218326449394 -0.04865218326449394 -0.04865218326449394 -0.04865218326449394 -0.04865218326449394 -0.04865218326449394 -0.04865218326449394 -0.04865218326449394 -0.04865218326449394 -0.04865218326449394 -0.04865218326449394 -0.04865218326449394 -0.04865218326449394 -0.04865218326449394 -0.04865218326449394 -0.04865218326449394 -0.04865218326449394 -0.04865218326449394 -0.04865218326449394 -0.04865218326449394 -0.04865218326449394 -0.04865218326449394 -0.04865218326449394 -0.04865218326449394 -0.014061924070119858 -0.016180966049432755 -0.01679319515824318 -0.003851801622658968 -0.0067079379223287106 -0.005407948046922684 -0.0038776500150561333 -0.00205081794410944 -0.0013559674844145775 -0.0010572826722636819 -0.0010572826722636819
-0.04531519487500191 -0.04531519487500191 -0.04531519487500191 -0.04531519487500191 -0.04531519487500191 -0.04531519487500191 -0.04531519487500191 -0.04531519487500191 -0.04531519487500191 -0.04531519487500191 -0.04531519487500191 -0.04531519487500191 -0.04531519487500191 -0.04531519487500191 -0.04531519487500191 -0.04531519487500191 -0.04531519487500191 -0.04531519487500191 -0.04531519487500191 -0.04531519487500191 -0.04531519487500191 -0.04531519487500191 -0.04531519487500191 -0.04531519487500191 -0.04531519487500191 -0.04531519487500191 -0.04531519487500191 -0.04531519487500191 -0.04531519487500191 -0.04531519487500191 -0.04531519487500191 -0.014061924070119858 -0.016180966049432755 -0.01679319515824318 -0.003851801622658968 -0.0067079379223287106 -0.005407948046922684 -0.0038776500150561333 -0.00205081794410944 -0.0013559674844145775 -0.0010572826722636819 -0.0010572826722636819
-0.042815860360860825 -0.042815860360860825 -0.042815860360860825 -0.042815860360860825 -0.042815860360860825 -0.042815860360860825 -0.042815860360860825 -0.042815860360860825 -0.042815860360860825 -0.042815860360860825 -0.042815860360860825 -0.042815860360860825 -0.042815860360860825 -0.042815860360860825 -0.042815860360860825 -0.042815860360860825 -0.042815860360860825 -0.042815860360860825 -0.042815860360860825 -0.042815860360860825 -0.042815860360860825 -0.042815860360860825 -0.042815860360860825 -0.042815860360860825 -0.042815860360860825 -0.042815860360860825 -0.042815860360860825 -0.042815860360860825 -0.042815860360860825 -0.042815860360860825 -0.042815860360860825 -0.014061924070119858 -0.016180966049432755 -0.01679319515824318 -0.003851801622658968 -0.0067079379223287106 -0.005407948046922684 -0.0038776500150561333 -0.00205081794410944 -0.0013559674844145775 -0.0010572826722636819 -0.0010572826722636819
-0.016180966049432755 -0.016180966049432755 -0.016180966049432755 -0.016180966049432755 -0.016180966049432755 -0.016180966049432755 -0.016180966049432755 -0.016180966049432755 -0.016180966049432755 -0.016180966049432755 -0.016180966049432755 -0.016180966049432755 -0.016180966049432755 -0.016180966049432755 -0.016180966049432755 -0.016180966049432755 -0.016180966049432755 -0.016180966049432755 -0.016180966049432755 -0.016180966049432755 -0.016180966049432755 -0.016180966049432755 -0.016180966049432755 -0.016180966049432755 -0.016180966049432755 -0.016180966049432755 -0.016180966049432755 -0.016180966049432755 -0.016180966049432755 -0.016180966049432755 -0.016180966049432755 -0.014061924070119858 -0.019370628520846367 -0.016180966049432755 -0.003851801622658968 -0.0067079379223287106 -0.005407948046922684 -0.0038776500150561333 -0.00205081794410944 -0.0013559674844145775 -0.0010572826722636819 -0.0010572826722636819
-0.003851801622658968 -0.003851801622658968 -0.003851801622658968 -0.003851801622658968 -0.003851801622658968 -0.003851801622658968 -0.003851801622658968 -0.003851801622658968 -0.003851801622658968 -0.003851801622658968 -0.003851801622658968 -0.003851801622658968 -0.003851801622658968 -0.003851801622658968 -0.003851801622658968 -0.003851801622658968 -0.003851801622658968 -0.003851801622658968 -0.003851801622658968 -0.003851801622658968 -0.003851801622658968 -0.003851801622658968 -0.003851801622658968 -0.003851801622658968 -0.003851801622658968 -0.003851801622658968 -0.003851801622658968 -0.003851801622658968 -0.003851801622658968 -0.003851801622658968 -0.003851801622658968 -0.003851801622658968 -0.003851801622658968 -0.003851801622658968 -0.010554410517215729 -0.003851801622658968 -0.003851801622658968 -0.003851801622658968 -0.00205081794410944 -0.0013559674844145775 -0.0010572826722636819 -0.0010572826722636819
-0.0017911980394273996 -0.0017911980394273996 -0.0017911980394273996 -0.0017911980394273996 -0.0017911980394273996 -0.0017911980394273996 -0.0017911980394273996 -0.0017911980394273996 -0.0017911980394273996 -0.0017911980394273996 -0.0017911980394273996 -0.0017911980394273996 -0.0017911980394273996 -0.0017911980394273996 -0.0017911980394273996 -0.0017911980394273996 -0.0017911980394273996 -0.0017911980394273996 -0.0017911980394273996 -0.0017911980394273996 -0.0017911980394273996 -0.0017911980394273996 -0.0017911980394273996 -0.0017911980394273996 -0.0017911980394273996 -0.0017911980394273996 -0.0017911980394273996 -0.0017911980394273996 -0.0017911980394273996 -0.0017911980394273996 -0.0017911980394273996 -0.0017911980394273996 -0.0017911980394273996 -0.0017911980394273996 -0.0017911980394273996 -0.0017911980394273996 -0.0017911980394273996 -0.0017911980394273996 -0.0017911980394273996 -0.0013559674844145775 -0.0010572826722636819 -0.0010572826722636819
-0.0017764318035915494 -0.0017764318035915494 -0.0017764318035915494 -0.0017764318035915494 -0.0017764318035915494 -0.0017764318035915494 -0.0017764318035915494 -0.0017764318035915494 -0.0017764318035915494 -0.0017764318035915494 -0.0017764318035915494 -0.0017764318035915494 -0.0017764318035915494 -0.0017764318035915494 -0.0017764318035915494 -0.0017764318035915494 -0.0017764318035915494 -0.0017764318035915494 -0.0017764318035915494 -0.0017764318035915494 -0.0017764318035915494 -0.0017764318035915494 -0.0017764318035915494 -0.0017764318035915494 -0.0017764318035915494 -0.0017764318035915494 -0.0017764318035915494 -0.0017764318035915494 -0.0017764318035915494 -0.0017764318035915494 -0.0017764318035915494 -0.0017764318035915494 -0.0017764318035915494 -0.0017764318035915494 -0.0017764318035915494 -0.0017764318035915494 -0.0017764318035915494 -0.0017764318035915494 -0.0017764318035915494 -0.0013559674844145775 -0.0010572826722636819 -0.0010572826722636819
-0.001471515977755189 -0.001471515977755189 -0.001471515977755189 -0.001471515977755189 -0.001471515977755189 -0.001471515977755189 -0.001471515977755189 -0.001471515977755189 -0.001471515977755189 -0.001471515977755189 -0.001471515977755189 -0.001471515977755189 -0.001471515977755189 -0.001471515977755189 -0.001471515977755189 -0.001471515977755189 -0.001471515977755189 -0.001471515977755189 -0.001471515977755189 -0.001471515977755189 -0.001471515977755189 -0.001471515977755189 -0.001471515977755189 -0.001471515977755189 -0.001471515977755189 -0.001471515977755189 -0.001471515977755189 -0.001471515977755189 -0.001471515977755189 -0.001471515977755189 -0.001471515977755189 -0.001471515977755189 -0.001471515977755189 -0.001471515977755189 -0.001471515977755189 -0.001471515977755189 -0.001471515977755189 -0.001471515977755189 -0.001471515977755189 -0.0013559674844145775 -0.0010572826722636819 -0.0010572826722636819
-0.0007887934916652739 -0.0007887934916652739 -0.0007887934916652739 -0.0007887934916652739 -0.0007887934916652739 -0.0007887934916652739 -0.0007887934916652739 -0.0007887934916652739 -0.0007887934916652739 -0.0007887934916652739 -0.0007887934916652739 -0.0007887934916652739 -0.0007887934916652739 -0.0007887934916652739 -0.0007887934916652739 -0.0007887934916652739 -0.0007887934916652739 -0.0007887934916652739 -0.0007887934916652739 -0.0007887934916652739 -0.0007887934916652739 -0.0007887934916652739 -0.0007887934916652739 -0.0007887934916652739 -0.0007887934916652739 -0.0007887934916652739 -0.0007887934916652739 -0.0007887934916652739 -0.0007887934916652739 -0.0007887934916652739 -0.0007887934916652739 -0.0007887934916652739 -0.0007887934916652739 -0.0007887934916652739 -0.0007887934916652739 -0.0007887934916652739 -0.0007887934916652739 -0.0007887934916652739 -0.0007887934916652739 -0.0007887934916652739 -0.0007887934916652739 -0.0007887934916652739
-0.0007703096489422023 -0.0007703096489422023 -0.0007703096489422023 -0.0007703096489422023 -0.0007703096489422023 -0.0007703096489422023 -0.0007703096489422023 -0.0007703096489422023 -0.0007703096489422023 -0.0007703096489422023 -0.0007703096489422023 -0.0007703096489422023 -0.0007703096489422023 -0.0007703096489422023 -0.0007703096489422023 -0.0007703096489422023 -0.0007703096489422023 -0.0007703096489422023 -0.0007703096489422023 -0.0007703096489422023 -0.0007703096489422023 -0.0007703096489422023 -0.0007703096489422023 -0.0007703096489422023 -0.0007703096489422023 -0.0007703096489422023 -0.0007703096489422023 -0.0007703096489422023 -0.0007703096489422023 -0.0007703096489422023 -0.0007703096489422023 -0.0007703096489422023 -0.0007703096489422023 -0.0007703096489422023 -0.0007703096489422023 -0.0007703096489422023 -0.0007703096489422023 -0.0007703096489422023 -0.0007703096489422023 -0.0007703096489422023 -0.0007703096489422023 -0.0007703096489422023
-0.0007125184056349099 -0.0007125184056349099 -0.0007125184056349099 -0.0007125184056349099 -0.0007125184056349099 -0.0007125184056349099 -0.0007125184056349099 -0.0007125184056349099 -0.0007125184056349099 -0.0007125184056349099 -0.0007125184056349099 -0.0007125184056349099 -0.0007125184056349099 -0.0007125184056349099 -0.0007125184056349099 -0.0007125184056349099 -0.0007125184056349099 -0.0007125184056349099 -0.0007125184056349099 -0.0007125184056349099 -0.0007125184056349099 -0.0007125184056349099 -0.0007125184056349099 -0.0007125184056349099 -0.0007125184056349099 -0.0007125184056349099 -0.0007125184056349099 -0.0007125184056349099 -0.0007125184056349099 -0.0007125184056349099 -0.0007125184056349099 -0.0007125184056349099 -0.0007125184056349099 -0.0007125184056349099 -0.0007125184056349099 -0.0007125184056349099 -0.0007125184056349099 -0.0007125184056349099 -0.0007125184056349099 -0.0007125184056349099 -0.0007125184056349099 -0.0007125184056349099
-0.0006804578006267548 -0.0006804578006267548 -0.0006804578006267548 -0.0006804578006267548 -0.0006804578006267548 -0.0006804578006267548 -0.0006804578006267548 -0.0006804578006267548 -0.0006804578006267548 -0.0006804578006267548 -0.0006804578006267548 -0.0006804578006267548 -0.0006804578006267548 -0.0006804578006267548 -0.0006804578006267548 -0.0006804578006267548 -0.0006804578006267548 -0.0006804578006267548 -0.0006804578006267548 -0.0006804578006267548 -0.0006804578006267548 -0.0006804578006267548 -0.0006804578006267548 -0.0006804578006267548 -0.0006804578006267548 -0.0006804578006267548 -0.0006804578006267548 -0.0006804578006267548 -0.0006804578006267548 -0.0006804578006267548 -0.0006804578006267548 -0.0006804578006267548 -0.0006804578006267548 -0.0006804578006267548 -0.0006804578006267548 -0.0006804578006267548 -0.0006804578006267548 -0.0006804578006267548 -0.0006804578006267548 -0.0006804578006267548 -0.0006804578006267548 -0.0006804578006267548