-0.8105283379554749 -0.5938486456871033 -0.580757200717926 -0.5822571516036987 -0.4895090162754059 -0.23392406105995178 -0.23392406105995178 -0.16856719553470612 -0.16856719553470612 -0.2573789954185486 -0.38460052013397217 -0.23392406105995178 -0.16856719553470612 -0.23392406105995178 -0.16856719553470612 -0.16856719553470612 -0.16856719553470612 -0.16856719553470612 -0.16856719553470612 -0.23392406105995178 -0.2252841740846634 -0.13302743434906006 -0.1142430379986763 -0.09400077164173126 -0.09021394699811935 -0.0711551159620285 -0.06821050494909286 -0.05950472876429558 -0.0624476857483387 -0.062208931893110275 -0.04935332387685776 -0.04226274788379669 -0.04077873378992081 -0.036103036254644394 -0.028324037790298462 -0.028324037790298462 -0.026725415140390396 -0.02264440804719925 -0.005367745645344257 -0.003245469881221652 -0.0009619990596547723 -0.0008308114483952522 -0.00033600424649193883 -0.0002664094208739698
-0.8105283379554749 -0.5938486456871033 -0.580757200717926 -0.5822571516036987 -0.4895090162754059 -0.23392406105995178 -0.23392406105995178 -0.16856719553470612 -0.16856719553470612 -0.2573789954185486 -0.38460052013397217 -0.23392406105995178 -0.16856719553470612 -0.23392406105995178 -0.16856719553470612 -0.16856719553470612 -0.16856719553470612 -0.16856719553470612 -0.16856719553470612 -0.23392406105995178 -0.2252841740846634 -0.13302743434906006 -0.1142430379986763 -0.09400077164173126 -0.09021394699811935 -0.0711551159620285 -0.06821050494909286 -0.05950472876429558 -0.0624476857483387 -0.062208931893110275 -0.04935332387685776 -0.04226274788379669 -0.04077873378992081 -0.036103036254644394 -0.028324037790298462 -0.028324037790298462 -0.026725415140390396 -0.02264440804719925 -0.005367745645344257 -0.003245469881221652 -0.0009619990596547723 -0.0008308114483952522 -0.00033600424649193883 -0.0002664094208739698
-0.580757200717926 -0.580757200717926 -0.6080069541931152 -0.580757200717926 -0.4895090162754059 -0.23392406105995178 -0.23392406105995178 -0.16856719553470612 -0.16856719553470612 -0.2573789954185486 -0.38460052013397217 -0.23392406105995178 -0.16856719553470612 -0.23392406105995178 -0.16856719553470612 -0.16856719553470612 -0.16856719553470612 -0.16856719553470612 -0.16856719553470612 -0.23392406105995178 -0.2252841740846634 -0.13302743434906006 -0.1142430379986763 -0.09400077164173126 -0.09021394699811935 -0.0711551159620285 -0.06821050494909286 -0.05950472876429558 -0.0624476857483387 -0.062208931893110275 -0.04935332387685776 -0.04226274788379669 -0.04077873378992081 -0.036103036254644394 -0.028324037790298462 -0.028324037790298462 -0.026725415140390396 -0.02264440804719925 -0.005367745645344257 -0.003245469881221652 -0.0009619990596547723 -0.0008308114483952522 -0.00033600424649193883 -0.0002664094208739698
-0.5938486456871033 -0.6361806392669678 -0.580757200717926 -0.5822571516036987 -0.4895090162754059 -0.23392406105995178 -0.23392406105995178 -0.16856719553470612 -0.16856719553470612 -0.2573789954185486 -0.38460052013397217 -0.23392406105995178 -0.16856719553470612 -0.23392406105995178 -0.16856719553470612 -0.16856719553470612 -0.16856719553470612 -0.16856719553470612 -0.16856719553470612 -0.23392406105995178 -0.2252841740846634 -0.13302743434906006 -0.1142430379986763 -0.09400077164173126 -0.09021394699811935 -0.0711551159620285 -0.06821050494909286 -0.05950472876429558 -0.0624476857483387 -0.062208931893110275 -0.04935332387685776 -0.04226274788379669 -0.04077873378992081 -0.036103036254644394 -0.028324037790298462 -0.028324037790298462 -0.026725415140390396 -0.02264440804719925 -0.005367745645344257 -0.003245469881221652 -0.0009619990596547723 -0.0008308114483952522 -0.00033600424649193883 -0.0002664094208739698
-0.580757200717926 -0.580757200717926 -0.580757200717926 -0.580757200717926 -0.4895090162754059 -0.23392406105995178 -0.23392406105995178 -0.16856719553470612 -0.16856719553470612 -0.2573789954185486 -0.38460052013397217 -0.23392406105995178 -0.16856719553470612 -0.23392406105995178 -0.16856719553470612 -0.16856719553470612 -0.16856719553470612 -0.16856719553470612 -0.16856719553470612 -0.23392406105995178 -0.2252841740846634 -0.13302743434906006 -0.1142430379986763 -0.09400077164173126 -0.09021394699811935 -0.0711551159620285 -0.06821050494909286 -0.05950472876429558 -0.0624476857483387 -0.062208931893110275 -0.04935332387685776 -0.04226274788379669 -0.04077873378992081 -0.036103036254644394 -0.028324037790298462 -0.028324037790298462 -0.026725415140390396 -0.02264440804719925 -0.005367745645344257 -0.003245469881221652 -0.0009619990596547723 -0.0008308114483952522 -0.00033600424649193883 -0.0002664094208739698
-0.16856719553470612 -0.16856719553470612 -0.16856719553470612 -0.16856719553470612 -0.16856719553470612 -0.16856719553470612 -0.16856719553470612 -0.3983027935028076 -0.3983027935028076 -0.16856719553470612 -0.16856719553470612 -0.16856719553470612 -0.29767927527427673 -0.16856719553470612 -0.28335458040237427 -0.28335458040237427 -0.28335458040237427 -0.28335458040237427 -0.28177571296691895 -0.16856719553470612 -0.16856719553470612 -0.13302743434906006 -0.1142430379986763 -0.09400077164173126 -0.09021394699811935 -0.0711551159620285 -0.06821050494909286 -0.05950472876429558 -0.0624476857483387 -0.062208931893110275 -0.04935332387685776 -0.04226274788379669 -0.04077873378992081 -0.036103036254644394 -0.028324037790298462 -0.028324037790298462 -0.026725415140390396 -0.02264440804719925 -0.005367745645344257 -0.003245469881221652 -0.0009619990596547723 -0.0008308114483952522 -0.00033600424649193883 -0.0002664094208739698
-0.45451098680496216 -0.45451098680496216 -0.45451098680496216 -0.45451098680496216 -0.45451098680496216 -0.23392406105995178 -0.23392406105995178 -0.16856719553470612 -0.16856719553470612 -0.2573789954185486 -0.38460052013397217 -0.23392406105995178 -0.16856719553470612 -0.23392406105995178 -0.16856719553470612 -0.16856719553470612 -0.16856719553470612 -0.16856719553470612 -0.16856719553470612 -0.23392406105995178 -0.2252841740846634 -0.13302743434906006 -0.1142430379986763 -0.09400077164173126 -0.09021394699811935 -0.0711551159620285 -0.06821050494909286 -0.05950472876429558 -0.0624476857483387 -0.062208931893110275 -0.04935332387685776 -0.04226274788379669 -0.04077873378992081 -0.036103036254644394 -0.028324037790298462 -0.028324037790298462 -0.026725415140390396 -0.02264440804719925 -0.005367745645344257 -0.003245469881221652 -0.0009619990596547723 -0.0008308114483952522 -0.00033600424649193883 -0.0002664094208739698
-0.23392406105995178 -0.23392406105995178 -0.23392406105995178 -0.23392406105995178 -0.23392406105995178 -0.3149811923503876 -0.3149811923503876 -0.16856719553470612 -0.16856719553470612 -0.23392406105995178 -0.23392406105995178 -0.3149811923503876 -0.16856719553470612 -0.3582318425178528 -0.16856719553470612 -0.16856719553470612 -0.16856719553470612 -0.16856719553470612 -0.16856719553470612 -0.2520134449005127 -0.2252841740846634 -0.13302743434906006 -0.1142430379986763 -0.09400077164173126 -0.09021394699811935 -0.0711551159620285 -0.06821050494909286 -0.05950472876429558 -0.0624476857483387 -0.062208931893110275 -0.04935332387685776 -0.04226274788379669 -0.04077873378992081 -0.036103036254644394 -0.028324037790298462 -0.028324037790298462 -0.026725415140390396 -0.02264440804719925 -0.005367745645344257 -0.003245469881221652 -0.0009619990596547723 -0.0008308114483952522 -0.00033600424649193883 -0.0002664094208739698
-0.2573789954185486 -0.2573789954185486 -0.2573789954185486 -0.2573789954185486 -0.2573789954185486 -0.23392406105995178 -0.23392406105995178 -0.16856719553470612 -0.16856719553470612 -0.3860190510749817 -0.2573789954185486 -0.23392406105995178 -0.16856719553470612 -0.23392406105995178 -0.16856719553470612 -0.16856719553470612 -0.16856719553470612 -0.16856719553470612 -0.16856719553470612 -0.23392406105995178 -0.2252841740846634 -0.13302743434906006 -0.1142430379986763 -0.09400077164173126 -0.09021394699811935 -0.0711551159620285 -0.06821050494909286 -0.05950472876429558 -0.0624476857483387 -0.062208931893110275 -0.04935332387685776 -0.04226274788379669 -0.04077873378992081 -0.036103036254644394 -0.028324037790298462 -0.028324037790298462 -0.026725415140390396 -0.02264440804719925 -0.005367745645344257 -0.003245469881221652 -0.0009619990596547723 -0.0008308114483952522 -0.00033600424649193883 -0.0002664094208739698
-0.16856719553470612 -0.16856719553470612 -0.16856719553470612 -0.16856719553470612 -0.16856719553470612 -0.16856719553470612 -0.16856719553470612 -0.28335458040237427 -0.28335458040237427 -0.16856719553470612 -0.16856719553470612 -0.16856719553470612 -0.28335458040237427 -0.16856719553470612 -0.30327078700065613 -0.30327078700065613 -0.30327078700065613 -0.2840903699398041 -0.28177571296691895 -0.16856719553470612 -0.16856719553470612 -0.13302743434906006 -0.1142430379986763 -0.09400077164173126 -0.09021394699811935 -0.0711551159620285 -0.06821050494909286 -0.05950472876429558 -0.0624476857483387 -0.062208931893110275 -0.04935332387685776 -0.04226274788379669 -0.04077873378992081 -0.036103036254644394 -0.028324037790298462 -0.028324037790298462 -0.026725415140390396 -0.02264440804719925 -0.005367745645344257 -0.003245469881221652 -0.0009619990596547723 -0.0008308114483952522 -0.00033600424649193883 -0.0002664094208739698
-0.16856719553470612 -0.16856719553470612 -0.16856719553470612 -0.16856719553470612 -0.16856719553470612 -0.16856719553470612 -0.16856719553470612 -0.28335458040237427 -0.28335458040237427 -0.16856719553470612 -0.16856719553470612 -0.16856719553470612 -0.28335458040237427 -0.16856719553470612 -0.30327078700065613 -0.30327078700065613 -0.30327078700065613 -0.2840903699398041 -0.28177571296691895 -0.16856719553470612 -0.16856719553470612 -0.13302743434906006 -0.1142430379986763 -0.09400077164173126 -0.09021394699811935 -0.0711551159620285 -0.06821050494909286 -0.05950472876429558 -0.0624476857483387 -0.062208931893110275 -0.04935332387685776 -0.04226274788379669 -0.04077873378992081 -0.036103036254644394 -0.028324037790298462 -0.028324037790298462 -0.026725415140390396 -0.02264440804719925 -0.005367745645344257 -0.003245469881221652 -0.0009619990596547723 -0.0008308114483952522 -0.00033600424649193883 -0.0002664094208739698
-0.16856719553470612 -0.16856719553470612 -0.16856719553470612 -0.16856719553470612 -0.16856719553470612 -0.16856719553470612 -0.16856719553470612 -0.28177571296691895 -0.28177571296691895 -0.16856719553470612 -0.16856719553470612 -0.16856719553470612 -0.28177571296691895 -0.16856719553470612 -0.28177571296691895 -0.28177571296691895 -0.28177571296691895 -0.28177571296691895 -0.28177571296691895 -0.16856719553470612 -0.16856719553470612 -0.13302743434906006 -0.1142430379986763 -0.09400077164173126 -0.09021394699811935 -0.0711551159620285 -0.06821050494909286 -0.05950472876429558 -0.0624476857483387 -0.062208931893110275 -0.04935332387685776 -0.04226274788379669 -0.04077873378992081 -0.036103036254644394 -0.028324037790298462 -0.028324037790298462 -0.026725415140390396 -0.02264440804719925 -0.005367745645344257 -0.003245469881221652 -0.0009619990596547723 -0.0008308114483952522 -0.00033600424649193883 -0.0002664094208739698
-0.16856719553470612 -0.16856719553470612 -0.16856719553470612 -0.16856719553470612 -0.16856719553470612 -0.16856719553470612 -0.16856719553470612 -0.28177571296691895 -0.28177571296691895 -0.16856719553470612 -0.16856719553470612 -0.16856719553470612 -0.28177571296691895 -0.16856719553470612 -0.28177571296691895 -0.28177571296691895 -0.28177571296691895 -0.28177571296691895 -0.28177571296691895 -0.16856719553470612 -0.16856719553470612 -0.13302743434906006 -0.1142430379986763 -0.09400077164173126 -0.09021394699811935 -0.0711551159620285 -0.06821050494909286 -0.05950472876429558 -0.0624476857483387 -0.062208931893110275 -0.04935332387685776 -0.04226274788379669 -0.04077873378992081 -0.036103036254644394 -0.028324037790298462 -0.028324037790298462 -0.026725415140390396 -0.02264440804719925 -0.005367745645344257 -0.003245469881221652 -0.0009619990596547723 -0.0008308114483952522 -0.00033600424649193883 -0.0002664094208739698
-0.2573789954185486 -0.2573789954185486 -0.2573789954185486 -0.2573789954185486 -0.2573789954185486 -0.23392406105995178 -0.23392406105995178 -0.16856719553470612 -0.16856719553470612 -0.3648120164871216 -0.2573789954185486 -0.23392406105995178 -0.16856719553470612 -0.23392406105995178 -0.16856719553470612 -0.16856719553470612 -0.16856719553470612 -0.16856719553470612 -0.16856719553470612 -0.23392406105995178 -0.2252841740846634 -0.13302743434906006 -0.1142430379986763 -0.09400077164173126 -0.09021394699811935 -0.0711551159620285 -0.06821050494909286 -0.05950472876429558 -0.0624476857483387 -0.062208931893110275 -0.04935332387685776 -0.04226274788379669 -0.04077873378992081 -0.036103036254644394 -0.028324037790298462 -0.028324037790298462 -0.026725415140390396 -0.02264440804719925 -0.005367745645344257 -0.003245469881221652 -0.0009619990596547723 -0.0008308114483952522 -0.00033600424649193883 -0.0002664094208739698
-0.16856719553470612 -0.16856719553470612 -0.16856719553470612 -0.16856719553470612 -0.16856719553470612 -0.16856719553470612 -0.16856719553470612 -0.28335458040237427 -0.28335458040237427 -0.16856719553470612 -0.16856719553470612 -0.16856719553470612 -0.28335458040237427 -0.16856719553470612 -0.30327078700065613 -0.30327078700065613 -0.30327078700065613 -0.2840903699398041 -0.28177571296691895 -0.16856719553470612 -0.16856719553470612 -0.13302743434906006 -0.1142430379986763 -0.09400077164173126 -0.09021394699811935 -0.0711551159620285 -0.06821050494909286 -0.05950472876429558 -0.0624476857483387 -0.062208931893110275 -0.04935332387685776 -0.04226274788379669 -0.04077873378992081 -0.036103036254644394 -0.028324037790298462 -0.028324037790298462 -0.026725415140390396 -0.02264440804719925 -0.005367745645344257 -0.003245469881221652 -0.0009619990596547723 -0.0008308114483952522 -0.00033600424649193883 -0.0002664094208739698
-0.16856719553470612 -0.16856719553470612 -0.16856719553470612 -0.16856719553470612 -0.16856719553470612 -0.16856719553470612 -0.16856719553470612 -0.29767927527427673 -0.29767927527427673 -0.16856719553470612 -0.16856719553470612 -0.16856719553470612 -0.35963159799575806 -0.16856719553470612 -0.28335458040237427 -0.28335458040237427 -0.28335458040237427 -0.28335458040237427 -0.28177571296691895 -0.16856719553470612 -0.16856719553470612 -0.13302743434906006 -0.1142430379986763 -0.09400077164173126 -0.09021394699811935 -0.0711551159620285 -0.06821050494909286 -0.05950472876429558 -0.0624476857483387 -0.062208931893110275 -0.04935332387685776 -0.04226274788379669 -0.04077873378992081 -0.036103036254644394 -0.028324037790298462 -0.028324037790298462 -0.026725415140390396 -0.02264440804719925 -0.005367745645344257 -0.003245469881221652 -0.0009619990596547723 -0.0008308114483952522 -0.00033600424649193883 -0.0002664094208739698
-0.16856719553470612 -0.16856719553470612 -0.16856719553470612 -0.16856719553470612 -0.16856719553470612 -0.16856719553470612 -0.16856719553470612 -0.28177571296691895 -0.28177571296691895 -0.16856719553470612 -0.16856719553470612 -0.16856719553470612 -0.28177571296691895 -0.16856719553470612 -0.28177571296691895 -0.28177571296691895 -0.28177571296691895 -0.28177571296691895 -0.28177571296691895 -0.16856719553470612 -0.16856719553470612 -0.13302743434906006 -0.1142430379986763 -0.09400077164173126 -0.09021394699811935 -0.0711551159620285 -0.06821050494909286 -0.05950472876429558 -0.0624476857483387 -0.062208931893110275 -0.04935332387685776 -0.04226274788379669 -0.04077873378992081 -0.036103036254644394 -0.028324037790298462 -0.028324037790298462 -0.026725415140390396 -0.02264440804719925 -0.005367745645344257 -0.003245469881221652 -0.0009619990596547723 -0.0008308114483952522 -0.00033600424649193883 -0.0002664094208739698
-0.16856719553470612 -0.16856719553470612 -0.16856719553470612 -0.16856719553470612 -0.16856719553470612 -0.16856719553470612 -0.16856719553470612 -0.28335458040237427 -0.28335458040237427 -0.16856719553470612 -0.16856719553470612 -0.16856719553470612 -0.28335458040237427 -0.16856719553470612 -0.30327078700065613 -0.30327078700065613 -0.30327078700065613 -0.2840903699398041 -0.28177571296691895 -0.16856719553470612 -0.16856719553470612 -0.13302743434906006 -0.1142430379986763 -0.09400077164173126 -0.09021394699811935 -0.0711551159620285 -0.06821050494909286 -0.05950472876429558 -0.0624476857483387 -0.062208931893110275 -0.04935332387685776 -0.04226274788379669 -0.04077873378992081 -0.036103036254644394 -0.028324037790298462 -0.028324037790298462 -0.026725415140390396 -0.02264440804719925 -0.005367745645344257 -0.003245469881221652 -0.0009619990596547723 -0.0008308114483952522 -0.00033600424649193883 -0.0002664094208739698
-0.16856719553470612 -0.16856719553470612 -0.16856719553470612 -0.16856719553470612 -0.16856719553470612 -0.16856719553470612 -0.16856719553470612 -0.28335458040237427 -0.28335458040237427 -0.16856719553470612 -0.16856719553470612 -0.16856719553470612 -0.28335458040237427 -0.16856719553470612 -0.30327078700065613 -0.30327078700065613 -0.30327078700065613 -0.2840903699398041 -0.28177571296691895 -0.16856719553470612 -0.16856719553470612 -0.13302743434906006 -0.1142430379986763 -0.09400077164173126 -0.09021394699811935 -0.0711551159620285 -0.06821050494909286 -0.05950472876429558 -0.0624476857483387 -0.062208931893110275 -0.04935332387685776 -0.04226274788379669 -0.04077873378992081 -0.036103036254644394 -0.028324037790298462 -0.028324037790298462 -0.026725415140390396 -0.02264440804719925 -0.005367745645344257 -0.003245469881221652 -0.0009619990596547723 -0.0008308114483952522 -0.00033600424649193883 -0.0002664094208739698
-0.16856719553470612 -0.16856719553470612 -0.16856719553470612 -0.16856719553470612 -0.16856719553470612 -0.16856719553470612 -0.16856719553470612 -0.28335458040237427 -0.28335458040237427 -0.16856719553470612 -0.16856719553470612 -0.16856719553470612 -0.28335458040237427 -0.16856719553470612 -0.30327078700065613 -0.30327078700065613 -0.30327078700065613 -0.2840903699398041 -0.28177571296691895 -0.16856719553470612 -0.16856719553470612 -0.13302743434906006 -0.1142430379986763 -0.09400077164173126 -0.09021394699811935 -0.0711551159620285 -0.06821050494909286 -0.05950472876429558 -0.0624476857483387 -0.062208931893110275 -0.04935332387685776 -0.04226274788379669 -0.04077873378992081 -0.036103036254644394 -0.028324037790298462 -0.028324037790298462 -0.026725415140390396 -0.02264440804719925 -0.005367745645344257 -0.003245469881221652 -0.0009619990596547723 -0.0008308114483952522 -0.00033600424649193883 -0.0002664094208739698
-0.16856719553470612 -0.16856719553470612 -0.16856719553470612 -0.16856719553470612 -0.16856719553470612 -0.16856719553470612 -0.16856719553470612 -0.28177571296691895 -0.28177571296691895 -0.16856719553470612 -0.16856719553470612 -0.16856719553470612 -0.28177571296691895 -0.16856719553470612 -0.28177571296691895 -0.28177571296691895 -0.28177571296691895 -0.28177571296691895 -0.28177571296691895 -0.16856719553470612 -0.16856719553470612 -0.13302743434906006 -0.1142430379986763 -0.09400077164173126 -0.09021394699811935 -0.0711551159620285 -0.06821050494909286 -0.05950472876429558 -0.0624476857483387 -0.062208931893110275 -0.04935332387685776 -0.04226274788379669 -0.04077873378992081 -0.036103036254644394 -0.028324037790298462 -0.028324037790298462 -0.026725415140390396 -0.02264440804719925 -0.005367745645344257 -0.003245469881221652 -0.0009619990596547723 -0.0008308114483952522 -0.00033600424649193883 -0.0002664094208739698
-0.23392406105995178 -0.23392406105995178 -0.23392406105995178 -0.23392406105995178 -0.23392406105995178 -0.3515942394733429 -0.3515942394733429 -0.16856719553470612 -0.16856719553470612 -0.23392406105995178 -0.23392406105995178 -0.3515942394733429 -0.16856719553470612 -0.3149811923503876 -0.16856719553470612 -0.16856719553470612 -0.16856719553470612 -0.16856719553470612 -0.16856719553470612 -0.2520134449005127 -0.2252841740846634 -0.13302743434906006 -0.1142430379986763 -0.09400077164173126 -0.09021394699811935 -0.0711551159620285 -0.06821050494909286 -0.05950472876429558 -0.0624476857483387 -0.062208931893110275 -0.04935332387685776 -0.04226274788379669 -0.04077873378992081 -0.036103036254644394 -0.028324037790298462 -0.028324037790298462 -0.026725415140390396 -0.02264440804719925 -0.005367745645344257 -0.003245469881221652 -0.0009619990596547723 -0.0008308114483952522 -0.00033600424649193883 -0.0002664094208739698
-0.3470469117164612 -0.3470469117164612 -0.3470469117164612 -0.3470469117164612 -0.3470469117164612 -0.23392406105995178 -0.23392406105995178 -0.16856719553470612 -0.16856719553470612 -0.2573789954185486 -0.3470469117164612 -0.23392406105995178 -0.16856719553470612 -0.23392406105995178 -0.16856719553470612 -0.16856719553470612 -0.16856719553470612 -0.16856719553470612 -0.16856719553470612 -0.23392406105995178 -0.2252841740846634 -0.13302743434906006 -0.1142430379986763 -0.09400077164173126 -0.09021394699811935 -0.0711551159620285 -0.06821050494909286 -0.05950472876429558 -0.0624476857483387 -0.062208931893110275 -0.04935332387685776 -0.04226274788379669 -0.04077873378992081 -0.036103036254644394 -0.028324037790298462 -0.028324037790298462 -0.026725415140390396 -0.02264440804719925 -0.005367745645344257 -0.003245469881221652 -0.0009619990596547723 -0.0008308114483952522 -0.00033600424649193883 -0.0002664094208739698
-0.2573789954185486 -0.2573789954185486 -0.2573789954185486 -0.2573789954185486 -0.2573789954185486 -0.23392406105995178 -0.23392406105995178 -0.16856719553470612 -0.16856719553470612 -0.309731125831604 -0.2573789954185486 -0.23392406105995178 -0.16856719553470612 -0.23392406105995178 -0.16856719553470612 -0.16856719553470612 -0.16856719553470612 -0.16856719553470612 -0.16856719553470612 -0.23392406105995178 -0.2252841740846634 -0.13302743434906006 -0.1142430379986763 -0.09400077164173126 -0.09021394699811935 -0.0711551159620285 -0.06821050494909286 -0.05950472876429558 -0.0624476857483387 -0.062208931893110275 -0.04935332387685776 -0.04226274788379669 -0.04077873378992081 -0.036103036254644394 -0.028324037790298462 -0.028324037790298462 -0.026725415140390396 -0.02264440804719925 -0.005367745645344257 -0.003245469881221652 -0.0009619990596547723 -0.0008308114483952522 -0.00033600424649193883 -0.0002664094208739698
-0.23392406105995178 -0.23392406105995178 -0.23392406105995178 -0.23392406105995178 -0.23392406105995178 -0.29700276255607605 -0.29700276255607605 -0.16856719553470612 -0.16856719553470612 -0.23392406105995178 -0.23392406105995178 -0.29700276255607605 -0.16856719553470612 -0.29700276255607605 -0.16856719553470612 -0.16856719553470612 -0.16856719553470612 -0.16856719553470612 -0.16856719553470612 -0.2520134449005127 -0.2252841740846634 -0.13302743434906006 -0.1142430379986763 -0.09400077164173126 -0.09021394699811935 -0.0711551159620285 -0.06821050494909286 -0.05950472876429558 -0.0624476857483387 -0.062208931893110275 -0.04935332387685776 -0.04226274788379669 -0.04077873378992081 -0.036103036254644394 -0.028324037790298462 -0.028324037790298462 -0.026725415140390396 -0.02264440804719925 -0.005367745645344257 -0.003245469881221652 -0.0009619990596547723 -0.0008308114483952522 -0.00033600424649193883 -0.0002664094208739698
-0.2573789954185486 -0.2573789954185486 -0.2573789954185486 -0.2573789954185486 -0.2573789954185486 -0.23392406105995178 -0.23392406105995178 -0.16856719553470612 -0.16856719553470612 -0.2929580807685852 -0.2573789954185486 -0.23392406105995178 -0.16856719553470612 -0.23392406105995178 -0.16856719553470612 -0.16856719553470612 -0.16856719553470612 -0.16856719553470612 -0.16856719553470612 -0.23392406105995178 -0.2252841740846634 -0.13302743434906006 -0.1142430379986763 -0.09400077164173126 -0.09021394699811935 -0.0711551159620285 -0.06821050494909286 -0.05950472876429558 -0.0624476857483387 -0.062208931893110275 -0.04935332387685776 -0.04226274788379669 -0.04077873378992081 -0.036103036254644394 -0.028324037790298462 -0.028324037790298462 -0.026725415140390396 -0.02264440804719925 -0.005367745645344257 -0.003245469881221652 -0.0009619990596547723 -0.0008308114483952522 -0.00033600424649193883 -0.0002664094208739698
-0.2573789954185486 -0.2573789954185486 -0.2573789954185486 -0.2573789954185486 -0.2573789954185486 -0.23392406105995178 -0.23392406105995178 -0.16856719553470612 -0.16856719553470612 -0.2573789954185486 -0.2573789954185486 -0.23392406105995178 -0.16856719553470612 -0.23392406105995178 -0.16856719553470612 -0.16856719553470612 -0.16856719553470612 -0.16856719553470612 -0.16856719553470612 -0.23392406105995178 -0.2252841740846634 -0.13302743434906006 -0.1142430379986763 -0.09400077164173126 -0.09021394699811935 -0.0711551159620285 -0.06821050494909286 -0.05950472876429558 -0.0624476857483387 -0.062208931893110275 -0.04935332387685776 -0.04226274788379669 -0.04077873378992081 -0.036103036254644394 -0.028324037790298462 -0.028324037790298462 -0.026725415140390396 -0.02264440804719925 -0.005367745645344257 -0.003245469881221652 -0.0009619990596547723 -0.0008308114483952522 -0.00033600424649193883 -0.0002664094208739698
-0.2252841740846634 -0.2252841740846634 -0.2252841740846634 -0.2252841740846634 -0.2252841740846634 -0.2252841740846634 -0.2252841740846634 -0.16856719553470612 -0.16856719553470612 -0.2252841740846634 -0.2252841740846634 -0.2252841740846634 -0.16856719553470612 -0.2252841740846634 -0.16856719553470612 -0.16856719553470612 -0.16856719553470612 -0.16856719553470612 -0.16856719553470612 -0.2252841740846634 -0.2252841740846634 -0.13302743434906006 -0.1142430379986763 -0.09400077164173126 -0.09021394699811935 -0.0711551159620285 -0.06821050494909286 -0.05950472876429558 -0.0624476857483387 -0.062208931893110275 -0.04935332387685776 -0.04226274788379669 -0.04077873378992081 -0.036103036254644394 -0.028324037790298462 -0.028324037790298462 -0.026725415140390396 -0.02264440804719925 -0.005367745645344257 -0.003245469881221652 -0.0009619990596547723 -0.0008308114483952522 -0.00033600424649193883 -0.0002664094208739698
-0.09021394699811935 -0.09021394699811935 -0.09021394699811935 -0.09021394699811935 -0.09021394699811935 -0.09021394699811935 -0.09021394699811935 -0.09021394699811935 -0.09021394699811935 -0.09021394699811935 -0.09021394699811935 -0.09021394699811935 -0.09021394699811935 -0.09021394699811935 -0.09021394699811935 -0.09021394699811935 -0.09021394699811935 -0.09021394699811935 -0.09021394699811935 -0.09021394699811935 -0.09021394699811935 -0.09021394699811935 -0.09021394699811935 -0.09021394699811935 -0.09021394699811935 -0.0711551159620285 -0.06821050494909286 -0.05950472876429558 -0.0624476857483387 -0.062208931893110275 -0.04935332387685776 -0.04226274788379669 -0.04077873378992081 -0.036103036254644394 -0.028324037790298462 -0.028324037790298462 -0.026725415140390396 -0.02264440804719925 -0.005367745645344257 -0.003245469881221652 -0.0009619990596547723 -0.0008308114483952522 -0.00033600424649193883 -0.0002664094208739698
-0.16856719553470612 -0.16856719553470612 -0.16856719553470612 -0.16856719553470612 -0.16856719553470612 -0.16856719553470612 -0.16856719553470612 -0.16856719553470612 -0.16856719553470612 -0.16856719553470612 -0.16856719553470612 -0.16856719553470612 -0.16856719553470612 -0.16856719553470612 -0.16856719553470612 -0.16856719553470612 -0.16856719553470612 -0.16856719553470612 -0.16856719553470612 -0.16856719553470612 -0.16856719553470612 -0.13302743434906006 -0.1142430379986763 -0.09400077164173126 -0.09021394699811935 -0.0711551159620285 -0.06821050494909286 -0.05950472876429558 -0.0624476857483387 -0.062208931893110275 -0.04935332387685776 -0.04226274788379669 -0.04077873378992081 -0.036103036254644394 -0.028324037790298462 -0.028324037790298462 -0.026725415140390396 -0.02264440804719925 -0.005367745645344257 -0.003245469881221652 -0.0009619990596547723 -0.0008308114483952522 -0.00033600424649193883 -0.0002664094208739698
-0.16856719553470612 -0.16856719553470612 -0.16856719553470612 -0.16856719553470612 -0.16856719553470612 -0.16856719553470612 -0.16856719553470612 -0.16856719553470612 -0.16856719553470612 -0.16856719553470612 -0.16856719553470612 -0.16856719553470612 -0.16856719553470612 -0.16856719553470612 -0.16856719553470612 -0.16856719553470612 -0.16856719553470612 -0.16856719553470612 -0.16856719553470612 -0.16856719553470612 -0.16856719553470612 -0.13302743434906006 -0.1142430379986763 -0.09400077164173126 -0.09021394699811935 -0.0711551159620285 -0.06821050494909286 -0.05950472876429558 -0.0624476857483387 -0.062208931893110275 -0.04935332387685776 -0.04226274788379669 -0.04077873378992081 -0.036103036254644394 -0.028324037790298462 -0.028324037790298462 -0.026725415140390396 -0.02264440804719925 -0.005367745645344257 -0.003245469881221652 -0.0009619990596547723 -0.0008308114483952522 -0.00033600424649193883 -0.0002664094208739698
-0.16856719553470612 -0.16856719553470612 -0.16856719553470612 -0.16856719553470612 -0.16856719553470612 -0.16856719553470612 -0.16856719553470612 -0.16856719553470612 -0.16856719553470612 -0.16856719553470612 -0.16856719553470612 -0.16856719553470612 -0.16856719553470612 -0.16856719553470612 -0.16856719553470612 -0.16856719553470612 -0.16856719553470612 -0.16856719553470612 -0.16856719553470612 -0.16856719553470612 -0.16856719553470612 -0.13302743434906006 -0.1142430379986763 -0.09400077164173126 -0.09021394699811935 -0.0711551159620285 -0.06821050494909286 -0.05950472876429558 -0.0624476857483387 -0.062208931893110275 -0.04935332387685776 -0.04226274788379669 -0.04077873378992081 -0.036103036254644394 -0.028324037790298462 -0.028324037790298462 -0.026725415140390396 -0.02264440804719925 -0.005367745645344257 -0.003245469881221652 -0.0009619990596547723 -0.0008308114483952522 -0.00033600424649193883 -0.0002664094208739698
-0.16856719553470612 -0.16856719553470612 -0.16856719553470612 -0.16856719553470612 -0.16856719553470612 -0.16856719553470612 -0.16856719553470612 -0.2016717493534088 -0.2016717493534088 -0.16856719553470612 -0.16856719553470612 -0.16856719553470612 -0.2016717493534088 -0.16856719553470612 -0.2016717493534088 -0.2016717493534088 -0.2016717493534088 -0.2016717493534088 -0.2016717493534088 -0.16856719553470612 -0.16856719553470612 -0.13302743434906006 -0.1142430379986763 -0.09400077164173126 -0.09021394699811935 -0.0711551159620285 -0.06821050494909286 -0.05950472876429558 -0.0624476857483387 -0.062208931893110275 -0.04935332387685776 -0.04226274788379669 -0.04077873378992081 -0.036103036254644394 -0.028324037790298462 -0.028324037790298462 -0.026725415140390396 -0.02264440804719925 -0.005367745645344257 -0.003245469881221652 -0.0009619990596547723 -0.0008308114483952522 -0.00033600424649193883 -0.0002664094208739698
-0.16856719553470612 -0.16856719553470612 -0.16856719553470612 -0.16856719553470612 -0.16856719553470612 -0.16856719553470612 -0.16856719553470612 -0.20097264647483826 -0.20097264647483826 -0.16856719553470612 -0.16856719553470612 -0.16856719553470612 -0.20097264647483826 -0.16856719553470612 -0.20097264647483826 -0.20097264647483826 -0.20097264647483826 -0.20097264647483826 -0.20097264647483826 -0.16856719553470612 -0.16856719553470612 -0.13302743434906006 -0.1142430379986763 -0.09400077164173126 -0.09021394699811935 -0.0711551159620285 -0.06821050494909286 -0.05950472876429558 -0.0624476857483387 -0.062208931893110275 -0.04935332387685776 -0.04226274788379669 -0.04077873378992081 -0.036103036254644394 -0.028324037790298462 -0.028324037790298462 -0.026725415140390396 -0.02264440804719925 -0.005367745645344257 -0.003245469881221652 -0.0009619990596547723 -0.0008308114483952522 -0.00033600424649193883 -0.0002664094208739698
-0.1142430379986763 -0.1142430379986763 -0.1142430379986763 -0.1142430379986763 -0.1142430379986763 -0.1142430379986763 -0.1142430379986763 -0.1142430379986763 -0.1142430379986763 -0.1142430379986763 -0.1142430379986763 -0.1142430379986763 -0.1142430379986763 -0.1142430379986763 -0.1142430379986763 -0.1142430379986763 -0.1142430379986763 -0.1142430379986763 -0.1142430379986763 -0.1142430379986763 -0.1142430379986763 -0.1142430379986763 -0.11975529789924622 -0.09400077164173126 -0.09021394699811935 -0.0711551159620285 -0.06821050494909286 -0.05950472876429558 -0.0624476857483387 -0.062208931893110275 -0.04935332387685776 -0.04226274788379669 -0.04077873378992081 -0.036103036254644394 -0.028324037790298462 -0.028324037790298462 -0.026725415140390396 -0.02264440804719925 -0.005367745645344257 -0.003245469881221652 -0.0009619990596547723 -0.0008308114483952522 -0.00033600424649193883 -0.0002664094208739698
-0.09021394699811935 -0.09021394699811935 -0.09021394699811935 -0.09021394699811935 -0.09021394699811935 -0.09021394699811935 -0.09021394699811935 -0.09021394699811935 -0.09021394699811935 -0.09021394699811935 -0.09021394699811935 -0.09021394699811935 -0.09021394699811935 -0.09021394699811935 -0.09021394699811935 -0.09021394699811935 -0.09021394699811935 -0.09021394699811935 -0.09021394699811935 -0.09021394699811935 -0.09021394699811935 -0.09021394699811935 -0.09021394699811935 -0.09021394699811935 -0.09021394699811935 -0.0711551159620285 -0.06821050494909286 -0.05950472876429558 -0.0624476857483387 -0.062208931893110275 -0.04935332387685776 -0.04226274788379669 -0.04077873378992081 -0.036103036254644394 -0.028324037790298462 -0.028324037790298462 -0.026725415140390396 -0.02264440804719925 -0.005367745645344257 -0.003245469881221652 -0.0009619990596547723 -0.0008308114483952522 -0.00033600424649193883 -0.0002664094208739698
-0.026725415140390396 -0.026725415140390396 -0.026725415140390396 -0.026725415140390396 -0.026725415140390396 -0.026725415140390396 -0.026725415140390396 -0.026725415140390396 -0.026725415140390396 -0.026725415140390396 -0.026725415140390396 -0.026725415140390396 -0.026725415140390396 -0.026725415140390396 -0.026725415140390396 -0.026725415140390396 -0.026725415140390396 -0.026725415140390396 -0.026725415140390396 -0.026725415140390396 -0.026725415140390396 -0.026725415140390396 -0.026725415140390396 -0.026725415140390396 -0.026725415140390396 -0.026725415140390396 -0.026725415140390396 -0.026725415140390396 -0.026725415140390396 -0.026725415140390396 -0.026725415140390396 -0.026725415140390396 -0.026725415140390396 -0.026725415140390396 -0.026725415140390396 -0.026725415140390396 -0.031462162733078 -0.02264440804719925 -0.005367745645344257 -0.003245469881221652 -0.0009619990596547723 -0.0008308114483952522 -0.00033600424649193883 -0.0002664094208739698
-0.15730397403240204 -0.15730397403240204 -0.15730397403240204 -0.15730397403240204 -0.15730397403240204 -0.15730397403240204 -0.15730397403240204 -0.15730397403240204 -0.15730397403240204 -0.15730397403240204 -0.15730397403240204 -0.15730397403240204 -0.15730397403240204 -0.15730397403240204 -0.15730397403240204 -0.15730397403240204 -0.15730397403240204 -0.15730397403240204 -0.15730397403240204 -0.15730397403240204 -0.15730397403240204 -0.13302743434906006 -0.1142430379986763 -0.09400077164173126 -0.09021394699811935 -0.0711551159620285 -0.06821050494909286 -0.05950472876429558 -0.0624476857483387 -0.062208931893110275 -0.04935332387685776 -0.04226274788379669 -0.04077873378992081 -0.036103036254644394 -0.028324037790298462 -0.028324037790298462 -0.026725415140390396 -0.02264440804719925 -0.005367745645344257 -0.003245469881221652 -0.0009619990596547723 -0.0008308114483952522 -0.00033600424649193883 -0.0002664094208739698
-0.04935332387685776 -0.04935332387685776 -0.04935332387685776 -0.04935332387685776 -0.04935332387685776 -0.04935332387685776 -0.04935332387685776 -0.04935332387685776 -0.04935332387685776 -0.04935332387685776 -0.04935332387685776 -0.04935332387685776 -0.04935332387685776 -0.04935332387685776 -0.04935332387685776 -0.04935332387685776 -0.04935332387685776 -0.04935332387685776 -0.04935332387685776 -0.04935332387685776 -0.04935332387685776 -0.04935332387685776 -0.04935332387685776 -0.04935332387685776 -0.04935332387685776 -0.04935332387685776 -0.04935332387685776 -0.04935332387685776 -0.04935332387685776 -0.04935332387685776 -0.05986380577087402 -0.04226274788379669 -0.04077873378992081 -0.036103036254644394 -0.028324037790298462 -0.028324037790298462 -0.026725415140390396 -0.02264440804719925 -0.005367745645344257 -0.003245469881221652 -0.0009619990596547723 -0.0008308114483952522 -0.00033600424649193883 -0.0002664094208739698
-0.13302743434906006 -0.13302743434906006 -0.13302743434906006 -0.13302743434906006 -0.13302743434906006 -0.13302743434906006 -0.13302743434906006 -0.13302743434906006 -0.13302743434906006 -0.13302743434906006 -0.13302743434906006 -0.13302743434906006 -0.13302743434906006 -0.13302743434906006 -0.13302743434906006 -0.13302743434906006 -0.13302743434906006 -0.13302743434906006 -0.13302743434906006 -0.13302743434906006 -0.13302743434906006 -0.13801051676273346 -0.1142430379986763 -0.09400077164173126 -0.09021394699811935 -0.0711551159620285 -0.06821050494909286 -0.05950472876429558 -0.0624476857483387 -0.062208931893110275 -0.04935332387685776 -0.04226274788379669 -0.04077873378992081 -0.036103036254644394 -0.028324037790298462 -0.028324037790298462 -0.026725415140390396 -0.02264440804719925 -0.005367745645344257 -0.003245469881221652 -0.0009619990596547723 -0.0008308114483952522 -0.00033600424649193883 -0.0002664094208739698
-0.1305205523967743 -0.1305205523967743 -0.1305205523967743 -0.1305205523967743 -0.1305205523967743 -0.1305205523967743 -0.1305205523967743 -0.1305205523967743 -0.1305205523967743 -0.1305205523967743 -0.1305205523967743 -0.1305205523967743 -0.1305205523967743 -0.1305205523967743 -0.1305205523967743 -0.1305205523967743 -0.1305205523967743 -0.1305205523967743 -0.1305205523967743 -0.1305205523967743 -0.1305205523967743 -0.1305205523967743 -0.1142430379986763 -0.09400077164173126 -0.09021394699811935 -0.0711551159620285 -0.06821050494909286 -0.05950472876429558 -0.0624476857483387 -0.062208931893110275 -0.04935332387685776 -0.04226274788379669 -0.04077873378992081 -0.036103036254644394 -0.028324037790298462 -0.028324037790298462 -0.026725415140390396 -0.02264440804719925 -0.005367745645344257 -0.003245469881221652 -0.0009619990596547723 -0.0008308114483952522 -0.00033600424649193883 -0.0002664094208739698
-0.09021394699811935 -0.09021394699811935 -0.09021394699811935 -0.09021394699811935 -0.09021394699811935 -0.09021394699811935 -0.09021394699811935 -0.09021394699811935 -0.09021394699811935 -0.09021394699811935 -0.09021394699811935 -0.09021394699811935 -0.09021394699811935 -0.09021394699811935 -0.09021394699811935 -0.09021394699811935 -0.09021394699811935 -0.09021394699811935 -0.09021394699811935 -0.09021394699811935 -0.09021394699811935 -0.09021394699811935 -0.09021394699811935 -0.09021394699811935 -0.09021394699811935 -0.0711551159620285 -0.06821050494909286 -0.05950472876429558 -0.0624476857483387 -0.062208931893110275 -0.04935332387685776 -0.04226274788379669 -0.04077873378992081 -0.036103036254644394 -0.028324037790298462 -0.028324037790298462 -0.026725415140390396 -0.02264440804719925 -0.005367745645344257 -0.003245469881221652 -0.0009619990596547723 -0.0008308114483952522 -0.00033600424649193883 -0.0002664094208739698
-0.05950472876429558 -0.05950472876429558 -0.05950472876429558 -0.05950472876429558 -0.05950472876429558 -0.05950472876429558 -0.05950472876429558 -0.05950472876429558 -0.05950472876429558 -0.05950472876429558 -0.05950472876429558 -0.05950472876429558 -0.05950472876429558 -0.05950472876429558 -0.05950472876429558 -0.05950472876429558 -0.05950472876429558 -0.05950472876429558 -0.05950472876429558 -0.05950472876429558 -0.05950472876429558 -0.05950472876429558 -0.05950472876429558 -0.05950472876429558 -0.05950472876429558 -0.05950472876429558 -0.05950472876429558 -0.05950472876429558 -0.05950472876429558 -0.05950472876429558 -0.04935332387685776 -0.04226274788379669 -0.04077873378992081 -0.036103036254644394 -0.028324037790298462 -0.028324037790298462 -0.026725415140390396 -0.02264440804719925 -0.005367745645344257 -0.003245469881221652 -0.0009619990596547723 -0.0008308114483952522 -0.00033600424649193883 -0.0002664094208739698
-0.06821050494909286 -0.06821050494909286 -0.06821050494909286 -0.06821050494909286 -0.06821050494909286 -0.06821050494909286 -0.06821050494909286 -0.06821050494909286 -0.06821050494909286 -0.06821050494909286 -0.06821050494909286 -0.06821050494909286 -0.06821050494909286 -0.06821050494909286 -0.06821050494909286 -0.06821050494909286 -0.06821050494909286 -0.06821050494909286 -0.06821050494909286 -0.06821050494909286 -0.06821050494909286 -0.06821050494909286 -0.06821050494909286 -0.06821050494909286 -0.06821050494909286 -0.06821050494909286 -0.06821050494909286 -0.05950472876429558 -0.0624476857483387 -0.062208931893110275 -0.04935332387685776 -0.04226274788379669 -0.04077873378992081 -0.036103036254644394 -0.028324037790298462 -0.028324037790298462 -0.026725415140390396 -0.02264440804719925 -0.005367745645344257 -0.003245469881221652 -0.0009619990596547723 -0.0008308114483952522 -0.00033600424649193883 -0.0002664094208739698
-0.06821050494909286 -0.06821050494909286 -0.06821050494909286 -0.06821050494909286 -0.06821050494909286 -0.06821050494909286 -0.06821050494909286 -0.06821050494909286 -0.06821050494909286 -0.06821050494909286 -0.06821050494909286 -0.06821050494909286 -0.06821050494909286 -0.06821050494909286 -0.06821050494909286 -0.06821050494909286 -0.06821050494909286 -0.06821050494909286 -0.06821050494909286 -0.06821050494909286 -0.06821050494909286 -0.06821050494909286 -0.06821050494909286 -0.06821050494909286 -0.06821050494909286 -0.06821050494909286 -0.06821050494909286 -0.05950472876429558 -0.0624476857483387 -0.062208931893110275 -0.04935332387685776 -0.04226274788379669 -0.04077873378992081 -0.036103036254644394 -0.028324037790298462 -0.028324037790298462 -0.026725415140390396 -0.02264440804719925 -0.005367745645344257 -0.003245469881221652 -0.0009619990596547723 -0.0008308114483952522 -0.00033600424649193883 -0.0002664094208739698
-0.09021394699811935 -0.09021394699811935 -0.09021394699811935 -0.09021394699811935 -0.09021394699811935 -0.09021394699811935 -0.09021394699811935 -0.09021394699811935 -0.09021394699811935 -0.09021394699811935 -0.09021394699811935 -0.09021394699811935 -0.09021394699811935 -0.09021394699811935 -0.09021394699811935 -0.09021394699811935 -0.09021394699811935 -0.09021394699811935 -0.09021394699811935 -0.09021394699811935 -0.09021394699811935 -0.09021394699811935 -0.09021394699811935 -0.09021394699811935 -0.09373216331005096 -0.0711551159620285 -0.06821050494909286 -0.05950472876429558 -0.0624476857483387 -0.062208931893110275 -0.04935332387685776 -0.04226274788379669 -0.04077873378992081 -0.036103036254644394 -0.028324037790298462 -0.028324037790298462 -0.026725415140390396 -0.02264440804719925 -0.005367745645344257 -0.003245469881221652 -0.0009619990596547723 -0.0008308114483952522 -0.00033600424649193883 -0.0002664094208739698
-0.09934818744659424 -0.09934818744659424 -0.09934818744659424 -0.09934818744659424 -0.09934818744659424 -0.09934818744659424 -0.09934818744659424 -0.09934818744659424 -0.09934818744659424 -0.09934818744659424 -0.09934818744659424 -0.09934818744659424 -0.09934818744659424 -0.09934818744659424 -0.09934818744659424 -0.09934818744659424 -0.09934818744659424 -0.09934818744659424 -0.09934818744659424 -0.09934818744659424 -0.09934818744659424 -0.09934818744659424 -0.09934818744659424 -0.09400077164173126 -0.09021394699811935 -0.0711551159620285 -0.06821050494909286 -0.05950472876429558 -0.0624476857483387 -0.062208931893110275 -0.04935332387685776 -0.04226274788379669 -0.04077873378992081 -0.036103036254644394 -0.028324037790298462 -0.028324037790298462 -0.026725415140390396 -0.02264440804719925 -0.005367745645344257 -0.003245469881221652 -0.0009619990596547723 -0.0008308114483952522 -0.00033600424649193883 -0.0002664094208739698
-0.02264440804719925 -0.02264440804719925 -0.02264440804719925 -0.02264440804719925 -0.02264440804719925 -0.02264440804719925 -0.02264440804719925 -0.02264440804719925 -0.02264440804719925 -0.02264440804719925 -0.02264440804719925 -0.02264440804719925 -0.02264440804719925 -0.02264440804719925 -0.02264440804719925 -0.02264440804719925 -0.02264440804719925 -0.02264440804719925 -0.02264440804719925 -0.02264440804719925 -0.02264440804719925 -0.02264440804719925 -0.02264440804719925 -0.02264440804719925 -0.02264440804719925 -0.02264440804719925 -0.02264440804719925 -0.02264440804719925 -0.02264440804719925 -0.02264440804719925 -0.02264440804719925 -0.02264440804719925 -0.02264440804719925 -0.02264440804719925 -0.02264440804719925 -0.02264440804719925 -0.02264440804719925 -0.02264440804719925 -0.005367745645344257 -0.003245469881221652 -0.0009619990596547723 -0.0008308114483952522 -0.00033600424649193883 -0.0002664094208739698
-0.02264440804719925 -0.02264440804719925 -0.02264440804719925 -0.02264440804719925 -0.02264440804719925 -0.02264440804719925 -0.02264440804719925 -0.02264440804719925 -0.02264440804719925 -0.02264440804719925 -0.02264440804719925 -0.02264440804719925 -0.02264440804719925 -0.02264440804719925 -0.02264440804719925 -0.02264440804719925 -0.02264440804719925 -0.02264440804719925 -0.02264440804719925 -0.02264440804719925 -0.02264440804719925 -0.02264440804719925 -0.02264440804719925 -0.02264440804719925 -0.02264440804719925 -0.02264440804719925 -0.02264440804719925 -0.02264440804719925 -0.02264440804719925 -0.02264440804719925 -0.02264440804719925 -0.02264440804719925 -0.02264440804719925 -0.02264440804719925 -0.02264440804719925 -0.02264440804719925 -0.02264440804719925 -0.02264440804719925 -0.005367745645344257 -0.003245469881221652 -0.0009619990596547723 -0.0008308114483952522 -0.00033600424649193883 -0.0002664094208739698
-0.005367745645344257 -0.005367745645344257 -0.005367745645344257 -0.005367745645344257 -0.005367745645344257 -0.005367745645344257 -0.005367745645344257 -0.005367745645344257 -0.005367745645344257 -0.005367745645344257 -0.005367745645344257 -0.005367745645344257 -0.005367745645344257 -0.005367745645344257 -0.005367745645344257 -0.005367745645344257 -0.005367745645344257 -0.005367745645344257 -0.005367745645344257 -0.005367745645344257 -0.005367745645344257 -0.005367745645344257 -0.005367745645344257 -0.005367745645344257 -0.005367745645344257 -0.005367745645344257 -0.005367745645344257 -0.005367745645344257 -0.005367745645344257 -0.005367745645344257 -0.005367745645344257 -0.005367745645344257 -0.005367745645344257 -0.005367745645344257 -0.005367745645344257 -0.005367745645344257 -0.005367745645344257 -0.005367745645344257 -0.014210824854671955 -0.003245469881221652 -0.0009619990596547723 -0.0008308114483952522 -0.00033600424649193883 -0.0002664094208739698
-0.010621215216815472 -0.010621215216815472 -0.010621215216815472 -0.010621215216815472 -0.010621215216815472 -0.010621215216815472 -0.010621215216815472 -0.010621215216815472 -0.010621215216815472 -0.010621215216815472 -0.010621215216815472 -0.010621215216815472 -0.010621215216815472 -0.010621215216815472 -0.010621215216815472 -0.010621215216815472 -0.010621215216815472 -0.010621215216815472 -0.010621215216815472 -0.010621215216815472 -0.010621215216815472 -0.010621215216815472 -0.010621215216815472 -0.010621215216815472 -0.010621215216815472 -0.010621215216815472 -0.010621215216815472 -0.010621215216815472 -0.010621215216815472 -0.010621215216815472 -0.010621215216815472 -0.010621215216815472 -0.010621215216815472 -0.010621215216815472 -0.010621215216815472 -0.010621215216815472 -0.010621215216815472 -0.010621215216815472 -0.005367745645344257 -0.003245469881221652 -0.0009619990596547723 -0.0008308114483952522 -0.00033600424649193883 -0.0002664094208739698
-0.003245469881221652 -0.003245469881221652 -0.003245469881221652 -0.003245469881221652 -0.003245469881221652 -0.003245469881221652 -0.003245469881221652 -0.003245469881221652 -0.003245469881221652 -0.003245469881221652 -0.003245469881221652 -0.003245469881221652 -0.003245469881221652 -0.003245469881221652 -0.003245469881221652 -0.003245469881221652 -0.003245469881221652 -0.003245469881221652 -0.003245469881221652 -0.003245469881221652 -0.003245469881221652 -0.003245469881221652 -0.003245469881221652 -0.003245469881221652 -0.003245469881221652 -0.003245469881221652 -0.003245469881221652 -0.003245469881221652 -0.003245469881221652 -0.003245469881221652 -0.003245469881221652 -0.003245469881221652 -0.003245469881221652 -0.003245469881221652 -0.003245469881221652 -0.003245469881221652 -0.003245469881221652 -0.003245469881221652 -0.003245469881221652 -0.003245469881221652 -0.0009619990596547723 -0.0008308114483952522 -0.00033600424649193883 -0.0002664094208739698
-0.003245469881221652 -0.003245469881221652 -0.003245469881221652 -0.003245469881221652 -0.003245469881221652 -0.003245469881221652 -0.003245469881221652 -0.003245469881221652 -0.003245469881221652 -0.003245469881221652 -0.003245469881221652 -0.003245469881221652 -0.003245469881221652 -0.003245469881221652 -0.003245469881221652 -0.003245469881221652 -0.003245469881221652 -0.003245469881221652 -0.003245469881221652 -0.003245469881221652 -0.003245469881221652 -0.003245469881221652 -0.003245469881221652 -0.003245469881221652 -0.003245469881221652 -0.003245469881221652 -0.003245469881221652 -0.003245469881221652 -0.003245469881221652 -0.003245469881221652 -0.003245469881221652 -0.003245469881221652 -0.003245469881221652 -0.003245469881221652 -0.003245469881221652 -0.003245469881221652 -0.003245469881221652 -0.003245469881221652 -0.003245469881221652 -0.003245469881221652 -0.0009619990596547723 -0.0008308114483952522 -0.00033600424649193883 -0.0002664094208739698
-0.003245469881221652 -0.003245469881221652 -0.003245469881221652 -0.003245469881221652 -0.003245469881221652 -0.003245469881221652 -0.003245469881221652 -0.003245469881221652 -0.003245469881221652 -0.003245469881221652 -0.003245469881221652 -0.003245469881221652 -0.003245469881221652 -0.003245469881221652 -0.003245469881221652 -0.003245469881221652 -0.003245469881221652 -0.003245469881221652 -0.003245469881221652 -0.003245469881221652 -0.003245469881221652 -0.003245469881221652 -0.003245469881221652 -0.003245469881221652 -0.003245469881221652 -0.003245469881221652 -0.003245469881221652 -0.003245469881221652 -0.003245469881221652 -0.003245469881221652 -0.003245469881221652 -0.003245469881221652 -0.003245469881221652 -0.003245469881221652 -0.003245469881221652 -0.003245469881221652 -0.003245469881221652 -0.003245469881221652 -0.003245469881221652 -0.003245469881221652 -0.0009619990596547723 -0.0008308114483952522 -0.00033600424649193883 -0.0002664094208739698
-0.0008308114483952522 -0.0008308114483952522 -0.0008308114483952522 -0.0008308114483952522 -0.0008308114483952522 -0.0008308114483952522 -0.0008308114483952522 -0.0008308114483952522 -0.0008308114483952522 -0.0008308114483952522 -0.0008308114483952522 -0.0008308114483952522 -0.0008308114483952522 -0.0008308114483952522 -0.0008308114483952522 -0.0008308114483952522 -0.0008308114483952522 -0.0008308114483952522 -0.0008308114483952522 -0.0008308114483952522 -0.0008308114483952522 -0.0008308114483952522 -0.0008308114483952522 -0.0008308114483952522 -0.0008308114483952522 -0.0008308114483952522 -0.0008308114483952522 -0.0008308114483952522 -0.0008308114483952522 -0.0008308114483952522 -0.0008308114483952522 -0.0008308114483952522 -0.0008308114483952522 -0.0008308114483952522 -0.0008308114483952522 -0.0008308114483952522 -0.0008308114483952522 -0.0008308114483952522 -0.0008308114483952522 -0.0008308114483952522 -0.0008308114483952522 -0.0008308114483952522 -0.00033600424649193883 -0.0002664094208739698
-0.00033600424649193883 -0.00033600424649193883 -0.00033600424649193883 -0.00033600424649193883 -0.00033600424649193883 -0.00033600424649193883 -0.00033600424649193883 -0.00033600424649193883 -0.00033600424649193883 -0.00033600424649193883 -0.00033600424649193883 -0.00033600424649193883 -0.00033600424649193883 -0.00033600424649193883 -0.00033600424649193883 -0.00033600424649193883 -0.00033600424649193883 -0.00033600424649193883 -0.00033600424649193883 -0.00033600424649193883 -0.00033600424649193883 -0.00033600424649193883 -0.00033600424649193883 -0.00033600424649193883 -0.00033600424649193883 -0.00033600424649193883 -0.00033600424649193883 -0.00033600424649193883 -0.00033600424649193883 -0.00033600424649193883 -0.00033600424649193883 -0.00033600424649193883 -0.00033600424649193883 -0.00033600424649193883 -0.00033600424649193883 -0.00033600424649193883 -0.00033600424649193883 -0.00033600424649193883 -0.00033600424649193883 -0.00033600424649193883 -0.00033600424649193883 -0.00033600424649193883 -0.0003723319969139993 -0.0002664094208739698
-0.0008308114483952522 -0.0008308114483952522 -0.0008308114483952522 -0.0008308114483952522 -0.0008308114483952522 -0.0008308114483952522 -0.0008308114483952522 -0.0008308114483952522 -0.0008308114483952522 -0.0008308114483952522 -0.0008308114483952522 -0.0008308114483952522 -0.0008308114483952522 -0.0008308114483952522 -0.0008308114483952522 -0.0008308114483952522 -0.0008308114483952522 -0.0008308114483952522 -0.0008308114483952522 -0.0008308114483952522 -0.0008308114483952522 -0.0008308114483952522 -0.0008308114483952522 -0.0008308114483952522 -0.0008308114483952522 -0.0008308114483952522 -0.0008308114483952522 -0.0008308114483952522 -0.0008308114483952522 -0.0008308114483952522 -0.0008308114483952522 -0.0008308114483952522 -0.0008308114483952522 -0.0008308114483952522 -0.0008308114483952522 -0.0008308114483952522 -0.0008308114483952522 -0.0008308114483952522 -0.0008308114483952522 -0.0008308114483952522 -0.0008308114483952522 -0.0008308114483952522 -0.00033600424649193883 -0.0002664094208739698