-0.9209510087966919 -0.5861958265304565 -0.6463539004325867 -0.5861958265304565 -0.5881480574607849 -0.441951185464859 -0.21180589497089386 -0.21180589497089386 -0.21180589497089386 -0.36863070726394653 -0.21180589497089386 -0.21180589497089386 -0.21180589497089386 -0.21180589497089386 -0.21180589497089386 -0.21180589497089386 -0.21180589497089386 -0.21180589497089386 -0.21180589497089386 -0.21180589497089386 -0.266182005405426 -0.21180589497089386 -0.20905663073062897 -0.1717650294303894 -0.1721445620059967 -0.1721445620059967 -0.16185438632965088 -0.12646937370300293 -0.0864204466342926 -0.08724544942378998 -0.08709798008203506 -0.06747663766145706 -0.06971634179353714 -0.067937470972538 -0.05224170908331871 -0.03813114017248154 -0.013875516131520271 -0.007903523743152618 -0.007903523743152618 -0.005043469835072756 -0.0014838578645139933 -0.0014838578645139933 -0.0014951491029933095 -0.0017559255938977003 -0.001417631283402443 -0.0007931627915240824
-0.8671109676361084 -0.5861958265304565 -0.6463539004325867 -0.5861958265304565 -0.5881480574607849 -0.441951185464859 -0.21180589497089386 -0.21180589497089386 -0.21180589497089386 -0.36863070726394653 -0.21180589497089386 -0.21180589497089386 -0.21180589497089386 -0.21180589497089386 -0.21180589497089386 -0.21180589497089386 -0.21180589497089386 -0.21180589497089386 -0.21180589497089386 -0.21180589497089386 -0.266182005405426 -0.21180589497089386 -0.20905663073062897 -0.1717650294303894 -0.1721445620059967 -0.1721445620059967 -0.16185438632965088 -0.12646937370300293 -0.0864204466342926 -0.08724544942378998 -0.08709798008203506 -0.06747663766145706 -0.06971634179353714 -0.067937470972538 -0.05224170908331871 -0.03813114017248154 -0.013875516131520271 -0.007903523743152618 -0.007903523743152618 -0.005043469835072756 -0.0014838578645139933 -0.0014838578645139933 -0.0014951491029933095 -0.0017559255938977003 -0.001417631283402443 -0.0007931627915240824
-0.5861958265304565 -0.6658285856246948 -0.5861958265304565 -0.5882657170295715 -0.5861958265304565 -0.441951185464859 -0.21180589497089386 -0.21180589497089386 -0.21180589497089386 -0.36863070726394653 -0.21180589497089386 -0.21180589497089386 -0.21180589497089386 -0.21180589497089386 -0.21180589497089386 -0.21180589497089386 -0.21180589497089386 -0.21180589497089386 -0.21180589497089386 -0.21180589497089386 -0.266182005405426 -0.21180589497089386 -0.20905663073062897 -0.1717650294303894 -0.1721445620059967 -0.1721445620059967 -0.16185438632965088 -0.12646937370300293 -0.0864204466342926 -0.08724544942378998 -0.08709798008203506 -0.06747663766145706 -0.06971634179353714 -0.067937470972538 -0.05224170908331871 -0.03813114017248154 -0.013875516131520271 -0.007903523743152618 -0.007903523743152618 -0.005043469835072756 -0.0014838578645139933 -0.0014838578645139933 -0.0014951491029933095 -0.0017559255938977003 -0.001417631283402443 -0.0007931627915240824
-0.6453858613967896 -0.5861958265304565 -0.6453858613967896 -0.5861958265304565 -0.5881480574607849 -0.441951185464859 -0.21180589497089386 -0.21180589497089386 -0.21180589497089386 -0.36863070726394653 -0.21180589497089386 -0.21180589497089386 -0.21180589497089386 -0.21180589497089386 -0.21180589497089386 -0.21180589497089386 -0.21180589497089386 -0.21180589497089386 -0.21180589497089386 -0.21180589497089386 -0.266182005405426 -0.21180589497089386 -0.20905663073062897 -0.1717650294303894 -0.1721445620059967 -0.1721445620059967 -0.16185438632965088 -0.12646937370300293 -0.0864204466342926 -0.08724544942378998 -0.08709798008203506 -0.06747663766145706 -0.06971634179353714 -0.067937470972538 -0.05224170908331871 -0.03813114017248154 -0.013875516131520271 -0.007903523743152618 -0.007903523743152618 -0.005043469835072756 -0.0014838578645139933 -0.0014838578645139933 -0.0014951491029933095 -0.0017559255938977003 -0.001417631283402443 -0.0007931627915240824
-0.6370405554771423 -0.5861958265304565 -0.6370405554771423 -0.5861958265304565 -0.5881480574607849 -0.441951185464859 -0.21180589497089386 -0.21180589497089386 -0.21180589497089386 -0.36863070726394653 -0.21180589497089386 -0.21180589497089386 -0.21180589497089386 -0.21180589497089386 -0.21180589497089386 -0.21180589497089386 -0.21180589497089386 -0.21180589497089386 -0.21180589497089386 -0.21180589497089386 -0.266182005405426 -0.21180589497089386 -0.20905663073062897 -0.1717650294303894 -0.1721445620059967 -0.1721445620059967 -0.16185438632965088 -0.12646937370300293 -0.0864204466342926 -0.08724544942378998 -0.08709798008203506 -0.06747663766145706 -0.06971634179353714 -0.067937470972538 -0.05224170908331871 -0.03813114017248154 -0.013875516131520271 -0.007903523743152618 -0.007903523743152618 -0.005043469835072756 -0.0014838578645139933 -0.0014838578645139933 -0.0014951491029933095 -0.0017559255938977003 -0.001417631283402443 -0.0007931627915240824
-0.21180589497089386 -0.21180589497089386 -0.21180589497089386 -0.21180589497089386 -0.21180589497089386 -0.21180589497089386 -0.21203939616680145 -0.21203939616680145 -0.21203939616680145 -0.21180589497089386 -0.38015279173851013 -0.38015279173851013 -0.2829947769641876 -0.32155469059944153 -0.32155469059944153 -0.21203939616680145 -0.32155469059944153 -0.3256593942642212 -0.32155469059944153 -0.32140079140663147 -0.21180589497089386 -0.21203939616680145 -0.20905663073062897 -0.1717650294303894 -0.1721445620059967 -0.1721445620059967 -0.16185438632965088 -0.12646937370300293 -0.0864204466342926 -0.08724544942378998 -0.08709798008203506 -0.06747663766145706 -0.06971634179353714 -0.067937470972538 -0.05224170908331871 -0.03813114017248154 -0.013875516131520271 -0.007903523743152618 -0.007903523743152618 -0.005043469835072756 -0.0014838578645139933 -0.0014838578645139933 -0.0014951491029933095 -0.0017559255938977003 -0.001417631283402443 -0.0007931627915240824
-0.441951185464859 -0.441951185464859 -0.441951185464859 -0.441951185464859 -0.441951185464859 -0.45451098680496216 -0.21180589497089386 -0.21180589497089386 -0.21180589497089386 -0.36863070726394653 -0.21180589497089386 -0.21180589497089386 -0.21180589497089386 -0.21180589497089386 -0.21180589497089386 -0.21180589497089386 -0.21180589497089386 -0.21180589497089386 -0.21180589497089386 -0.21180589497089386 -0.266182005405426 -0.21180589497089386 -0.20905663073062897 -0.1717650294303894 -0.1721445620059967 -0.1721445620059967 -0.16185438632965088 -0.12646937370300293 -0.0864204466342926 -0.08724544942378998 -0.08709798008203506 -0.06747663766145706 -0.06971634179353714 -0.067937470972538 -0.05224170908331871 -0.03813114017248154 -0.013875516131520271 -0.007903523743152618 -0.007903523743152618 -0.005043469835072756 -0.0014838578645139933 -0.0014838578645139933 -0.0014951491029933095 -0.0017559255938977003 -0.001417631283402443 -0.0007931627915240824
-0.21180589497089386 -0.21180589497089386 -0.21180589497089386 -0.21180589497089386 -0.21180589497089386 -0.21180589497089386 -0.4006343185901642 -0.30459243059158325 -0.30459243059158325 -0.21180589497089386 -0.21203939616680145 -0.21203939616680145 -0.21203939616680145 -0.21203939616680145 -0.21203939616680145 -0.21555766463279724 -0.21203939616680145 -0.21203939616680145 -0.21203939616680145 -0.21203939616680145 -0.21180589497089386 -0.21919499337673187 -0.20905663073062897 -0.1717650294303894 -0.1721445620059967 -0.1721445620059967 -0.16185438632965088 -0.12646937370300293 -0.0864204466342926 -0.08724544942378998 -0.08709798008203506 -0.06747663766145706 -0.06971634179353714 -0.067937470972538 -0.05224170908331871 -0.03813114017248154 -0.013875516131520271 -0.007903523743152618 -0.007903523743152618 -0.005043469835072756 -0.0014838578645139933 -0.0014838578645139933 -0.0014951491029933095 -0.0017559255938977003 -0.001417631283402443 -0.0007931627915240824
-0.21180589497089386 -0.21180589497089386 -0.21180589497089386 -0.21180589497089386 -0.21180589497089386 -0.21180589497089386 -0.21555766463279724 -0.21555766463279724 -0.21555766463279724 -0.21180589497089386 -0.21203939616680145 -0.21203939616680145 -0.21203939616680145 -0.21203939616680145 -0.21203939616680145 -0.32692110538482666 -0.21203939616680145 -0.21203939616680145 -0.21203939616680145 -0.21203939616680145 -0.21180589497089386 -0.21555766463279724 -0.20905663073062897 -0.1717650294303894 -0.1721445620059967 -0.1721445620059967 -0.16185438632965088 -0.12646937370300293 -0.0864204466342926 -0.08724544942378998 -0.08709798008203506 -0.06747663766145706 -0.06971634179353714 -0.067937470972538 -0.05224170908331871 -0.03813114017248154 -0.013875516131520271 -0.007903523743152618 -0.007903523743152618 -0.005043469835072756 -0.0014838578645139933 -0.0014838578645139933 -0.0014951491029933095 -0.0017559255938977003 -0.001417631283402443 -0.0007931627915240824
-0.21180589497089386 -0.21180589497089386 -0.21180589497089386 -0.21180589497089386 -0.21180589497089386 -0.21180589497089386 -0.21203939616680145 -0.21203939616680145 -0.21203939616680145 -0.21180589497089386 -0.32155469059944153 -0.32155469059944153 -0.2829947769641876 -0.32581421732902527 -0.32581421732902527 -0.21203939616680145 -0.32581421732902527 -0.32155469059944153 -0.32400745153427124 -0.32140079140663147 -0.21180589497089386 -0.21203939616680145 -0.20905663073062897 -0.1717650294303894 -0.1721445620059967 -0.1721445620059967 -0.16185438632965088 -0.12646937370300293 -0.0864204466342926 -0.08724544942378998 -0.08709798008203506 -0.06747663766145706 -0.06971634179353714 -0.067937470972538 -0.05224170908331871 -0.03813114017248154 -0.013875516131520271 -0.007903523743152618 -0.007903523743152618 -0.005043469835072756 -0.0014838578645139933 -0.0014838578645139933 -0.0014951491029933095 -0.0017559255938977003 -0.001417631283402443 -0.0007931627915240824
-0.21180589497089386 -0.21180589497089386 -0.21180589497089386 -0.21180589497089386 -0.21180589497089386 -0.21180589497089386 -0.21203939616680145 -0.21203939616680145 -0.21203939616680145 -0.21180589497089386 -0.32155469059944153 -0.32155469059944153 -0.2829947769641876 -0.32581421732902527 -0.32581421732902527 -0.21203939616680145 -0.32581421732902527 -0.32155469059944153 -0.32400745153427124 -0.32140079140663147 -0.21180589497089386 -0.21203939616680145 -0.20905663073062897 -0.1717650294303894 -0.1721445620059967 -0.1721445620059967 -0.16185438632965088 -0.12646937370300293 -0.0864204466342926 -0.08724544942378998 -0.08709798008203506 -0.06747663766145706 -0.06971634179353714 -0.067937470972538 -0.05224170908331871 -0.03813114017248154 -0.013875516131520271 -0.007903523743152618 -0.007903523743152618 -0.005043469835072756 -0.0014838578645139933 -0.0014838578645139933 -0.0014951491029933095 -0.0017559255938977003 -0.001417631283402443 -0.0007931627915240824
-0.21180589497089386 -0.21180589497089386 -0.21180589497089386 -0.21180589497089386 -0.21180589497089386 -0.21180589497089386 -0.21203939616680145 -0.21203939616680145 -0.21203939616680145 -0.21180589497089386 -0.32140079140663147 -0.32140079140663147 -0.2829947769641876 -0.32140079140663147 -0.32140079140663147 -0.21203939616680145 -0.32140079140663147 -0.32140079140663147 -0.32140079140663147 -0.32140079140663147 -0.21180589497089386 -0.21203939616680145 -0.20905663073062897 -0.1717650294303894 -0.1721445620059967 -0.1721445620059967 -0.16185438632965088 -0.12646937370300293 -0.0864204466342926 -0.08724544942378998 -0.08709798008203506 -0.06747663766145706 -0.06971634179353714 -0.067937470972538 -0.05224170908331871 -0.03813114017248154 -0.013875516131520271 -0.007903523743152618 -0.007903523743152618 -0.005043469835072756 -0.0014838578645139933 -0.0014838578645139933 -0.0014951491029933095 -0.0017559255938977003 -0.001417631283402443 -0.0007931627915240824
-0.21180589497089386 -0.21180589497089386 -0.21180589497089386 -0.21180589497089386 -0.21180589497089386 -0.21180589497089386 -0.21203939616680145 -0.21203939616680145 -0.21203939616680145 -0.21180589497089386 -0.32140079140663147 -0.32140079140663147 -0.2829947769641876 -0.32140079140663147 -0.32140079140663147 -0.21203939616680145 -0.32140079140663147 -0.32140079140663147 -0.32140079140663147 -0.32140079140663147 -0.21180589497089386 -0.21203939616680145 -0.20905663073062897 -0.1717650294303894 -0.1721445620059967 -0.1721445620059967 -0.16185438632965088 -0.12646937370300293 -0.0864204466342926 -0.08724544942378998 -0.08709798008203506 -0.06747663766145706 -0.06971634179353714 -0.067937470972538 -0.05224170908331871 -0.03813114017248154 -0.013875516131520271 -0.007903523743152618 -0.007903523743152618 -0.005043469835072756 -0.0014838578645139933 -0.0014838578645139933 -0.0014951491029933095 -0.0017559255938977003 -0.001417631283402443 -0.0007931627915240824
-0.21180589497089386 -0.21180589497089386 -0.21180589497089386 -0.21180589497089386 -0.21180589497089386 -0.21180589497089386 -0.21555766463279724 -0.21555766463279724 -0.21555766463279724 -0.21180589497089386 -0.21203939616680145 -0.21203939616680145 -0.21203939616680145 -0.21203939616680145 -0.21203939616680145 -0.32692110538482666 -0.21203939616680145 -0.21203939616680145 -0.21203939616680145 -0.21203939616680145 -0.21180589497089386 -0.21555766463279724 -0.20905663073062897 -0.1717650294303894 -0.1721445620059967 -0.1721445620059967 -0.16185438632965088 -0.12646937370300293 -0.0864204466342926 -0.08724544942378998 -0.08709798008203506 -0.06747663766145706 -0.06971634179353714 -0.067937470972538 -0.05224170908331871 -0.03813114017248154 -0.013875516131520271 -0.007903523743152618 -0.007903523743152618 -0.005043469835072756 -0.0014838578645139933 -0.0014838578645139933 -0.0014951491029933095 -0.0017559255938977003 -0.001417631283402443 -0.0007931627915240824
-0.21180589497089386 -0.21180589497089386 -0.21180589497089386 -0.21180589497089386 -0.21180589497089386 -0.21180589497089386 -0.21203939616680145 -0.21203939616680145 -0.21203939616680145 -0.21180589497089386 -0.32155469059944153 -0.32155469059944153 -0.2829947769641876 -0.32713550329208374 -0.32713550329208374 -0.21203939616680145 -0.32581421732902527 -0.32155469059944153 -0.32400745153427124 -0.32140079140663147 -0.21180589497089386 -0.21203939616680145 -0.20905663073062897 -0.1717650294303894 -0.1721445620059967 -0.1721445620059967 -0.16185438632965088 -0.12646937370300293 -0.0864204466342926 -0.08724544942378998 -0.08709798008203506 -0.06747663766145706 -0.06971634179353714 -0.067937470972538 -0.05224170908331871 -0.03813114017248154 -0.013875516131520271 -0.007903523743152618 -0.007903523743152618 -0.005043469835072756 -0.0014838578645139933 -0.0014838578645139933 -0.0014951491029933095 -0.0017559255938977003 -0.001417631283402443 -0.0007931627915240824
-0.21180589497089386 -0.21180589497089386 -0.21180589497089386 -0.21180589497089386 -0.21180589497089386 -0.21180589497089386 -0.21203939616680145 -0.21203939616680145 -0.21203939616680145 -0.21180589497089386 -0.2829947769641876 -0.2829947769641876 -0.36453893780708313 -0.2829947769641876 -0.2829947769641876 -0.21203939616680145 -0.2829947769641876 -0.2829947769641876 -0.2829947769641876 -0.2829947769641876 -0.21180589497089386 -0.21203939616680145 -0.20905663073062897 -0.1717650294303894 -0.1721445620059967 -0.1721445620059967 -0.16185438632965088 -0.12646937370300293 -0.0864204466342926 -0.08724544942378998 -0.08709798008203506 -0.06747663766145706 -0.06971634179353714 -0.067937470972538 -0.05224170908331871 -0.03813114017248154 -0.013875516131520271 -0.007903523743152618 -0.007903523743152618 -0.005043469835072756 -0.0014838578645139933 -0.0014838578645139933 -0.0014951491029933095 -0.0017559255938977003 -0.001417631283402443 -0.0007931627915240824
-0.21180589497089386 -0.21180589497089386 -0.21180589497089386 -0.21180589497089386 -0.21180589497089386 -0.21180589497089386 -0.21203939616680145 -0.21203939616680145 -0.21203939616680145 -0.21180589497089386 -0.32140079140663147 -0.32140079140663147 -0.2829947769641876 -0.32140079140663147 -0.32140079140663147 -0.21203939616680145 -0.32140079140663147 -0.32140079140663147 -0.32140079140663147 -0.32140079140663147 -0.21180589497089386 -0.21203939616680145 -0.20905663073062897 -0.1717650294303894 -0.1721445620059967 -0.1721445620059967 -0.16185438632965088 -0.12646937370300293 -0.0864204466342926 -0.08724544942378998 -0.08709798008203506 -0.06747663766145706 -0.06971634179353714 -0.067937470972538 -0.05224170908331871 -0.03813114017248154 -0.013875516131520271 -0.007903523743152618 -0.007903523743152618 -0.005043469835072756 -0.0014838578645139933 -0.0014838578645139933 -0.0014951491029933095 -0.0017559255938977003 -0.001417631283402443 -0.0007931627915240824
-0.21180589497089386 -0.21180589497089386 -0.21180589497089386 -0.21180589497089386 -0.21180589497089386 -0.21180589497089386 -0.21203939616680145 -0.21203939616680145 -0.21203939616680145 -0.21180589497089386 -0.32155469059944153 -0.32155469059944153 -0.2829947769641876 -0.32581421732902527 -0.32581421732902527 -0.21203939616680145 -0.32581421732902527 -0.32155469059944153 -0.32400745153427124 -0.32140079140663147 -0.21180589497089386 -0.21203939616680145 -0.20905663073062897 -0.1717650294303894 -0.1721445620059967 -0.1721445620059967 -0.16185438632965088 -0.12646937370300293 -0.0864204466342926 -0.08724544942378998 -0.08709798008203506 -0.06747663766145706 -0.06971634179353714 -0.067937470972538 -0.05224170908331871 -0.03813114017248154 -0.013875516131520271 -0.007903523743152618 -0.007903523743152618 -0.005043469835072756 -0.0014838578645139933 -0.0014838578645139933 -0.0014951491029933095 -0.0017559255938977003 -0.001417631283402443 -0.0007931627915240824
-0.21180589497089386 -0.21180589497089386 -0.21180589497089386 -0.21180589497089386 -0.21180589497089386 -0.21180589497089386 -0.21203939616680145 -0.21203939616680145 -0.21203939616680145 -0.21180589497089386 -0.32140079140663147 -0.32140079140663147 -0.2829947769641876 -0.32140079140663147 -0.32140079140663147 -0.21203939616680145 -0.32140079140663147 -0.32140079140663147 -0.32140079140663147 -0.32140079140663147 -0.21180589497089386 -0.21203939616680145 -0.20905663073062897 -0.1717650294303894 -0.1721445620059967 -0.1721445620059967 -0.16185438632965088 -0.12646937370300293 -0.0864204466342926 -0.08724544942378998 -0.08709798008203506 -0.06747663766145706 -0.06971634179353714 -0.067937470972538 -0.05224170908331871 -0.03813114017248154 -0.013875516131520271 -0.007903523743152618 -0.007903523743152618 -0.005043469835072756 -0.0014838578645139933 -0.0014838578645139933 -0.0014951491029933095 -0.0017559255938977003 -0.001417631283402443 -0.0007931627915240824
-0.21180589497089386 -0.21180589497089386 -0.21180589497089386 -0.21180589497089386 -0.21180589497089386 -0.21180589497089386 -0.21203939616680145 -0.21203939616680145 -0.21203939616680145 -0.21180589497089386 -0.32155469059944153 -0.32155469059944153 -0.2829947769641876 -0.32400745153427124 -0.32400745153427124 -0.21203939616680145 -0.32400745153427124 -0.32155469059944153 -0.32400745153427124 -0.32140079140663147 -0.21180589497089386 -0.21203939616680145 -0.20905663073062897 -0.1717650294303894 -0.1721445620059967 -0.1721445620059967 -0.16185438632965088 -0.12646937370300293 -0.0864204466342926 -0.08724544942378998 -0.08709798008203506 -0.06747663766145706 -0.06971634179353714 -0.067937470972538 -0.05224170908331871 -0.03813114017248154 -0.013875516131520271 -0.007903523743152618 -0.007903523743152618 -0.005043469835072756 -0.0014838578645139933 -0.0014838578645139933 -0.0014951491029933095 -0.0017559255938977003 -0.001417631283402443 -0.0007931627915240824
-0.21180589497089386 -0.21180589497089386 -0.21180589497089386 -0.21180589497089386 -0.21180589497089386 -0.21180589497089386 -0.21203939616680145 -0.21203939616680145 -0.21203939616680145 -0.21180589497089386 -0.2829947769641876 -0.2829947769641876 -0.2829947769641876 -0.2829947769641876 -0.2829947769641876 -0.21203939616680145 -0.2829947769641876 -0.2829947769641876 -0.2829947769641876 -0.2829947769641876 -0.21180589497089386 -0.21203939616680145 -0.20905663073062897 -0.1717650294303894 -0.1721445620059967 -0.1721445620059967 -0.16185438632965088 -0.12646937370300293 -0.0864204466342926 -0.08724544942378998 -0.08709798008203506 -0.06747663766145706 -0.06971634179353714 -0.067937470972538 -0.05224170908331871 -0.03813114017248154 -0.013875516131520271 -0.007903523743152618 -0.007903523743152618 -0.005043469835072756 -0.0014838578645139933 -0.0014838578645139933 -0.0014951491029933095 -0.0017559255938977003 -0.001417631283402443 -0.0007931627915240824
-0.21180589497089386 -0.21180589497089386 -0.21180589497089386 -0.21180589497089386 -0.21180589497089386 -0.21180589497089386 -0.30459243059158325 -0.3515942394733429 -0.3515942394733429 -0.21180589497089386 -0.21203939616680145 -0.21203939616680145 -0.21203939616680145 -0.21203939616680145 -0.21203939616680145 -0.21555766463279724 -0.21203939616680145 -0.21203939616680145 -0.21203939616680145 -0.21203939616680145 -0.21180589497089386 -0.21919499337673187 -0.20905663073062897 -0.1717650294303894 -0.1721445620059967 -0.1721445620059967 -0.16185438632965088 -0.12646937370300293 -0.0864204466342926 -0.08724544942378998 -0.08709798008203506 -0.06747663766145706 -0.06971634179353714 -0.067937470972538 -0.05224170908331871 -0.03813114017248154 -0.013875516131520271 -0.007903523743152618 -0.007903523743152618 -0.005043469835072756 -0.0014838578645139933 -0.0014838578645139933 -0.0014951491029933095 -0.0017559255938977003 -0.001417631283402443 -0.0007931627915240824
-0.3470469117164612 -0.3470469117164612 -0.3470469117164612 -0.3470469117164612 -0.3470469117164612 -0.3470469117164612 -0.21180589497089386 -0.21180589497089386 -0.21180589497089386 -0.3470469117164612 -0.21180589497089386 -0.21180589497089386 -0.21180589497089386 -0.21180589497089386 -0.21180589497089386 -0.21180589497089386 -0.21180589497089386 -0.21180589497089386 -0.21180589497089386 -0.21180589497089386 -0.266182005405426 -0.21180589497089386 -0.20905663073062897 -0.1717650294303894 -0.1721445620059967 -0.1721445620059967 -0.16185438632965088 -0.12646937370300293 -0.0864204466342926 -0.08724544942378998 -0.08709798008203506 -0.06747663766145706 -0.06971634179353714 -0.067937470972538 -0.05224170908331871 -0.03813114017248154 -0.013875516131520271 -0.007903523743152618 -0.007903523743152618 -0.005043469835072756 -0.0014838578645139933 -0.0014838578645139933 -0.0014951491029933095 -0.0017559255938977003 -0.001417631283402443 -0.0007931627915240824
-0.21180589497089386 -0.21180589497089386 -0.21180589497089386 -0.21180589497089386 -0.21180589497089386 -0.21180589497089386 -0.21555766463279724 -0.21555766463279724 -0.21555766463279724 -0.21180589497089386 -0.21203939616680145 -0.21203939616680145 -0.21203939616680145 -0.21203939616680145 -0.21203939616680145 -0.309731125831604 -0.21203939616680145 -0.21203939616680145 -0.21203939616680145 -0.21203939616680145 -0.21180589497089386 -0.21555766463279724 -0.20905663073062897 -0.1717650294303894 -0.1721445620059967 -0.1721445620059967 -0.16185438632965088 -0.12646937370300293 -0.0864204466342926 -0.08724544942378998 -0.08709798008203506 -0.06747663766145706 -0.06971634179353714 -0.067937470972538 -0.05224170908331871 -0.03813114017248154 -0.013875516131520271 -0.007903523743152618 -0.007903523743152618 -0.005043469835072756 -0.0014838578645139933 -0.0014838578645139933 -0.0014951491029933095 -0.0017559255938977003 -0.001417631283402443 -0.0007931627915240824
-0.21180589497089386 -0.21180589497089386 -0.21180589497089386 -0.21180589497089386 -0.21180589497089386 -0.21180589497089386 -0.29700276255607605 -0.29700276255607605 -0.29700276255607605 -0.21180589497089386 -0.21203939616680145 -0.21203939616680145 -0.21203939616680145 -0.21203939616680145 -0.21203939616680145 -0.21555766463279724 -0.21203939616680145 -0.21203939616680145 -0.21203939616680145 -0.21203939616680145 -0.21180589497089386 -0.21919499337673187 -0.20905663073062897 -0.1717650294303894 -0.1721445620059967 -0.1721445620059967 -0.16185438632965088 -0.12646937370300293 -0.0864204466342926 -0.08724544942378998 -0.08709798008203506 -0.06747663766145706 -0.06971634179353714 -0.067937470972538 -0.05224170908331871 -0.03813114017248154 -0.013875516131520271 -0.007903523743152618 -0.007903523743152618 -0.005043469835072756 -0.0014838578645139933 -0.0014838578645139933 -0.0014951491029933095 -0.0017559255938977003 -0.001417631283402443 -0.0007931627915240824
-0.21180589497089386 -0.21180589497089386 -0.21180589497089386 -0.21180589497089386 -0.21180589497089386 -0.21180589497089386 -0.21555766463279724 -0.21555766463279724 -0.21555766463279724 -0.21180589497089386 -0.21203939616680145 -0.21203939616680145 -0.21203939616680145 -0.21203939616680145 -0.21203939616680145 -0.2929580807685852 -0.21203939616680145 -0.21203939616680145 -0.21203939616680145 -0.21203939616680145 -0.21180589497089386 -0.21555766463279724 -0.20905663073062897 -0.1717650294303894 -0.1721445620059967 -0.1721445620059967 -0.16185438632965088 -0.12646937370300293 -0.0864204466342926 -0.08724544942378998 -0.08709798008203506 -0.06747663766145706 -0.06971634179353714 -0.067937470972538 -0.05224170908331871 -0.03813114017248154 -0.013875516131520271 -0.007903523743152618 -0.007903523743152618 -0.005043469835072756 -0.0014838578645139933 -0.0014838578645139933 -0.0014951491029933095 -0.0017559255938977003 -0.001417631283402443 -0.0007931627915240824
-0.21180589497089386 -0.21180589497089386 -0.21180589497089386 -0.21180589497089386 -0.21180589497089386 -0.21180589497089386 -0.21555766463279724 -0.21555766463279724 -0.21555766463279724 -0.21180589497089386 -0.21203939616680145 -0.21203939616680145 -0.21203939616680145 -0.21203939616680145 -0.21203939616680145 -0.262359619140625 -0.21203939616680145 -0.21203939616680145 -0.21203939616680145 -0.21203939616680145 -0.21180589497089386 -0.21555766463279724 -0.20905663073062897 -0.1717650294303894 -0.1721445620059967 -0.1721445620059967 -0.16185438632965088 -0.12646937370300293 -0.0864204466342926 -0.08724544942378998 -0.08709798008203506 -0.06747663766145706 -0.06971634179353714 -0.067937470972538 -0.05224170908331871 -0.03813114017248154 -0.013875516131520271 -0.007903523743152618 -0.007903523743152618 -0.005043469835072756 -0.0014838578645139933 -0.0014838578645139933 -0.0014951491029933095 -0.0017559255938977003 -0.001417631283402443 -0.0007931627915240824
-0.21180589497089386 -0.21180589497089386 -0.21180589497089386 -0.21180589497089386 -0.21180589497089386 -0.21180589497089386 -0.25667616724967957 -0.25667616724967957 -0.25667616724967957 -0.21180589497089386 -0.21203939616680145 -0.21203939616680145 -0.21203939616680145 -0.21203939616680145 -0.21203939616680145 -0.21555766463279724 -0.21203939616680145 -0.21203939616680145 -0.21203939616680145 -0.21203939616680145 -0.21180589497089386 -0.21919499337673187 -0.20905663073062897 -0.1717650294303894 -0.1721445620059967 -0.1721445620059967 -0.16185438632965088 -0.12646937370300293 -0.0864204466342926 -0.08724544942378998 -0.08709798008203506 -0.06747663766145706 -0.06971634179353714 -0.067937470972538 -0.05224170908331871 -0.03813114017248154 -0.013875516131520271 -0.007903523743152618 -0.007903523743152618 -0.005043469835072756 -0.0014838578645139933 -0.0014838578645139933 -0.0014951491029933095 -0.0017559255938977003 -0.001417631283402443 -0.0007931627915240824
-0.06747663766145706 -0.06747663766145706 -0.06747663766145706 -0.06747663766145706 -0.06747663766145706 -0.06747663766145706 -0.06747663766145706 -0.06747663766145706 -0.06747663766145706 -0.06747663766145706 -0.06747663766145706 -0.06747663766145706 -0.06747663766145706 -0.06747663766145706 -0.06747663766145706 -0.06747663766145706 -0.06747663766145706 -0.06747663766145706 -0.06747663766145706 -0.06747663766145706 -0.06747663766145706 -0.06747663766145706 -0.06747663766145706 -0.06747663766145706 -0.06747663766145706 -0.06747663766145706 -0.06747663766145706 -0.06747663766145706 -0.06747663766145706 -0.06747663766145706 -0.06747663766145706 -0.06747663766145706 -0.06747663766145706 -0.06747663766145706 -0.05224170908331871 -0.03813114017248154 -0.013875516131520271 -0.007903523743152618 -0.007903523743152618 -0.005043469835072756 -0.0014838578645139933 -0.0014838578645139933 -0.0014951491029933095 -0.0017559255938977003 -0.001417631283402443 -0.0007931627915240824
-0.2037632316350937 -0.2037632316350937 -0.2037632316350937 -0.2037632316350937 -0.2037632316350937 -0.2037632316350937 -0.2037632316350937 -0.2037632316350937 -0.2037632316350937 -0.2037632316350937 -0.2037632316350937 -0.2037632316350937 -0.2037632316350937 -0.2037632316350937 -0.2037632316350937 -0.2037632316350937 -0.2037632316350937 -0.2037632316350937 -0.2037632316350937 -0.2037632316350937 -0.2037632316350937 -0.2037632316350937 -0.2037632316350937 -0.1717650294303894 -0.1721445620059967 -0.1721445620059967 -0.16185438632965088 -0.12646937370300293 -0.0864204466342926 -0.08724544942378998 -0.08709798008203506 -0.06747663766145706 -0.06971634179353714 -0.067937470972538 -0.05224170908331871 -0.03813114017248154 -0.013875516131520271 -0.007903523743152618 -0.007903523743152618 -0.005043469835072756 -0.0014838578645139933 -0.0014838578645139933 -0.0014951491029933095 -0.0017559255938977003 -0.001417631283402443 -0.0007931627915240824
-0.202580988407135 -0.202580988407135 -0.202580988407135 -0.202580988407135 -0.202580988407135 -0.202580988407135 -0.202580988407135 -0.202580988407135 -0.202580988407135 -0.202580988407135 -0.202580988407135 -0.202580988407135 -0.202580988407135 -0.202580988407135 -0.202580988407135 -0.202580988407135 -0.202580988407135 -0.202580988407135 -0.202580988407135 -0.202580988407135 -0.202580988407135 -0.202580988407135 -0.202580988407135 -0.1717650294303894 -0.1721445620059967 -0.1721445620059967 -0.16185438632965088 -0.12646937370300293 -0.0864204466342926 -0.08724544942378998 -0.08709798008203506 -0.06747663766145706 -0.06971634179353714 -0.067937470972538 -0.05224170908331871 -0.03813114017248154 -0.013875516131520271 -0.007903523743152618 -0.007903523743152618 -0.005043469835072756 -0.0014838578645139933 -0.0014838578645139933 -0.0014951491029933095 -0.0017559255938977003 -0.001417631283402443 -0.0007931627915240824
-0.20205511152744293 -0.20205511152744293 -0.20205511152744293 -0.20205511152744293 -0.20205511152744293 -0.20205511152744293 -0.20205511152744293 -0.20205511152744293 -0.20205511152744293 -0.20205511152744293 -0.20205511152744293 -0.20205511152744293 -0.20205511152744293 -0.20205511152744293 -0.20205511152744293 -0.20205511152744293 -0.20205511152744293 -0.20205511152744293 -0.20205511152744293 -0.20205511152744293 -0.20205511152744293 -0.20205511152744293 -0.20205511152744293 -0.1717650294303894 -0.1721445620059967 -0.1721445620059967 -0.16185438632965088 -0.12646937370300293 -0.0864204466342926 -0.08724544942378998 -0.08709798008203506 -0.06747663766145706 -0.06971634179353714 -0.067937470972538 -0.05224170908331871 -0.03813114017248154 -0.013875516131520271 -0.007903523743152618 -0.007903523743152618 -0.005043469835072756 -0.0014838578645139933 -0.0014838578645139933 -0.0014951491029933095 -0.0017559255938977003 -0.001417631283402443 -0.0007931627915240824
-0.2016717493534088 -0.2016717493534088 -0.2016717493534088 -0.2016717493534088 -0.2016717493534088 -0.2016717493534088 -0.2016717493534088 -0.2016717493534088 -0.2016717493534088 -0.2016717493534088 -0.2016717493534088 -0.2016717493534088 -0.2016717493534088 -0.2016717493534088 -0.2016717493534088 -0.2016717493534088 -0.2016717493534088 -0.2016717493534088 -0.2016717493534088 -0.2016717493534088 -0.2016717493534088 -0.2016717493534088 -0.2016717493534088 -0.1717650294303894 -0.1721445620059967 -0.1721445620059967 -0.16185438632965088 -0.12646937370300293 -0.0864204466342926 -0.08724544942378998 -0.08709798008203506 -0.06747663766145706 -0.06971634179353714 -0.067937470972538 -0.05224170908331871 -0.03813114017248154 -0.013875516131520271 -0.007903523743152618 -0.007903523743152618 -0.005043469835072756 -0.0014838578645139933 -0.0014838578645139933 -0.0014951491029933095 -0.0017559255938977003 -0.001417631283402443 -0.0007931627915240824
-0.20097264647483826 -0.20097264647483826 -0.20097264647483826 -0.20097264647483826 -0.20097264647483826 -0.20097264647483826 -0.20097264647483826 -0.20097264647483826 -0.20097264647483826 -0.20097264647483826 -0.20097264647483826 -0.20097264647483826 -0.20097264647483826 -0.20097264647483826 -0.20097264647483826 -0.20097264647483826 -0.20097264647483826 -0.20097264647483826 -0.20097264647483826 -0.20097264647483826 -0.20097264647483826 -0.20097264647483826 -0.20097264647483826 -0.1717650294303894 -0.1721445620059967 -0.1721445620059967 -0.16185438632965088 -0.12646937370300293 -0.0864204466342926 -0.08724544942378998 -0.08709798008203506 -0.06747663766145706 -0.06971634179353714 -0.067937470972538 -0.05224170908331871 -0.03813114017248154 -0.013875516131520271 -0.007903523743152618 -0.007903523743152618 -0.005043469835072756 -0.0014838578645139933 -0.0014838578645139933 -0.0014951491029933095 -0.0017559255938977003 -0.001417631283402443 -0.0007931627915240824
-0.12646937370300293 -0.12646937370300293 -0.12646937370300293 -0.12646937370300293 -0.12646937370300293 -0.12646937370300293 -0.12646937370300293 -0.12646937370300293 -0.12646937370300293 -0.12646937370300293 -0.12646937370300293 -0.12646937370300293 -0.12646937370300293 -0.12646937370300293 -0.12646937370300293 -0.12646937370300293 -0.12646937370300293 -0.12646937370300293 -0.12646937370300293 -0.12646937370300293 -0.12646937370300293 -0.12646937370300293 -0.12646937370300293 -0.12646937370300293 -0.12646937370300293 -0.12646937370300293 -0.12646937370300293 -0.1325797140598297 -0.0864204466342926 -0.08724544942378998 -0.08709798008203506 -0.06747663766145706 -0.06971634179353714 -0.067937470972538 -0.05224170908331871 -0.03813114017248154 -0.013875516131520271 -0.007903523743152618 -0.007903523743152618 -0.005043469835072756 -0.0014838578645139933 -0.0014838578645139933 -0.0014951491029933095 -0.0017559255938977003 -0.001417631283402443 -0.0007931627915240824
-0.1717650294303894 -0.1717650294303894 -0.1717650294303894 -0.1717650294303894 -0.1717650294303894 -0.1717650294303894 -0.1717650294303894 -0.1717650294303894 -0.1717650294303894 -0.1717650294303894 -0.1717650294303894 -0.1717650294303894 -0.1717650294303894 -0.1717650294303894 -0.1717650294303894 -0.1717650294303894 -0.1717650294303894 -0.1717650294303894 -0.1717650294303894 -0.1717650294303894 -0.1717650294303894 -0.1717650294303894 -0.1717650294303894 -0.1717650294303894 -0.1717650294303894 -0.1717650294303894 -0.16185438632965088 -0.12646937370300293 -0.0864204466342926 -0.08724544942378998 -0.08709798008203506 -0.06747663766145706 -0.06971634179353714 -0.067937470972538 -0.05224170908331871 -0.03813114017248154 -0.013875516131520271 -0.007903523743152618 -0.007903523743152618 -0.005043469835072756 -0.0014838578645139933 -0.0014838578645139933 -0.0014951491029933095 -0.0017559255938977003 -0.001417631283402443 -0.0007931627915240824
-0.03813114017248154 -0.03813114017248154 -0.03813114017248154 -0.03813114017248154 -0.03813114017248154 -0.03813114017248154 -0.03813114017248154 -0.03813114017248154 -0.03813114017248154 -0.03813114017248154 -0.03813114017248154 -0.03813114017248154 -0.03813114017248154 -0.03813114017248154 -0.03813114017248154 -0.03813114017248154 -0.03813114017248154 -0.03813114017248154 -0.03813114017248154 -0.03813114017248154 -0.03813114017248154 -0.03813114017248154 -0.03813114017248154 -0.03813114017248154 -0.03813114017248154 -0.03813114017248154 -0.03813114017248154 -0.03813114017248154 -0.03813114017248154 -0.03813114017248154 -0.03813114017248154 -0.03813114017248154 -0.03813114017248154 -0.03813114017248154 -0.03813114017248154 -0.03813114017248154 -0.013875516131520271 -0.007903523743152618 -0.007903523743152618 -0.005043469835072756 -0.0014838578645139933 -0.0014838578645139933 -0.0014951491029933095 -0.0017559255938977003 -0.001417631283402443 -0.0007931627915240824
-0.12646937370300293 -0.12646937370300293 -0.12646937370300293 -0.12646937370300293 -0.12646937370300293 -0.12646937370300293 -0.12646937370300293 -0.12646937370300293 -0.12646937370300293 -0.12646937370300293 -0.12646937370300293 -0.12646937370300293 -0.12646937370300293 -0.12646937370300293 -0.12646937370300293 -0.12646937370300293 -0.12646937370300293 -0.12646937370300293 -0.12646937370300293 -0.12646937370300293 -0.12646937370300293 -0.12646937370300293 -0.12646937370300293 -0.12646937370300293 -0.12646937370300293 -0.12646937370300293 -0.12646937370300293 -0.12646937370300293 -0.0864204466342926 -0.08724544942378998 -0.08709798008203506 -0.06747663766145706 -0.06971634179353714 -0.067937470972538 -0.05224170908331871 -0.03813114017248154 -0.013875516131520271 -0.007903523743152618 -0.007903523743152618 -0.005043469835072756 -0.0014838578645139933 -0.0014838578645139933 -0.0014951491029933095 -0.0017559255938977003 -0.001417631283402443 -0.0007931627915240824
-0.03813114017248154 -0.03813114017248154 -0.03813114017248154 -0.03813114017248154 -0.03813114017248154 -0.03813114017248154 -0.03813114017248154 -0.03813114017248154 -0.03813114017248154 -0.03813114017248154 -0.03813114017248154 -0.03813114017248154 -0.03813114017248154 -0.03813114017248154 -0.03813114017248154 -0.03813114017248154 -0.03813114017248154 -0.03813114017248154 -0.03813114017248154 -0.03813114017248154 -0.03813114017248154 -0.03813114017248154 -0.03813114017248154 -0.03813114017248154 -0.03813114017248154 -0.03813114017248154 -0.03813114017248154 -0.03813114017248154 -0.03813114017248154 -0.03813114017248154 -0.03813114017248154 -0.03813114017248154 -0.03813114017248154 -0.03813114017248154 -0.03813114017248154 -0.0474000982940197 -0.013875516131520271 -0.007903523743152618 -0.007903523743152618 -0.005043469835072756 -0.0014838578645139933 -0.0014838578645139933 -0.0014951491029933095 -0.0017559255938977003 -0.001417631283402443 -0.0007931627915240824
-0.06747663766145706 -0.06747663766145706 -0.06747663766145706 -0.06747663766145706 -0.06747663766145706 -0.06747663766145706 -0.06747663766145706 -0.06747663766145706 -0.06747663766145706 -0.06747663766145706 -0.06747663766145706 -0.06747663766145706 -0.06747663766145706 -0.06747663766145706 -0.06747663766145706 -0.06747663766145706 -0.06747663766145706 -0.06747663766145706 -0.06747663766145706 -0.06747663766145706 -0.06747663766145706 -0.06747663766145706 -0.06747663766145706 -0.06747663766145706 -0.06747663766145706 -0.06747663766145706 -0.06747663766145706 -0.06747663766145706 -0.06747663766145706 -0.06747663766145706 -0.06747663766145706 -0.06747663766145706 -0.06747663766145706 -0.06747663766145706 -0.05224170908331871 -0.03813114017248154 -0.013875516131520271 -0.007903523743152618 -0.007903523743152618 -0.005043469835072756 -0.0014838578645139933 -0.0014838578645139933 -0.0014951491029933095 -0.0017559255938977003 -0.001417631283402443 -0.0007931627915240824
-0.1305205523967743 -0.1305205523967743 -0.1305205523967743 -0.1305205523967743 -0.1305205523967743 -0.1305205523967743 -0.1305205523967743 -0.1305205523967743 -0.1305205523967743 -0.1305205523967743 -0.1305205523967743 -0.1305205523967743 -0.1305205523967743 -0.1305205523967743 -0.1305205523967743 -0.1305205523967743 -0.1305205523967743 -0.1305205523967743 -0.1305205523967743 -0.1305205523967743 -0.1305205523967743 -0.1305205523967743 -0.1305205523967743 -0.1305205523967743 -0.1305205523967743 -0.1305205523967743 -0.1305205523967743 -0.12646937370300293 -0.0864204466342926 -0.08724544942378998 -0.08709798008203506 -0.06747663766145706 -0.06971634179353714 -0.067937470972538 -0.05224170908331871 -0.03813114017248154 -0.013875516131520271 -0.007903523743152618 -0.007903523743152618 -0.005043469835072756 -0.0014838578645139933 -0.0014838578645139933 -0.0014951491029933095 -0.0017559255938977003 -0.001417631283402443 -0.0007931627915240824
-0.0864204466342926 -0.0864204466342926 -0.0864204466342926 -0.0864204466342926 -0.0864204466342926 -0.0864204466342926 -0.0864204466342926 -0.0864204466342926 -0.0864204466342926 -0.0864204466342926 -0.0864204466342926 -0.0864204466342926 -0.0864204466342926 -0.0864204466342926 -0.0864204466342926 -0.0864204466342926 -0.0864204466342926 -0.0864204466342926 -0.0864204466342926 -0.0864204466342926 -0.0864204466342926 -0.0864204466342926 -0.0864204466342926 -0.0864204466342926 -0.0864204466342926 -0.0864204466342926 -0.0864204466342926 -0.0864204466342926 -0.0864204466342926 -0.0864204466342926 -0.0864204466342926 -0.06747663766145706 -0.06971634179353714 -0.067937470972538 -0.05224170908331871 -0.03813114017248154 -0.013875516131520271 -0.007903523743152618 -0.007903523743152618 -0.005043469835072756 -0.0014838578645139933 -0.0014838578645139933 -0.0014951491029933095 -0.0017559255938977003 -0.001417631283402443 -0.0007931627915240824
-0.05224170908331871 -0.05224170908331871 -0.05224170908331871 -0.05224170908331871 -0.05224170908331871 -0.05224170908331871 -0.05224170908331871 -0.05224170908331871 -0.05224170908331871 -0.05224170908331871 -0.05224170908331871 -0.05224170908331871 -0.05224170908331871 -0.05224170908331871 -0.05224170908331871 -0.05224170908331871 -0.05224170908331871 -0.05224170908331871 -0.05224170908331871 -0.05224170908331871 -0.05224170908331871 -0.05224170908331871 -0.05224170908331871 -0.05224170908331871 -0.05224170908331871 -0.05224170908331871 -0.05224170908331871 -0.05224170908331871 -0.05224170908331871 -0.05224170908331871 -0.05224170908331871 -0.05224170908331871 -0.05224170908331871 -0.05224170908331871 -0.06690653413534164 -0.03813114017248154 -0.013875516131520271 -0.007903523743152618 -0.007903523743152618 -0.005043469835072756 -0.0014838578645139933 -0.0014838578645139933 -0.0014951491029933095 -0.0017559255938977003 -0.001417631283402443 -0.0007931627915240824
-0.067937470972538 -0.067937470972538 -0.067937470972538 -0.067937470972538 -0.067937470972538 -0.067937470972538 -0.067937470972538 -0.067937470972538 -0.067937470972538 -0.067937470972538 -0.067937470972538 -0.067937470972538 -0.067937470972538 -0.067937470972538 -0.067937470972538 -0.067937470972538 -0.067937470972538 -0.067937470972538 -0.067937470972538 -0.067937470972538 -0.067937470972538 -0.067937470972538 -0.067937470972538 -0.067937470972538 -0.067937470972538 -0.067937470972538 -0.067937470972538 -0.067937470972538 -0.067937470972538 -0.067937470972538 -0.067937470972538 -0.06747663766145706 -0.067937470972538 -0.06883575767278671 -0.05224170908331871 -0.03813114017248154 -0.013875516131520271 -0.007903523743152618 -0.007903523743152618 -0.005043469835072756 -0.0014838578645139933 -0.0014838578645139933 -0.0014951491029933095 -0.0017559255938977003 -0.001417631283402443 -0.0007931627915240824
-0.06747663766145706 -0.06747663766145706 -0.06747663766145706 -0.06747663766145706 -0.06747663766145706 -0.06747663766145706 -0.06747663766145706 -0.06747663766145706 -0.06747663766145706 -0.06747663766145706 -0.06747663766145706 -0.06747663766145706 -0.06747663766145706 -0.06747663766145706 -0.06747663766145706 -0.06747663766145706 -0.06747663766145706 -0.06747663766145706 -0.06747663766145706 -0.06747663766145706 -0.06747663766145706 -0.06747663766145706 -0.06747663766145706 -0.06747663766145706 -0.06747663766145706 -0.06747663766145706 -0.06747663766145706 -0.06747663766145706 -0.06747663766145706 -0.06747663766145706 -0.06747663766145706 -0.06747663766145706 -0.06747663766145706 -0.06747663766145706 -0.05224170908331871 -0.03813114017248154 -0.013875516131520271 -0.007903523743152618 -0.007903523743152618 -0.005043469835072756 -0.0014838578645139933 -0.0014838578645139933 -0.0014951491029933095 -0.0017559255938977003 -0.001417631283402443 -0.0007931627915240824
-0.0864204466342926 -0.0864204466342926 -0.0864204466342926 -0.0864204466342926 -0.0864204466342926 -0.0864204466342926 -0.0864204466342926 -0.0864204466342926 -0.0864204466342926 -0.0864204466342926 -0.0864204466342926 -0.0864204466342926 -0.0864204466342926 -0.0864204466342926 -0.0864204466342926 -0.0864204466342926 -0.0864204466342926 -0.0864204466342926 -0.0864204466342926 -0.0864204466342926 -0.0864204466342926 -0.0864204466342926 -0.0864204466342926 -0.0864204466342926 -0.0864204466342926 -0.0864204466342926 -0.0864204466342926 -0.0864204466342926 -0.09682001918554306 -0.0864204466342926 -0.0864204466342926 -0.06747663766145706 -0.06971634179353714 -0.067937470972538 -0.05224170908331871 -0.03813114017248154 -0.013875516131520271 -0.007903523743152618 -0.007903523743152618 -0.005043469835072756 -0.0014838578645139933 -0.0014838578645139933 -0.0014951491029933095 -0.0017559255938977003 -0.001417631283402443 -0.0007931627915240824
-0.08724544942378998 -0.08724544942378998 -0.08724544942378998 -0.08724544942378998 -0.08724544942378998 -0.08724544942378998 -0.08724544942378998 -0.08724544942378998 -0.08724544942378998 -0.08724544942378998 -0.08724544942378998 -0.08724544942378998 -0.08724544942378998 -0.08724544942378998 -0.08724544942378998 -0.08724544942378998 -0.08724544942378998 -0.08724544942378998 -0.08724544942378998 -0.08724544942378998 -0.08724544942378998 -0.08724544942378998 -0.08724544942378998 -0.08724544942378998 -0.08724544942378998 -0.08724544942378998 -0.08724544942378998 -0.08724544942378998 -0.0864204466342926 -0.09114637970924377 -0.08709798008203506 -0.06747663766145706 -0.06971634179353714 -0.067937470972538 -0.05224170908331871 -0.03813114017248154 -0.013875516131520271 -0.007903523743152618 -0.007903523743152618 -0.005043469835072756 -0.0014838578645139933 -0.0014838578645139933 -0.0014951491029933095 -0.0017559255938977003 -0.001417631283402443 -0.0007931627915240824
-0.03813114017248154 -0.03813114017248154 -0.03813114017248154 -0.03813114017248154 -0.03813114017248154 -0.03813114017248154 -0.03813114017248154 -0.03813114017248154 -0.03813114017248154 -0.03813114017248154 -0.03813114017248154 -0.03813114017248154 -0.03813114017248154 -0.03813114017248154 -0.03813114017248154 -0.03813114017248154 -0.03813114017248154 -0.03813114017248154 -0.03813114017248154 -0.03813114017248154 -0.03813114017248154 -0.03813114017248154 -0.03813114017248154 -0.03813114017248154 -0.03813114017248154 -0.03813114017248154 -0.03813114017248154 -0.03813114017248154 -0.03813114017248154 -0.03813114017248154 -0.03813114017248154 -0.03813114017248154 -0.03813114017248154 -0.03813114017248154 -0.03813114017248154 -0.03813114017248154 -0.013875516131520271 -0.007903523743152618 -0.007903523743152618 -0.005043469835072756 -0.0014838578645139933 -0.0014838578645139933 -0.0014951491029933095 -0.0017559255938977003 -0.001417631283402443 -0.0007931627915240824
-0.013875516131520271 -0.013875516131520271 -0.013875516131520271 -0.013875516131520271 -0.013875516131520271 -0.013875516131520271 -0.013875516131520271 -0.013875516131520271 -0.013875516131520271 -0.013875516131520271 -0.013875516131520271 -0.013875516131520271 -0.013875516131520271 -0.013875516131520271 -0.013875516131520271 -0.013875516131520271 -0.013875516131520271 -0.013875516131520271 -0.013875516131520271 -0.013875516131520271 -0.013875516131520271 -0.013875516131520271 -0.013875516131520271 -0.013875516131520271 -0.013875516131520271 -0.013875516131520271 -0.013875516131520271 -0.013875516131520271 -0.013875516131520271 -0.013875516131520271 -0.013875516131520271 -0.013875516131520271 -0.013875516131520271 -0.013875516131520271 -0.013875516131520271 -0.013875516131520271 -0.013875516131520271 -0.007903523743152618 -0.007903523743152618 -0.005043469835072756 -0.0014838578645139933 -0.0014838578645139933 -0.0014951491029933095 -0.0017559255938977003 -0.001417631283402443 -0.0007931627915240824
-0.005043469835072756 -0.005043469835072756 -0.005043469835072756 -0.005043469835072756 -0.005043469835072756 -0.005043469835072756 -0.005043469835072756 -0.005043469835072756 -0.005043469835072756 -0.005043469835072756 -0.005043469835072756 -0.005043469835072756 -0.005043469835072756 -0.005043469835072756 -0.005043469835072756 -0.005043469835072756 -0.005043469835072756 -0.005043469835072756 -0.005043469835072756 -0.005043469835072756 -0.005043469835072756 -0.005043469835072756 -0.005043469835072756 -0.005043469835072756 -0.005043469835072756 -0.005043469835072756 -0.005043469835072756 -0.005043469835072756 -0.005043469835072756 -0.005043469835072756 -0.005043469835072756 -0.005043469835072756 -0.005043469835072756 -0.005043469835072756 -0.005043469835072756 -0.005043469835072756 -0.005043469835072756 -0.005043469835072756 -0.005043469835072756 -0.008852184750139713 -0.0014838578645139933 -0.0014838578645139933 -0.0014951491029933095 -0.0017559255938977003 -0.001417631283402443 -0.0007931627915240824
-0.010621215216815472 -0.010621215216815472 -0.010621215216815472 -0.010621215216815472 -0.010621215216815472 -0.010621215216815472 -0.010621215216815472 -0.010621215216815472 -0.010621215216815472 -0.010621215216815472 -0.010621215216815472 -0.010621215216815472 -0.010621215216815472 -0.010621215216815472 -0.010621215216815472 -0.010621215216815472 -0.010621215216815472 -0.010621215216815472 -0.010621215216815472 -0.010621215216815472 -0.010621215216815472 -0.010621215216815472 -0.010621215216815472 -0.010621215216815472 -0.010621215216815472 -0.010621215216815472 -0.010621215216815472 -0.010621215216815472 -0.010621215216815472 -0.010621215216815472 -0.010621215216815472 -0.010621215216815472 -0.010621215216815472 -0.010621215216815472 -0.010621215216815472 -0.010621215216815472 -0.010621215216815472 -0.007903523743152618 -0.007903523743152618 -0.005043469835072756 -0.0014838578645139933 -0.0014838578645139933 -0.0014951491029933095 -0.0017559255938977003 -0.001417631283402443 -0.0007931627915240824
-0.0014951491029933095 -0.0014951491029933095 -0.0014951491029933095 -0.0014951491029933095 -0.0014951491029933095 -0.0014951491029933095 -0.0014951491029933095 -0.0014951491029933095 -0.0014951491029933095 -0.0014951491029933095 -0.0014951491029933095 -0.0014951491029933095 -0.0014951491029933095 -0.0014951491029933095 -0.0014951491029933095 -0.0014951491029933095 -0.0014951491029933095 -0.0014951491029933095 -0.0014951491029933095 -0.0014951491029933095 -0.0014951491029933095 -0.0014951491029933095 -0.0014951491029933095 -0.0014951491029933095 -0.0014951491029933095 -0.0014951491029933095 -0.0014951491029933095 -0.0014951491029933095 -0.0014951491029933095 -0.0014951491029933095 -0.0014951491029933095 -0.0014951491029933095 -0.0014951491029933095 -0.0014951491029933095 -0.0014951491029933095 -0.0014951491029933095 -0.0014951491029933095 -0.0014951491029933095 -0.0014951491029933095 -0.0014951491029933095 -0.0014838578645139933 -0.0014838578645139933 -0.0018650523852556944 -0.0014951491029933095 -0.001417631283402443 -0.0007931627915240824
-0.0017559255938977003 -0.0017559255938977003 -0.0017559255938977003 -0.0017559255938977003 -0.0017559255938977003 -0.0017559255938977003 -0.0017559255938977003 -0.0017559255938977003 -0.0017559255938977003 -0.0017559255938977003 -0.0017559255938977003 -0.0017559255938977003 -0.0017559255938977003 -0.0017559255938977003 -0.0017559255938977003 -0.0017559255938977003 -0.0017559255938977003 -0.0017559255938977003 -0.0017559255938977003 -0.0017559255938977003 -0.0017559255938977003 -0.0017559255938977003 -0.0017559255938977003 -0.0017559255938977003 -0.0017559255938977003 -0.0017559255938977003 -0.0017559255938977003 -0.0017559255938977003 -0.0017559255938977003 -0.0017559255938977003 -0.0017559255938977003 -0.0017559255938977003 -0.0017559255938977003 -0.0017559255938977003 -0.0017559255938977003 -0.0017559255938977003 -0.0017559255938977003 -0.0017559255938977003 -0.0017559255938977003 -0.0017559255938977003 -0.0014838578645139933 -0.0014838578645139933 -0.0014951491029933095 -0.0017559255938977003 -0.001417631283402443 -0.0007931627915240824
-0.0017559255938977003 -0.0017559255938977003 -0.0017559255938977003 -0.0017559255938977003 -0.0017559255938977003 -0.0017559255938977003 -0.0017559255938977003 -0.0017559255938977003 -0.0017559255938977003 -0.0017559255938977003 -0.0017559255938977003 -0.0017559255938977003 -0.0017559255938977003 -0.0017559255938977003 -0.0017559255938977003 -0.0017559255938977003 -0.0017559255938977003 -0.0017559255938977003 -0.0017559255938977003 -0.0017559255938977003 -0.0017559255938977003 -0.0017559255938977003 -0.0017559255938977003 -0.0017559255938977003 -0.0017559255938977003 -0.0017559255938977003 -0.0017559255938977003 -0.0017559255938977003 -0.0017559255938977003 -0.0017559255938977003 -0.0017559255938977003 -0.0017559255938977003 -0.0017559255938977003 -0.0017559255938977003 -0.0017559255938977003 -0.0017559255938977003 -0.0017559255938977003 -0.0017559255938977003 -0.0017559255938977003 -0.0017559255938977003 -0.0014838578645139933 -0.0014838578645139933 -0.0014951491029933095 -0.0017559255938977003 -0.001417631283402443 -0.0007931627915240824
-0.0007931627915240824 -0.0007931627915240824 -0.0007931627915240824 -0.0007931627915240824 -0.0007931627915240824 -0.0007931627915240824 -0.0007931627915240824 -0.0007931627915240824 -0.0007931627915240824 -0.0007931627915240824 -0.0007931627915240824 -0.0007931627915240824 -0.0007931627915240824 -0.0007931627915240824 -0.0007931627915240824 -0.0007931627915240824 -0.0007931627915240824 -0.0007931627915240824 -0.0007931627915240824 -0.0007931627915240824 -0.0007931627915240824 -0.0007931627915240824 -0.0007931627915240824 -0.0007931627915240824 -0.0007931627915240824 -0.0007931627915240824 -0.0007931627915240824 -0.0007931627915240824 -0.0007931627915240824 -0.0007931627915240824 -0.0007931627915240824 -0.0007931627915240824 -0.0007931627915240824 -0.0007931627915240824 -0.0007931627915240824 -0.0007931627915240824 -0.0007931627915240824 -0.0007931627915240824 -0.0007931627915240824 -0.0007931627915240824 -0.0007931627915240824 -0.0007931627915240824 -0.0007931627915240824 -0.0007931627915240824 -0.0007931627915240824 -0.0007931627915240824
-0.0007931627915240824 -0.0007931627915240824 -0.0007931627915240824 -0.0007931627915240824 -0.0007931627915240824 -0.0007931627915240824 -0.0007931627915240824 -0.0007931627915240824 -0.0007931627915240824 -0.0007931627915240824 -0.0007931627915240824 -0.0007931627915240824 -0.0007931627915240824 -0.0007931627915240824 -0.0007931627915240824 -0.0007931627915240824 -0.0007931627915240824 -0.0007931627915240824 -0.0007931627915240824 -0.0007931627915240824 -0.0007931627915240824 -0.0007931627915240824 -0.0007931627915240824 -0.0007931627915240824 -0.0007931627915240824 -0.0007931627915240824 -0.0007931627915240824 -0.0007931627915240824 -0.0007931627915240824 -0.0007931627915240824 -0.0007931627915240824 -0.0007931627915240824 -0.0007931627915240824 -0.0007931627915240824 -0.0007931627915240824 -0.0007931627915240824 -0.0007931627915240824 -0.0007931627915240824 -0.0007931627915240824 -0.0007931627915240824 -0.0007931627915240824 -0.0007931627915240824 -0.0007931627915240824 -0.0007931627915240824 -0.0007931627915240824 -0.0007931627915240824
-0.0008342996588908136 -0.0008342996588908136 -0.0008342996588908136 -0.0008342996588908136 -0.0008342996588908136 -0.0008342996588908136 -0.0008342996588908136 -0.0008342996588908136 -0.0008342996588908136 -0.0008342996588908136 -0.0008342996588908136 -0.0008342996588908136 -0.0008342996588908136 -0.0008342996588908136 -0.0008342996588908136 -0.0008342996588908136 -0.0008342996588908136 -0.0008342996588908136 -0.0008342996588908136 -0.0008342996588908136 -0.0008342996588908136 -0.0008342996588908136 -0.0008342996588908136 -0.0008342996588908136 -0.0008342996588908136 -0.0008342996588908136 -0.0008342996588908136 -0.0008342996588908136 -0.0008342996588908136 -0.0008342996588908136 -0.0008342996588908136 -0.0008342996588908136 -0.0008342996588908136 -0.0008342996588908136 -0.0008342996588908136 -0.0008342996588908136 -0.0008342996588908136 -0.0008342996588908136 -0.0008342996588908136 -0.0008342996588908136 -0.0008342996588908136 -0.0008342996588908136 -0.0008342996588908136 -0.0008342996588908136 -0.0008342996588908136 -0.0007931627915240824