-0.5672623515129089 -0.4277589023113251 -0.4277589023113251 -0.4277589023113251 -0.3938695192337036 -0.13077637553215027 -0.13077637553215027 -0.13077637553215027 -0.3938695192337036 -0.13077637553215027 -0.13077637553215027 -0.35045677423477173 -0.19065213203430176 -0.19065213203430176 -0.19065213203430176 -0.19065213203430176 -0.13077637553215027 -0.19065213203430176 -0.13077637553215027 -0.19065213203430176 -0.13077637553215027 -0.13077637553215027 -0.19065213203430176 -0.19065213203430176 -0.19065213203430176 -0.18431222438812256 -0.16774003207683563 -0.13077637553215027 -0.18709281086921692 -0.18431222438812256 -0.12920399010181427 -0.17301736772060394 -0.12920399010181427 -0.17542514204978943 -0.15052007138729095 -0.08348725736141205 -0.08348725736141205 -0.062675841152668 -0.035062845796346664 -0.0029575892258435488 -0.0023774292785674334 -0.001963019371032715 -0.0012783055426552892 -0.000990282162092626 -0.000990282162092626 -0.0010826551588252187 -0.000794630846939981 -0.000990282162092626 -0.0006941705360077322 -0.0007446265080943704 -0.0007446265080943704 -0.000712122127879411
-0.5672623515129089 -0.4277589023113251 -0.4277589023113251 -0.4277589023113251 -0.3938695192337036 -0.13077637553215027 -0.13077637553215027 -0.13077637553215027 -0.3938695192337036 -0.13077637553215027 -0.13077637553215027 -0.35045677423477173 -0.19065213203430176 -0.19065213203430176 -0.19065213203430176 -0.19065213203430176 -0.13077637553215027 -0.19065213203430176 -0.13077637553215027 -0.19065213203430176 -0.13077637553215027 -0.13077637553215027 -0.19065213203430176 -0.19065213203430176 -0.19065213203430176 -0.18431222438812256 -0.16774003207683563 -0.13077637553215027 -0.18709281086921692 -0.18431222438812256 -0.12920399010181427 -0.17301736772060394 -0.12920399010181427 -0.17542514204978943 -0.15052007138729095 -0.08348725736141205 -0.08348725736141205 -0.062675841152668 -0.035062845796346664 -0.0029575892258435488 -0.0023774292785674334 -0.001963019371032715 -0.0012783055426552892 -0.000990282162092626 -0.000990282162092626 -0.0010826551588252187 -0.000794630846939981 -0.000990282162092626 -0.0006941705360077322 -0.0007446265080943704 -0.0007446265080943704 -0.000712122127879411
-0.3938695192337036 -0.3938695192337036 -0.3938695192337036 -0.3938695192337036 -0.3938695192337036 -0.13077637553215027 -0.13077637553215027 -0.13077637553215027 -0.3938695192337036 -0.13077637553215027 -0.13077637553215027 -0.35045677423477173 -0.19065213203430176 -0.19065213203430176 -0.19065213203430176 -0.19065213203430176 -0.13077637553215027 -0.19065213203430176 -0.13077637553215027 -0.19065213203430176 -0.13077637553215027 -0.13077637553215027 -0.19065213203430176 -0.19065213203430176 -0.19065213203430176 -0.18431222438812256 -0.16774003207683563 -0.13077637553215027 -0.18709281086921692 -0.18431222438812256 -0.12920399010181427 -0.17301736772060394 -0.12920399010181427 -0.17542514204978943 -0.15052007138729095 -0.08348725736141205 -0.08348725736141205 -0.062675841152668 -0.035062845796346664 -0.0029575892258435488 -0.0023774292785674334 -0.001963019371032715 -0.0012783055426552892 -0.000990282162092626 -0.000990282162092626 -0.0010826551588252187 -0.000794630846939981 -0.000990282162092626 -0.0006941705360077322 -0.0007446265080943704 -0.0007446265080943704 -0.000712122127879411
-0.35045677423477173 -0.35045677423477173 -0.35045677423477173 -0.35045677423477173 -0.35045677423477173 -0.13077637553215027 -0.13077637553215027 -0.13077637553215027 -0.35045677423477173 -0.13077637553215027 -0.13077637553215027 -0.35045677423477173 -0.19065213203430176 -0.19065213203430176 -0.19065213203430176 -0.19065213203430176 -0.13077637553215027 -0.19065213203430176 -0.13077637553215027 -0.19065213203430176 -0.13077637553215027 -0.13077637553215027 -0.19065213203430176 -0.19065213203430176 -0.19065213203430176 -0.18431222438812256 -0.16774003207683563 -0.13077637553215027 -0.18709281086921692 -0.18431222438812256 -0.12920399010181427 -0.17301736772060394 -0.12920399010181427 -0.17542514204978943 -0.15052007138729095 -0.08348725736141205 -0.08348725736141205 -0.062675841152668 -0.035062845796346664 -0.0029575892258435488 -0.0023774292785674334 -0.001963019371032715 -0.0012783055426552892 -0.000990282162092626 -0.000990282162092626 -0.0010826551588252187 -0.000794630846939981 -0.000990282162092626 -0.0006941705360077322 -0.0007446265080943704 -0.0007446265080943704 -0.000712122127879411
-0.17301736772060394 -0.17301736772060394 -0.17301736772060394 -0.17301736772060394 -0.17301736772060394 -0.13077637553215027 -0.13077637553215027 -0.13077637553215027 -0.17301736772060394 -0.13077637553215027 -0.13077637553215027 -0.17301736772060394 -0.17301736772060394 -0.17301736772060394 -0.17301736772060394 -0.17301736772060394 -0.13077637553215027 -0.17301736772060394 -0.13077637553215027 -0.17301736772060394 -0.13077637553215027 -0.13077637553215027 -0.17301736772060394 -0.17301736772060394 -0.17301736772060394 -0.17301736772060394 -0.16774003207683563 -0.13077637553215027 -0.17301736772060394 -0.17301736772060394 -0.12920399010181427 -0.17301736772060394 -0.12920399010181427 -0.17301736772060394 -0.15052007138729095 -0.08348725736141205 -0.08348725736141205 -0.062675841152668 -0.035062845796346664 -0.0029575892258435488 -0.0023774292785674334 -0.001963019371032715 -0.0012783055426552892 -0.000990282162092626 -0.000990282162092626 -0.0010826551588252187 -0.000794630846939981 -0.000990282162092626 -0.0006941705360077322 -0.0007446265080943704 -0.0007446265080943704 -0.000712122127879411
-0.12920399010181427 -0.12920399010181427 -0.12920399010181427 -0.12920399010181427 -0.12920399010181427 -0.12920399010181427 -0.12920399010181427 -0.12920399010181427 -0.12920399010181427 -0.12920399010181427 -0.12920399010181427 -0.12920399010181427 -0.12920399010181427 -0.12920399010181427 -0.12920399010181427 -0.12920399010181427 -0.12920399010181427 -0.12920399010181427 -0.12920399010181427 -0.12920399010181427 -0.12920399010181427 -0.12920399010181427 -0.12920399010181427 -0.12920399010181427 -0.12920399010181427 -0.12920399010181427 -0.12920399010181427 -0.12920399010181427 -0.12920399010181427 -0.12920399010181427 -0.12920399010181427 -0.12920399010181427 -0.12920399010181427 -0.12920399010181427 -0.12920399010181427 -0.08348725736141205 -0.08348725736141205 -0.062675841152668 -0.035062845796346664 -0.0029575892258435488 -0.0023774292785674334 -0.001963019371032715 -0.0012783055426552892 -0.000990282162092626 -0.000990282162092626 -0.0010826551588252187 -0.000794630846939981 -0.000990282162092626 -0.0006941705360077322 -0.0007446265080943704 -0.0007446265080943704 -0.000712122127879411
-0.35045677423477173 -0.35045677423477173 -0.35045677423477173 -0.35045677423477173 -0.35045677423477173 -0.13077637553215027 -0.13077637553215027 -0.13077637553215027 -0.35045677423477173 -0.13077637553215027 -0.13077637553215027 -0.35045677423477173 -0.19065213203430176 -0.19065213203430176 -0.19065213203430176 -0.19065213203430176 -0.13077637553215027 -0.19065213203430176 -0.13077637553215027 -0.19065213203430176 -0.13077637553215027 -0.13077637553215027 -0.19065213203430176 -0.19065213203430176 -0.19065213203430176 -0.18431222438812256 -0.16774003207683563 -0.13077637553215027 -0.18709281086921692 -0.18431222438812256 -0.12920399010181427 -0.17301736772060394 -0.12920399010181427 -0.17542514204978943 -0.15052007138729095 -0.08348725736141205 -0.08348725736141205 -0.062675841152668 -0.035062845796346664 -0.0029575892258435488 -0.0023774292785674334 -0.001963019371032715 -0.0012783055426552892 -0.000990282162092626 -0.000990282162092626 -0.0010826551588252187 -0.000794630846939981 -0.000990282162092626 -0.0006941705360077322 -0.0007446265080943704 -0.0007446265080943704 -0.000712122127879411
-0.19065213203430176 -0.19065213203430176 -0.19065213203430176 -0.19065213203430176 -0.19065213203430176 -0.13077637553215027 -0.13077637553215027 -0.13077637553215027 -0.19065213203430176 -0.13077637553215027 -0.13077637553215027 -0.19065213203430176 -0.20553210377693176 -0.20553210377693176 -0.20553210377693176 -0.20553210377693176 -0.13077637553215027 -0.23878709971904755 -0.13077637553215027 -0.23878709971904755 -0.13077637553215027 -0.13077637553215027 -0.20553210377693176 -0.23878709971904755 -0.20553210377693176 -0.18431222438812256 -0.16774003207683563 -0.13077637553215027 -0.18709281086921692 -0.18431222438812256 -0.12920399010181427 -0.17301736772060394 -0.12920399010181427 -0.17542514204978943 -0.15052007138729095 -0.08348725736141205 -0.08348725736141205 -0.062675841152668 -0.035062845796346664 -0.0029575892258435488 -0.0023774292785674334 -0.001963019371032715 -0.0012783055426552892 -0.000990282162092626 -0.000990282162092626 -0.0010826551588252187 -0.000794630846939981 -0.000990282162092626 -0.0006941705360077322 -0.0007446265080943704 -0.0007446265080943704 -0.000712122127879411
-0.19065213203430176 -0.19065213203430176 -0.19065213203430176 -0.19065213203430176 -0.19065213203430176 -0.13077637553215027 -0.13077637553215027 -0.13077637553215027 -0.19065213203430176 -0.13077637553215027 -0.13077637553215027 -0.19065213203430176 -0.30278801918029785 -0.30278801918029785 -0.30278801918029785 -0.326842725276947 -0.13077637553215027 -0.20553210377693176 -0.13077637553215027 -0.20553210377693176 -0.13077637553215027 -0.13077637553215027 -0.2445184886455536 -0.20553210377693176 -0.23616959154605865 -0.18431222438812256 -0.16774003207683563 -0.13077637553215027 -0.18709281086921692 -0.18431222438812256 -0.12920399010181427 -0.17301736772060394 -0.12920399010181427 -0.17542514204978943 -0.15052007138729095 -0.08348725736141205 -0.08348725736141205 -0.062675841152668 -0.035062845796346664 -0.0029575892258435488 -0.0023774292785674334 -0.001963019371032715 -0.0012783055426552892 -0.000990282162092626 -0.000990282162092626 -0.0010826551588252187 -0.000794630846939981 -0.000990282162092626 -0.0006941705360077322 -0.0007446265080943704 -0.0007446265080943704 -0.000712122127879411
-0.13077637553215027 -0.13077637553215027 -0.13077637553215027 -0.13077637553215027 -0.13077637553215027 -0.29517120122909546 -0.29517120122909546 -0.29517120122909546 -0.13077637553215027 -0.29517120122909546 -0.29517120122909546 -0.13077637553215027 -0.13077637553215027 -0.13077637553215027 -0.13077637553215027 -0.13077637553215027 -0.29517120122909546 -0.13077637553215027 -0.19213305413722992 -0.13077637553215027 -0.19213305413722992 -0.24219420552253723 -0.13077637553215027 -0.13077637553215027 -0.13077637553215027 -0.13077637553215027 -0.13077637553215027 -0.17186638712882996 -0.13077637553215027 -0.13077637553215027 -0.12920399010181427 -0.13077637553215027 -0.12920399010181427 -0.13077637553215027 -0.13077637553215027 -0.08348725736141205 -0.08348725736141205 -0.062675841152668 -0.035062845796346664 -0.0029575892258435488 -0.0023774292785674334 -0.001963019371032715 -0.0012783055426552892 -0.000990282162092626 -0.000990282162092626 -0.0010826551588252187 -0.000794630846939981 -0.000990282162092626 -0.0006941705360077322 -0.0007446265080943704 -0.0007446265080943704 -0.000712122127879411
-0.13077637553215027 -0.13077637553215027 -0.13077637553215027 -0.13077637553215027 -0.13077637553215027 -0.29517120122909546 -0.29517120122909546 -0.29517120122909546 -0.13077637553215027 -0.29517120122909546 -0.29517120122909546 -0.13077637553215027 -0.13077637553215027 -0.13077637553215027 -0.13077637553215027 -0.13077637553215027 -0.29517120122909546 -0.13077637553215027 -0.19213305413722992 -0.13077637553215027 -0.19213305413722992 -0.24219420552253723 -0.13077637553215027 -0.13077637553215027 -0.13077637553215027 -0.13077637553215027 -0.13077637553215027 -0.17186638712882996 -0.13077637553215027 -0.13077637553215027 -0.12920399010181427 -0.13077637553215027 -0.12920399010181427 -0.13077637553215027 -0.13077637553215027 -0.08348725736141205 -0.08348725736141205 -0.062675841152668 -0.035062845796346664 -0.0029575892258435488 -0.0023774292785674334 -0.001963019371032715 -0.0012783055426552892 -0.000990282162092626 -0.000990282162092626 -0.0010826551588252187 -0.000794630846939981 -0.000990282162092626 -0.0006941705360077322 -0.0007446265080943704 -0.0007446265080943704 -0.000712122127879411
-0.13077637553215027 -0.13077637553215027 -0.13077637553215027 -0.13077637553215027 -0.13077637553215027 -0.29517120122909546 -0.29517120122909546 -0.29517120122909546 -0.13077637553215027 -0.29517120122909546 -0.29517120122909546 -0.13077637553215027 -0.13077637553215027 -0.13077637553215027 -0.13077637553215027 -0.13077637553215027 -0.29517120122909546 -0.13077637553215027 -0.19213305413722992 -0.13077637553215027 -0.19213305413722992 -0.24219420552253723 -0.13077637553215027 -0.13077637553215027 -0.13077637553215027 -0.13077637553215027 -0.13077637553215027 -0.17186638712882996 -0.13077637553215027 -0.13077637553215027 -0.12920399010181427 -0.13077637553215027 -0.12920399010181427 -0.13077637553215027 -0.13077637553215027 -0.08348725736141205 -0.08348725736141205 -0.062675841152668 -0.035062845796346664 -0.0029575892258435488 -0.0023774292785674334 -0.001963019371032715 -0.0012783055426552892 -0.000990282162092626 -0.000990282162092626 -0.0010826551588252187 -0.000794630846939981 -0.000990282162092626 -0.0006941705360077322 -0.0007446265080943704 -0.0007446265080943704 -0.000712122127879411
-0.13077637553215027 -0.13077637553215027 -0.13077637553215027 -0.13077637553215027 -0.13077637553215027 -0.29517120122909546 -0.29517120122909546 -0.29517120122909546 -0.13077637553215027 -0.29517120122909546 -0.29517120122909546 -0.13077637553215027 -0.13077637553215027 -0.13077637553215027 -0.13077637553215027 -0.13077637553215027 -0.29517120122909546 -0.13077637553215027 -0.19213305413722992 -0.13077637553215027 -0.19213305413722992 -0.24219420552253723 -0.13077637553215027 -0.13077637553215027 -0.13077637553215027 -0.13077637553215027 -0.13077637553215027 -0.17186638712882996 -0.13077637553215027 -0.13077637553215027 -0.12920399010181427 -0.13077637553215027 -0.12920399010181427 -0.13077637553215027 -0.13077637553215027 -0.08348725736141205 -0.08348725736141205 -0.062675841152668 -0.035062845796346664 -0.0029575892258435488 -0.0023774292785674334 -0.001963019371032715 -0.0012783055426552892 -0.000990282162092626 -0.000990282162092626 -0.0010826551588252187 -0.000794630846939981 -0.000990282162092626 -0.0006941705360077322 -0.0007446265080943704 -0.0007446265080943704 -0.000712122127879411
-0.19065213203430176 -0.19065213203430176 -0.19065213203430176 -0.19065213203430176 -0.19065213203430176 -0.13077637553215027 -0.13077637553215027 -0.13077637553215027 -0.19065213203430176 -0.13077637553215027 -0.13077637553215027 -0.19065213203430176 -0.33060240745544434 -0.33060240745544434 -0.33060240745544434 -0.30278801918029785 -0.13077637553215027 -0.20553210377693176 -0.13077637553215027 -0.20553210377693176 -0.13077637553215027 -0.13077637553215027 -0.2445184886455536 -0.20553210377693176 -0.23616959154605865 -0.18431222438812256 -0.16774003207683563 -0.13077637553215027 -0.18709281086921692 -0.18431222438812256 -0.12920399010181427 -0.17301736772060394 -0.12920399010181427 -0.17542514204978943 -0.15052007138729095 -0.08348725736141205 -0.08348725736141205 -0.062675841152668 -0.035062845796346664 -0.0029575892258435488 -0.0023774292785674334 -0.001963019371032715 -0.0012783055426552892 -0.000990282162092626 -0.000990282162092626 -0.0010826551588252187 -0.000794630846939981 -0.000990282162092626 -0.0006941705360077322 -0.0007446265080943704 -0.0007446265080943704 -0.000712122127879411
-0.13077637553215027 -0.13077637553215027 -0.13077637553215027 -0.13077637553215027 -0.13077637553215027 -0.29517120122909546 -0.29517120122909546 -0.29517120122909546 -0.13077637553215027 -0.29517120122909546 -0.29517120122909546 -0.13077637553215027 -0.13077637553215027 -0.13077637553215027 -0.13077637553215027 -0.13077637553215027 -0.29517120122909546 -0.13077637553215027 -0.19213305413722992 -0.13077637553215027 -0.19213305413722992 -0.24219420552253723 -0.13077637553215027 -0.13077637553215027 -0.13077637553215027 -0.13077637553215027 -0.13077637553215027 -0.17186638712882996 -0.13077637553215027 -0.13077637553215027 -0.12920399010181427 -0.13077637553215027 -0.12920399010181427 -0.13077637553215027 -0.13077637553215027 -0.08348725736141205 -0.08348725736141205 -0.062675841152668 -0.035062845796346664 -0.0029575892258435488 -0.0023774292785674334 -0.001963019371032715 -0.0012783055426552892 -0.000990282162092626 -0.000990282162092626 -0.0010826551588252187 -0.000794630846939981 -0.000990282162092626 -0.0006941705360077322 -0.0007446265080943704 -0.0007446265080943704 -0.000712122127879411
-0.13077637553215027 -0.13077637553215027 -0.13077637553215027 -0.13077637553215027 -0.13077637553215027 -0.19213305413722992 -0.19213305413722992 -0.19213305413722992 -0.13077637553215027 -0.19213305413722992 -0.19213305413722992 -0.13077637553215027 -0.13077637553215027 -0.13077637553215027 -0.13077637553215027 -0.13077637553215027 -0.19213305413722992 -0.13077637553215027 -0.19213305413722992 -0.13077637553215027 -0.19213305413722992 -0.19213305413722992 -0.13077637553215027 -0.13077637553215027 -0.13077637553215027 -0.13077637553215027 -0.13077637553215027 -0.17186638712882996 -0.13077637553215027 -0.13077637553215027 -0.12920399010181427 -0.13077637553215027 -0.12920399010181427 -0.13077637553215027 -0.13077637553215027 -0.08348725736141205 -0.08348725736141205 -0.062675841152668 -0.035062845796346664 -0.0029575892258435488 -0.0023774292785674334 -0.001963019371032715 -0.0012783055426552892 -0.000990282162092626 -0.000990282162092626 -0.0010826551588252187 -0.000794630846939981 -0.000990282162092626 -0.0006941705360077322 -0.0007446265080943704 -0.0007446265080943704 -0.000712122127879411
-0.13077637553215027 -0.13077637553215027 -0.13077637553215027 -0.13077637553215027 -0.13077637553215027 -0.29517120122909546 -0.29517120122909546 -0.29517120122909546 -0.13077637553215027 -0.29517120122909546 -0.29517120122909546 -0.13077637553215027 -0.13077637553215027 -0.13077637553215027 -0.13077637553215027 -0.13077637553215027 -0.29517120122909546 -0.13077637553215027 -0.19213305413722992 -0.13077637553215027 -0.19213305413722992 -0.24219420552253723 -0.13077637553215027 -0.13077637553215027 -0.13077637553215027 -0.13077637553215027 -0.13077637553215027 -0.17186638712882996 -0.13077637553215027 -0.13077637553215027 -0.12920399010181427 -0.13077637553215027 -0.12920399010181427 -0.13077637553215027 -0.13077637553215027 -0.08348725736141205 -0.08348725736141205 -0.062675841152668 -0.035062845796346664 -0.0029575892258435488 -0.0023774292785674334 -0.001963019371032715 -0.0012783055426552892 -0.000990282162092626 -0.000990282162092626 -0.0010826551588252187 -0.000794630846939981 -0.000990282162092626 -0.0006941705360077322 -0.0007446265080943704 -0.0007446265080943704 -0.000712122127879411
-0.13077637553215027 -0.13077637553215027 -0.13077637553215027 -0.13077637553215027 -0.13077637553215027 -0.29517120122909546 -0.29517120122909546 -0.29517120122909546 -0.13077637553215027 -0.29517120122909546 -0.29517120122909546 -0.13077637553215027 -0.13077637553215027 -0.13077637553215027 -0.13077637553215027 -0.13077637553215027 -0.29517120122909546 -0.13077637553215027 -0.19213305413722992 -0.13077637553215027 -0.19213305413722992 -0.24219420552253723 -0.13077637553215027 -0.13077637553215027 -0.13077637553215027 -0.13077637553215027 -0.13077637553215027 -0.17186638712882996 -0.13077637553215027 -0.13077637553215027 -0.12920399010181427 -0.13077637553215027 -0.12920399010181427 -0.13077637553215027 -0.13077637553215027 -0.08348725736141205 -0.08348725736141205 -0.062675841152668 -0.035062845796346664 -0.0029575892258435488 -0.0023774292785674334 -0.001963019371032715 -0.0012783055426552892 -0.000990282162092626 -0.000990282162092626 -0.0010826551588252187 -0.000794630846939981 -0.000990282162092626 -0.0006941705360077322 -0.0007446265080943704 -0.0007446265080943704 -0.000712122127879411
-0.13077637553215027 -0.13077637553215027 -0.13077637553215027 -0.13077637553215027 -0.13077637553215027 -0.29517120122909546 -0.29517120122909546 -0.29517120122909546 -0.13077637553215027 -0.29517120122909546 -0.29517120122909546 -0.13077637553215027 -0.13077637553215027 -0.13077637553215027 -0.13077637553215027 -0.13077637553215027 -0.29517120122909546 -0.13077637553215027 -0.19213305413722992 -0.13077637553215027 -0.19213305413722992 -0.24219420552253723 -0.13077637553215027 -0.13077637553215027 -0.13077637553215027 -0.13077637553215027 -0.13077637553215027 -0.17186638712882996 -0.13077637553215027 -0.13077637553215027 -0.12920399010181427 -0.13077637553215027 -0.12920399010181427 -0.13077637553215027 -0.13077637553215027 -0.08348725736141205 -0.08348725736141205 -0.062675841152668 -0.035062845796346664 -0.0029575892258435488 -0.0023774292785674334 -0.001963019371032715 -0.0012783055426552892 -0.000990282162092626 -0.000990282162092626 -0.0010826551588252187 -0.000794630846939981 -0.000990282162092626 -0.0006941705360077322 -0.0007446265080943704 -0.0007446265080943704 -0.000712122127879411
-0.13077637553215027 -0.13077637553215027 -0.13077637553215027 -0.13077637553215027 -0.13077637553215027 -0.29517120122909546 -0.29517120122909546 -0.29517120122909546 -0.13077637553215027 -0.29517120122909546 -0.29517120122909546 -0.13077637553215027 -0.13077637553215027 -0.13077637553215027 -0.13077637553215027 -0.13077637553215027 -0.29517120122909546 -0.13077637553215027 -0.19213305413722992 -0.13077637553215027 -0.19213305413722992 -0.24219420552253723 -0.13077637553215027 -0.13077637553215027 -0.13077637553215027 -0.13077637553215027 -0.13077637553215027 -0.17186638712882996 -0.13077637553215027 -0.13077637553215027 -0.12920399010181427 -0.13077637553215027 -0.12920399010181427 -0.13077637553215027 -0.13077637553215027 -0.08348725736141205 -0.08348725736141205 -0.062675841152668 -0.035062845796346664 -0.0029575892258435488 -0.0023774292785674334 -0.001963019371032715 -0.0012783055426552892 -0.000990282162092626 -0.000990282162092626 -0.0010826551588252187 -0.000794630846939981 -0.000990282162092626 -0.0006941705360077322 -0.0007446265080943704 -0.0007446265080943704 -0.000712122127879411
-0.13077637553215027 -0.13077637553215027 -0.13077637553215027 -0.13077637553215027 -0.13077637553215027 -0.29517120122909546 -0.29517120122909546 -0.29517120122909546 -0.13077637553215027 -0.29517120122909546 -0.29517120122909546 -0.13077637553215027 -0.13077637553215027 -0.13077637553215027 -0.13077637553215027 -0.13077637553215027 -0.29517120122909546 -0.13077637553215027 -0.19213305413722992 -0.13077637553215027 -0.19213305413722992 -0.24219420552253723 -0.13077637553215027 -0.13077637553215027 -0.13077637553215027 -0.13077637553215027 -0.13077637553215027 -0.17186638712882996 -0.13077637553215027 -0.13077637553215027 -0.12920399010181427 -0.13077637553215027 -0.12920399010181427 -0.13077637553215027 -0.13077637553215027 -0.08348725736141205 -0.08348725736141205 -0.062675841152668 -0.035062845796346664 -0.0029575892258435488 -0.0023774292785674334 -0.001963019371032715 -0.0012783055426552892 -0.000990282162092626 -0.000990282162092626 -0.0010826551588252187 -0.000794630846939981 -0.000990282162092626 -0.0006941705360077322 -0.0007446265080943704 -0.0007446265080943704 -0.000712122127879411
-0.19065213203430176 -0.19065213203430176 -0.19065213203430176 -0.19065213203430176 -0.19065213203430176 -0.13077637553215027 -0.13077637553215027 -0.13077637553215027 -0.19065213203430176 -0.13077637553215027 -0.13077637553215027 -0.19065213203430176 -0.20553210377693176 -0.20553210377693176 -0.20553210377693176 -0.20553210377693176 -0.13077637553215027 -0.23878709971904755 -0.13077637553215027 -0.23878709971904755 -0.13077637553215027 -0.13077637553215027 -0.20553210377693176 -0.23878709971904755 -0.20553210377693176 -0.18431222438812256 -0.16774003207683563 -0.13077637553215027 -0.18709281086921692 -0.18431222438812256 -0.12920399010181427 -0.17301736772060394 -0.12920399010181427 -0.17542514204978943 -0.15052007138729095 -0.08348725736141205 -0.08348725736141205 -0.062675841152668 -0.035062845796346664 -0.0029575892258435488 -0.0023774292785674334 -0.001963019371032715 -0.0012783055426552892 -0.000990282162092626 -0.000990282162092626 -0.0010826551588252187 -0.000794630846939981 -0.000990282162092626 -0.0006941705360077322 -0.0007446265080943704 -0.0007446265080943704 -0.000712122127879411
-0.035062845796346664 -0.035062845796346664 -0.035062845796346664 -0.035062845796346664 -0.035062845796346664 -0.035062845796346664 -0.035062845796346664 -0.035062845796346664 -0.035062845796346664 -0.035062845796346664 -0.035062845796346664 -0.035062845796346664 -0.035062845796346664 -0.035062845796346664 -0.035062845796346664 -0.035062845796346664 -0.035062845796346664 -0.035062845796346664 -0.035062845796346664 -0.035062845796346664 -0.035062845796346664 -0.035062845796346664 -0.035062845796346664 -0.035062845796346664 -0.035062845796346664 -0.035062845796346664 -0.035062845796346664 -0.035062845796346664 -0.035062845796346664 -0.035062845796346664 -0.035062845796346664 -0.035062845796346664 -0.035062845796346664 -0.035062845796346664 -0.035062845796346664 -0.035062845796346664 -0.035062845796346664 -0.035062845796346664 -0.035062845796346664 -0.0029575892258435488 -0.0023774292785674334 -0.001963019371032715 -0.0012783055426552892 -0.000990282162092626 -0.000990282162092626 -0.0010826551588252187 -0.000794630846939981 -0.000990282162092626 -0.0006941705360077322 -0.0007446265080943704 -0.0007446265080943704 -0.000712122127879411
-0.19065213203430176 -0.19065213203430176 -0.19065213203430176 -0.19065213203430176 -0.19065213203430176 -0.13077637553215027 -0.13077637553215027 -0.13077637553215027 -0.19065213203430176 -0.13077637553215027 -0.13077637553215027 -0.19065213203430176 -0.2445184886455536 -0.2445184886455536 -0.2445184886455536 -0.2445184886455536 -0.13077637553215027 -0.20553210377693176 -0.13077637553215027 -0.20553210377693176 -0.13077637553215027 -0.13077637553215027 -0.2446269541978836 -0.20553210377693176 -0.23616959154605865 -0.18431222438812256 -0.16774003207683563 -0.13077637553215027 -0.18709281086921692 -0.18431222438812256 -0.12920399010181427 -0.17301736772060394 -0.12920399010181427 -0.17542514204978943 -0.15052007138729095 -0.08348725736141205 -0.08348725736141205 -0.062675841152668 -0.035062845796346664 -0.0029575892258435488 -0.0023774292785674334 -0.001963019371032715 -0.0012783055426552892 -0.000990282162092626 -0.000990282162092626 -0.0010826551588252187 -0.000794630846939981 -0.000990282162092626 -0.0006941705360077322 -0.0007446265080943704 -0.0007446265080943704 -0.000712122127879411
-0.18709281086921692 -0.18709281086921692 -0.18709281086921692 -0.18709281086921692 -0.18709281086921692 -0.13077637553215027 -0.13077637553215027 -0.13077637553215027 -0.18709281086921692 -0.13077637553215027 -0.13077637553215027 -0.18709281086921692 -0.18709281086921692 -0.18709281086921692 -0.18709281086921692 -0.18709281086921692 -0.13077637553215027 -0.18709281086921692 -0.13077637553215027 -0.18709281086921692 -0.13077637553215027 -0.13077637553215027 -0.18709281086921692 -0.18709281086921692 -0.18709281086921692 -0.18431222438812256 -0.16774003207683563 -0.13077637553215027 -0.18709281086921692 -0.18431222438812256 -0.12920399010181427 -0.17301736772060394 -0.12920399010181427 -0.17542514204978943 -0.15052007138729095 -0.08348725736141205 -0.08348725736141205 -0.062675841152668 -0.035062845796346664 -0.0029575892258435488 -0.0023774292785674334 -0.001963019371032715 -0.0012783055426552892 -0.000990282162092626 -0.000990282162092626 -0.0010826551588252187 -0.000794630846939981 -0.000990282162092626 -0.0006941705360077322 -0.0007446265080943704 -0.0007446265080943704 -0.000712122127879411
-0.19065213203430176 -0.19065213203430176 -0.19065213203430176 -0.19065213203430176 -0.19065213203430176 -0.13077637553215027 -0.13077637553215027 -0.13077637553215027 -0.19065213203430176 -0.13077637553215027 -0.13077637553215027 -0.19065213203430176 -0.2929580807685852 -0.2929580807685852 -0.2929580807685852 -0.2929580807685852 -0.13077637553215027 -0.20553210377693176 -0.13077637553215027 -0.20553210377693176 -0.13077637553215027 -0.13077637553215027 -0.2445184886455536 -0.20553210377693176 -0.23616959154605865 -0.18431222438812256 -0.16774003207683563 -0.13077637553215027 -0.18709281086921692 -0.18431222438812256 -0.12920399010181427 -0.17301736772060394 -0.12920399010181427 -0.17542514204978943 -0.15052007138729095 -0.08348725736141205 -0.08348725736141205 -0.062675841152668 -0.035062845796346664 -0.0029575892258435488 -0.0023774292785674334 -0.001963019371032715 -0.0012783055426552892 -0.000990282162092626 -0.000990282162092626 -0.0010826551588252187 -0.000794630846939981 -0.000990282162092626 -0.0006941705360077322 -0.0007446265080943704 -0.0007446265080943704 -0.000712122127879411
-0.19065213203430176 -0.19065213203430176 -0.19065213203430176 -0.19065213203430176 -0.19065213203430176 -0.13077637553215027 -0.13077637553215027 -0.13077637553215027 -0.19065213203430176 -0.13077637553215027 -0.13077637553215027 -0.19065213203430176 -0.2445184886455536 -0.2445184886455536 -0.2445184886455536 -0.2445184886455536 -0.13077637553215027 -0.20553210377693176 -0.13077637553215027 -0.20553210377693176 -0.13077637553215027 -0.13077637553215027 -0.2445184886455536 -0.20553210377693176 -0.23616959154605865 -0.18431222438812256 -0.16774003207683563 -0.13077637553215027 -0.18709281086921692 -0.18431222438812256 -0.12920399010181427 -0.17301736772060394 -0.12920399010181427 -0.17542514204978943 -0.15052007138729095 -0.08348725736141205 -0.08348725736141205 -0.062675841152668 -0.035062845796346664 -0.0029575892258435488 -0.0023774292785674334 -0.001963019371032715 -0.0012783055426552892 -0.000990282162092626 -0.000990282162092626 -0.0010826551588252187 -0.000794630846939981 -0.000990282162092626 -0.0006941705360077322 -0.0007446265080943704 -0.0007446265080943704 -0.000712122127879411
-0.19065213203430176 -0.19065213203430176 -0.19065213203430176 -0.19065213203430176 -0.19065213203430176 -0.13077637553215027 -0.13077637553215027 -0.13077637553215027 -0.19065213203430176 -0.13077637553215027 -0.13077637553215027 -0.19065213203430176 -0.20553210377693176 -0.20553210377693176 -0.20553210377693176 -0.20553210377693176 -0.13077637553215027 -0.20553210377693176 -0.13077637553215027 -0.20553210377693176 -0.13077637553215027 -0.13077637553215027 -0.20553210377693176 -0.20553210377693176 -0.20553210377693176 -0.18431222438812256 -0.16774003207683563 -0.13077637553215027 -0.18709281086921692 -0.18431222438812256 -0.12920399010181427 -0.17301736772060394 -0.12920399010181427 -0.17542514204978943 -0.15052007138729095 -0.08348725736141205 -0.08348725736141205 -0.062675841152668 -0.035062845796346664 -0.0029575892258435488 -0.0023774292785674334 -0.001963019371032715 -0.0012783055426552892 -0.000990282162092626 -0.000990282162092626 -0.0010826551588252187 -0.000794630846939981 -0.000990282162092626 -0.0006941705360077322 -0.0007446265080943704 -0.0007446265080943704 -0.000712122127879411
-0.08348725736141205 -0.08348725736141205 -0.08348725736141205 -0.08348725736141205 -0.08348725736141205 -0.08348725736141205 -0.08348725736141205 -0.08348725736141205 -0.08348725736141205 -0.08348725736141205 -0.08348725736141205 -0.08348725736141205 -0.08348725736141205 -0.08348725736141205 -0.08348725736141205 -0.08348725736141205 -0.08348725736141205 -0.08348725736141205 -0.08348725736141205 -0.08348725736141205 -0.08348725736141205 -0.08348725736141205 -0.08348725736141205 -0.08348725736141205 -0.08348725736141205 -0.08348725736141205 -0.08348725736141205 -0.08348725736141205 -0.08348725736141205 -0.08348725736141205 -0.08348725736141205 -0.08348725736141205 -0.08348725736141205 -0.08348725736141205 -0.08348725736141205 -0.08348725736141205 -0.08348725736141205 -0.062675841152668 -0.035062845796346664 -0.0029575892258435488 -0.0023774292785674334 -0.001963019371032715 -0.0012783055426552892 -0.000990282162092626 -0.000990282162092626 -0.0010826551588252187 -0.000794630846939981 -0.000990282162092626 -0.0006941705360077322 -0.0007446265080943704 -0.0007446265080943704 -0.000712122127879411
-0.12920399010181427 -0.12920399010181427 -0.12920399010181427 -0.12920399010181427 -0.12920399010181427 -0.12920399010181427 -0.12920399010181427 -0.12920399010181427 -0.12920399010181427 -0.12920399010181427 -0.12920399010181427 -0.12920399010181427 -0.12920399010181427 -0.12920399010181427 -0.12920399010181427 -0.12920399010181427 -0.12920399010181427 -0.12920399010181427 -0.12920399010181427 -0.12920399010181427 -0.12920399010181427 -0.12920399010181427 -0.12920399010181427 -0.12920399010181427 -0.12920399010181427 -0.12920399010181427 -0.12920399010181427 -0.12920399010181427 -0.12920399010181427 -0.12920399010181427 -0.12920399010181427 -0.12920399010181427 -0.12920399010181427 -0.12920399010181427 -0.12920399010181427 -0.08348725736141205 -0.08348725736141205 -0.062675841152668 -0.035062845796346664 -0.0029575892258435488 -0.0023774292785674334 -0.001963019371032715 -0.0012783055426552892 -0.000990282162092626 -0.000990282162092626 -0.0010826551588252187 -0.000794630846939981 -0.000990282162092626 -0.0006941705360077322 -0.0007446265080943704 -0.0007446265080943704 -0.000712122127879411
-0.12920399010181427 -0.12920399010181427 -0.12920399010181427 -0.12920399010181427 -0.12920399010181427 -0.12920399010181427 -0.12920399010181427 -0.12920399010181427 -0.12920399010181427 -0.12920399010181427 -0.12920399010181427 -0.12920399010181427 -0.12920399010181427 -0.12920399010181427 -0.12920399010181427 -0.12920399010181427 -0.12920399010181427 -0.12920399010181427 -0.12920399010181427 -0.12920399010181427 -0.12920399010181427 -0.12920399010181427 -0.12920399010181427 -0.12920399010181427 -0.12920399010181427 -0.12920399010181427 -0.12920399010181427 -0.12920399010181427 -0.12920399010181427 -0.12920399010181427 -0.12920399010181427 -0.12920399010181427 -0.12920399010181427 -0.12920399010181427 -0.12920399010181427 -0.08348725736141205 -0.08348725736141205 -0.062675841152668 -0.035062845796346664 -0.0029575892258435488 -0.0023774292785674334 -0.001963019371032715 -0.0012783055426552892 -0.000990282162092626 -0.000990282162092626 -0.0010826551588252187 -0.000794630846939981 -0.000990282162092626 -0.0006941705360077322 -0.0007446265080943704 -0.0007446265080943704 -0.000712122127879411
-0.12920399010181427 -0.12920399010181427 -0.12920399010181427 -0.12920399010181427 -0.12920399010181427 -0.12920399010181427 -0.12920399010181427 -0.12920399010181427 -0.12920399010181427 -0.12920399010181427 -0.12920399010181427 -0.12920399010181427 -0.12920399010181427 -0.12920399010181427 -0.12920399010181427 -0.12920399010181427 -0.12920399010181427 -0.12920399010181427 -0.12920399010181427 -0.12920399010181427 -0.12920399010181427 -0.12920399010181427 -0.12920399010181427 -0.12920399010181427 -0.12920399010181427 -0.12920399010181427 -0.12920399010181427 -0.12920399010181427 -0.12920399010181427 -0.12920399010181427 -0.12920399010181427 -0.12920399010181427 -0.12920399010181427 -0.12920399010181427 -0.12920399010181427 -0.08348725736141205 -0.08348725736141205 -0.062675841152668 -0.035062845796346664 -0.0029575892258435488 -0.0023774292785674334 -0.001963019371032715 -0.0012783055426552892 -0.000990282162092626 -0.000990282162092626 -0.0010826551588252187 -0.000794630846939981 -0.000990282162092626 -0.0006941705360077322 -0.0007446265080943704 -0.0007446265080943704 -0.000712122127879411
-0.12920399010181427 -0.12920399010181427 -0.12920399010181427 -0.12920399010181427 -0.12920399010181427 -0.12920399010181427 -0.12920399010181427 -0.12920399010181427 -0.12920399010181427 -0.12920399010181427 -0.12920399010181427 -0.12920399010181427 -0.12920399010181427 -0.12920399010181427 -0.12920399010181427 -0.12920399010181427 -0.12920399010181427 -0.12920399010181427 -0.12920399010181427 -0.12920399010181427 -0.12920399010181427 -0.12920399010181427 -0.12920399010181427 -0.12920399010181427 -0.12920399010181427 -0.12920399010181427 -0.12920399010181427 -0.12920399010181427 -0.12920399010181427 -0.12920399010181427 -0.12920399010181427 -0.12920399010181427 -0.12920399010181427 -0.12920399010181427 -0.12920399010181427 -0.08348725736141205 -0.08348725736141205 -0.062675841152668 -0.035062845796346664 -0.0029575892258435488 -0.0023774292785674334 -0.001963019371032715 -0.0012783055426552892 -0.000990282162092626 -0.000990282162092626 -0.0010826551588252187 -0.000794630846939981 -0.000990282162092626 -0.0006941705360077322 -0.0007446265080943704 -0.0007446265080943704 -0.000712122127879411
-0.12920399010181427 -0.12920399010181427 -0.12920399010181427 -0.12920399010181427 -0.12920399010181427 -0.12920399010181427 -0.12920399010181427 -0.12920399010181427 -0.12920399010181427 -0.12920399010181427 -0.12920399010181427 -0.12920399010181427 -0.12920399010181427 -0.12920399010181427 -0.12920399010181427 -0.12920399010181427 -0.12920399010181427 -0.12920399010181427 -0.12920399010181427 -0.12920399010181427 -0.12920399010181427 -0.12920399010181427 -0.12920399010181427 -0.12920399010181427 -0.12920399010181427 -0.12920399010181427 -0.12920399010181427 -0.12920399010181427 -0.12920399010181427 -0.12920399010181427 -0.12920399010181427 -0.12920399010181427 -0.12920399010181427 -0.12920399010181427 -0.12920399010181427 -0.08348725736141205 -0.08348725736141205 -0.062675841152668 -0.035062845796346664 -0.0029575892258435488 -0.0023774292785674334 -0.001963019371032715 -0.0012783055426552892 -0.000990282162092626 -0.000990282162092626 -0.0010826551588252187 -0.000794630846939981 -0.000990282162092626 -0.0006941705360077322 -0.0007446265080943704 -0.0007446265080943704 -0.000712122127879411
-0.13077637553215027 -0.13077637553215027 -0.13077637553215027 -0.13077637553215027 -0.13077637553215027 -0.19809110462665558 -0.19809110462665558 -0.19809110462665558 -0.13077637553215027 -0.19809110462665558 -0.19809110462665558 -0.13077637553215027 -0.13077637553215027 -0.13077637553215027 -0.13077637553215027 -0.13077637553215027 -0.19809110462665558 -0.13077637553215027 -0.19213305413722992 -0.13077637553215027 -0.19213305413722992 -0.19809110462665558 -0.13077637553215027 -0.13077637553215027 -0.13077637553215027 -0.13077637553215027 -0.13077637553215027 -0.17186638712882996 -0.13077637553215027 -0.13077637553215027 -0.12920399010181427 -0.13077637553215027 -0.12920399010181427 -0.13077637553215027 -0.13077637553215027 -0.08348725736141205 -0.08348725736141205 -0.062675841152668 -0.035062845796346664 -0.0029575892258435488 -0.0023774292785674334 -0.001963019371032715 -0.0012783055426552892 -0.000990282162092626 -0.000990282162092626 -0.0010826551588252187 -0.000794630846939981 -0.000990282162092626 -0.0006941705360077322 -0.0007446265080943704 -0.0007446265080943704 -0.000712122127879411
-0.08348725736141205 -0.08348725736141205 -0.08348725736141205 -0.08348725736141205 -0.08348725736141205 -0.08348725736141205 -0.08348725736141205 -0.08348725736141205 -0.08348725736141205 -0.08348725736141205 -0.08348725736141205 -0.08348725736141205 -0.08348725736141205 -0.08348725736141205 -0.08348725736141205 -0.08348725736141205 -0.08348725736141205 -0.08348725736141205 -0.08348725736141205 -0.08348725736141205 -0.08348725736141205 -0.08348725736141205 -0.08348725736141205 -0.08348725736141205 -0.08348725736141205 -0.08348725736141205 -0.08348725736141205 -0.08348725736141205 -0.08348725736141205 -0.08348725736141205 -0.08348725736141205 -0.08348725736141205 -0.08348725736141205 -0.08348725736141205 -0.08348725736141205 -0.08348725736141205 -0.08348725736141205 -0.062675841152668 -0.035062845796346664 -0.0029575892258435488 -0.0023774292785674334 -0.001963019371032715 -0.0012783055426552892 -0.000990282162092626 -0.000990282162092626 -0.0010826551588252187 -0.000794630846939981 -0.000990282162092626 -0.0006941705360077322 -0.0007446265080943704 -0.0007446265080943704 -0.000712122127879411
-0.12920399010181427 -0.12920399010181427 -0.12920399010181427 -0.12920399010181427 -0.12920399010181427 -0.12920399010181427 -0.12920399010181427 -0.12920399010181427 -0.12920399010181427 -0.12920399010181427 -0.12920399010181427 -0.12920399010181427 -0.12920399010181427 -0.12920399010181427 -0.12920399010181427 -0.12920399010181427 -0.12920399010181427 -0.12920399010181427 -0.12920399010181427 -0.12920399010181427 -0.12920399010181427 -0.12920399010181427 -0.12920399010181427 -0.12920399010181427 -0.12920399010181427 -0.12920399010181427 -0.12920399010181427 -0.12920399010181427 -0.12920399010181427 -0.12920399010181427 -0.17747198045253754 -0.12920399010181427 -0.17747198045253754 -0.12920399010181427 -0.12920399010181427 -0.08348725736141205 -0.08348725736141205 -0.062675841152668 -0.035062845796346664 -0.0029575892258435488 -0.0023774292785674334 -0.001963019371032715 -0.0012783055426552892 -0.000990282162092626 -0.000990282162092626 -0.0010826551588252187 -0.000794630846939981 -0.000990282162092626 -0.0006941705360077322 -0.0007446265080943704 -0.0007446265080943704 -0.000712122127879411
-0.13077637553215027 -0.13077637553215027 -0.13077637553215027 -0.13077637553215027 -0.13077637553215027 -0.15730397403240204 -0.15730397403240204 -0.15730397403240204 -0.13077637553215027 -0.15730397403240204 -0.15730397403240204 -0.13077637553215027 -0.13077637553215027 -0.13077637553215027 -0.13077637553215027 -0.13077637553215027 -0.15730397403240204 -0.13077637553215027 -0.15730397403240204 -0.13077637553215027 -0.15730397403240204 -0.15730397403240204 -0.13077637553215027 -0.13077637553215027 -0.13077637553215027 -0.13077637553215027 -0.13077637553215027 -0.15730397403240204 -0.13077637553215027 -0.13077637553215027 -0.12920399010181427 -0.13077637553215027 -0.12920399010181427 -0.13077637553215027 -0.13077637553215027 -0.08348725736141205 -0.08348725736141205 -0.062675841152668 -0.035062845796346664 -0.0029575892258435488 -0.0023774292785674334 -0.001963019371032715 -0.0012783055426552892 -0.000990282162092626 -0.000990282162092626 -0.0010826551588252187 -0.000794630846939981 -0.000990282162092626 -0.0006941705360077322 -0.0007446265080943704 -0.0007446265080943704 -0.000712122127879411
-0.15147267282009125 -0.15147267282009125 -0.15147267282009125 -0.15147267282009125 -0.15147267282009125 -0.13077637553215027 -0.13077637553215027 -0.13077637553215027 -0.15147267282009125 -0.13077637553215027 -0.13077637553215027 -0.15147267282009125 -0.15147267282009125 -0.15147267282009125 -0.15147267282009125 -0.15147267282009125 -0.13077637553215027 -0.15147267282009125 -0.13077637553215027 -0.15147267282009125 -0.13077637553215027 -0.13077637553215027 -0.15147267282009125 -0.15147267282009125 -0.15147267282009125 -0.15147267282009125 -0.15147267282009125 -0.13077637553215027 -0.15147267282009125 -0.15147267282009125 -0.12920399010181427 -0.15147267282009125 -0.12920399010181427 -0.15147267282009125 -0.15052007138729095 -0.08348725736141205 -0.08348725736141205 -0.062675841152668 -0.035062845796346664 -0.0029575892258435488 -0.0023774292785674334 -0.001963019371032715 -0.0012783055426552892 -0.000990282162092626 -0.000990282162092626 -0.0010826551588252187 -0.000794630846939981 -0.000990282162092626 -0.0006941705360077322 -0.0007446265080943704 -0.0007446265080943704 -0.000712122127879411
-0.062675841152668 -0.062675841152668 -0.062675841152668 -0.062675841152668 -0.062675841152668 -0.062675841152668 -0.062675841152668 -0.062675841152668 -0.062675841152668 -0.062675841152668 -0.062675841152668 -0.062675841152668 -0.062675841152668 -0.062675841152668 -0.062675841152668 -0.062675841152668 -0.062675841152668 -0.062675841152668 -0.062675841152668 -0.062675841152668 -0.062675841152668 -0.062675841152668 -0.062675841152668 -0.062675841152668 -0.062675841152668 -0.062675841152668 -0.062675841152668 -0.062675841152668 -0.062675841152668 -0.062675841152668 -0.062675841152668 -0.062675841152668 -0.062675841152668 -0.062675841152668 -0.062675841152668 -0.062675841152668 -0.062675841152668 -0.062675841152668 -0.035062845796346664 -0.0029575892258435488 -0.0023774292785674334 -0.001963019371032715 -0.0012783055426552892 -0.000990282162092626 -0.000990282162092626 -0.0010826551588252187 -0.000794630846939981 -0.000990282162092626 -0.0006941705360077322 -0.0007446265080943704 -0.0007446265080943704 -0.000712122127879411
-0.08348725736141205 -0.08348725736141205 -0.08348725736141205 -0.08348725736141205 -0.08348725736141205 -0.08348725736141205 -0.08348725736141205 -0.08348725736141205 -0.08348725736141205 -0.08348725736141205 -0.08348725736141205 -0.08348725736141205 -0.08348725736141205 -0.08348725736141205 -0.08348725736141205 -0.08348725736141205 -0.08348725736141205 -0.08348725736141205 -0.08348725736141205 -0.08348725736141205 -0.08348725736141205 -0.08348725736141205 -0.08348725736141205 -0.08348725736141205 -0.08348725736141205 -0.08348725736141205 -0.08348725736141205 -0.08348725736141205 -0.08348725736141205 -0.08348725736141205 -0.08348725736141205 -0.08348725736141205 -0.08348725736141205 -0.08348725736141205 -0.08348725736141205 -0.08348725736141205 -0.08348725736141205 -0.062675841152668 -0.035062845796346664 -0.0029575892258435488 -0.0023774292785674334 -0.001963019371032715 -0.0012783055426552892 -0.000990282162092626 -0.000990282162092626 -0.0010826551588252187 -0.000794630846939981 -0.000990282162092626 -0.0006941705360077322 -0.0007446265080943704 -0.0007446265080943704 -0.000712122127879411
-0.12128473818302155 -0.12128473818302155 -0.12128473818302155 -0.12128473818302155 -0.12128473818302155 -0.12128473818302155 -0.12128473818302155 -0.12128473818302155 -0.12128473818302155 -0.12128473818302155 -0.12128473818302155 -0.12128473818302155 -0.12128473818302155 -0.12128473818302155 -0.12128473818302155 -0.12128473818302155 -0.12128473818302155 -0.12128473818302155 -0.12128473818302155 -0.12128473818302155 -0.12128473818302155 -0.12128473818302155 -0.12128473818302155 -0.12128473818302155 -0.12128473818302155 -0.12128473818302155 -0.12128473818302155 -0.12128473818302155 -0.12128473818302155 -0.12128473818302155 -0.12128473818302155 -0.12128473818302155 -0.12128473818302155 -0.12128473818302155 -0.12128473818302155 -0.08348725736141205 -0.08348725736141205 -0.062675841152668 -0.035062845796346664 -0.0029575892258435488 -0.0023774292785674334 -0.001963019371032715 -0.0012783055426552892 -0.000990282162092626 -0.000990282162092626 -0.0010826551588252187 -0.000794630846939981 -0.000990282162092626 -0.0006941705360077322 -0.0007446265080943704 -0.0007446265080943704 -0.000712122127879411
-0.11683231592178345 -0.11683231592178345 -0.11683231592178345 -0.11683231592178345 -0.11683231592178345 -0.11683231592178345 -0.11683231592178345 -0.11683231592178345 -0.11683231592178345 -0.11683231592178345 -0.11683231592178345 -0.11683231592178345 -0.11683231592178345 -0.11683231592178345 -0.11683231592178345 -0.11683231592178345 -0.11683231592178345 -0.11683231592178345 -0.11683231592178345 -0.11683231592178345 -0.11683231592178345 -0.11683231592178345 -0.11683231592178345 -0.11683231592178345 -0.11683231592178345 -0.11683231592178345 -0.11683231592178345 -0.11683231592178345 -0.11683231592178345 -0.11683231592178345 -0.11683231592178345 -0.11683231592178345 -0.11683231592178345 -0.11683231592178345 -0.11683231592178345 -0.08348725736141205 -0.08348725736141205 -0.062675841152668 -0.035062845796346664 -0.0029575892258435488 -0.0023774292785674334 -0.001963019371032715 -0.0012783055426552892 -0.000990282162092626 -0.000990282162092626 -0.0010826551588252187 -0.000794630846939981 -0.000990282162092626 -0.0006941705360077322 -0.0007446265080943704 -0.0007446265080943704 -0.000712122127879411
-0.11238750070333481 -0.11238750070333481 -0.11238750070333481 -0.11238750070333481 -0.11238750070333481 -0.11238750070333481 -0.11238750070333481 -0.11238750070333481 -0.11238750070333481 -0.11238750070333481 -0.11238750070333481 -0.11238750070333481 -0.11238750070333481 -0.11238750070333481 -0.11238750070333481 -0.11238750070333481 -0.11238750070333481 -0.11238750070333481 -0.11238750070333481 -0.11238750070333481 -0.11238750070333481 -0.11238750070333481 -0.11238750070333481 -0.11238750070333481 -0.11238750070333481 -0.11238750070333481 -0.11238750070333481 -0.11238750070333481 -0.11238750070333481 -0.11238750070333481 -0.11238750070333481 -0.11238750070333481 -0.11238750070333481 -0.11238750070333481 -0.11238750070333481 -0.08348725736141205 -0.08348725736141205 -0.062675841152668 -0.035062845796346664 -0.0029575892258435488 -0.0023774292785674334 -0.001963019371032715 -0.0012783055426552892 -0.000990282162092626 -0.000990282162092626 -0.0010826551588252187 -0.000794630846939981 -0.000990282162092626 -0.0006941705360077322 -0.0007446265080943704 -0.0007446265080943704 -0.000712122127879411
-0.10641420632600784 -0.10641420632600784 -0.10641420632600784 -0.10641420632600784 -0.10641420632600784 -0.10641420632600784 -0.10641420632600784 -0.10641420632600784 -0.10641420632600784 -0.10641420632600784 -0.10641420632600784 -0.10641420632600784 -0.10641420632600784 -0.10641420632600784 -0.10641420632600784 -0.10641420632600784 -0.10641420632600784 -0.10641420632600784 -0.10641420632600784 -0.10641420632600784 -0.10641420632600784 -0.10641420632600784 -0.10641420632600784 -0.10641420632600784 -0.10641420632600784 -0.10641420632600784 -0.10641420632600784 -0.10641420632600784 -0.10641420632600784 -0.10641420632600784 -0.10641420632600784 -0.10641420632600784 -0.10641420632600784 -0.10641420632600784 -0.10641420632600784 -0.08348725736141205 -0.08348725736141205 -0.062675841152668 -0.035062845796346664 -0.0029575892258435488 -0.0023774292785674334 -0.001963019371032715 -0.0012783055426552892 -0.000990282162092626 -0.000990282162092626 -0.0010826551588252187 -0.000794630846939981 -0.000990282162092626 -0.0006941705360077322 -0.0007446265080943704 -0.0007446265080943704 -0.000712122127879411
-0.10415442287921906 -0.10415442287921906 -0.10415442287921906 -0.10415442287921906 -0.10415442287921906 -0.10415442287921906 -0.10415442287921906 -0.10415442287921906 -0.10415442287921906 -0.10415442287921906 -0.10415442287921906 -0.10415442287921906 -0.10415442287921906 -0.10415442287921906 -0.10415442287921906 -0.10415442287921906 -0.10415442287921906 -0.10415442287921906 -0.10415442287921906 -0.10415442287921906 -0.10415442287921906 -0.10415442287921906 -0.10415442287921906 -0.10415442287921906 -0.10415442287921906 -0.10415442287921906 -0.10415442287921906 -0.10415442287921906 -0.10415442287921906 -0.10415442287921906 -0.10415442287921906 -0.10415442287921906 -0.10415442287921906 -0.10415442287921906 -0.10415442287921906 -0.08348725736141205 -0.08348725736141205 -0.062675841152668 -0.035062845796346664 -0.0029575892258435488 -0.0023774292785674334 -0.001963019371032715 -0.0012783055426552892 -0.000990282162092626 -0.000990282162092626 -0.0010826551588252187 -0.000794630846939981 -0.000990282162092626 -0.0006941705360077322 -0.0007446265080943704 -0.0007446265080943704 -0.000712122127879411
-0.09934818744659424 -0.09934818744659424 -0.09934818744659424 -0.09934818744659424 -0.09934818744659424 -0.09934818744659424 -0.09934818744659424 -0.09934818744659424 -0.09934818744659424 -0.09934818744659424 -0.09934818744659424 -0.09934818744659424 -0.09934818744659424 -0.09934818744659424 -0.09934818744659424 -0.09934818744659424 -0.09934818744659424 -0.09934818744659424 -0.09934818744659424 -0.09934818744659424 -0.09934818744659424 -0.09934818744659424 -0.09934818744659424 -0.09934818744659424 -0.09934818744659424 -0.09934818744659424 -0.09934818744659424 -0.09934818744659424 -0.09934818744659424 -0.09934818744659424 -0.09934818744659424 -0.09934818744659424 -0.09934818744659424 -0.09934818744659424 -0.09934818744659424 -0.08348725736141205 -0.08348725736141205 -0.062675841152668 -0.035062845796346664 -0.0029575892258435488 -0.0023774292785674334 -0.001963019371032715 -0.0012783055426552892 -0.000990282162092626 -0.000990282162092626 -0.0010826551588252187 -0.000794630846939981 -0.000990282162092626 -0.0006941705360077322 -0.0007446265080943704 -0.0007446265080943704 -0.000712122127879411
-0.05085587128996849 -0.05085587128996849 -0.05085587128996849 -0.05085587128996849 -0.05085587128996849 -0.05085587128996849 -0.05085587128996849 -0.05085587128996849 -0.05085587128996849 -0.05085587128996849 -0.05085587128996849 -0.05085587128996849 -0.05085587128996849 -0.05085587128996849 -0.05085587128996849 -0.05085587128996849 -0.05085587128996849 -0.05085587128996849 -0.05085587128996849 -0.05085587128996849 -0.05085587128996849 -0.05085587128996849 -0.05085587128996849 -0.05085587128996849 -0.05085587128996849 -0.05085587128996849 -0.05085587128996849 -0.05085587128996849 -0.05085587128996849 -0.05085587128996849 -0.05085587128996849 -0.05085587128996849 -0.05085587128996849 -0.05085587128996849 -0.05085587128996849 -0.05085587128996849 -0.05085587128996849 -0.05085587128996849 -0.035062845796346664 -0.0029575892258435488 -0.0023774292785674334 -0.001963019371032715 -0.0012783055426552892 -0.000990282162092626 -0.000990282162092626 -0.0010826551588252187 -0.000794630846939981 -0.000990282162092626 -0.0006941705360077322 -0.0007446265080943704 -0.0007446265080943704 -0.000712122127879411
-0.028714803978800774 -0.028714803978800774 -0.028714803978800774 -0.028714803978800774 -0.028714803978800774 -0.028714803978800774 -0.028714803978800774 -0.028714803978800774 -0.028714803978800774 -0.028714803978800774 -0.028714803978800774 -0.028714803978800774 -0.028714803978800774 -0.028714803978800774 -0.028714803978800774 -0.028714803978800774 -0.028714803978800774 -0.028714803978800774 -0.028714803978800774 -0.028714803978800774 -0.028714803978800774 -0.028714803978800774 -0.028714803978800774 -0.028714803978800774 -0.028714803978800774 -0.028714803978800774 -0.028714803978800774 -0.028714803978800774 -0.028714803978800774 -0.028714803978800774 -0.028714803978800774 -0.028714803978800774 -0.028714803978800774 -0.028714803978800774 -0.028714803978800774 -0.028714803978800774 -0.028714803978800774 -0.028714803978800774 -0.028714803978800774 -0.0029575892258435488 -0.0023774292785674334 -0.001963019371032715 -0.0012783055426552892 -0.000990282162092626 -0.000990282162092626 -0.0010826551588252187 -0.000794630846939981 -0.000990282162092626 -0.0006941705360077322 -0.0007446265080943704 -0.0007446265080943704 -0.000712122127879411
-0.0006941705360077322 -0.0006941705360077322 -0.0006941705360077322 -0.0006941705360077322 -0.0006941705360077322 -0.0006941705360077322 -0.0006941705360077322 -0.0006941705360077322 -0.0006941705360077322 -0.0006941705360077322 -0.0006941705360077322 -0.0006941705360077322 -0.0006941705360077322 -0.0006941705360077322 -0.0006941705360077322 -0.0006941705360077322 -0.0006941705360077322 -0.0006941705360077322 -0.0006941705360077322 -0.0006941705360077322 -0.0006941705360077322 -0.0006941705360077322 -0.0006941705360077322 -0.0006941705360077322 -0.0006941705360077322 -0.0006941705360077322 -0.0006941705360077322 -0.0006941705360077322 -0.0006941705360077322 -0.0006941705360077322 -0.0006941705360077322 -0.0006941705360077322 -0.0006941705360077322 -0.0006941705360077322 -0.0006941705360077322 -0.0006941705360077322 -0.0006941705360077322 -0.0006941705360077322 -0.0006941705360077322 -0.0006941705360077322 -0.0006941705360077322 -0.0006941705360077322 -0.0006941705360077322 -0.0006941705360077322 -0.0006941705360077322 -0.0006941705360077322 -0.0006941705360077322 -0.0006941705360077322 -0.0006941705360077322 -0.0006941705360077322 -0.0006941705360077322 -0.0006941705360077322
-0.010621215216815472 -0.010621215216815472 -0.010621215216815472 -0.010621215216815472 -0.010621215216815472 -0.010621215216815472 -0.010621215216815472 -0.010621215216815472 -0.010621215216815472 -0.010621215216815472 -0.010621215216815472 -0.010621215216815472 -0.010621215216815472 -0.010621215216815472 -0.010621215216815472 -0.010621215216815472 -0.010621215216815472 -0.010621215216815472 -0.010621215216815472 -0.010621215216815472 -0.010621215216815472 -0.010621215216815472 -0.010621215216815472 -0.010621215216815472 -0.010621215216815472 -0.010621215216815472 -0.010621215216815472 -0.010621215216815472 -0.010621215216815472 -0.010621215216815472 -0.010621215216815472 -0.010621215216815472 -0.010621215216815472 -0.010621215216815472 -0.010621215216815472 -0.010621215216815472 -0.010621215216815472 -0.010621215216815472 -0.010621215216815472 -0.0029575892258435488 -0.0023774292785674334 -0.001963019371032715 -0.0012783055426552892 -0.000990282162092626 -0.000990282162092626 -0.0010826551588252187 -0.000794630846939981 -0.000990282162092626 -0.0006941705360077322 -0.0007446265080943704 -0.0007446265080943704 -0.000712122127879411
-0.0029575892258435488 -0.0029575892258435488 -0.0029575892258435488 -0.0029575892258435488 -0.0029575892258435488 -0.0029575892258435488 -0.0029575892258435488 -0.0029575892258435488 -0.0029575892258435488 -0.0029575892258435488 -0.0029575892258435488 -0.0029575892258435488 -0.0029575892258435488 -0.0029575892258435488 -0.0029575892258435488 -0.0029575892258435488 -0.0029575892258435488 -0.0029575892258435488 -0.0029575892258435488 -0.0029575892258435488 -0.0029575892258435488 -0.0029575892258435488 -0.0029575892258435488 -0.0029575892258435488 -0.0029575892258435488 -0.0029575892258435488 -0.0029575892258435488 -0.0029575892258435488 -0.0029575892258435488 -0.0029575892258435488 -0.0029575892258435488 -0.0029575892258435488 -0.0029575892258435488 -0.0029575892258435488 -0.0029575892258435488 -0.0029575892258435488 -0.0029575892258435488 -0.0029575892258435488 -0.0029575892258435488 -0.0029575892258435488 -0.0023774292785674334 -0.001963019371032715 -0.0012783055426552892 -0.000990282162092626 -0.000990282162092626 -0.0010826551588252187 -0.000794630846939981 -0.000990282162092626 -0.0006941705360077322 -0.0007446265080943704 -0.0007446265080943704 -0.000712122127879411
-0.001963019371032715 -0.001963019371032715 -0.001963019371032715 -0.001963019371032715 -0.001963019371032715 -0.001963019371032715 -0.001963019371032715 -0.001963019371032715 -0.001963019371032715 -0.001963019371032715 -0.001963019371032715 -0.001963019371032715 -0.001963019371032715 -0.001963019371032715 -0.001963019371032715 -0.001963019371032715 -0.001963019371032715 -0.001963019371032715 -0.001963019371032715 -0.001963019371032715 -0.001963019371032715 -0.001963019371032715 -0.001963019371032715 -0.001963019371032715 -0.001963019371032715 -0.001963019371032715 -0.001963019371032715 -0.001963019371032715 -0.001963019371032715 -0.001963019371032715 -0.001963019371032715 -0.001963019371032715 -0.001963019371032715 -0.001963019371032715 -0.001963019371032715 -0.001963019371032715 -0.001963019371032715 -0.001963019371032715 -0.001963019371032715 -0.001963019371032715 -0.001963019371032715 -0.001963019371032715 -0.0012783055426552892 -0.000990282162092626 -0.000990282162092626 -0.0010826551588252187 -0.000794630846939981 -0.000990282162092626 -0.0006941705360077322 -0.0007446265080943704 -0.0007446265080943704 -0.000712122127879411
-0.001963019371032715 -0.001963019371032715 -0.001963019371032715 -0.001963019371032715 -0.001963019371032715 -0.001963019371032715 -0.001963019371032715 -0.001963019371032715 -0.001963019371032715 -0.001963019371032715 -0.001963019371032715 -0.001963019371032715 -0.001963019371032715 -0.001963019371032715 -0.001963019371032715 -0.001963019371032715 -0.001963019371032715 -0.001963019371032715 -0.001963019371032715 -0.001963019371032715 -0.001963019371032715 -0.001963019371032715 -0.001963019371032715 -0.001963019371032715 -0.001963019371032715 -0.001963019371032715 -0.001963019371032715 -0.001963019371032715 -0.001963019371032715 -0.001963019371032715 -0.001963019371032715 -0.001963019371032715 -0.001963019371032715 -0.001963019371032715 -0.001963019371032715 -0.001963019371032715 -0.001963019371032715 -0.001963019371032715 -0.001963019371032715 -0.001963019371032715 -0.001963019371032715 -0.001963019371032715 -0.0012783055426552892 -0.000990282162092626 -0.000990282162092626 -0.0010826551588252187 -0.000794630846939981 -0.000990282162092626 -0.0006941705360077322 -0.0007446265080943704 -0.0007446265080943704 -0.000712122127879411
-0.000794630846939981 -0.000794630846939981 -0.000794630846939981 -0.000794630846939981 -0.000794630846939981 -0.000794630846939981 -0.000794630846939981 -0.000794630846939981 -0.000794630846939981 -0.000794630846939981 -0.000794630846939981 -0.000794630846939981 -0.000794630846939981 -0.000794630846939981 -0.000794630846939981 -0.000794630846939981 -0.000794630846939981 -0.000794630846939981 -0.000794630846939981 -0.000794630846939981 -0.000794630846939981 -0.000794630846939981 -0.000794630846939981 -0.000794630846939981 -0.000794630846939981 -0.000794630846939981 -0.000794630846939981 -0.000794630846939981 -0.000794630846939981 -0.000794630846939981 -0.000794630846939981 -0.000794630846939981 -0.000794630846939981 -0.000794630846939981 -0.000794630846939981 -0.000794630846939981 -0.000794630846939981 -0.000794630846939981 -0.000794630846939981 -0.000794630846939981 -0.000794630846939981 -0.000794630846939981 -0.000794630846939981 -0.000794630846939981 -0.000794630846939981 -0.000794630846939981 -0.000794630846939981 -0.000794630846939981 -0.0006941705360077322 -0.0007446265080943704 -0.0007446265080943704 -0.000712122127879411
-0.0009020885918289423 -0.0009020885918289423 -0.0009020885918289423 -0.0009020885918289423 -0.0009020885918289423 -0.0009020885918289423 -0.0009020885918289423 -0.0009020885918289423 -0.0009020885918289423 -0.0009020885918289423 -0.0009020885918289423 -0.0009020885918289423 -0.0009020885918289423 -0.0009020885918289423 -0.0009020885918289423 -0.0009020885918289423 -0.0009020885918289423 -0.0009020885918289423 -0.0009020885918289423 -0.0009020885918289423 -0.0009020885918289423 -0.0009020885918289423 -0.0009020885918289423 -0.0009020885918289423 -0.0009020885918289423 -0.0009020885918289423 -0.0009020885918289423 -0.0009020885918289423 -0.0009020885918289423 -0.0009020885918289423 -0.0009020885918289423 -0.0009020885918289423 -0.0009020885918289423 -0.0009020885918289423 -0.0009020885918289423 -0.0009020885918289423 -0.0009020885918289423 -0.0009020885918289423 -0.0009020885918289423 -0.0009020885918289423 -0.0009020885918289423 -0.0009020885918289423 -0.0009020885918289423 -0.0009020885918289423 -0.0009020885918289423 -0.0009020885918289423 -0.000794630846939981 -0.0009020885918289423 -0.0006941705360077322 -0.0007446265080943704 -0.0007446265080943704 -0.000712122127879411
-0.0006941705360077322 -0.0006941705360077322 -0.0006941705360077322 -0.0006941705360077322 -0.0006941705360077322 -0.0006941705360077322 -0.0006941705360077322 -0.0006941705360077322 -0.0006941705360077322 -0.0006941705360077322 -0.0006941705360077322 -0.0006941705360077322 -0.0006941705360077322 -0.0006941705360077322 -0.0006941705360077322 -0.0006941705360077322 -0.0006941705360077322 -0.0006941705360077322 -0.0006941705360077322 -0.0006941705360077322 -0.0006941705360077322 -0.0006941705360077322 -0.0006941705360077322 -0.0006941705360077322 -0.0006941705360077322 -0.0006941705360077322 -0.0006941705360077322 -0.0006941705360077322 -0.0006941705360077322 -0.0006941705360077322 -0.0006941705360077322 -0.0006941705360077322 -0.0006941705360077322 -0.0006941705360077322 -0.0006941705360077322 -0.0006941705360077322 -0.0006941705360077322 -0.0006941705360077322 -0.0006941705360077322 -0.0006941705360077322 -0.0006941705360077322 -0.0006941705360077322 -0.0006941705360077322 -0.0006941705360077322 -0.0006941705360077322 -0.0006941705360077322 -0.0006941705360077322 -0.0006941705360077322 -0.0006941705360077322 -0.0006941705360077322 -0.0006941705360077322 -0.0006941705360077322