-0.41082775592803955 -0.41082775592803955 -0.41082775592803955 -0.15014219284057617 -0.15014219284057617 -0.23135621845722198 -0.11140314489603043 -0.2673846483230591 -0.2673846483230591 -0.23135621845722198 -0.27162888646125793 -0.15014219284057617 -0.15014219284057617 -0.15014219284057617 -0.11140314489603043 -0.15014219284057617 -0.15014219284057617 -0.11574030667543411 -0.11140314489603043 -0.11140314489603043 -0.11140314489603043 -0.11140314489603043 -0.14827632904052734 -0.11140314489603043 -0.12295447289943695 -0.11440322548151016 -0.10330824553966522 -0.08327828347682953 -0.07100258767604828 -0.057324305176734924 -0.0021115578711032867 -0.004927592817693949 -0.0036565272603183985 -0.0036451583728194237 -0.002990358741953969 -0.0020504905842244625 -0.001073810737580061 -0.00173016800545156 -0.0014935905346646905 -0.0014501441037282348 -0.0002810426813084632
-0.41082775592803955 -0.47807836532592773 -0.47807836532592773 -0.15014219284057617 -0.15014219284057617 -0.23135621845722198 -0.11140314489603043 -0.2673846483230591 -0.2673846483230591 -0.23135621845722198 -0.27162888646125793 -0.15014219284057617 -0.15014219284057617 -0.15014219284057617 -0.11140314489603043 -0.15014219284057617 -0.15014219284057617 -0.11574030667543411 -0.11140314489603043 -0.11140314489603043 -0.11140314489603043 -0.11140314489603043 -0.14827632904052734 -0.11140314489603043 -0.12295447289943695 -0.11440322548151016 -0.10330824553966522 -0.08327828347682953 -0.07100258767604828 -0.057324305176734924 -0.0021115578711032867 -0.004927592817693949 -0.0036565272603183985 -0.0036451583728194237 -0.002990358741953969 -0.0020504905842244625 -0.001073810737580061 -0.00173016800545156 -0.0014935905346646905 -0.0014501441037282348 -0.0002810426813084632
-0.10330824553966522 -0.10330824553966522 -0.10330824553966522 -0.10330824553966522 -0.10330824553966522 -0.10330824553966522 -0.10330824553966522 -0.10330824553966522 -0.10330824553966522 -0.10330824553966522 -0.10330824553966522 -0.10330824553966522 -0.10330824553966522 -0.10330824553966522 -0.10330824553966522 -0.10330824553966522 -0.10330824553966522 -0.10330824553966522 -0.10330824553966522 -0.10330824553966522 -0.10330824553966522 -0.10330824553966522 -0.10330824553966522 -0.10330824553966522 -0.10330824553966522 -0.10330824553966522 -0.10330824553966522 -0.08327828347682953 -0.07100258767604828 -0.057324305176734924 -0.0021115578711032867 -0.004927592817693949 -0.0036565272603183985 -0.0036451583728194237 -0.002990358741953969 -0.0020504905842244625 -0.001073810737580061 -0.00173016800545156 -0.0014935905346646905 -0.0014501441037282348 -0.0002810426813084632
-0.23135621845722198 -0.23135621845722198 -0.23135621845722198 -0.15014219284057617 -0.15014219284057617 -0.23135621845722198 -0.11140314489603043 -0.23135621845722198 -0.23135621845722198 -0.23135621845722198 -0.23135621845722198 -0.15014219284057617 -0.15014219284057617 -0.15014219284057617 -0.11140314489603043 -0.15014219284057617 -0.15014219284057617 -0.11574030667543411 -0.11140314489603043 -0.11140314489603043 -0.11140314489603043 -0.11140314489603043 -0.14827632904052734 -0.11140314489603043 -0.12295447289943695 -0.11440322548151016 -0.10330824553966522 -0.08327828347682953 -0.07100258767604828 -0.057324305176734924 -0.0021115578711032867 -0.004927592817693949 -0.0036565272603183985 -0.0036451583728194237 -0.002990358741953969 -0.0020504905842244625 -0.001073810737580061 -0.00173016800545156 -0.0014935905346646905 -0.0014501441037282348 -0.0002810426813084632
-0.07100258767604828 -0.07100258767604828 -0.07100258767604828 -0.07100258767604828 -0.07100258767604828 -0.07100258767604828 -0.07100258767604828 -0.07100258767604828 -0.07100258767604828 -0.07100258767604828 -0.07100258767604828 -0.07100258767604828 -0.07100258767604828 -0.07100258767604828 -0.07100258767604828 -0.07100258767604828 -0.07100258767604828 -0.07100258767604828 -0.07100258767604828 -0.07100258767604828 -0.07100258767604828 -0.07100258767604828 -0.07100258767604828 -0.07100258767604828 -0.07100258767604828 -0.07100258767604828 -0.07100258767604828 -0.07100258767604828 -0.07100258767604828 -0.057324305176734924 -0.0021115578711032867 -0.004927592817693949 -0.0036565272603183985 -0.0036451583728194237 -0.002990358741953969 -0.0020504905842244625 -0.001073810737580061 -0.00173016800545156 -0.0014935905346646905 -0.0014501441037282348 -0.0002810426813084632
-0.14827632904052734 -0.14827632904052734 -0.14827632904052734 -0.14827632904052734 -0.14827632904052734 -0.14827632904052734 -0.11140314489603043 -0.14827632904052734 -0.14827632904052734 -0.14827632904052734 -0.14827632904052734 -0.14827632904052734 -0.14827632904052734 -0.14827632904052734 -0.11140314489603043 -0.14827632904052734 -0.14827632904052734 -0.11574030667543411 -0.11140314489603043 -0.11140314489603043 -0.11140314489603043 -0.11140314489603043 -0.14827632904052734 -0.11140314489603043 -0.12295447289943695 -0.11440322548151016 -0.10330824553966522 -0.08327828347682953 -0.07100258767604828 -0.057324305176734924 -0.0021115578711032867 -0.004927592817693949 -0.0036565272603183985 -0.0036451583728194237 -0.002990358741953969 -0.0020504905842244625 -0.001073810737580061 -0.00173016800545156 -0.0014935905346646905 -0.0014501441037282348 -0.0002810426813084632
-0.23135621845722198 -0.23135621845722198 -0.23135621845722198 -0.15014219284057617 -0.15014219284057617 -0.23135621845722198 -0.11140314489603043 -0.23135621845722198 -0.23135621845722198 -0.23135621845722198 -0.23135621845722198 -0.15014219284057617 -0.15014219284057617 -0.15014219284057617 -0.11140314489603043 -0.15014219284057617 -0.15014219284057617 -0.11574030667543411 -0.11140314489603043 -0.11140314489603043 -0.11140314489603043 -0.11140314489603043 -0.14827632904052734 -0.11140314489603043 -0.12295447289943695 -0.11440322548151016 -0.10330824553966522 -0.08327828347682953 -0.07100258767604828 -0.057324305176734924 -0.0021115578711032867 -0.004927592817693949 -0.0036565272603183985 -0.0036451583728194237 -0.002990358741953969 -0.0020504905842244625 -0.001073810737580061 -0.00173016800545156 -0.0014935905346646905 -0.0014501441037282348 -0.0002810426813084632
-0.23135621845722198 -0.23135621845722198 -0.23135621845722198 -0.15014219284057617 -0.15014219284057617 -0.23135621845722198 -0.11140314489603043 -0.23135621845722198 -0.23135621845722198 -0.23135621845722198 -0.23135621845722198 -0.15014219284057617 -0.15014219284057617 -0.15014219284057617 -0.11140314489603043 -0.15014219284057617 -0.15014219284057617 -0.11574030667543411 -0.11140314489603043 -0.11140314489603043 -0.11140314489603043 -0.11140314489603043 -0.14827632904052734 -0.11140314489603043 -0.12295447289943695 -0.11440322548151016 -0.10330824553966522 -0.08327828347682953 -0.07100258767604828 -0.057324305176734924 -0.0021115578711032867 -0.004927592817693949 -0.0036565272603183985 -0.0036451583728194237 -0.002990358741953969 -0.0020504905842244625 -0.001073810737580061 -0.00173016800545156 -0.0014935905346646905 -0.0014501441037282348 -0.0002810426813084632
-0.11140314489603043 -0.11140314489603043 -0.11140314489603043 -0.11140314489603043 -0.11140314489603043 -0.11140314489603043 -0.20339733362197876 -0.11140314489603043 -0.11140314489603043 -0.11140314489603043 -0.11140314489603043 -0.11140314489603043 -0.11140314489603043 -0.11140314489603043 -0.22692687809467316 -0.11140314489603043 -0.11140314489603043 -0.11140314489603043 -0.15963749587535858 -0.11870801448822021 -0.15963749587535858 -0.1634272187948227 -0.11140314489603043 -0.13456568121910095 -0.11140314489603043 -0.11140314489603043 -0.10330824553966522 -0.08327828347682953 -0.07100258767604828 -0.057324305176734924 -0.0021115578711032867 -0.004927592817693949 -0.0036565272603183985 -0.0036451583728194237 -0.002990358741953969 -0.0020504905842244625 -0.001073810737580061 -0.00173016800545156 -0.0014935905346646905 -0.0014501441037282348 -0.0002810426813084632
-0.15014219284057617 -0.15014219284057617 -0.15014219284057617 -0.21553868055343628 -0.21553868055343628 -0.15014219284057617 -0.11140314489603043 -0.15014219284057617 -0.15014219284057617 -0.15014219284057617 -0.15014219284057617 -0.1707010269165039 -0.1707010269165039 -0.21553868055343628 -0.11140314489603043 -0.1707010269165039 -0.1707010269165039 -0.11574030667543411 -0.11140314489603043 -0.11140314489603043 -0.11140314489603043 -0.11140314489603043 -0.14827632904052734 -0.11140314489603043 -0.12295447289943695 -0.11440322548151016 -0.10330824553966522 -0.08327828347682953 -0.07100258767604828 -0.057324305176734924 -0.0021115578711032867 -0.004927592817693949 -0.0036565272603183985 -0.0036451583728194237 -0.002990358741953969 -0.0020504905842244625 -0.001073810737580061 -0.00173016800545156 -0.0014935905346646905 -0.0014501441037282348 -0.0002810426813084632
-0.15014219284057617 -0.15014219284057617 -0.15014219284057617 -0.21553868055343628 -0.21553868055343628 -0.15014219284057617 -0.11140314489603043 -0.15014219284057617 -0.15014219284057617 -0.15014219284057617 -0.15014219284057617 -0.1707010269165039 -0.1707010269165039 -0.21553868055343628 -0.11140314489603043 -0.1707010269165039 -0.1707010269165039 -0.11574030667543411 -0.11140314489603043 -0.11140314489603043 -0.11140314489603043 -0.11140314489603043 -0.14827632904052734 -0.11140314489603043 -0.12295447289943695 -0.11440322548151016 -0.10330824553966522 -0.08327828347682953 -0.07100258767604828 -0.057324305176734924 -0.0021115578711032867 -0.004927592817693949 -0.0036565272603183985 -0.0036451583728194237 -0.002990358741953969 -0.0020504905842244625 -0.001073810737580061 -0.00173016800545156 -0.0014935905346646905 -0.0014501441037282348 -0.0002810426813084632
-0.15014219284057617 -0.15014219284057617 -0.15014219284057617 -0.1707010269165039 -0.1707010269165039 -0.15014219284057617 -0.11140314489603043 -0.15014219284057617 -0.15014219284057617 -0.15014219284057617 -0.15014219284057617 -0.1707010269165039 -0.1707010269165039 -0.1707010269165039 -0.11140314489603043 -0.1707010269165039 -0.1707010269165039 -0.11574030667543411 -0.11140314489603043 -0.11140314489603043 -0.11140314489603043 -0.11140314489603043 -0.14827632904052734 -0.11140314489603043 -0.12295447289943695 -0.11440322548151016 -0.10330824553966522 -0.08327828347682953 -0.07100258767604828 -0.057324305176734924 -0.0021115578711032867 -0.004927592817693949 -0.0036565272603183985 -0.0036451583728194237 -0.002990358741953969 -0.0020504905842244625 -0.001073810737580061 -0.00173016800545156 -0.0014935905346646905 -0.0014501441037282348 -0.0002810426813084632
-0.15014219284057617 -0.15014219284057617 -0.15014219284057617 -0.1707010269165039 -0.1707010269165039 -0.15014219284057617 -0.11140314489603043 -0.15014219284057617 -0.15014219284057617 -0.15014219284057617 -0.15014219284057617 -0.1707010269165039 -0.1707010269165039 -0.1707010269165039 -0.11140314489603043 -0.1707010269165039 -0.1707010269165039 -0.11574030667543411 -0.11140314489603043 -0.11140314489603043 -0.11140314489603043 -0.11140314489603043 -0.14827632904052734 -0.11140314489603043 -0.12295447289943695 -0.11440322548151016 -0.10330824553966522 -0.08327828347682953 -0.07100258767604828 -0.057324305176734924 -0.0021115578711032867 -0.004927592817693949 -0.0036565272603183985 -0.0036451583728194237 -0.002990358741953969 -0.0020504905842244625 -0.001073810737580061 -0.00173016800545156 -0.0014935905346646905 -0.0014501441037282348 -0.0002810426813084632
-0.11140314489603043 -0.11140314489603043 -0.11140314489603043 -0.11140314489603043 -0.11140314489603043 -0.11140314489603043 -0.2997679114341736 -0.11140314489603043 -0.11140314489603043 -0.11140314489603043 -0.11140314489603043 -0.11140314489603043 -0.11140314489603043 -0.11140314489603043 -0.20339733362197876 -0.11140314489603043 -0.11140314489603043 -0.11140314489603043 -0.15963749587535858 -0.11870801448822021 -0.15963749587535858 -0.1634272187948227 -0.11140314489603043 -0.13456568121910095 -0.11140314489603043 -0.11140314489603043 -0.10330824553966522 -0.08327828347682953 -0.07100258767604828 -0.057324305176734924 -0.0021115578711032867 -0.004927592817693949 -0.0036565272603183985 -0.0036451583728194237 -0.002990358741953969 -0.0020504905842244625 -0.001073810737580061 -0.00173016800545156 -0.0014935905346646905 -0.0014501441037282348 -0.0002810426813084632
-0.15014219284057617 -0.15014219284057617 -0.15014219284057617 -0.21553868055343628 -0.21553868055343628 -0.15014219284057617 -0.11140314489603043 -0.15014219284057617 -0.15014219284057617 -0.15014219284057617 -0.15014219284057617 -0.1707010269165039 -0.1707010269165039 -0.21553868055343628 -0.11140314489603043 -0.1707010269165039 -0.1707010269165039 -0.11574030667543411 -0.11140314489603043 -0.11140314489603043 -0.11140314489603043 -0.11140314489603043 -0.14827632904052734 -0.11140314489603043 -0.12295447289943695 -0.11440322548151016 -0.10330824553966522 -0.08327828347682953 -0.07100258767604828 -0.057324305176734924 -0.0021115578711032867 -0.004927592817693949 -0.0036565272603183985 -0.0036451583728194237 -0.002990358741953969 -0.0020504905842244625 -0.001073810737580061 -0.00173016800545156 -0.0014935905346646905 -0.0014501441037282348 -0.0002810426813084632
-0.15014219284057617 -0.15014219284057617 -0.15014219284057617 -0.1707010269165039 -0.1707010269165039 -0.15014219284057617 -0.11140314489603043 -0.15014219284057617 -0.15014219284057617 -0.15014219284057617 -0.15014219284057617 -0.2053440511226654 -0.2053440511226654 -0.1707010269165039 -0.11140314489603043 -0.2053440511226654 -0.2053440511226654 -0.11574030667543411 -0.11140314489603043 -0.11140314489603043 -0.11140314489603043 -0.11140314489603043 -0.14827632904052734 -0.11140314489603043 -0.12295447289943695 -0.11440322548151016 -0.10330824553966522 -0.08327828347682953 -0.07100258767604828 -0.057324305176734924 -0.0021115578711032867 -0.004927592817693949 -0.0036565272603183985 -0.0036451583728194237 -0.002990358741953969 -0.0020504905842244625 -0.001073810737580061 -0.00173016800545156 -0.0014935905346646905 -0.0014501441037282348 -0.0002810426813084632
-0.15014219284057617 -0.15014219284057617 -0.15014219284057617 -0.1707010269165039 -0.1707010269165039 -0.15014219284057617 -0.11140314489603043 -0.15014219284057617 -0.15014219284057617 -0.15014219284057617 -0.15014219284057617 -0.1707010269165039 -0.1707010269165039 -0.1707010269165039 -0.11140314489603043 -0.1707010269165039 -0.1707010269165039 -0.11574030667543411 -0.11140314489603043 -0.11140314489603043 -0.11140314489603043 -0.11140314489603043 -0.14827632904052734 -0.11140314489603043 -0.12295447289943695 -0.11440322548151016 -0.10330824553966522 -0.08327828347682953 -0.07100258767604828 -0.057324305176734924 -0.0021115578711032867 -0.004927592817693949 -0.0036565272603183985 -0.0036451583728194237 -0.002990358741953969 -0.0020504905842244625 -0.001073810737580061 -0.00173016800545156 -0.0014935905346646905 -0.0014501441037282348 -0.0002810426813084632
-0.15014219284057617 -0.15014219284057617 -0.15014219284057617 -0.21553868055343628 -0.21553868055343628 -0.15014219284057617 -0.11140314489603043 -0.15014219284057617 -0.15014219284057617 -0.15014219284057617 -0.15014219284057617 -0.1707010269165039 -0.1707010269165039 -0.21553868055343628 -0.11140314489603043 -0.1707010269165039 -0.1707010269165039 -0.11574030667543411 -0.11140314489603043 -0.11140314489603043 -0.11140314489603043 -0.11140314489603043 -0.14827632904052734 -0.11140314489603043 -0.12295447289943695 -0.11440322548151016 -0.10330824553966522 -0.08327828347682953 -0.07100258767604828 -0.057324305176734924 -0.0021115578711032867 -0.004927592817693949 -0.0036565272603183985 -0.0036451583728194237 -0.002990358741953969 -0.0020504905842244625 -0.001073810737580061 -0.00173016800545156 -0.0014935905346646905 -0.0014501441037282348 -0.0002810426813084632
-0.15014219284057617 -0.15014219284057617 -0.15014219284057617 -0.1707010269165039 -0.1707010269165039 -0.15014219284057617 -0.11140314489603043 -0.15014219284057617 -0.15014219284057617 -0.15014219284057617 -0.15014219284057617 -0.1707010269165039 -0.1707010269165039 -0.1707010269165039 -0.11140314489603043 -0.1707010269165039 -0.1707010269165039 -0.11574030667543411 -0.11140314489603043 -0.11140314489603043 -0.11140314489603043 -0.11140314489603043 -0.14827632904052734 -0.11140314489603043 -0.12295447289943695 -0.11440322548151016 -0.10330824553966522 -0.08327828347682953 -0.07100258767604828 -0.057324305176734924 -0.0021115578711032867 -0.004927592817693949 -0.0036565272603183985 -0.0036451583728194237 -0.002990358741953969 -0.0020504905842244625 -0.001073810737580061 -0.00173016800545156 -0.0014935905346646905 -0.0014501441037282348 -0.0002810426813084632
-0.15014219284057617 -0.15014219284057617 -0.15014219284057617 -0.1707010269165039 -0.1707010269165039 -0.15014219284057617 -0.11140314489603043 -0.15014219284057617 -0.15014219284057617 -0.15014219284057617 -0.15014219284057617 -0.1707010269165039 -0.1707010269165039 -0.1707010269165039 -0.11140314489603043 -0.1707010269165039 -0.1707010269165039 -0.11574030667543411 -0.11140314489603043 -0.11140314489603043 -0.11140314489603043 -0.11140314489603043 -0.14827632904052734 -0.11140314489603043 -0.12295447289943695 -0.11440322548151016 -0.10330824553966522 -0.08327828347682953 -0.07100258767604828 -0.057324305176734924 -0.0021115578711032867 -0.004927592817693949 -0.0036565272603183985 -0.0036451583728194237 -0.002990358741953969 -0.0020504905842244625 -0.001073810737580061 -0.00173016800545156 -0.0014935905346646905 -0.0014501441037282348 -0.0002810426813084632
-0.15014219284057617 -0.15014219284057617 -0.15014219284057617 -0.21553868055343628 -0.21553868055343628 -0.15014219284057617 -0.11140314489603043 -0.15014219284057617 -0.15014219284057617 -0.15014219284057617 -0.15014219284057617 -0.1707010269165039 -0.1707010269165039 -0.21553868055343628 -0.11140314489603043 -0.1707010269165039 -0.1707010269165039 -0.11574030667543411 -0.11140314489603043 -0.11140314489603043 -0.11140314489603043 -0.11140314489603043 -0.14827632904052734 -0.11140314489603043 -0.12295447289943695 -0.11440322548151016 -0.10330824553966522 -0.08327828347682953 -0.07100258767604828 -0.057324305176734924 -0.0021115578711032867 -0.004927592817693949 -0.0036565272603183985 -0.0036451583728194237 -0.002990358741953969 -0.0020504905842244625 -0.001073810737580061 -0.00173016800545156 -0.0014935905346646905 -0.0014501441037282348 -0.0002810426813084632
-0.23135621845722198 -0.23135621845722198 -0.23135621845722198 -0.15014219284057617 -0.15014219284057617 -0.23135621845722198 -0.11140314489603043 -0.23135621845722198 -0.23135621845722198 -0.23135621845722198 -0.23135621845722198 -0.15014219284057617 -0.15014219284057617 -0.15014219284057617 -0.11140314489603043 -0.15014219284057617 -0.15014219284057617 -0.11574030667543411 -0.11140314489603043 -0.11140314489603043 -0.11140314489603043 -0.11140314489603043 -0.14827632904052734 -0.11140314489603043 -0.12295447289943695 -0.11440322548151016 -0.10330824553966522 -0.08327828347682953 -0.07100258767604828 -0.057324305176734924 -0.0021115578711032867 -0.004927592817693949 -0.0036565272603183985 -0.0036451583728194237 -0.002990358741953969 -0.0020504905842244625 -0.001073810737580061 -0.00173016800545156 -0.0014935905346646905 -0.0014501441037282348 -0.0002810426813084632
-0.07100258767604828 -0.07100258767604828 -0.07100258767604828 -0.07100258767604828 -0.07100258767604828 -0.07100258767604828 -0.07100258767604828 -0.07100258767604828 -0.07100258767604828 -0.07100258767604828 -0.07100258767604828 -0.07100258767604828 -0.07100258767604828 -0.07100258767604828 -0.07100258767604828 -0.07100258767604828 -0.07100258767604828 -0.07100258767604828 -0.07100258767604828 -0.07100258767604828 -0.07100258767604828 -0.07100258767604828 -0.07100258767604828 -0.07100258767604828 -0.07100258767604828 -0.07100258767604828 -0.07100258767604828 -0.07100258767604828 -0.07100258767604828 -0.057324305176734924 -0.0021115578711032867 -0.004927592817693949 -0.0036565272603183985 -0.0036451583728194237 -0.002990358741953969 -0.0020504905842244625 -0.001073810737580061 -0.00173016800545156 -0.0014935905346646905 -0.0014501441037282348 -0.0002810426813084632
-0.11140314489603043 -0.11140314489603043 -0.11140314489603043 -0.11140314489603043 -0.11140314489603043 -0.11140314489603043 -0.15963749587535858 -0.11140314489603043 -0.11140314489603043 -0.11140314489603043 -0.11140314489603043 -0.11140314489603043 -0.11140314489603043 -0.11140314489603043 -0.15963749587535858 -0.11140314489603043 -0.11140314489603043 -0.11140314489603043 -0.15963749587535858 -0.11870801448822021 -0.15963749587535858 -0.15963749587535858 -0.11140314489603043 -0.13456568121910095 -0.11140314489603043 -0.11140314489603043 -0.10330824553966522 -0.08327828347682953 -0.07100258767604828 -0.057324305176734924 -0.0021115578711032867 -0.004927592817693949 -0.0036565272603183985 -0.0036451583728194237 -0.002990358741953969 -0.0020504905842244625 -0.001073810737580061 -0.00173016800545156 -0.0014935905346646905 -0.0014501441037282348 -0.0002810426813084632
-0.2673846483230591 -0.2673846483230591 -0.2673846483230591 -0.15014219284057617 -0.15014219284057617 -0.23135621845722198 -0.11140314489603043 -0.2673846483230591 -0.2673846483230591 -0.23135621845722198 -0.2673846483230591 -0.15014219284057617 -0.15014219284057617 -0.15014219284057617 -0.11140314489603043 -0.15014219284057617 -0.15014219284057617 -0.11574030667543411 -0.11140314489603043 -0.11140314489603043 -0.11140314489603043 -0.11140314489603043 -0.14827632904052734 -0.11140314489603043 -0.12295447289943695 -0.11440322548151016 -0.10330824553966522 -0.08327828347682953 -0.07100258767604828 -0.057324305176734924 -0.0021115578711032867 -0.004927592817693949 -0.0036565272603183985 -0.0036451583728194237 -0.002990358741953969 -0.0020504905842244625 -0.001073810737580061 -0.00173016800545156 -0.0014935905346646905 -0.0014501441037282348 -0.0002810426813084632
-0.11140314489603043 -0.11140314489603043 -0.11140314489603043 -0.11140314489603043 -0.11140314489603043 -0.11140314489603043 -0.2929580807685852 -0.11140314489603043 -0.11140314489603043 -0.11140314489603043 -0.11140314489603043 -0.11140314489603043 -0.11140314489603043 -0.11140314489603043 -0.20339733362197876 -0.11140314489603043 -0.11140314489603043 -0.11140314489603043 -0.15963749587535858 -0.11870801448822021 -0.15963749587535858 -0.1634272187948227 -0.11140314489603043 -0.13456568121910095 -0.11140314489603043 -0.11140314489603043 -0.10330824553966522 -0.08327828347682953 -0.07100258767604828 -0.057324305176734924 -0.0021115578711032867 -0.004927592817693949 -0.0036565272603183985 -0.0036451583728194237 -0.002990358741953969 -0.0020504905842244625 -0.001073810737580061 -0.00173016800545156 -0.0014935905346646905 -0.0014501441037282348 -0.0002810426813084632
-0.11140314489603043 -0.11140314489603043 -0.11140314489603043 -0.11140314489603043 -0.11140314489603043 -0.11140314489603043 -0.13456568121910095 -0.11140314489603043 -0.11140314489603043 -0.11140314489603043 -0.11140314489603043 -0.11140314489603043 -0.11140314489603043 -0.11140314489603043 -0.13456568121910095 -0.11140314489603043 -0.11140314489603043 -0.11140314489603043 -0.13456568121910095 -0.11870801448822021 -0.13456568121910095 -0.13456568121910095 -0.11140314489603043 -0.13456568121910095 -0.11140314489603043 -0.11140314489603043 -0.10330824553966522 -0.08327828347682953 -0.07100258767604828 -0.057324305176734924 -0.0021115578711032867 -0.004927592817693949 -0.0036565272603183985 -0.0036451583728194237 -0.002990358741953969 -0.0020504905842244625 -0.001073810737580061 -0.00173016800545156 -0.0014935905346646905 -0.0014501441037282348 -0.0002810426813084632
-0.23135621845722198 -0.23135621845722198 -0.23135621845722198 -0.15014219284057617 -0.15014219284057617 -0.23135621845722198 -0.11140314489603043 -0.23135621845722198 -0.23135621845722198 -0.23135621845722198 -0.23135621845722198 -0.15014219284057617 -0.15014219284057617 -0.15014219284057617 -0.11140314489603043 -0.15014219284057617 -0.15014219284057617 -0.11574030667543411 -0.11140314489603043 -0.11140314489603043 -0.11140314489603043 -0.11140314489603043 -0.14827632904052734 -0.11140314489603043 -0.12295447289943695 -0.11440322548151016 -0.10330824553966522 -0.08327828347682953 -0.07100258767604828 -0.057324305176734924 -0.0021115578711032867 -0.004927592817693949 -0.0036565272603183985 -0.0036451583728194237 -0.002990358741953969 -0.0020504905842244625 -0.001073810737580061 -0.00173016800545156 -0.0014935905346646905 -0.0014501441037282348 -0.0002810426813084632
-0.10330824553966522 -0.10330824553966522 -0.10330824553966522 -0.10330824553966522 -0.10330824553966522 -0.10330824553966522 -0.10330824553966522 -0.10330824553966522 -0.10330824553966522 -0.10330824553966522 -0.10330824553966522 -0.10330824553966522 -0.10330824553966522 -0.10330824553966522 -0.10330824553966522 -0.10330824553966522 -0.10330824553966522 -0.10330824553966522 -0.10330824553966522 -0.10330824553966522 -0.10330824553966522 -0.10330824553966522 -0.10330824553966522 -0.10330824553966522 -0.10330824553966522 -0.10330824553966522 -0.10330824553966522 -0.08327828347682953 -0.07100258767604828 -0.057324305176734924 -0.0021115578711032867 -0.004927592817693949 -0.0036565272603183985 -0.0036451583728194237 -0.002990358741953969 -0.0020504905842244625 -0.001073810737580061 -0.00173016800545156 -0.0014935905346646905 -0.0014501441037282348 -0.0002810426813084632
-0.14827632904052734 -0.14827632904052734 -0.14827632904052734 -0.14827632904052734 -0.14827632904052734 -0.14827632904052734 -0.11140314489603043 -0.14827632904052734 -0.14827632904052734 -0.14827632904052734 -0.14827632904052734 -0.14827632904052734 -0.14827632904052734 -0.14827632904052734 -0.11140314489603043 -0.14827632904052734 -0.14827632904052734 -0.11574030667543411 -0.11140314489603043 -0.11140314489603043 -0.11140314489603043 -0.11140314489603043 -0.14827632904052734 -0.11140314489603043 -0.12295447289943695 -0.11440322548151016 -0.10330824553966522 -0.08327828347682953 -0.07100258767604828 -0.057324305176734924 -0.0021115578711032867 -0.004927592817693949 -0.0036565272603183985 -0.0036451583728194237 -0.002990358741953969 -0.0020504905842244625 -0.001073810737580061 -0.00173016800545156 -0.0014935905346646905 -0.0014501441037282348 -0.0002810426813084632
-0.14827632904052734 -0.14827632904052734 -0.14827632904052734 -0.14827632904052734 -0.14827632904052734 -0.14827632904052734 -0.11140314489603043 -0.14827632904052734 -0.14827632904052734 -0.14827632904052734 -0.14827632904052734 -0.14827632904052734 -0.14827632904052734 -0.14827632904052734 -0.11140314489603043 -0.14827632904052734 -0.14827632904052734 -0.11574030667543411 -0.11140314489603043 -0.11140314489603043 -0.11140314489603043 -0.11140314489603043 -0.14827632904052734 -0.11140314489603043 -0.12295447289943695 -0.11440322548151016 -0.10330824553966522 -0.08327828347682953 -0.07100258767604828 -0.057324305176734924 -0.0021115578711032867 -0.004927592817693949 -0.0036565272603183985 -0.0036451583728194237 -0.002990358741953969 -0.0020504905842244625 -0.001073810737580061 -0.00173016800545156 -0.0014935905346646905 -0.0014501441037282348 -0.0002810426813084632
-0.14827632904052734 -0.14827632904052734 -0.14827632904052734 -0.14827632904052734 -0.14827632904052734 -0.14827632904052734 -0.11140314489603043 -0.14827632904052734 -0.14827632904052734 -0.14827632904052734 -0.14827632904052734 -0.14827632904052734 -0.14827632904052734 -0.14827632904052734 -0.11140314489603043 -0.14827632904052734 -0.14827632904052734 -0.11574030667543411 -0.11140314489603043 -0.11140314489603043 -0.11140314489603043 -0.11140314489603043 -0.14827632904052734 -0.11140314489603043 -0.12295447289943695 -0.11440322548151016 -0.10330824553966522 -0.08327828347682953 -0.07100258767604828 -0.057324305176734924 -0.0021115578711032867 -0.004927592817693949 -0.0036565272603183985 -0.0036451583728194237 -0.002990358741953969 -0.0020504905842244625 -0.001073810737580061 -0.00173016800545156 -0.0014935905346646905 -0.0014501441037282348 -0.0002810426813084632
-0.14827632904052734 -0.14827632904052734 -0.14827632904052734 -0.14827632904052734 -0.14827632904052734 -0.14827632904052734 -0.11140314489603043 -0.14827632904052734 -0.14827632904052734 -0.14827632904052734 -0.14827632904052734 -0.14827632904052734 -0.14827632904052734 -0.14827632904052734 -0.11140314489603043 -0.14827632904052734 -0.14827632904052734 -0.11574030667543411 -0.11140314489603043 -0.11140314489603043 -0.11140314489603043 -0.11140314489603043 -0.14827632904052734 -0.11140314489603043 -0.12295447289943695 -0.11440322548151016 -0.10330824553966522 -0.08327828347682953 -0.07100258767604828 -0.057324305176734924 -0.0021115578711032867 -0.004927592817693949 -0.0036565272603183985 -0.0036451583728194237 -0.002990358741953969 -0.0020504905842244625 -0.001073810737580061 -0.00173016800545156 -0.0014935905346646905 -0.0014501441037282348 -0.0002810426813084632
-0.14827632904052734 -0.14827632904052734 -0.14827632904052734 -0.14827632904052734 -0.14827632904052734 -0.14827632904052734 -0.11140314489603043 -0.14827632904052734 -0.14827632904052734 -0.14827632904052734 -0.14827632904052734 -0.14827632904052734 -0.14827632904052734 -0.14827632904052734 -0.11140314489603043 -0.14827632904052734 -0.14827632904052734 -0.11574030667543411 -0.11140314489603043 -0.11140314489603043 -0.11140314489603043 -0.11140314489603043 -0.14827632904052734 -0.11140314489603043 -0.12295447289943695 -0.11440322548151016 -0.10330824553966522 -0.08327828347682953 -0.07100258767604828 -0.057324305176734924 -0.0021115578711032867 -0.004927592817693949 -0.0036565272603183985 -0.0036451583728194237 -0.002990358741953969 -0.0020504905842244625 -0.001073810737580061 -0.00173016800545156 -0.0014935905346646905 -0.0014501441037282348 -0.0002810426813084632
-0.15014219284057617 -0.15014219284057617 -0.15014219284057617 -0.19809110462665558 -0.19809110462665558 -0.15014219284057617 -0.11140314489603043 -0.15014219284057617 -0.15014219284057617 -0.15014219284057617 -0.15014219284057617 -0.1707010269165039 -0.1707010269165039 -0.19809110462665558 -0.11140314489603043 -0.1707010269165039 -0.1707010269165039 -0.11574030667543411 -0.11140314489603043 -0.11140314489603043 -0.11140314489603043 -0.11140314489603043 -0.14827632904052734 -0.11140314489603043 -0.12295447289943695 -0.11440322548151016 -0.10330824553966522 -0.08327828347682953 -0.07100258767604828 -0.057324305176734924 -0.0021115578711032867 -0.004927592817693949 -0.0036565272603183985 -0.0036451583728194237 -0.002990358741953969 -0.0020504905842244625 -0.001073810737580061 -0.00173016800545156 -0.0014935905346646905 -0.0014501441037282348 -0.0002810426813084632
-0.07100258767604828 -0.07100258767604828 -0.07100258767604828 -0.07100258767604828 -0.07100258767604828 -0.07100258767604828 -0.07100258767604828 -0.07100258767604828 -0.07100258767604828 -0.07100258767604828 -0.07100258767604828 -0.07100258767604828 -0.07100258767604828 -0.07100258767604828 -0.07100258767604828 -0.07100258767604828 -0.07100258767604828 -0.07100258767604828 -0.07100258767604828 -0.07100258767604828 -0.07100258767604828 -0.07100258767604828 -0.07100258767604828 -0.07100258767604828 -0.07100258767604828 -0.07100258767604828 -0.07100258767604828 -0.07100258767604828 -0.07100258767604828 -0.057324305176734924 -0.0021115578711032867 -0.004927592817693949 -0.0036565272603183985 -0.0036451583728194237 -0.002990358741953969 -0.0020504905842244625 -0.001073810737580061 -0.00173016800545156 -0.0014935905346646905 -0.0014501441037282348 -0.0002810426813084632
-0.11574030667543411 -0.11574030667543411 -0.11574030667543411 -0.11574030667543411 -0.11574030667543411 -0.11574030667543411 -0.11140314489603043 -0.11574030667543411 -0.11574030667543411 -0.11574030667543411 -0.11574030667543411 -0.11574030667543411 -0.11574030667543411 -0.11574030667543411 -0.11140314489603043 -0.11574030667543411 -0.11574030667543411 -0.17747198045253754 -0.11140314489603043 -0.11140314489603043 -0.11140314489603043 -0.11140314489603043 -0.11574030667543411 -0.11140314489603043 -0.11574030667543411 -0.11440322548151016 -0.10330824553966522 -0.08327828347682953 -0.07100258767604828 -0.057324305176734924 -0.0021115578711032867 -0.004927592817693949 -0.0036565272603183985 -0.0036451583728194237 -0.002990358741953969 -0.0020504905842244625 -0.001073810737580061 -0.00173016800545156 -0.0014935905346646905 -0.0014501441037282348 -0.0002810426813084632
-0.15014219284057617 -0.15014219284057617 -0.15014219284057617 -0.15730397403240204 -0.15730397403240204 -0.15014219284057617 -0.11140314489603043 -0.15014219284057617 -0.15014219284057617 -0.15014219284057617 -0.15014219284057617 -0.15730397403240204 -0.15730397403240204 -0.15730397403240204 -0.11140314489603043 -0.15730397403240204 -0.15730397403240204 -0.11574030667543411 -0.11140314489603043 -0.11140314489603043 -0.11140314489603043 -0.11140314489603043 -0.14827632904052734 -0.11140314489603043 -0.12295447289943695 -0.11440322548151016 -0.10330824553966522 -0.08327828347682953 -0.07100258767604828 -0.057324305176734924 -0.0021115578711032867 -0.004927592817693949 -0.0036565272603183985 -0.0036451583728194237 -0.002990358741953969 -0.0020504905842244625 -0.001073810737580061 -0.00173016800545156 -0.0014935905346646905 -0.0014501441037282348 -0.0002810426813084632
-0.11140314489603043 -0.11140314489603043 -0.11140314489603043 -0.11140314489603043 -0.11140314489603043 -0.11140314489603043 -0.11870801448822021 -0.11140314489603043 -0.11140314489603043 -0.11140314489603043 -0.11140314489603043 -0.11140314489603043 -0.11140314489603043 -0.11140314489603043 -0.11870801448822021 -0.11140314489603043 -0.11140314489603043 -0.11140314489603043 -0.11870801448822021 -0.15147267282009125 -0.11870801448822021 -0.11870801448822021 -0.11140314489603043 -0.11870801448822021 -0.11140314489603043 -0.11140314489603043 -0.10330824553966522 -0.08327828347682953 -0.07100258767604828 -0.057324305176734924 -0.0021115578711032867 -0.004927592817693949 -0.0036565272603183985 -0.0036451583728194237 -0.002990358741953969 -0.0020504905842244625 -0.001073810737580061 -0.00173016800545156 -0.0014935905346646905 -0.0014501441037282348 -0.0002810426813084632
-0.057324305176734924 -0.057324305176734924 -0.057324305176734924 -0.057324305176734924 -0.057324305176734924 -0.057324305176734924 -0.057324305176734924 -0.057324305176734924 -0.057324305176734924 -0.057324305176734924 -0.057324305176734924 -0.057324305176734924 -0.057324305176734924 -0.057324305176734924 -0.057324305176734924 -0.057324305176734924 -0.057324305176734924 -0.057324305176734924 -0.057324305176734924 -0.057324305176734924 -0.057324305176734924 -0.057324305176734924 -0.057324305176734924 -0.057324305176734924 -0.057324305176734924 -0.057324305176734924 -0.057324305176734924 -0.057324305176734924 -0.057324305176734924 -0.057324305176734924 -0.0021115578711032867 -0.004927592817693949 -0.0036565272603183985 -0.0036451583728194237 -0.002990358741953969 -0.0020504905842244625 -0.001073810737580061 -0.00173016800545156 -0.0014935905346646905 -0.0014501441037282348 -0.0002810426813084632
-0.11140314489603043 -0.11140314489603043 -0.11140314489603043 -0.11140314489603043 -0.11140314489603043 -0.11140314489603043 -0.11140314489603043 -0.11140314489603043 -0.11140314489603043 -0.11140314489603043 -0.11140314489603043 -0.11140314489603043 -0.11140314489603043 -0.11140314489603043 -0.11140314489603043 -0.11140314489603043 -0.11140314489603043 -0.11140314489603043 -0.11140314489603043 -0.11140314489603043 -0.11140314489603043 -0.11140314489603043 -0.11140314489603043 -0.11140314489603043 -0.11140314489603043 -0.11140314489603043 -0.10330824553966522 -0.08327828347682953 -0.07100258767604828 -0.057324305176734924 -0.0021115578711032867 -0.004927592817693949 -0.0036565272603183985 -0.0036451583728194237 -0.002990358741953969 -0.0020504905842244625 -0.001073810737580061 -0.00173016800545156 -0.0014935905346646905 -0.0014501441037282348 -0.0002810426813084632
-0.11140314489603043 -0.11140314489603043 -0.11140314489603043 -0.11140314489603043 -0.11140314489603043 -0.11140314489603043 -0.12128473818302155 -0.11140314489603043 -0.11140314489603043 -0.11140314489603043 -0.11140314489603043 -0.11140314489603043 -0.11140314489603043 -0.11140314489603043 -0.12128473818302155 -0.11140314489603043 -0.11140314489603043 -0.11140314489603043 -0.12128473818302155 -0.11870801448822021 -0.12128473818302155 -0.12128473818302155 -0.11140314489603043 -0.12128473818302155 -0.11140314489603043 -0.11140314489603043 -0.10330824553966522 -0.08327828347682953 -0.07100258767604828 -0.057324305176734924 -0.0021115578711032867 -0.004927592817693949 -0.0036565272603183985 -0.0036451583728194237 -0.002990358741953969 -0.0020504905842244625 -0.001073810737580061 -0.00173016800545156 -0.0014935905346646905 -0.0014501441037282348 -0.0002810426813084632
-0.11140314489603043 -0.11140314489603043 -0.11140314489603043 -0.11140314489603043 -0.11140314489603043 -0.11140314489603043 -0.11683231592178345 -0.11140314489603043 -0.11140314489603043 -0.11140314489603043 -0.11140314489603043 -0.11140314489603043 -0.11140314489603043 -0.11140314489603043 -0.11683231592178345 -0.11140314489603043 -0.11140314489603043 -0.11140314489603043 -0.11683231592178345 -0.11683231592178345 -0.11683231592178345 -0.11683231592178345 -0.11140314489603043 -0.11683231592178345 -0.11140314489603043 -0.11140314489603043 -0.10330824553966522 -0.08327828347682953 -0.07100258767604828 -0.057324305176734924 -0.0021115578711032867 -0.004927592817693949 -0.0036565272603183985 -0.0036451583728194237 -0.002990358741953969 -0.0020504905842244625 -0.001073810737580061 -0.00173016800545156 -0.0014935905346646905 -0.0014501441037282348 -0.0002810426813084632
-0.11140314489603043 -0.11140314489603043 -0.11140314489603043 -0.11140314489603043 -0.11140314489603043 -0.11140314489603043 -0.11238750070333481 -0.11140314489603043 -0.11140314489603043 -0.11140314489603043 -0.11140314489603043 -0.11140314489603043 -0.11140314489603043 -0.11140314489603043 -0.11238750070333481 -0.11140314489603043 -0.11140314489603043 -0.11140314489603043 -0.11238750070333481 -0.11238750070333481 -0.11238750070333481 -0.11238750070333481 -0.11140314489603043 -0.11238750070333481 -0.11140314489603043 -0.11140314489603043 -0.10330824553966522 -0.08327828347682953 -0.07100258767604828 -0.057324305176734924 -0.0021115578711032867 -0.004927592817693949 -0.0036565272603183985 -0.0036451583728194237 -0.002990358741953969 -0.0020504905842244625 -0.001073810737580061 -0.00173016800545156 -0.0014935905346646905 -0.0014501441037282348 -0.0002810426813084632
-0.10641420632600784 -0.10641420632600784 -0.10641420632600784 -0.10641420632600784 -0.10641420632600784 -0.10641420632600784 -0.10641420632600784 -0.10641420632600784 -0.10641420632600784 -0.10641420632600784 -0.10641420632600784 -0.10641420632600784 -0.10641420632600784 -0.10641420632600784 -0.10641420632600784 -0.10641420632600784 -0.10641420632600784 -0.10641420632600784 -0.10641420632600784 -0.10641420632600784 -0.10641420632600784 -0.10641420632600784 -0.10641420632600784 -0.10641420632600784 -0.10641420632600784 -0.10641420632600784 -0.10330824553966522 -0.08327828347682953 -0.07100258767604828 -0.057324305176734924 -0.0021115578711032867 -0.004927592817693949 -0.0036565272603183985 -0.0036451583728194237 -0.002990358741953969 -0.0020504905842244625 -0.001073810737580061 -0.00173016800545156 -0.0014935905346646905 -0.0014501441037282348 -0.0002810426813084632
-0.10415442287921906 -0.10415442287921906 -0.10415442287921906 -0.10415442287921906 -0.10415442287921906 -0.10415442287921906 -0.10415442287921906 -0.10415442287921906 -0.10415442287921906 -0.10415442287921906 -0.10415442287921906 -0.10415442287921906 -0.10415442287921906 -0.10415442287921906 -0.10415442287921906 -0.10415442287921906 -0.10415442287921906 -0.10415442287921906 -0.10415442287921906 -0.10415442287921906 -0.10415442287921906 -0.10415442287921906 -0.10415442287921906 -0.10415442287921906 -0.10415442287921906 -0.10415442287921906 -0.10330824553966522 -0.08327828347682953 -0.07100258767604828 -0.057324305176734924 -0.0021115578711032867 -0.004927592817693949 -0.0036565272603183985 -0.0036451583728194237 -0.002990358741953969 -0.0020504905842244625 -0.001073810737580061 -0.00173016800545156 -0.0014935905346646905 -0.0014501441037282348 -0.0002810426813084632
-0.09934818744659424 -0.09934818744659424 -0.09934818744659424 -0.09934818744659424 -0.09934818744659424 -0.09934818744659424 -0.09934818744659424 -0.09934818744659424 -0.09934818744659424 -0.09934818744659424 -0.09934818744659424 -0.09934818744659424 -0.09934818744659424 -0.09934818744659424 -0.09934818744659424 -0.09934818744659424 -0.09934818744659424 -0.09934818744659424 -0.09934818744659424 -0.09934818744659424 -0.09934818744659424 -0.09934818744659424 -0.09934818744659424 -0.09934818744659424 -0.09934818744659424 -0.09934818744659424 -0.09934818744659424 -0.08327828347682953 -0.07100258767604828 -0.057324305176734924 -0.0021115578711032867 -0.004927592817693949 -0.0036565272603183985 -0.0036451583728194237 -0.002990358741953969 -0.0020504905842244625 -0.001073810737580061 -0.00173016800545156 -0.0014935905346646905 -0.0014501441037282348 -0.0002810426813084632
-0.05085587128996849 -0.05085587128996849 -0.05085587128996849 -0.05085587128996849 -0.05085587128996849 -0.05085587128996849 -0.05085587128996849 -0.05085587128996849 -0.05085587128996849 -0.05085587128996849 -0.05085587128996849 -0.05085587128996849 -0.05085587128996849 -0.05085587128996849 -0.05085587128996849 -0.05085587128996849 -0.05085587128996849 -0.05085587128996849 -0.05085587128996849 -0.05085587128996849 -0.05085587128996849 -0.05085587128996849 -0.05085587128996849 -0.05085587128996849 -0.05085587128996849 -0.05085587128996849 -0.05085587128996849 -0.05085587128996849 -0.05085587128996849 -0.05085587128996849 -0.0021115578711032867 -0.004927592817693949 -0.0036565272603183985 -0.0036451583728194237 -0.002990358741953969 -0.0020504905842244625 -0.001073810737580061 -0.00173016800545156 -0.0014935905346646905 -0.0014501441037282348 -0.0002810426813084632
-0.028714803978800774 -0.028714803978800774 -0.028714803978800774 -0.028714803978800774 -0.028714803978800774 -0.028714803978800774 -0.028714803978800774 -0.028714803978800774 -0.028714803978800774 -0.028714803978800774 -0.028714803978800774 -0.028714803978800774 -0.028714803978800774 -0.028714803978800774 -0.028714803978800774 -0.028714803978800774 -0.028714803978800774 -0.028714803978800774 -0.028714803978800774 -0.028714803978800774 -0.028714803978800774 -0.028714803978800774 -0.028714803978800774 -0.028714803978800774 -0.028714803978800774 -0.028714803978800774 -0.028714803978800774 -0.028714803978800774 -0.028714803978800774 -0.028714803978800774 -0.0021115578711032867 -0.004927592817693949 -0.0036565272603183985 -0.0036451583728194237 -0.002990358741953969 -0.0020504905842244625 -0.001073810737580061 -0.00173016800545156 -0.0014935905346646905 -0.0014501441037282348 -0.0002810426813084632
-0.0021115578711032867 -0.0021115578711032867 -0.0021115578711032867 -0.0021115578711032867 -0.0021115578711032867 -0.0021115578711032867 -0.0021115578711032867 -0.0021115578711032867 -0.0021115578711032867 -0.0021115578711032867 -0.0021115578711032867 -0.0021115578711032867 -0.0021115578711032867 -0.0021115578711032867 -0.0021115578711032867 -0.0021115578711032867 -0.0021115578711032867 -0.0021115578711032867 -0.0021115578711032867 -0.0021115578711032867 -0.0021115578711032867 -0.0021115578711032867 -0.0021115578711032867 -0.0021115578711032867 -0.0021115578711032867 -0.0021115578711032867 -0.0021115578711032867 -0.0021115578711032867 -0.0021115578711032867 -0.0021115578711032867 -0.006719053722918034 -0.0021115578711032867 -0.0021115578711032867 -0.0021115578711032867 -0.0021115578711032867 -0.0020504905842244625 -0.001073810737580061 -0.00173016800545156 -0.0014935905346646905 -0.0014501441037282348 -0.0002810426813084632
-0.010621215216815472 -0.010621215216815472 -0.010621215216815472 -0.010621215216815472 -0.010621215216815472 -0.010621215216815472 -0.010621215216815472 -0.010621215216815472 -0.010621215216815472 -0.010621215216815472 -0.010621215216815472 -0.010621215216815472 -0.010621215216815472 -0.010621215216815472 -0.010621215216815472 -0.010621215216815472 -0.010621215216815472 -0.010621215216815472 -0.010621215216815472 -0.010621215216815472 -0.010621215216815472 -0.010621215216815472 -0.010621215216815472 -0.010621215216815472 -0.010621215216815472 -0.010621215216815472 -0.010621215216815472 -0.010621215216815472 -0.010621215216815472 -0.010621215216815472 -0.0021115578711032867 -0.004927592817693949 -0.0036565272603183985 -0.0036451583728194237 -0.002990358741953969 -0.0020504905842244625 -0.001073810737580061 -0.00173016800545156 -0.0014935905346646905 -0.0014501441037282348 -0.0002810426813084632
-0.004927592817693949 -0.004927592817693949 -0.004927592817693949 -0.004927592817693949 -0.004927592817693949 -0.004927592817693949 -0.004927592817693949 -0.004927592817693949 -0.004927592817693949 -0.004927592817693949 -0.004927592817693949 -0.004927592817693949 -0.004927592817693949 -0.004927592817693949 -0.004927592817693949 -0.004927592817693949 -0.004927592817693949 -0.004927592817693949 -0.004927592817693949 -0.004927592817693949 -0.004927592817693949 -0.004927592817693949 -0.004927592817693949 -0.004927592817693949 -0.004927592817693949 -0.004927592817693949 -0.004927592817693949 -0.004927592817693949 -0.004927592817693949 -0.004927592817693949 -0.0021115578711032867 -0.005291888490319252 -0.0036565272603183985 -0.0036451583728194237 -0.002990358741953969 -0.0020504905842244625 -0.001073810737580061 -0.00173016800545156 -0.0014935905346646905 -0.0014501441037282348 -0.0002810426813084632
-0.0036451583728194237 -0.0036451583728194237 -0.0036451583728194237 -0.0036451583728194237 -0.0036451583728194237 -0.0036451583728194237 -0.0036451583728194237 -0.0036451583728194237 -0.0036451583728194237 -0.0036451583728194237 -0.0036451583728194237 -0.0036451583728194237 -0.0036451583728194237 -0.0036451583728194237 -0.0036451583728194237 -0.0036451583728194237 -0.0036451583728194237 -0.0036451583728194237 -0.0036451583728194237 -0.0036451583728194237 -0.0036451583728194237 -0.0036451583728194237 -0.0036451583728194237 -0.0036451583728194237 -0.0036451583728194237 -0.0036451583728194237 -0.0036451583728194237 -0.0036451583728194237 -0.0036451583728194237 -0.0036451583728194237 -0.0021115578711032867 -0.0036451583728194237 -0.0036451583728194237 -0.003860123222693801 -0.002990358741953969 -0.0020504905842244625 -0.001073810737580061 -0.00173016800545156 -0.0014935905346646905 -0.0014501441037282348 -0.0002810426813084632
-0.0036565272603183985 -0.0036565272603183985 -0.0036565272603183985 -0.0036565272603183985 -0.0036565272603183985 -0.0036565272603183985 -0.0036565272603183985 -0.0036565272603183985 -0.0036565272603183985 -0.0036565272603183985 -0.0036565272603183985 -0.0036565272603183985 -0.0036565272603183985 -0.0036565272603183985 -0.0036565272603183985 -0.0036565272603183985 -0.0036565272603183985 -0.0036565272603183985 -0.0036565272603183985 -0.0036565272603183985 -0.0036565272603183985 -0.0036565272603183985 -0.0036565272603183985 -0.0036565272603183985 -0.0036565272603183985 -0.0036565272603183985 -0.0036565272603183985 -0.0036565272603183985 -0.0036565272603183985 -0.0036565272603183985 -0.0021115578711032867 -0.0036565272603183985 -0.0036565272603183985 -0.0036451583728194237 -0.002990358741953969 -0.0020504905842244625 -0.001073810737580061 -0.00173016800545156 -0.0014935905346646905 -0.0014501441037282348 -0.0002810426813084632
-0.0002810426813084632 -0.0002810426813084632 -0.0002810426813084632 -0.0002810426813084632 -0.0002810426813084632 -0.0002810426813084632 -0.0002810426813084632 -0.0002810426813084632 -0.0002810426813084632 -0.0002810426813084632 -0.0002810426813084632 -0.0002810426813084632 -0.0002810426813084632 -0.0002810426813084632 -0.0002810426813084632 -0.0002810426813084632 -0.0002810426813084632 -0.0002810426813084632 -0.0002810426813084632 -0.0002810426813084632 -0.0002810426813084632 -0.0002810426813084632 -0.0002810426813084632 -0.0002810426813084632 -0.0002810426813084632 -0.0002810426813084632 -0.0002810426813084632 -0.0002810426813084632 -0.0002810426813084632 -0.0002810426813084632 -0.0002810426813084632 -0.0002810426813084632 -0.0002810426813084632 -0.0002810426813084632 -0.0002810426813084632 -0.0002810426813084632 -0.0002810426813084632 -0.0002810426813084632 -0.0002810426813084632 -0.0002810426813084632 -0.0002810426813084632
-0.0009020885918289423 -0.0009020885918289423 -0.0009020885918289423 -0.0009020885918289423 -0.0009020885918289423 -0.0009020885918289423 -0.0009020885918289423 -0.0009020885918289423 -0.0009020885918289423 -0.0009020885918289423 -0.0009020885918289423 -0.0009020885918289423 -0.0009020885918289423 -0.0009020885918289423 -0.0009020885918289423 -0.0009020885918289423 -0.0009020885918289423 -0.0009020885918289423 -0.0009020885918289423 -0.0009020885918289423 -0.0009020885918289423 -0.0009020885918289423 -0.0009020885918289423 -0.0009020885918289423 -0.0009020885918289423 -0.0009020885918289423 -0.0009020885918289423 -0.0009020885918289423 -0.0009020885918289423 -0.0009020885918289423 -0.0009020885918289423 -0.0009020885918289423 -0.0009020885918289423 -0.0009020885918289423 -0.0009020885918289423 -0.0009020885918289423 -0.0009020885918289423 -0.0009020885918289423 -0.0009020885918289423 -0.0009020885918289423 -0.0002810426813084632
-0.0002810426813084632 -0.0002810426813084632 -0.0002810426813084632 -0.0002810426813084632 -0.0002810426813084632 -0.0002810426813084632 -0.0002810426813084632 -0.0002810426813084632 -0.0002810426813084632 -0.0002810426813084632 -0.0002810426813084632 -0.0002810426813084632 -0.0002810426813084632 -0.0002810426813084632 -0.0002810426813084632 -0.0002810426813084632 -0.0002810426813084632 -0.0002810426813084632 -0.0002810426813084632 -0.0002810426813084632 -0.0002810426813084632 -0.0002810426813084632 -0.0002810426813084632 -0.0002810426813084632 -0.0002810426813084632 -0.0002810426813084632 -0.0002810426813084632 -0.0002810426813084632 -0.0002810426813084632 -0.0002810426813084632 -0.0002810426813084632 -0.0002810426813084632 -0.0002810426813084632 -0.0002810426813084632 -0.0002810426813084632 -0.0002810426813084632 -0.0002810426813084632 -0.0002810426813084632 -0.0002810426813084632 -0.0002810426813084632 -0.0002810426813084632