-0.41082775592803955 -0.41082775592803955 -0.41082775592803955 -0.15014219284057617 -0.15014219284057617 -0.23135621845722198 -0.11140314489603043 -0.2673846483230591 -0.2673846483230591 -0.23135621845722198 -0.27162888646125793 -0.15014219284057617 -0.15014219284057617 -0.15014219284057617 -0.11140314489603043 -0.15014219284057617 -0.15014219284057617 -0.11574030667543411 -0.11140314489603043 -0.11140314489603043 -0.11140314489603043 -0.11140314489603043 -0.14827632904052734 -0.11140314489603043 -0.12295447289943695 -0.11440322548151016 -0.10330824553966522 -0.08327828347682953 -0.07100258767604828 -0.057324305176734924 -0.0021115578711032867 -0.004927592817693949 -0.0036565272603183985 -0.0036451583728194237 -0.002990358741953969 -0.0020504905842244625 -0.001073810737580061 -0.00173016800545156 -0.0014935905346646905 -0.0014501441037282348 -0.0002810426813084632
-0.08327828347682953 -0.08327828347682953 -0.08327828347682953 -0.08327828347682953 -0.08327828347682953 -0.08327828347682953 -0.08327828347682953 -0.08327828347682953 -0.08327828347682953 -0.08327828347682953 -0.08327828347682953 -0.08327828347682953 -0.08327828347682953 -0.08327828347682953 -0.08327828347682953 -0.08327828347682953 -0.08327828347682953 -0.08327828347682953 -0.08327828347682953 -0.08327828347682953 -0.08327828347682953 -0.08327828347682953 -0.08327828347682953 -0.08327828347682953 -0.08327828347682953 -0.08327828347682953 -0.08327828347682953 -0.08327828347682953 -0.07100258767604828 -0.057324305176734924 -0.0021115578711032867 -0.004927592817693949 -0.0036565272603183985 -0.0036451583728194237 -0.002990358741953969 -0.0020504905842244625 -0.001073810737580061 -0.00173016800545156 -0.0014935905346646905 -0.0014501441037282348 -0.0002810426813084632
-0.23135621845722198 -0.23135621845722198 -0.23135621845722198 -0.15014219284057617 -0.15014219284057617 -0.23135621845722198 -0.11140314489603043 -0.23135621845722198 -0.23135621845722198 -0.23135621845722198 -0.23135621845722198 -0.15014219284057617 -0.15014219284057617 -0.15014219284057617 -0.11140314489603043 -0.15014219284057617 -0.15014219284057617 -0.11574030667543411 -0.11140314489603043 -0.11140314489603043 -0.11140314489603043 -0.11140314489603043 -0.14827632904052734 -0.11140314489603043 -0.12295447289943695 -0.11440322548151016 -0.10330824553966522 -0.08327828347682953 -0.07100258767604828 -0.057324305176734924 -0.0021115578711032867 -0.004927592817693949 -0.0036565272603183985 -0.0036451583728194237 -0.002990358741953969 -0.0020504905842244625 -0.001073810737580061 -0.00173016800545156 -0.0014935905346646905 -0.0014501441037282348 -0.0002810426813084632
-0.23135621845722198 -0.23135621845722198 -0.23135621845722198 -0.15014219284057617 -0.15014219284057617 -0.23135621845722198 -0.11140314489603043 -0.23135621845722198 -0.23135621845722198 -0.23135621845722198 -0.23135621845722198 -0.15014219284057617 -0.15014219284057617 -0.15014219284057617 -0.11140314489603043 -0.15014219284057617 -0.15014219284057617 -0.11574030667543411 -0.11140314489603043 -0.11140314489603043 -0.11140314489603043 -0.11140314489603043 -0.14827632904052734 -0.11140314489603043 -0.12295447289943695 -0.11440322548151016 -0.10330824553966522 -0.08327828347682953 -0.07100258767604828 -0.057324305176734924 -0.0021115578711032867 -0.004927592817693949 -0.0036565272603183985 -0.0036451583728194237 -0.002990358741953969 -0.0020504905842244625 -0.001073810737580061 -0.00173016800545156 -0.0014935905346646905 -0.0014501441037282348 -0.0002810426813084632
-0.23135621845722198 -0.23135621845722198 -0.23135621845722198 -0.15014219284057617 -0.15014219284057617 -0.23135621845722198 -0.11140314489603043 -0.23135621845722198 -0.23135621845722198 -0.23135621845722198 -0.23135621845722198 -0.15014219284057617 -0.15014219284057617 -0.15014219284057617 -0.11140314489603043 -0.15014219284057617 -0.15014219284057617 -0.11574030667543411 -0.11140314489603043 -0.11140314489603043 -0.11140314489603043 -0.11140314489603043 -0.14827632904052734 -0.11140314489603043 -0.12295447289943695 -0.11440322548151016 -0.10330824553966522 -0.08327828347682953 -0.07100258767604828 -0.057324305176734924 -0.0021115578711032867 -0.004927592817693949 -0.0036565272603183985 -0.0036451583728194237 -0.002990358741953969 -0.0020504905842244625 -0.001073810737580061 -0.00173016800545156 -0.0014935905346646905 -0.0014501441037282348 -0.0002810426813084632
-0.23135621845722198 -0.23135621845722198 -0.23135621845722198 -0.15014219284057617 -0.15014219284057617 -0.23135621845722198 -0.11140314489603043 -0.23135621845722198 -0.23135621845722198 -0.23135621845722198 -0.23135621845722198 -0.15014219284057617 -0.15014219284057617 -0.15014219284057617 -0.11140314489603043 -0.15014219284057617 -0.15014219284057617 -0.11574030667543411 -0.11140314489603043 -0.11140314489603043 -0.11140314489603043 -0.11140314489603043 -0.14827632904052734 -0.11140314489603043 -0.12295447289943695 -0.11440322548151016 -0.10330824553966522 -0.08327828347682953 -0.07100258767604828 -0.057324305176734924 -0.0021115578711032867 -0.004927592817693949 -0.0036565272603183985 -0.0036451583728194237 -0.002990358741953969 -0.0020504905842244625 -0.001073810737580061 -0.00173016800545156 -0.0014935905346646905 -0.0014501441037282348 -0.0002810426813084632
-0.23135621845722198 -0.23135621845722198 -0.23135621845722198 -0.15014219284057617 -0.15014219284057617 -0.2734315097332001 -0.11140314489603043 -0.23135621845722198 -0.23135621845722198 -0.2734315097332001 -0.23135621845722198 -0.15014219284057617 -0.15014219284057617 -0.15014219284057617 -0.11140314489603043 -0.15014219284057617 -0.15014219284057617 -0.11574030667543411 -0.11140314489603043 -0.11140314489603043 -0.11140314489603043 -0.11140314489603043 -0.14827632904052734 -0.11140314489603043 -0.12295447289943695 -0.11440322548151016 -0.10330824553966522 -0.08327828347682953 -0.07100258767604828 -0.057324305176734924 -0.0021115578711032867 -0.004927592817693949 -0.0036565272603183985 -0.0036451583728194237 -0.002990358741953969 -0.0020504905842244625 -0.001073810737580061 -0.00173016800545156 -0.0014935905346646905 -0.0014501441037282348 -0.0002810426813084632
-0.23135621845722198 -0.23135621845722198 -0.23135621845722198 -0.15014219284057617 -0.15014219284057617 -0.23135621845722198 -0.11140314489603043 -0.23135621845722198 -0.23135621845722198 -0.23135621845722198 -0.23135621845722198 -0.15014219284057617 -0.15014219284057617 -0.15014219284057617 -0.11140314489603043 -0.15014219284057617 -0.15014219284057617 -0.11574030667543411 -0.11140314489603043 -0.11140314489603043 -0.11140314489603043 -0.11140314489603043 -0.14827632904052734 -0.11140314489603043 -0.12295447289943695 -0.11440322548151016 -0.10330824553966522 -0.08327828347682953 -0.07100258767604828 -0.057324305176734924 -0.0021115578711032867 -0.004927592817693949 -0.0036565272603183985 -0.0036451583728194237 -0.002990358741953969 -0.0020504905842244625 -0.001073810737580061 -0.00173016800545156 -0.0014935905346646905 -0.0014501441037282348 -0.0002810426813084632
-0.2673846483230591 -0.2673846483230591 -0.2673846483230591 -0.15014219284057617 -0.15014219284057617 -0.23135621845722198 -0.11140314489603043 -0.2970276474952698 -0.2970276474952698 -0.23135621845722198 -0.2673846483230591 -0.15014219284057617 -0.15014219284057617 -0.15014219284057617 -0.11140314489603043 -0.15014219284057617 -0.15014219284057617 -0.11574030667543411 -0.11140314489603043 -0.11140314489603043 -0.11140314489603043 -0.11140314489603043 -0.14827632904052734 -0.11140314489603043 -0.12295447289943695 -0.11440322548151016 -0.10330824553966522 -0.08327828347682953 -0.07100258767604828 -0.057324305176734924 -0.0021115578711032867 -0.004927592817693949 -0.0036565272603183985 -0.0036451583728194237 -0.002990358741953969 -0.0020504905842244625 -0.001073810737580061 -0.00173016800545156 -0.0014935905346646905 -0.0014501441037282348 -0.0002810426813084632
-0.07100258767604828 -0.07100258767604828 -0.07100258767604828 -0.07100258767604828 -0.07100258767604828 -0.07100258767604828 -0.07100258767604828 -0.07100258767604828 -0.07100258767604828 -0.07100258767604828 -0.07100258767604828 -0.07100258767604828 -0.07100258767604828 -0.07100258767604828 -0.07100258767604828 -0.07100258767604828 -0.07100258767604828 -0.07100258767604828 -0.07100258767604828 -0.07100258767604828 -0.07100258767604828 -0.07100258767604828 -0.07100258767604828 -0.07100258767604828 -0.07100258767604828 -0.07100258767604828 -0.07100258767604828 -0.07100258767604828 -0.07100258767604828 -0.057324305176734924 -0.0021115578711032867 -0.004927592817693949 -0.0036565272603183985 -0.0036451583728194237 -0.002990358741953969 -0.0020504905842244625 -0.001073810737580061 -0.00173016800545156 -0.0014935905346646905 -0.0014501441037282348 -0.0002810426813084632
-0.15014219284057617 -0.15014219284057617 -0.15014219284057617 -0.1707010269165039 -0.1707010269165039 -0.15014219284057617 -0.11140314489603043 -0.15014219284057617 -0.15014219284057617 -0.15014219284057617 -0.15014219284057617 -0.26465466618537903 -0.2053440511226654 -0.1707010269165039 -0.11140314489603043 -0.2053440511226654 -0.2053440511226654 -0.11574030667543411 -0.11140314489603043 -0.11140314489603043 -0.11140314489603043 -0.11140314489603043 -0.14827632904052734 -0.11140314489603043 -0.12295447289943695 -0.11440322548151016 -0.10330824553966522 -0.08327828347682953 -0.07100258767604828 -0.057324305176734924 -0.0021115578711032867 -0.004927592817693949 -0.0036565272603183985 -0.0036451583728194237 -0.002990358741953969 -0.0020504905842244625 -0.001073810737580061 -0.00173016800545156 -0.0014935905346646905 -0.0014501441037282348 -0.0002810426813084632
-0.15014219284057617 -0.15014219284057617 -0.15014219284057617 -0.1707010269165039 -0.1707010269165039 -0.15014219284057617 -0.11140314489603043 -0.15014219284057617 -0.15014219284057617 -0.15014219284057617 -0.15014219284057617 -0.26465466618537903 -0.2053440511226654 -0.1707010269165039 -0.11140314489603043 -0.2053440511226654 -0.2053440511226654 -0.11574030667543411 -0.11140314489603043 -0.11140314489603043 -0.11140314489603043 -0.11140314489603043 -0.14827632904052734 -0.11140314489603043 -0.12295447289943695 -0.11440322548151016 -0.10330824553966522 -0.08327828347682953 -0.07100258767604828 -0.057324305176734924 -0.0021115578711032867 -0.004927592817693949 -0.0036565272603183985 -0.0036451583728194237 -0.002990358741953969 -0.0020504905842244625 -0.001073810737580061 -0.00173016800545156 -0.0014935905346646905 -0.0014501441037282348 -0.0002810426813084632
-0.15014219284057617 -0.15014219284057617 -0.15014219284057617 -0.1707010269165039 -0.1707010269165039 -0.15014219284057617 -0.11140314489603043 -0.15014219284057617 -0.15014219284057617 -0.15014219284057617 -0.15014219284057617 -0.2053440511226654 -0.21133172512054443 -0.1707010269165039 -0.11140314489603043 -0.21996909379959106 -0.21996909379959106 -0.11574030667543411 -0.11140314489603043 -0.11140314489603043 -0.11140314489603043 -0.11140314489603043 -0.14827632904052734 -0.11140314489603043 -0.12295447289943695 -0.11440322548151016 -0.10330824553966522 -0.08327828347682953 -0.07100258767604828 -0.057324305176734924 -0.0021115578711032867 -0.004927592817693949 -0.0036565272603183985 -0.0036451583728194237 -0.002990358741953969 -0.0020504905842244625 -0.001073810737580061 -0.00173016800545156 -0.0014935905346646905 -0.0014501441037282348 -0.0002810426813084632
-0.15014219284057617 -0.15014219284057617 -0.15014219284057617 -0.21553868055343628 -0.21553868055343628 -0.15014219284057617 -0.11140314489603043 -0.15014219284057617 -0.15014219284057617 -0.15014219284057617 -0.15014219284057617 -0.1707010269165039 -0.1707010269165039 -0.21553868055343628 -0.11140314489603043 -0.1707010269165039 -0.1707010269165039 -0.11574030667543411 -0.11140314489603043 -0.11140314489603043 -0.11140314489603043 -0.11140314489603043 -0.14827632904052734 -0.11140314489603043 -0.12295447289943695 -0.11440322548151016 -0.10330824553966522 -0.08327828347682953 -0.07100258767604828 -0.057324305176734924 -0.0021115578711032867 -0.004927592817693949 -0.0036565272603183985 -0.0036451583728194237 -0.002990358741953969 -0.0020504905842244625 -0.001073810737580061 -0.00173016800545156 -0.0014935905346646905 -0.0014501441037282348 -0.0002810426813084632
-0.15014219284057617 -0.15014219284057617 -0.15014219284057617 -0.21553868055343628 -0.21553868055343628 -0.15014219284057617 -0.11140314489603043 -0.15014219284057617 -0.15014219284057617 -0.15014219284057617 -0.15014219284057617 -0.1707010269165039 -0.1707010269165039 -0.21553868055343628 -0.11140314489603043 -0.1707010269165039 -0.1707010269165039 -0.11574030667543411 -0.11140314489603043 -0.11140314489603043 -0.11140314489603043 -0.11140314489603043 -0.14827632904052734 -0.11140314489603043 -0.12295447289943695 -0.11440322548151016 -0.10330824553966522 -0.08327828347682953 -0.07100258767604828 -0.057324305176734924 -0.0021115578711032867 -0.004927592817693949 -0.0036565272603183985 -0.0036451583728194237 -0.002990358741953969 -0.0020504905842244625 -0.001073810737580061 -0.00173016800545156 -0.0014935905346646905 -0.0014501441037282348 -0.0002810426813084632
-0.11140314489603043 -0.11140314489603043 -0.11140314489603043 -0.11140314489603043 -0.11140314489603043 -0.11140314489603043 -0.2997679114341736 -0.11140314489603043 -0.11140314489603043 -0.11140314489603043 -0.11140314489603043 -0.11140314489603043 -0.11140314489603043 -0.11140314489603043 -0.20339733362197876 -0.11140314489603043 -0.11140314489603043 -0.11140314489603043 -0.15963749587535858 -0.11870801448822021 -0.15963749587535858 -0.1634272187948227 -0.11140314489603043 -0.13456568121910095 -0.11140314489603043 -0.11140314489603043 -0.10330824553966522 -0.08327828347682953 -0.07100258767604828 -0.057324305176734924 -0.0021115578711032867 -0.004927592817693949 -0.0036565272603183985 -0.0036451583728194237 -0.002990358741953969 -0.0020504905842244625 -0.001073810737580061 -0.00173016800545156 -0.0014935905346646905 -0.0014501441037282348 -0.0002810426813084632
-0.15014219284057617 -0.15014219284057617 -0.15014219284057617 -0.21553868055343628 -0.21553868055343628 -0.15014219284057617 -0.11140314489603043 -0.15014219284057617 -0.15014219284057617 -0.15014219284057617 -0.15014219284057617 -0.1707010269165039 -0.1707010269165039 -0.21553868055343628 -0.11140314489603043 -0.1707010269165039 -0.1707010269165039 -0.11574030667543411 -0.11140314489603043 -0.11140314489603043 -0.11140314489603043 -0.11140314489603043 -0.14827632904052734 -0.11140314489603043 -0.12295447289943695 -0.11440322548151016 -0.10330824553966522 -0.08327828347682953 -0.07100258767604828 -0.057324305176734924 -0.0021115578711032867 -0.004927592817693949 -0.0036565272603183985 -0.0036451583728194237 -0.002990358741953969 -0.0020504905842244625 -0.001073810737580061 -0.00173016800545156 -0.0014935905346646905 -0.0014501441037282348 -0.0002810426813084632
-0.14827632904052734 -0.14827632904052734 -0.14827632904052734 -0.14827632904052734 -0.14827632904052734 -0.14827632904052734 -0.11140314489603043 -0.14827632904052734 -0.14827632904052734 -0.14827632904052734 -0.14827632904052734 -0.14827632904052734 -0.14827632904052734 -0.14827632904052734 -0.11140314489603043 -0.14827632904052734 -0.14827632904052734 -0.11574030667543411 -0.11140314489603043 -0.11140314489603043 -0.11140314489603043 -0.11140314489603043 -0.14827632904052734 -0.11140314489603043 -0.12295447289943695 -0.11440322548151016 -0.10330824553966522 -0.08327828347682953 -0.07100258767604828 -0.057324305176734924 -0.0021115578711032867 -0.004927592817693949 -0.0036565272603183985 -0.0036451583728194237 -0.002990358741953969 -0.0020504905842244625 -0.001073810737580061 -0.00173016800545156 -0.0014935905346646905 -0.0014501441037282348 -0.0002810426813084632
-0.15014219284057617 -0.15014219284057617 -0.15014219284057617 -0.21553868055343628 -0.21553868055343628 -0.15014219284057617 -0.11140314489603043 -0.15014219284057617 -0.15014219284057617 -0.15014219284057617 -0.15014219284057617 -0.1707010269165039 -0.1707010269165039 -0.21553868055343628 -0.11140314489603043 -0.1707010269165039 -0.1707010269165039 -0.11574030667543411 -0.11140314489603043 -0.11140314489603043 -0.11140314489603043 -0.11140314489603043 -0.14827632904052734 -0.11140314489603043 -0.12295447289943695 -0.11440322548151016 -0.10330824553966522 -0.08327828347682953 -0.07100258767604828 -0.057324305176734924 -0.0021115578711032867 -0.004927592817693949 -0.0036565272603183985 -0.0036451583728194237 -0.002990358741953969 -0.0020504905842244625 -0.001073810737580061 -0.00173016800545156 -0.0014935905346646905 -0.0014501441037282348 -0.0002810426813084632
-0.15014219284057617 -0.15014219284057617 -0.15014219284057617 -0.21553868055343628 -0.21553868055343628 -0.15014219284057617 -0.11140314489603043 -0.15014219284057617 -0.15014219284057617 -0.15014219284057617 -0.15014219284057617 -0.1707010269165039 -0.1707010269165039 -0.21553868055343628 -0.11140314489603043 -0.1707010269165039 -0.1707010269165039 -0.11574030667543411 -0.11140314489603043 -0.11140314489603043 -0.11140314489603043 -0.11140314489603043 -0.14827632904052734 -0.11140314489603043 -0.12295447289943695 -0.11440322548151016 -0.10330824553966522 -0.08327828347682953 -0.07100258767604828 -0.057324305176734924 -0.0021115578711032867 -0.004927592817693949 -0.0036565272603183985 -0.0036451583728194237 -0.002990358741953969 -0.0020504905842244625 -0.001073810737580061 -0.00173016800545156 -0.0014935905346646905 -0.0014501441037282348 -0.0002810426813084632
-0.2671950161457062 -0.2671950161457062 -0.2671950161457062 -0.15014219284057617 -0.15014219284057617 -0.23135621845722198 -0.11140314489603043 -0.2671950161457062 -0.2671950161457062 -0.23135621845722198 -0.2671950161457062 -0.15014219284057617 -0.15014219284057617 -0.15014219284057617 -0.11140314489603043 -0.15014219284057617 -0.15014219284057617 -0.11574030667543411 -0.11140314489603043 -0.11140314489603043 -0.11140314489603043 -0.11140314489603043 -0.14827632904052734 -0.11140314489603043 -0.12295447289943695 -0.11440322548151016 -0.10330824553966522 -0.08327828347682953 -0.07100258767604828 -0.057324305176734924 -0.0021115578711032867 -0.004927592817693949 -0.0036565272603183985 -0.0036451583728194237 -0.002990358741953969 -0.0020504905842244625 -0.001073810737580061 -0.00173016800545156 -0.0014935905346646905 -0.0014501441037282348 -0.0002810426813084632
-0.22496671974658966 -0.22496671974658966 -0.22496671974658966 -0.15014219284057617 -0.15014219284057617 -0.22496671974658966 -0.11140314489603043 -0.22496671974658966 -0.22496671974658966 -0.22496671974658966 -0.22496671974658966 -0.15014219284057617 -0.15014219284057617 -0.15014219284057617 -0.11140314489603043 -0.15014219284057617 -0.15014219284057617 -0.11574030667543411 -0.11140314489603043 -0.11140314489603043 -0.11140314489603043 -0.11140314489603043 -0.14827632904052734 -0.11140314489603043 -0.12295447289943695 -0.11440322548151016 -0.10330824553966522 -0.08327828347682953 -0.07100258767604828 -0.057324305176734924 -0.0021115578711032867 -0.004927592817693949 -0.0036565272603183985 -0.0036451583728194237 -0.002990358741953969 -0.0020504905842244625 -0.001073810737580061 -0.00173016800545156 -0.0014935905346646905 -0.0014501441037282348 -0.0002810426813084632
-0.21687984466552734 -0.21687984466552734 -0.21687984466552734 -0.15014219284057617 -0.15014219284057617 -0.21687984466552734 -0.11140314489603043 -0.21687984466552734 -0.21687984466552734 -0.21687984466552734 -0.21687984466552734 -0.15014219284057617 -0.15014219284057617 -0.15014219284057617 -0.11140314489603043 -0.15014219284057617 -0.15014219284057617 -0.11574030667543411 -0.11140314489603043 -0.11140314489603043 -0.11140314489603043 -0.11140314489603043 -0.14827632904052734 -0.11140314489603043 -0.12295447289943695 -0.11440322548151016 -0.10330824553966522 -0.08327828347682953 -0.07100258767604828 -0.057324305176734924 -0.0021115578711032867 -0.004927592817693949 -0.0036565272603183985 -0.0036451583728194237 -0.002990358741953969 -0.0020504905842244625 -0.001073810737580061 -0.00173016800545156 -0.0014935905346646905 -0.0014501441037282348 -0.0002810426813084632
-0.057324305176734924 -0.057324305176734924 -0.057324305176734924 -0.057324305176734924 -0.057324305176734924 -0.057324305176734924 -0.057324305176734924 -0.057324305176734924 -0.057324305176734924 -0.057324305176734924 -0.057324305176734924 -0.057324305176734924 -0.057324305176734924 -0.057324305176734924 -0.057324305176734924 -0.057324305176734924 -0.057324305176734924 -0.057324305176734924 -0.057324305176734924 -0.057324305176734924 -0.057324305176734924 -0.057324305176734924 -0.057324305176734924 -0.057324305176734924 -0.057324305176734924 -0.057324305176734924 -0.057324305176734924 -0.057324305176734924 -0.057324305176734924 -0.057324305176734924 -0.0021115578711032867 -0.004927592817693949 -0.0036565272603183985 -0.0036451583728194237 -0.002990358741953969 -0.0020504905842244625 -0.001073810737580061 -0.00173016800545156 -0.0014935905346646905 -0.0014501441037282348 -0.0002810426813084632
-0.17275021970272064 -0.17275021970272064 -0.17275021970272064 -0.15014219284057617 -0.15014219284057617 -0.17275021970272064 -0.11140314489603043 -0.17275021970272064 -0.17275021970272064 -0.17275021970272064 -0.17275021970272064 -0.15014219284057617 -0.15014219284057617 -0.15014219284057617 -0.11140314489603043 -0.15014219284057617 -0.15014219284057617 -0.11574030667543411 -0.11140314489603043 -0.11140314489603043 -0.11140314489603043 -0.11140314489603043 -0.14827632904052734 -0.11140314489603043 -0.12295447289943695 -0.11440322548151016 -0.10330824553966522 -0.08327828347682953 -0.07100258767604828 -0.057324305176734924 -0.0021115578711032867 -0.004927592817693949 -0.0036565272603183985 -0.0036451583728194237 -0.002990358741953969 -0.0020504905842244625 -0.001073810737580061 -0.00173016800545156 -0.0014935905346646905 -0.0014501441037282348 -0.0002810426813084632
-0.17266657948493958 -0.17266657948493958 -0.17266657948493958 -0.15014219284057617 -0.15014219284057617 -0.17266657948493958 -0.11140314489603043 -0.17266657948493958 -0.17266657948493958 -0.17266657948493958 -0.17266657948493958 -0.15014219284057617 -0.15014219284057617 -0.15014219284057617 -0.11140314489603043 -0.15014219284057617 -0.15014219284057617 -0.11574030667543411 -0.11140314489603043 -0.11140314489603043 -0.11140314489603043 -0.11140314489603043 -0.14827632904052734 -0.11140314489603043 -0.12295447289943695 -0.11440322548151016 -0.10330824553966522 -0.08327828347682953 -0.07100258767604828 -0.057324305176734924 -0.0021115578711032867 -0.004927592817693949 -0.0036565272603183985 -0.0036451583728194237 -0.002990358741953969 -0.0020504905842244625 -0.001073810737580061 -0.00173016800545156 -0.0014935905346646905 -0.0014501441037282348 -0.0002810426813084632
-0.14827632904052734 -0.14827632904052734 -0.14827632904052734 -0.14827632904052734 -0.14827632904052734 -0.14827632904052734 -0.11140314489603043 -0.14827632904052734 -0.14827632904052734 -0.14827632904052734 -0.14827632904052734 -0.14827632904052734 -0.14827632904052734 -0.14827632904052734 -0.11140314489603043 -0.14827632904052734 -0.14827632904052734 -0.11574030667543411 -0.11140314489603043 -0.11140314489603043 -0.11140314489603043 -0.11140314489603043 -0.14827632904052734 -0.11140314489603043 -0.12295447289943695 -0.11440322548151016 -0.10330824553966522 -0.08327828347682953 -0.07100258767604828 -0.057324305176734924 -0.0021115578711032867 -0.004927592817693949 -0.0036565272603183985 -0.0036451583728194237 -0.002990358741953969 -0.0020504905842244625 -0.001073810737580061 -0.00173016800545156 -0.0014935905346646905 -0.0014501441037282348 -0.0002810426813084632
-0.1325797140598297 -0.1325797140598297 -0.1325797140598297 -0.1325797140598297 -0.1325797140598297 -0.1325797140598297 -0.11140314489603043 -0.1325797140598297 -0.1325797140598297 -0.1325797140598297 -0.1325797140598297 -0.1325797140598297 -0.1325797140598297 -0.1325797140598297 -0.11140314489603043 -0.1325797140598297 -0.1325797140598297 -0.11574030667543411 -0.11140314489603043 -0.11140314489603043 -0.11140314489603043 -0.11140314489603043 -0.1325797140598297 -0.11140314489603043 -0.12295447289943695 -0.11440322548151016 -0.10330824553966522 -0.08327828347682953 -0.07100258767604828 -0.057324305176734924 -0.0021115578711032867 -0.004927592817693949 -0.0036565272603183985 -0.0036451583728194237 -0.002990358741953969 -0.0020504905842244625 -0.001073810737580061 -0.00173016800545156 -0.0014935905346646905 -0.0014501441037282348 -0.0002810426813084632
-0.09682001918554306 -0.09682001918554306 -0.09682001918554306 -0.09682001918554306 -0.09682001918554306 -0.09682001918554306 -0.09682001918554306 -0.09682001918554306 -0.09682001918554306 -0.09682001918554306 -0.09682001918554306 -0.09682001918554306 -0.09682001918554306 -0.09682001918554306 -0.09682001918554306 -0.09682001918554306 -0.09682001918554306 -0.09682001918554306 -0.09682001918554306 -0.09682001918554306 -0.09682001918554306 -0.09682001918554306 -0.09682001918554306 -0.09682001918554306 -0.09682001918554306 -0.09682001918554306 -0.09682001918554306 -0.08327828347682953 -0.07100258767604828 -0.057324305176734924 -0.0021115578711032867 -0.004927592817693949 -0.0036565272603183985 -0.0036451583728194237 -0.002990358741953969 -0.0020504905842244625 -0.001073810737580061 -0.00173016800545156 -0.0014935905346646905 -0.0014501441037282348 -0.0002810426813084632
-0.09114637970924377 -0.09114637970924377 -0.09114637970924377 -0.09114637970924377 -0.09114637970924377 -0.09114637970924377 -0.09114637970924377 -0.09114637970924377 -0.09114637970924377 -0.09114637970924377 -0.09114637970924377 -0.09114637970924377 -0.09114637970924377 -0.09114637970924377 -0.09114637970924377 -0.09114637970924377 -0.09114637970924377 -0.09114637970924377 -0.09114637970924377 -0.09114637970924377 -0.09114637970924377 -0.09114637970924377 -0.09114637970924377 -0.09114637970924377 -0.09114637970924377 -0.09114637970924377 -0.09114637970924377 -0.08327828347682953 -0.07100258767604828 -0.057324305176734924 -0.0021115578711032867 -0.004927592817693949 -0.0036565272603183985 -0.0036451583728194237 -0.002990358741953969 -0.0020504905842244625 -0.001073810737580061 -0.00173016800545156 -0.0014935905346646905 -0.0014501441037282348 -0.0002810426813084632
-0.08711788058280945 -0.08711788058280945 -0.08711788058280945 -0.08711788058280945 -0.08711788058280945 -0.08711788058280945 -0.08711788058280945 -0.08711788058280945 -0.08711788058280945 -0.08711788058280945 -0.08711788058280945 -0.08711788058280945 -0.08711788058280945 -0.08711788058280945 -0.08711788058280945 -0.08711788058280945 -0.08711788058280945 -0.08711788058280945 -0.08711788058280945 -0.08711788058280945 -0.08711788058280945 -0.08711788058280945 -0.08711788058280945 -0.08711788058280945 -0.08711788058280945 -0.08711788058280945 -0.08711788058280945 -0.08327828347682953 -0.07100258767604828 -0.057324305176734924 -0.0021115578711032867 -0.004927592817693949 -0.0036565272603183985 -0.0036451583728194237 -0.002990358741953969 -0.0020504905842244625 -0.001073810737580061 -0.00173016800545156 -0.0014935905346646905 -0.0014501441037282348 -0.0002810426813084632
-0.07049119472503662 -0.07049119472503662 -0.07049119472503662 -0.07049119472503662 -0.07049119472503662 -0.07049119472503662 -0.07049119472503662 -0.07049119472503662 -0.07049119472503662 -0.07049119472503662 -0.07049119472503662 -0.07049119472503662 -0.07049119472503662 -0.07049119472503662 -0.07049119472503662 -0.07049119472503662 -0.07049119472503662 -0.07049119472503662 -0.07049119472503662 -0.07049119472503662 -0.07049119472503662 -0.07049119472503662 -0.07049119472503662 -0.07049119472503662 -0.07049119472503662 -0.07049119472503662 -0.07049119472503662 -0.07049119472503662 -0.07049119472503662 -0.057324305176734924 -0.0021115578711032867 -0.004927592817693949 -0.0036565272603183985 -0.0036451583728194237 -0.002990358741953969 -0.0020504905842244625 -0.001073810737580061 -0.00173016800545156 -0.0014935905346646905 -0.0014501441037282348 -0.0002810426813084632
-0.057324305176734924 -0.057324305176734924 -0.057324305176734924 -0.057324305176734924 -0.057324305176734924 -0.057324305176734924 -0.057324305176734924 -0.057324305176734924 -0.057324305176734924 -0.057324305176734924 -0.057324305176734924 -0.057324305176734924 -0.057324305176734924 -0.057324305176734924 -0.057324305176734924 -0.057324305176734924 -0.057324305176734924 -0.057324305176734924 -0.057324305176734924 -0.057324305176734924 -0.057324305176734924 -0.057324305176734924 -0.057324305176734924 -0.057324305176734924 -0.057324305176734924 -0.057324305176734924 -0.057324305176734924 -0.057324305176734924 -0.057324305176734924 -0.057324305176734924 -0.0021115578711032867 -0.004927592817693949 -0.0036565272603183985 -0.0036451583728194237 -0.002990358741953969 -0.0020504905842244625 -0.001073810737580061 -0.00173016800545156 -0.0014935905346646905 -0.0014501441037282348 -0.0002810426813084632
-0.06883575767278671 -0.06883575767278671 -0.06883575767278671 -0.06883575767278671 -0.06883575767278671 -0.06883575767278671 -0.06883575767278671 -0.06883575767278671 -0.06883575767278671 -0.06883575767278671 -0.06883575767278671 -0.06883575767278671 -0.06883575767278671 -0.06883575767278671 -0.06883575767278671 -0.06883575767278671 -0.06883575767278671 -0.06883575767278671 -0.06883575767278671 -0.06883575767278671 -0.06883575767278671 -0.06883575767278671 -0.06883575767278671 -0.06883575767278671 -0.06883575767278671 -0.06883575767278671 -0.06883575767278671 -0.06883575767278671 -0.06883575767278671 -0.057324305176734924 -0.0021115578711032867 -0.004927592817693949 -0.0036565272603183985 -0.0036451583728194237 -0.002990358741953969 -0.0020504905842244625 -0.001073810737580061 -0.00173016800545156 -0.0014935905346646905 -0.0014501441037282348 -0.0002810426813084632
-0.06690653413534164 -0.06690653413534164 -0.06690653413534164 -0.06690653413534164 -0.06690653413534164 -0.06690653413534164 -0.06690653413534164 -0.06690653413534164 -0.06690653413534164 -0.06690653413534164 -0.06690653413534164 -0.06690653413534164 -0.06690653413534164 -0.06690653413534164 -0.06690653413534164 -0.06690653413534164 -0.06690653413534164 -0.06690653413534164 -0.06690653413534164 -0.06690653413534164 -0.06690653413534164 -0.06690653413534164 -0.06690653413534164 -0.06690653413534164 -0.06690653413534164 -0.06690653413534164 -0.06690653413534164 -0.06690653413534164 -0.06690653413534164 -0.057324305176734924 -0.0021115578711032867 -0.004927592817693949 -0.0036565272603183985 -0.0036451583728194237 -0.002990358741953969 -0.0020504905842244625 -0.001073810737580061 -0.00173016800545156 -0.0014935905346646905 -0.0014501441037282348 -0.0002810426813084632
-0.0474000982940197 -0.0474000982940197 -0.0474000982940197 -0.0474000982940197 -0.0474000982940197 -0.0474000982940197 -0.0474000982940197 -0.0474000982940197 -0.0474000982940197 -0.0474000982940197 -0.0474000982940197 -0.0474000982940197 -0.0474000982940197 -0.0474000982940197 -0.0474000982940197 -0.0474000982940197 -0.0474000982940197 -0.0474000982940197 -0.0474000982940197 -0.0474000982940197 -0.0474000982940197 -0.0474000982940197 -0.0474000982940197 -0.0474000982940197 -0.0474000982940197 -0.0474000982940197 -0.0474000982940197 -0.0474000982940197 -0.0474000982940197 -0.0474000982940197 -0.0021115578711032867 -0.004927592817693949 -0.0036565272603183985 -0.0036451583728194237 -0.002990358741953969 -0.0020504905842244625 -0.001073810737580061 -0.00173016800545156 -0.0014935905346646905 -0.0014501441037282348 -0.0002810426813084632
-0.0211725402623415 -0.0211725402623415 -0.0211725402623415 -0.0211725402623415 -0.0211725402623415 -0.0211725402623415 -0.0211725402623415 -0.0211725402623415 -0.0211725402623415 -0.0211725402623415 -0.0211725402623415 -0.0211725402623415 -0.0211725402623415 -0.0211725402623415 -0.0211725402623415 -0.0211725402623415 -0.0211725402623415 -0.0211725402623415 -0.0211725402623415 -0.0211725402623415 -0.0211725402623415 -0.0211725402623415 -0.0211725402623415 -0.0211725402623415 -0.0211725402623415 -0.0211725402623415 -0.0211725402623415 -0.0211725402623415 -0.0211725402623415 -0.0211725402623415 -0.0021115578711032867 -0.004927592817693949 -0.0036565272603183985 -0.0036451583728194237 -0.002990358741953969 -0.0020504905842244625 -0.001073810737580061 -0.00173016800545156 -0.0014935905346646905 -0.0014501441037282348 -0.0002810426813084632
-0.018220193684101105 -0.018220193684101105 -0.018220193684101105 -0.018220193684101105 -0.018220193684101105 -0.018220193684101105 -0.018220193684101105 -0.018220193684101105 -0.018220193684101105 -0.018220193684101105 -0.018220193684101105 -0.018220193684101105 -0.018220193684101105 -0.018220193684101105 -0.018220193684101105 -0.018220193684101105 -0.018220193684101105 -0.018220193684101105 -0.018220193684101105 -0.018220193684101105 -0.018220193684101105 -0.018220193684101105 -0.018220193684101105 -0.018220193684101105 -0.018220193684101105 -0.018220193684101105 -0.018220193684101105 -0.018220193684101105 -0.018220193684101105 -0.018220193684101105 -0.0021115578711032867 -0.004927592817693949 -0.0036565272603183985 -0.0036451583728194237 -0.002990358741953969 -0.0020504905842244625 -0.001073810737580061 -0.00173016800545156 -0.0014935905346646905 -0.0014501441037282348 -0.0002810426813084632
-0.015627341344952583 -0.015627341344952583 -0.015627341344952583 -0.015627341344952583 -0.015627341344952583 -0.015627341344952583 -0.015627341344952583 -0.015627341344952583 -0.015627341344952583 -0.015627341344952583 -0.015627341344952583 -0.015627341344952583 -0.015627341344952583 -0.015627341344952583 -0.015627341344952583 -0.015627341344952583 -0.015627341344952583 -0.015627341344952583 -0.015627341344952583 -0.015627341344952583 -0.015627341344952583 -0.015627341344952583 -0.015627341344952583 -0.015627341344952583 -0.015627341344952583 -0.015627341344952583 -0.015627341344952583 -0.015627341344952583 -0.015627341344952583 -0.015627341344952583 -0.0021115578711032867 -0.004927592817693949 -0.0036565272603183985 -0.0036451583728194237 -0.002990358741953969 -0.0020504905842244625 -0.001073810737580061 -0.00173016800545156 -0.0014935905346646905 -0.0014501441037282348 -0.0002810426813084632
-0.0021115578711032867 -0.0021115578711032867 -0.0021115578711032867 -0.0021115578711032867 -0.0021115578711032867 -0.0021115578711032867 -0.0021115578711032867 -0.0021115578711032867 -0.0021115578711032867 -0.0021115578711032867 -0.0021115578711032867 -0.0021115578711032867 -0.0021115578711032867 -0.0021115578711032867 -0.0021115578711032867 -0.0021115578711032867 -0.0021115578711032867 -0.0021115578711032867 -0.0021115578711032867 -0.0021115578711032867 -0.0021115578711032867 -0.0021115578711032867 -0.0021115578711032867 -0.0021115578711032867 -0.0021115578711032867 -0.0021115578711032867 -0.0021115578711032867 -0.0021115578711032867 -0.0021115578711032867 -0.0021115578711032867 -0.006719053722918034 -0.0021115578711032867 -0.0021115578711032867 -0.0021115578711032867 -0.0021115578711032867 -0.0020504905842244625 -0.001073810737580061 -0.00173016800545156 -0.0014935905346646905 -0.0014501441037282348 -0.0002810426813084632
-0.001073810737580061 -0.001073810737580061 -0.001073810737580061 -0.001073810737580061 -0.001073810737580061 -0.001073810737580061 -0.001073810737580061 -0.001073810737580061 -0.001073810737580061 -0.001073810737580061 -0.001073810737580061 -0.001073810737580061 -0.001073810737580061 -0.001073810737580061 -0.001073810737580061 -0.001073810737580061 -0.001073810737580061 -0.001073810737580061 -0.001073810737580061 -0.001073810737580061 -0.001073810737580061 -0.001073810737580061 -0.001073810737580061 -0.001073810737580061 -0.001073810737580061 -0.001073810737580061 -0.001073810737580061 -0.001073810737580061 -0.001073810737580061 -0.001073810737580061 -0.001073810737580061 -0.001073810737580061 -0.001073810737580061 -0.001073810737580061 -0.001073810737580061 -0.001073810737580061 -0.002026689238846302 -0.001073810737580061 -0.001073810737580061 -0.001073810737580061 -0.0002810426813084632
-0.001073810737580061 -0.001073810737580061 -0.001073810737580061 -0.001073810737580061 -0.001073810737580061 -0.001073810737580061 -0.001073810737580061 -0.001073810737580061 -0.001073810737580061 -0.001073810737580061 -0.001073810737580061 -0.001073810737580061 -0.001073810737580061 -0.001073810737580061 -0.001073810737580061 -0.001073810737580061 -0.001073810737580061 -0.001073810737580061 -0.001073810737580061 -0.001073810737580061 -0.001073810737580061 -0.001073810737580061 -0.001073810737580061 -0.001073810737580061 -0.001073810737580061 -0.001073810737580061 -0.001073810737580061 -0.001073810737580061 -0.001073810737580061 -0.001073810737580061 -0.001073810737580061 -0.001073810737580061 -0.001073810737580061 -0.001073810737580061 -0.001073810737580061 -0.001073810737580061 -0.001939344801940024 -0.001073810737580061 -0.001073810737580061 -0.001073810737580061 -0.0002810426813084632
-0.0018650523852556944 -0.0018650523852556944 -0.0018650523852556944 -0.0018650523852556944 -0.0018650523852556944 -0.0018650523852556944 -0.0018650523852556944 -0.0018650523852556944 -0.0018650523852556944 -0.0018650523852556944 -0.0018650523852556944 -0.0018650523852556944 -0.0018650523852556944 -0.0018650523852556944 -0.0018650523852556944 -0.0018650523852556944 -0.0018650523852556944 -0.0018650523852556944 -0.0018650523852556944 -0.0018650523852556944 -0.0018650523852556944 -0.0018650523852556944 -0.0018650523852556944 -0.0018650523852556944 -0.0018650523852556944 -0.0018650523852556944 -0.0018650523852556944 -0.0018650523852556944 -0.0018650523852556944 -0.0018650523852556944 -0.0018650523852556944 -0.0018650523852556944 -0.0018650523852556944 -0.0018650523852556944 -0.0018650523852556944 -0.0018650523852556944 -0.001073810737580061 -0.00173016800545156 -0.0014935905346646905 -0.0014501441037282348 -0.0002810426813084632
-0.0018127565272152424 -0.0018127565272152424 -0.0018127565272152424 -0.0018127565272152424 -0.0018127565272152424 -0.0018127565272152424 -0.0018127565272152424 -0.0018127565272152424 -0.0018127565272152424 -0.0018127565272152424 -0.0018127565272152424 -0.0018127565272152424 -0.0018127565272152424 -0.0018127565272152424 -0.0018127565272152424 -0.0018127565272152424 -0.0018127565272152424 -0.0018127565272152424 -0.0018127565272152424 -0.0018127565272152424 -0.0018127565272152424 -0.0018127565272152424 -0.0018127565272152424 -0.0018127565272152424 -0.0018127565272152424 -0.0018127565272152424 -0.0018127565272152424 -0.0018127565272152424 -0.0018127565272152424 -0.0018127565272152424 -0.0018127565272152424 -0.0018127565272152424 -0.0018127565272152424 -0.0018127565272152424 -0.0018127565272152424 -0.0018127565272152424 -0.001073810737580061 -0.00173016800545156 -0.0014935905346646905 -0.0014501441037282348 -0.0002810426813084632
-0.0014217965072020888 -0.0014217965072020888 -0.0014217965072020888 -0.0014217965072020888 -0.0014217965072020888 -0.0014217965072020888 -0.0014217965072020888 -0.0014217965072020888 -0.0014217965072020888 -0.0014217965072020888 -0.0014217965072020888 -0.0014217965072020888 -0.0014217965072020888 -0.0014217965072020888 -0.0014217965072020888 -0.0014217965072020888 -0.0014217965072020888 -0.0014217965072020888 -0.0014217965072020888 -0.0014217965072020888 -0.0014217965072020888 -0.0014217965072020888 -0.0014217965072020888 -0.0014217965072020888 -0.0014217965072020888 -0.0014217965072020888 -0.0014217965072020888 -0.0014217965072020888 -0.0014217965072020888 -0.0014217965072020888 -0.0014217965072020888 -0.0014217965072020888 -0.0014217965072020888 -0.0014217965072020888 -0.0014217965072020888 -0.0014217965072020888 -0.001073810737580061 -0.0014217965072020888 -0.0014217965072020888 -0.0014217965072020888 -0.0002810426813084632
-0.0002810426813084632 -0.0002810426813084632 -0.0002810426813084632 -0.0002810426813084632 -0.0002810426813084632 -0.0002810426813084632 -0.0002810426813084632 -0.0002810426813084632 -0.0002810426813084632 -0.0002810426813084632 -0.0002810426813084632 -0.0002810426813084632 -0.0002810426813084632 -0.0002810426813084632 -0.0002810426813084632 -0.0002810426813084632 -0.0002810426813084632 -0.0002810426813084632 -0.0002810426813084632 -0.0002810426813084632 -0.0002810426813084632 -0.0002810426813084632 -0.0002810426813084632 -0.0002810426813084632 -0.0002810426813084632 -0.0002810426813084632 -0.0002810426813084632 -0.0002810426813084632 -0.0002810426813084632 -0.0002810426813084632 -0.0002810426813084632 -0.0002810426813084632 -0.0002810426813084632 -0.0002810426813084632 -0.0002810426813084632 -0.0002810426813084632 -0.0002810426813084632 -0.0002810426813084632 -0.0002810426813084632 -0.0002810426813084632 -0.0002810426813084632