-0.45049214363098145 -0.45049214363098145 -0.45049214363098145 -0.45049214363098145 -0.3516891598701477 -0.18790216743946075 -0.18790216743946075 -0.1275186538696289 -0.1275186538696289 -0.1275186538696289 -0.1275186538696289 -0.1275186538696289 -0.2925999164581299 -0.1829623579978943 -0.18790216743946075 -0.1829623579978943 -0.18790216743946075 -0.1275186538696289 -0.1275186538696289 -0.1275186538696289 -0.18790216743946075 -0.11387056112289429 -0.11387056112289429 -0.14319483935832977 -0.1275186538696289 -0.12359347194433212 -0.08638069033622742 -0.08638069033622742 -0.0688323900103569 -0.07324295490980148 -0.04665679857134819 -0.004573935642838478 -0.0026207820046693087 -0.0011911147739738226 -0.0018653590232133865 -0.0018743579275906086 -0.0014714781427755952 -0.0009918218711391091 -0.000735043897293508 -0.0008998595294542611 -0.0006738962256349623 -0.0009918218711391091 -0.0009426274336874485 -0.0009517124854028225 -0.0008839037618599832 -0.0007633605855517089 -0.0005858420627191663
-0.2925999164581299 -0.2925999164581299 -0.2925999164581299 -0.2925999164581299 -0.2925999164581299 -0.18790216743946075 -0.18790216743946075 -0.1275186538696289 -0.1275186538696289 -0.1275186538696289 -0.1275186538696289 -0.1275186538696289 -0.2925999164581299 -0.1829623579978943 -0.18790216743946075 -0.1829623579978943 -0.18790216743946075 -0.1275186538696289 -0.1275186538696289 -0.1275186538696289 -0.18790216743946075 -0.11387056112289429 -0.11387056112289429 -0.14319483935832977 -0.1275186538696289 -0.12359347194433212 -0.08638069033622742 -0.08638069033622742 -0.0688323900103569 -0.07324295490980148 -0.04665679857134819 -0.004573935642838478 -0.0026207820046693087 -0.0011911147739738226 -0.0018653590232133865 -0.0018743579275906086 -0.0014714781427755952 -0.0009918218711391091 -0.000735043897293508 -0.0008998595294542611 -0.0006738962256349623 -0.0009918218711391091 -0.0009426274336874485 -0.0009517124854028225 -0.0008839037618599832 -0.0007633605855517089 -0.0005858420627191663
-0.3516891598701477 -0.3516891598701477 -0.3516891598701477 -0.3516891598701477 -0.3516891598701477 -0.18790216743946075 -0.18790216743946075 -0.1275186538696289 -0.1275186538696289 -0.1275186538696289 -0.1275186538696289 -0.1275186538696289 -0.2925999164581299 -0.1829623579978943 -0.18790216743946075 -0.1829623579978943 -0.18790216743946075 -0.1275186538696289 -0.1275186538696289 -0.1275186538696289 -0.18790216743946075 -0.11387056112289429 -0.11387056112289429 -0.14319483935832977 -0.1275186538696289 -0.12359347194433212 -0.08638069033622742 -0.08638069033622742 -0.0688323900103569 -0.07324295490980148 -0.04665679857134819 -0.004573935642838478 -0.0026207820046693087 -0.0011911147739738226 -0.0018653590232133865 -0.0018743579275906086 -0.0014714781427755952 -0.0009918218711391091 -0.000735043897293508 -0.0008998595294542611 -0.0006738962256349623 -0.0009918218711391091 -0.0009426274336874485 -0.0009517124854028225 -0.0008839037618599832 -0.0007633605855517089 -0.0005858420627191663
-0.3516891598701477 -0.3516891598701477 -0.3516891598701477 -0.3516891598701477 -0.3516891598701477 -0.18790216743946075 -0.18790216743946075 -0.1275186538696289 -0.1275186538696289 -0.1275186538696289 -0.1275186538696289 -0.1275186538696289 -0.2925999164581299 -0.1829623579978943 -0.18790216743946075 -0.1829623579978943 -0.18790216743946075 -0.1275186538696289 -0.1275186538696289 -0.1275186538696289 -0.18790216743946075 -0.11387056112289429 -0.11387056112289429 -0.14319483935832977 -0.1275186538696289 -0.12359347194433212 -0.08638069033622742 -0.08638069033622742 -0.0688323900103569 -0.07324295490980148 -0.04665679857134819 -0.004573935642838478 -0.0026207820046693087 -0.0011911147739738226 -0.0018653590232133865 -0.0018743579275906086 -0.0014714781427755952 -0.0009918218711391091 -0.000735043897293508 -0.0008998595294542611 -0.0006738962256349623 -0.0009918218711391091 -0.0009426274336874485 -0.0009517124854028225 -0.0008839037618599832 -0.0007633605855517089 -0.0005858420627191663
-0.2925999164581299 -0.2925999164581299 -0.2925999164581299 -0.2925999164581299 -0.2925999164581299 -0.18790216743946075 -0.18790216743946075 -0.1275186538696289 -0.1275186538696289 -0.1275186538696289 -0.1275186538696289 -0.1275186538696289 -0.2925999164581299 -0.1829623579978943 -0.18790216743946075 -0.1829623579978943 -0.18790216743946075 -0.1275186538696289 -0.1275186538696289 -0.1275186538696289 -0.18790216743946075 -0.11387056112289429 -0.11387056112289429 -0.14319483935832977 -0.1275186538696289 -0.12359347194433212 -0.08638069033622742 -0.08638069033622742 -0.0688323900103569 -0.07324295490980148 -0.04665679857134819 -0.004573935642838478 -0.0026207820046693087 -0.0011911147739738226 -0.0018653590232133865 -0.0018743579275906086 -0.0014714781427755952 -0.0009918218711391091 -0.000735043897293508 -0.0008998595294542611 -0.0006738962256349623 -0.0009918218711391091 -0.0009426274336874485 -0.0009517124854028225 -0.0008839037618599832 -0.0007633605855517089 -0.0005858420627191663
-0.1829623579978943 -0.1829623579978943 -0.1829623579978943 -0.1829623579978943 -0.1829623579978943 -0.1829623579978943 -0.1829623579978943 -0.1275186538696289 -0.1275186538696289 -0.1275186538696289 -0.1275186538696289 -0.1275186538696289 -0.1829623579978943 -0.26893842220306396 -0.1829623579978943 -0.26893842220306396 -0.1829623579978943 -0.1275186538696289 -0.1275186538696289 -0.1275186538696289 -0.1829623579978943 -0.11387056112289429 -0.11387056112289429 -0.14319483935832977 -0.1275186538696289 -0.12359347194433212 -0.08638069033622742 -0.08638069033622742 -0.0688323900103569 -0.07324295490980148 -0.04665679857134819 -0.004573935642838478 -0.0026207820046693087 -0.0011911147739738226 -0.0018653590232133865 -0.0018743579275906086 -0.0014714781427755952 -0.0009918218711391091 -0.000735043897293508 -0.0008998595294542611 -0.0006738962256349623 -0.0009918218711391091 -0.0009426274336874485 -0.0009517124854028225 -0.0008839037618599832 -0.0007633605855517089 -0.0005858420627191663
-0.1829623579978943 -0.1829623579978943 -0.1829623579978943 -0.1829623579978943 -0.1829623579978943 -0.1829623579978943 -0.1829623579978943 -0.1275186538696289 -0.1275186538696289 -0.1275186538696289 -0.1275186538696289 -0.1275186538696289 -0.1829623579978943 -0.26893842220306396 -0.1829623579978943 -0.26893842220306396 -0.1829623579978943 -0.1275186538696289 -0.1275186538696289 -0.1275186538696289 -0.1829623579978943 -0.11387056112289429 -0.11387056112289429 -0.14319483935832977 -0.1275186538696289 -0.12359347194433212 -0.08638069033622742 -0.08638069033622742 -0.0688323900103569 -0.07324295490980148 -0.04665679857134819 -0.004573935642838478 -0.0026207820046693087 -0.0011911147739738226 -0.0018653590232133865 -0.0018743579275906086 -0.0014714781427755952 -0.0009918218711391091 -0.000735043897293508 -0.0008998595294542611 -0.0006738962256349623 -0.0009918218711391091 -0.0009426274336874485 -0.0009517124854028225 -0.0008839037618599832 -0.0007633605855517089 -0.0005858420627191663
-0.1275186538696289 -0.1275186538696289 -0.1275186538696289 -0.1275186538696289 -0.1275186538696289 -0.1275186538696289 -0.1275186538696289 -0.19003649055957794 -0.19003649055957794 -0.19003649055957794 -0.19003649055957794 -0.19003649055957794 -0.1275186538696289 -0.1275186538696289 -0.1275186538696289 -0.1275186538696289 -0.1275186538696289 -0.19003649055957794 -0.19003649055957794 -0.19003649055957794 -0.1275186538696289 -0.11387056112289429 -0.11387056112289429 -0.1275186538696289 -0.1553960144519806 -0.12359347194433212 -0.08638069033622742 -0.08638069033622742 -0.0688323900103569 -0.07324295490980148 -0.04665679857134819 -0.004573935642838478 -0.0026207820046693087 -0.0011911147739738226 -0.0018653590232133865 -0.0018743579275906086 -0.0014714781427755952 -0.0009918218711391091 -0.000735043897293508 -0.0008998595294542611 -0.0006738962256349623 -0.0009918218711391091 -0.0009426274336874485 -0.0009517124854028225 -0.0008839037618599832 -0.0007633605855517089 -0.0005858420627191663
-0.1275186538696289 -0.1275186538696289 -0.1275186538696289 -0.1275186538696289 -0.1275186538696289 -0.1275186538696289 -0.1275186538696289 -0.19003649055957794 -0.19003649055957794 -0.19003649055957794 -0.19003649055957794 -0.19003649055957794 -0.1275186538696289 -0.1275186538696289 -0.1275186538696289 -0.1275186538696289 -0.1275186538696289 -0.20522645115852356 -0.19003649055957794 -0.20522645115852356 -0.1275186538696289 -0.11387056112289429 -0.11387056112289429 -0.1275186538696289 -0.1553960144519806 -0.12359347194433212 -0.08638069033622742 -0.08638069033622742 -0.0688323900103569 -0.07324295490980148 -0.04665679857134819 -0.004573935642838478 -0.0026207820046693087 -0.0011911147739738226 -0.0018653590232133865 -0.0018743579275906086 -0.0014714781427755952 -0.0009918218711391091 -0.000735043897293508 -0.0008998595294542611 -0.0006738962256349623 -0.0009918218711391091 -0.0009426274336874485 -0.0009517124854028225 -0.0008839037618599832 -0.0007633605855517089 -0.0005858420627191663
-0.18790216743946075 -0.18790216743946075 -0.18790216743946075 -0.18790216743946075 -0.18790216743946075 -0.3438546359539032 -0.3438546359539032 -0.1275186538696289 -0.1275186538696289 -0.1275186538696289 -0.1275186538696289 -0.1275186538696289 -0.18790216743946075 -0.1829623579978943 -0.27516552805900574 -0.1829623579978943 -0.2563033401966095 -0.1275186538696289 -0.1275186538696289 -0.1275186538696289 -0.18854258954524994 -0.11387056112289429 -0.11387056112289429 -0.14319483935832977 -0.1275186538696289 -0.12359347194433212 -0.08638069033622742 -0.08638069033622742 -0.0688323900103569 -0.07324295490980148 -0.04665679857134819 -0.004573935642838478 -0.0026207820046693087 -0.0011911147739738226 -0.0018653590232133865 -0.0018743579275906086 -0.0014714781427755952 -0.0009918218711391091 -0.000735043897293508 -0.0008998595294542611 -0.0006738962256349623 -0.0009918218711391091 -0.0009426274336874485 -0.0009517124854028225 -0.0008839037618599832 -0.0007633605855517089 -0.0005858420627191663
-0.12359347194433212 -0.12359347194433212 -0.12359347194433212 -0.12359347194433212 -0.12359347194433212 -0.12359347194433212 -0.12359347194433212 -0.12359347194433212 -0.12359347194433212 -0.12359347194433212 -0.12359347194433212 -0.12359347194433212 -0.12359347194433212 -0.12359347194433212 -0.12359347194433212 -0.12359347194433212 -0.12359347194433212 -0.12359347194433212 -0.12359347194433212 -0.12359347194433212 -0.12359347194433212 -0.11387056112289429 -0.11387056112289429 -0.12359347194433212 -0.12359347194433212 -0.12359347194433212 -0.08638069033622742 -0.08638069033622742 -0.0688323900103569 -0.07324295490980148 -0.04665679857134819 -0.004573935642838478 -0.0026207820046693087 -0.0011911147739738226 -0.0018653590232133865 -0.0018743579275906086 -0.0014714781427755952 -0.0009918218711391091 -0.000735043897293508 -0.0008998595294542611 -0.0006738962256349623 -0.0009918218711391091 -0.0009426274336874485 -0.0009517124854028225 -0.0008839037618599832 -0.0007633605855517089 -0.0005858420627191663
-0.1829623579978943 -0.1829623579978943 -0.1829623579978943 -0.1829623579978943 -0.1829623579978943 -0.1829623579978943 -0.1829623579978943 -0.1275186538696289 -0.1275186538696289 -0.1275186538696289 -0.1275186538696289 -0.1275186538696289 -0.1829623579978943 -0.1829623579978943 -0.1829623579978943 -0.1829623579978943 -0.1829623579978943 -0.1275186538696289 -0.1275186538696289 -0.1275186538696289 -0.1829623579978943 -0.11387056112289429 -0.11387056112289429 -0.14319483935832977 -0.1275186538696289 -0.12359347194433212 -0.08638069033622742 -0.08638069033622742 -0.0688323900103569 -0.07324295490980148 -0.04665679857134819 -0.004573935642838478 -0.0026207820046693087 -0.0011911147739738226 -0.0018653590232133865 -0.0018743579275906086 -0.0014714781427755952 -0.0009918218711391091 -0.000735043897293508 -0.0008998595294542611 -0.0006738962256349623 -0.0009918218711391091 -0.0009426274336874485 -0.0009517124854028225 -0.0008839037618599832 -0.0007633605855517089 -0.0005858420627191663
-0.1275186538696289 -0.1275186538696289 -0.1275186538696289 -0.1275186538696289 -0.1275186538696289 -0.1275186538696289 -0.1275186538696289 -0.19003649055957794 -0.19003649055957794 -0.19003649055957794 -0.19003649055957794 -0.19003649055957794 -0.1275186538696289 -0.1275186538696289 -0.1275186538696289 -0.1275186538696289 -0.1275186538696289 -0.2555549442768097 -0.19003649055957794 -0.20522645115852356 -0.1275186538696289 -0.11387056112289429 -0.11387056112289429 -0.1275186538696289 -0.1553960144519806 -0.12359347194433212 -0.08638069033622742 -0.08638069033622742 -0.0688323900103569 -0.07324295490980148 -0.04665679857134819 -0.004573935642838478 -0.0026207820046693087 -0.0011911147739738226 -0.0018653590232133865 -0.0018743579275906086 -0.0014714781427755952 -0.0009918218711391091 -0.000735043897293508 -0.0008998595294542611 -0.0006738962256349623 -0.0009918218711391091 -0.0009426274336874485 -0.0009517124854028225 -0.0008839037618599832 -0.0007633605855517089 -0.0005858420627191663
-0.1829623579978943 -0.1829623579978943 -0.1829623579978943 -0.1829623579978943 -0.1829623579978943 -0.1829623579978943 -0.1829623579978943 -0.1275186538696289 -0.1275186538696289 -0.1275186538696289 -0.1275186538696289 -0.1275186538696289 -0.1829623579978943 -0.26893842220306396 -0.1829623579978943 -0.26893842220306396 -0.1829623579978943 -0.1275186538696289 -0.1275186538696289 -0.1275186538696289 -0.1829623579978943 -0.11387056112289429 -0.11387056112289429 -0.14319483935832977 -0.1275186538696289 -0.12359347194433212 -0.08638069033622742 -0.08638069033622742 -0.0688323900103569 -0.07324295490980148 -0.04665679857134819 -0.004573935642838478 -0.0026207820046693087 -0.0011911147739738226 -0.0018653590232133865 -0.0018743579275906086 -0.0014714781427755952 -0.0009918218711391091 -0.000735043897293508 -0.0008998595294542611 -0.0006738962256349623 -0.0009918218711391091 -0.0009426274336874485 -0.0009517124854028225 -0.0008839037618599832 -0.0007633605855517089 -0.0005858420627191663
-0.1275186538696289 -0.1275186538696289 -0.1275186538696289 -0.1275186538696289 -0.1275186538696289 -0.1275186538696289 -0.1275186538696289 -0.3054013252258301 -0.3054013252258301 -0.3054013252258301 -0.3054013252258301 -0.3054013252258301 -0.1275186538696289 -0.1275186538696289 -0.1275186538696289 -0.1275186538696289 -0.1275186538696289 -0.19003649055957794 -0.22697097063064575 -0.19003649055957794 -0.1275186538696289 -0.11387056112289429 -0.11387056112289429 -0.1275186538696289 -0.1553960144519806 -0.12359347194433212 -0.08638069033622742 -0.08638069033622742 -0.0688323900103569 -0.07324295490980148 -0.04665679857134819 -0.004573935642838478 -0.0026207820046693087 -0.0011911147739738226 -0.0018653590232133865 -0.0018743579275906086 -0.0014714781427755952 -0.0009918218711391091 -0.000735043897293508 -0.0008998595294542611 -0.0006738962256349623 -0.0009918218711391091 -0.0009426274336874485 -0.0009517124854028225 -0.0008839037618599832 -0.0007633605855517089 -0.0005858420627191663
-0.1275186538696289 -0.1275186538696289 -0.1275186538696289 -0.1275186538696289 -0.1275186538696289 -0.1275186538696289 -0.1275186538696289 -0.30441537499427795 -0.30441537499427795 -0.30441537499427795 -0.30441537499427795 -0.30441537499427795 -0.1275186538696289 -0.1275186538696289 -0.1275186538696289 -0.1275186538696289 -0.1275186538696289 -0.19003649055957794 -0.22697097063064575 -0.19003649055957794 -0.1275186538696289 -0.11387056112289429 -0.11387056112289429 -0.1275186538696289 -0.1553960144519806 -0.12359347194433212 -0.08638069033622742 -0.08638069033622742 -0.0688323900103569 -0.07324295490980148 -0.04665679857134819 -0.004573935642838478 -0.0026207820046693087 -0.0011911147739738226 -0.0018653590232133865 -0.0018743579275906086 -0.0014714781427755952 -0.0009918218711391091 -0.000735043897293508 -0.0008998595294542611 -0.0006738962256349623 -0.0009918218711391091 -0.0009426274336874485 -0.0009517124854028225 -0.0008839037618599832 -0.0007633605855517089 -0.0005858420627191663
-0.1275186538696289 -0.1275186538696289 -0.1275186538696289 -0.1275186538696289 -0.1275186538696289 -0.1275186538696289 -0.1275186538696289 -0.3039133846759796 -0.3039133846759796 -0.3039133846759796 -0.3039133846759796 -0.3039133846759796 -0.1275186538696289 -0.1275186538696289 -0.1275186538696289 -0.1275186538696289 -0.1275186538696289 -0.19003649055957794 -0.22697097063064575 -0.19003649055957794 -0.1275186538696289 -0.11387056112289429 -0.11387056112289429 -0.1275186538696289 -0.1553960144519806 -0.12359347194433212 -0.08638069033622742 -0.08638069033622742 -0.0688323900103569 -0.07324295490980148 -0.04665679857134819 -0.004573935642838478 -0.0026207820046693087 -0.0011911147739738226 -0.0018653590232133865 -0.0018743579275906086 -0.0014714781427755952 -0.0009918218711391091 -0.000735043897293508 -0.0008998595294542611 -0.0006738962256349623 -0.0009918218711391091 -0.0009426274336874485 -0.0009517124854028225 -0.0008839037618599832 -0.0007633605855517089 -0.0005858420627191663
-0.1275186538696289 -0.1275186538696289 -0.1275186538696289 -0.1275186538696289 -0.1275186538696289 -0.1275186538696289 -0.1275186538696289 -0.2841779291629791 -0.2841779291629791 -0.2841779291629791 -0.2841779291629791 -0.2841779291629791 -0.1275186538696289 -0.1275186538696289 -0.1275186538696289 -0.1275186538696289 -0.1275186538696289 -0.19003649055957794 -0.22697097063064575 -0.19003649055957794 -0.1275186538696289 -0.11387056112289429 -0.11387056112289429 -0.1275186538696289 -0.1553960144519806 -0.12359347194433212 -0.08638069033622742 -0.08638069033622742 -0.0688323900103569 -0.07324295490980148 -0.04665679857134819 -0.004573935642838478 -0.0026207820046693087 -0.0011911147739738226 -0.0018653590232133865 -0.0018743579275906086 -0.0014714781427755952 -0.0009918218711391091 -0.000735043897293508 -0.0008998595294542611 -0.0006738962256349623 -0.0009918218711391091 -0.0009426274336874485 -0.0009517124854028225 -0.0008839037618599832 -0.0007633605855517089 -0.0005858420627191663
-0.1275186538696289 -0.1275186538696289 -0.1275186538696289 -0.1275186538696289 -0.1275186538696289 -0.1275186538696289 -0.1275186538696289 -0.28210216760635376 -0.28210216760635376 -0.28210216760635376 -0.28210216760635376 -0.28210216760635376 -0.1275186538696289 -0.1275186538696289 -0.1275186538696289 -0.1275186538696289 -0.1275186538696289 -0.19003649055957794 -0.22697097063064575 -0.19003649055957794 -0.1275186538696289 -0.11387056112289429 -0.11387056112289429 -0.1275186538696289 -0.1553960144519806 -0.12359347194433212 -0.08638069033622742 -0.08638069033622742 -0.0688323900103569 -0.07324295490980148 -0.04665679857134819 -0.004573935642838478 -0.0026207820046693087 -0.0011911147739738226 -0.0018653590232133865 -0.0018743579275906086 -0.0014714781427755952 -0.0009918218711391091 -0.000735043897293508 -0.0008998595294542611 -0.0006738962256349623 -0.0009918218711391091 -0.0009426274336874485 -0.0009517124854028225 -0.0008839037618599832 -0.0007633605855517089 -0.0005858420627191663
-0.1829623579978943 -0.1829623579978943 -0.1829623579978943 -0.1829623579978943 -0.1829623579978943 -0.1829623579978943 -0.1829623579978943 -0.1275186538696289 -0.1275186538696289 -0.1275186538696289 -0.1275186538696289 -0.1275186538696289 -0.1829623579978943 -0.1829623579978943 -0.1829623579978943 -0.1829623579978943 -0.1829623579978943 -0.1275186538696289 -0.1275186538696289 -0.1275186538696289 -0.1829623579978943 -0.11387056112289429 -0.11387056112289429 -0.14319483935832977 -0.1275186538696289 -0.12359347194433212 -0.08638069033622742 -0.08638069033622742 -0.0688323900103569 -0.07324295490980148 -0.04665679857134819 -0.004573935642838478 -0.0026207820046693087 -0.0011911147739738226 -0.0018653590232133865 -0.0018743579275906086 -0.0014714781427755952 -0.0009918218711391091 -0.000735043897293508 -0.0008998595294542611 -0.0006738962256349623 -0.0009918218711391091 -0.0009426274336874485 -0.0009517124854028225 -0.0008839037618599832 -0.0007633605855517089 -0.0005858420627191663
-0.22929535806179047 -0.22929535806179047 -0.22929535806179047 -0.22929535806179047 -0.22929535806179047 -0.18790216743946075 -0.18790216743946075 -0.1275186538696289 -0.1275186538696289 -0.1275186538696289 -0.1275186538696289 -0.1275186538696289 -0.22929535806179047 -0.1829623579978943 -0.18790216743946075 -0.1829623579978943 -0.18790216743946075 -0.1275186538696289 -0.1275186538696289 -0.1275186538696289 -0.18790216743946075 -0.11387056112289429 -0.11387056112289429 -0.14319483935832977 -0.1275186538696289 -0.12359347194433212 -0.08638069033622742 -0.08638069033622742 -0.0688323900103569 -0.07324295490980148 -0.04665679857134819 -0.004573935642838478 -0.0026207820046693087 -0.0011911147739738226 -0.0018653590232133865 -0.0018743579275906086 -0.0014714781427755952 -0.0009918218711391091 -0.000735043897293508 -0.0008998595294542611 -0.0006738962256349623 -0.0009918218711391091 -0.0009426274336874485 -0.0009517124854028225 -0.0008839037618599832 -0.0007633605855517089 -0.0005858420627191663
-0.04665679857134819 -0.04665679857134819 -0.04665679857134819 -0.04665679857134819 -0.04665679857134819 -0.04665679857134819 -0.04665679857134819 -0.04665679857134819 -0.04665679857134819 -0.04665679857134819 -0.04665679857134819 -0.04665679857134819 -0.04665679857134819 -0.04665679857134819 -0.04665679857134819 -0.04665679857134819 -0.04665679857134819 -0.04665679857134819 -0.04665679857134819 -0.04665679857134819 -0.04665679857134819 -0.04665679857134819 -0.04665679857134819 -0.04665679857134819 -0.04665679857134819 -0.04665679857134819 -0.04665679857134819 -0.04665679857134819 -0.04665679857134819 -0.04665679857134819 -0.04665679857134819 -0.004573935642838478 -0.0026207820046693087 -0.0011911147739738226 -0.0018653590232133865 -0.0018743579275906086 -0.0014714781427755952 -0.0009918218711391091 -0.000735043897293508 -0.0008998595294542611 -0.0006738962256349623 -0.0009918218711391091 -0.0009426274336874485 -0.0009517124854028225 -0.0008839037618599832 -0.0007633605855517089 -0.0005858420627191663
-0.11975529789924622 -0.11975529789924622 -0.11975529789924622 -0.11975529789924622 -0.11975529789924622 -0.11975529789924622 -0.11975529789924622 -0.11975529789924622 -0.11975529789924622 -0.11975529789924622 -0.11975529789924622 -0.11975529789924622 -0.11975529789924622 -0.11975529789924622 -0.11975529789924622 -0.11975529789924622 -0.11975529789924622 -0.11975529789924622 -0.11975529789924622 -0.11975529789924622 -0.11975529789924622 -0.11387056112289429 -0.11387056112289429 -0.11975529789924622 -0.11975529789924622 -0.11975529789924622 -0.08638069033622742 -0.08638069033622742 -0.0688323900103569 -0.07324295490980148 -0.04665679857134819 -0.004573935642838478 -0.0026207820046693087 -0.0011911147739738226 -0.0018653590232133865 -0.0018743579275906086 -0.0014714781427755952 -0.0009918218711391091 -0.000735043897293508 -0.0008998595294542611 -0.0006738962256349623 -0.0009918218711391091 -0.0009426274336874485 -0.0009517124854028225 -0.0008839037618599832 -0.0007633605855517089 -0.0005858420627191663
-0.07324295490980148 -0.07324295490980148 -0.07324295490980148 -0.07324295490980148 -0.07324295490980148 -0.07324295490980148 -0.07324295490980148 -0.07324295490980148 -0.07324295490980148 -0.07324295490980148 -0.07324295490980148 -0.07324295490980148 -0.07324295490980148 -0.07324295490980148 -0.07324295490980148 -0.07324295490980148 -0.07324295490980148 -0.07324295490980148 -0.07324295490980148 -0.07324295490980148 -0.07324295490980148 -0.07324295490980148 -0.07324295490980148 -0.07324295490980148 -0.07324295490980148 -0.07324295490980148 -0.07324295490980148 -0.07324295490980148 -0.0688323900103569 -0.07324295490980148 -0.04665679857134819 -0.004573935642838478 -0.0026207820046693087 -0.0011911147739738226 -0.0018653590232133865 -0.0018743579275906086 -0.0014714781427755952 -0.0009918218711391091 -0.000735043897293508 -0.0008998595294542611 -0.0006738962256349623 -0.0009918218711391091 -0.0009426274336874485 -0.0009517124854028225 -0.0008839037618599832 -0.0007633605855517089 -0.0005858420627191663
-0.09373216331005096 -0.09373216331005096 -0.09373216331005096 -0.09373216331005096 -0.09373216331005096 -0.09373216331005096 -0.09373216331005096 -0.09373216331005096 -0.09373216331005096 -0.09373216331005096 -0.09373216331005096 -0.09373216331005096 -0.09373216331005096 -0.09373216331005096 -0.09373216331005096 -0.09373216331005096 -0.09373216331005096 -0.09373216331005096 -0.09373216331005096 -0.09373216331005096 -0.09373216331005096 -0.09373216331005096 -0.09373216331005096 -0.09373216331005096 -0.09373216331005096 -0.09373216331005096 -0.08638069033622742 -0.08638069033622742 -0.0688323900103569 -0.07324295490980148 -0.04665679857134819 -0.004573935642838478 -0.0026207820046693087 -0.0011911147739738226 -0.0018653590232133865 -0.0018743579275906086 -0.0014714781427755952 -0.0009918218711391091 -0.000735043897293508 -0.0008998595294542611 -0.0006738962256349623 -0.0009918218711391091 -0.0009426274336874485 -0.0009517124854028225 -0.0008839037618599832 -0.0007633605855517089 -0.0005858420627191663
-0.0688323900103569 -0.0688323900103569 -0.0688323900103569 -0.0688323900103569 -0.0688323900103569 -0.0688323900103569 -0.0688323900103569 -0.0688323900103569 -0.0688323900103569 -0.0688323900103569 -0.0688323900103569 -0.0688323900103569 -0.0688323900103569 -0.0688323900103569 -0.0688323900103569 -0.0688323900103569 -0.0688323900103569 -0.0688323900103569 -0.0688323900103569 -0.0688323900103569 -0.0688323900103569 -0.0688323900103569 -0.0688323900103569 -0.0688323900103569 -0.0688323900103569 -0.0688323900103569 -0.0688323900103569 -0.0688323900103569 -0.0688323900103569 -0.0688323900103569 -0.04665679857134819 -0.004573935642838478 -0.0026207820046693087 -0.0011911147739738226 -0.0018653590232133865 -0.0018743579275906086 -0.0014714781427755952 -0.0009918218711391091 -0.000735043897293508 -0.0008998595294542611 -0.0006738962256349623 -0.0009918218711391091 -0.0009426274336874485 -0.0009517124854028225 -0.0008839037618599832 -0.0007633605855517089 -0.0005858420627191663
-0.06873224675655365 -0.06873224675655365 -0.06873224675655365 -0.06873224675655365 -0.06873224675655365 -0.06873224675655365 -0.06873224675655365 -0.06873224675655365 -0.06873224675655365 -0.06873224675655365 -0.06873224675655365 -0.06873224675655365 -0.06873224675655365 -0.06873224675655365 -0.06873224675655365 -0.06873224675655365 -0.06873224675655365 -0.06873224675655365 -0.06873224675655365 -0.06873224675655365 -0.06873224675655365 -0.06873224675655365 -0.06873224675655365 -0.06873224675655365 -0.06873224675655365 -0.06873224675655365 -0.06873224675655365 -0.06873224675655365 -0.06873224675655365 -0.06873224675655365 -0.04665679857134819 -0.004573935642838478 -0.0026207820046693087 -0.0011911147739738226 -0.0018653590232133865 -0.0018743579275906086 -0.0014714781427755952 -0.0009918218711391091 -0.000735043897293508 -0.0008998595294542611 -0.0006738962256349623 -0.0009918218711391091 -0.0009426274336874485 -0.0009517124854028225 -0.0008839037618599832 -0.0007633605855517089 -0.0005858420627191663
-0.06348293274641037 -0.06348293274641037 -0.06348293274641037 -0.06348293274641037 -0.06348293274641037 -0.06348293274641037 -0.06348293274641037 -0.06348293274641037 -0.06348293274641037 -0.06348293274641037 -0.06348293274641037 -0.06348293274641037 -0.06348293274641037 -0.06348293274641037 -0.06348293274641037 -0.06348293274641037 -0.06348293274641037 -0.06348293274641037 -0.06348293274641037 -0.06348293274641037 -0.06348293274641037 -0.06348293274641037 -0.06348293274641037 -0.06348293274641037 -0.06348293274641037 -0.06348293274641037 -0.06348293274641037 -0.06348293274641037 -0.06348293274641037 -0.06348293274641037 -0.04665679857134819 -0.004573935642838478 -0.0026207820046693087 -0.0011911147739738226 -0.0018653590232133865 -0.0018743579275906086 -0.0014714781427755952 -0.0009918218711391091 -0.000735043897293508 -0.0008998595294542611 -0.0006738962256349623 -0.0009918218711391091 -0.0009426274336874485 -0.0009517124854028225 -0.0008839037618599832 -0.0007633605855517089 -0.0005858420627191663
-0.06339956820011139 -0.06339956820011139 -0.06339956820011139 -0.06339956820011139 -0.06339956820011139 -0.06339956820011139 -0.06339956820011139 -0.06339956820011139 -0.06339956820011139 -0.06339956820011139 -0.06339956820011139 -0.06339956820011139 -0.06339956820011139 -0.06339956820011139 -0.06339956820011139 -0.06339956820011139 -0.06339956820011139 -0.06339956820011139 -0.06339956820011139 -0.06339956820011139 -0.06339956820011139 -0.06339956820011139 -0.06339956820011139 -0.06339956820011139 -0.06339956820011139 -0.06339956820011139 -0.06339956820011139 -0.06339956820011139 -0.06339956820011139 -0.06339956820011139 -0.04665679857134819 -0.004573935642838478 -0.0026207820046693087 -0.0011911147739738226 -0.0018653590232133865 -0.0018743579275906086 -0.0014714781427755952 -0.0009918218711391091 -0.000735043897293508 -0.0008998595294542611 -0.0006738962256349623 -0.0009918218711391091 -0.0009426274336874485 -0.0009517124854028225 -0.0008839037618599832 -0.0007633605855517089 -0.0005858420627191663
-0.06233195215463638 -0.06233195215463638 -0.06233195215463638 -0.06233195215463638 -0.06233195215463638 -0.06233195215463638 -0.06233195215463638 -0.06233195215463638 -0.06233195215463638 -0.06233195215463638 -0.06233195215463638 -0.06233195215463638 -0.06233195215463638 -0.06233195215463638 -0.06233195215463638 -0.06233195215463638 -0.06233195215463638 -0.06233195215463638 -0.06233195215463638 -0.06233195215463638 -0.06233195215463638 -0.06233195215463638 -0.06233195215463638 -0.06233195215463638 -0.06233195215463638 -0.06233195215463638 -0.06233195215463638 -0.06233195215463638 -0.06233195215463638 -0.06233195215463638 -0.04665679857134819 -0.004573935642838478 -0.0026207820046693087 -0.0011911147739738226 -0.0018653590232133865 -0.0018743579275906086 -0.0014714781427755952 -0.0009918218711391091 -0.000735043897293508 -0.0008998595294542611 -0.0006738962256349623 -0.0009918218711391091 -0.0009426274336874485 -0.0009517124854028225 -0.0008839037618599832 -0.0007633605855517089 -0.0005858420627191663
-0.05986380577087402 -0.05986380577087402 -0.05986380577087402 -0.05986380577087402 -0.05986380577087402 -0.05986380577087402 -0.05986380577087402 -0.05986380577087402 -0.05986380577087402 -0.05986380577087402 -0.05986380577087402 -0.05986380577087402 -0.05986380577087402 -0.05986380577087402 -0.05986380577087402 -0.05986380577087402 -0.05986380577087402 -0.05986380577087402 -0.05986380577087402 -0.05986380577087402 -0.05986380577087402 -0.05986380577087402 -0.05986380577087402 -0.05986380577087402 -0.05986380577087402 -0.05986380577087402 -0.05986380577087402 -0.05986380577087402 -0.05986380577087402 -0.05986380577087402 -0.04665679857134819 -0.004573935642838478 -0.0026207820046693087 -0.0011911147739738226 -0.0018653590232133865 -0.0018743579275906086 -0.0014714781427755952 -0.0009918218711391091 -0.000735043897293508 -0.0008998595294542611 -0.0006738962256349623 -0.0009918218711391091 -0.0009426274336874485 -0.0009517124854028225 -0.0008839037618599832 -0.0007633605855517089 -0.0005858420627191663
-0.04388311505317688 -0.04388311505317688 -0.04388311505317688 -0.04388311505317688 -0.04388311505317688 -0.04388311505317688 -0.04388311505317688 -0.04388311505317688 -0.04388311505317688 -0.04388311505317688 -0.04388311505317688 -0.04388311505317688 -0.04388311505317688 -0.04388311505317688 -0.04388311505317688 -0.04388311505317688 -0.04388311505317688 -0.04388311505317688 -0.04388311505317688 -0.04388311505317688 -0.04388311505317688 -0.04388311505317688 -0.04388311505317688 -0.04388311505317688 -0.04388311505317688 -0.04388311505317688 -0.04388311505317688 -0.04388311505317688 -0.04388311505317688 -0.04388311505317688 -0.04388311505317688 -0.004573935642838478 -0.0026207820046693087 -0.0011911147739738226 -0.0018653590232133865 -0.0018743579275906086 -0.0014714781427755952 -0.0009918218711391091 -0.000735043897293508 -0.0008998595294542611 -0.0006738962256349623 -0.0009918218711391091 -0.0009426274336874485 -0.0009517124854028225 -0.0008839037618599832 -0.0007633605855517089 -0.0005858420627191663
-0.04353869706392288 -0.04353869706392288 -0.04353869706392288 -0.04353869706392288 -0.04353869706392288 -0.04353869706392288 -0.04353869706392288 -0.04353869706392288 -0.04353869706392288 -0.04353869706392288 -0.04353869706392288 -0.04353869706392288 -0.04353869706392288 -0.04353869706392288 -0.04353869706392288 -0.04353869706392288 -0.04353869706392288 -0.04353869706392288 -0.04353869706392288 -0.04353869706392288 -0.04353869706392288 -0.04353869706392288 -0.04353869706392288 -0.04353869706392288 -0.04353869706392288 -0.04353869706392288 -0.04353869706392288 -0.04353869706392288 -0.04353869706392288 -0.04353869706392288 -0.04353869706392288 -0.004573935642838478 -0.0026207820046693087 -0.0011911147739738226 -0.0018653590232133865 -0.0018743579275906086 -0.0014714781427755952 -0.0009918218711391091 -0.000735043897293508 -0.0008998595294542611 -0.0006738962256349623 -0.0009918218711391091 -0.0009426274336874485 -0.0009517124854028225 -0.0008839037618599832 -0.0007633605855517089 -0.0005858420627191663
-0.03985840827226639 -0.03985840827226639 -0.03985840827226639 -0.03985840827226639 -0.03985840827226639 -0.03985840827226639 -0.03985840827226639 -0.03985840827226639 -0.03985840827226639 -0.03985840827226639 -0.03985840827226639 -0.03985840827226639 -0.03985840827226639 -0.03985840827226639 -0.03985840827226639 -0.03985840827226639 -0.03985840827226639 -0.03985840827226639 -0.03985840827226639 -0.03985840827226639 -0.03985840827226639 -0.03985840827226639 -0.03985840827226639 -0.03985840827226639 -0.03985840827226639 -0.03985840827226639 -0.03985840827226639 -0.03985840827226639 -0.03985840827226639 -0.03985840827226639 -0.03985840827226639 -0.004573935642838478 -0.0026207820046693087 -0.0011911147739738226 -0.0018653590232133865 -0.0018743579275906086 -0.0014714781427755952 -0.0009918218711391091 -0.000735043897293508 -0.0008998595294542611 -0.0006738962256349623 -0.0009918218711391091 -0.0009426274336874485 -0.0009517124854028225 -0.0008839037618599832 -0.0007633605855517089 -0.0005858420627191663
-0.03316054865717888 -0.03316054865717888 -0.03316054865717888 -0.03316054865717888 -0.03316054865717888 -0.03316054865717888 -0.03316054865717888 -0.03316054865717888 -0.03316054865717888 -0.03316054865717888 -0.03316054865717888 -0.03316054865717888 -0.03316054865717888 -0.03316054865717888 -0.03316054865717888 -0.03316054865717888 -0.03316054865717888 -0.03316054865717888 -0.03316054865717888 -0.03316054865717888 -0.03316054865717888 -0.03316054865717888 -0.03316054865717888 -0.03316054865717888 -0.03316054865717888 -0.03316054865717888 -0.03316054865717888 -0.03316054865717888 -0.03316054865717888 -0.03316054865717888 -0.03316054865717888 -0.004573935642838478 -0.0026207820046693087 -0.0011911147739738226 -0.0018653590232133865 -0.0018743579275906086 -0.0014714781427755952 -0.0009918218711391091 -0.000735043897293508 -0.0008998595294542611 -0.0006738962256349623 -0.0009918218711391091 -0.0009426274336874485 -0.0009517124854028225 -0.0008839037618599832 -0.0007633605855517089 -0.0005858420627191663
-0.03192748501896858 -0.03192748501896858 -0.03192748501896858 -0.03192748501896858 -0.03192748501896858 -0.03192748501896858 -0.03192748501896858 -0.03192748501896858 -0.03192748501896858 -0.03192748501896858 -0.03192748501896858 -0.03192748501896858 -0.03192748501896858 -0.03192748501896858 -0.03192748501896858 -0.03192748501896858 -0.03192748501896858 -0.03192748501896858 -0.03192748501896858 -0.03192748501896858 -0.03192748501896858 -0.03192748501896858 -0.03192748501896858 -0.03192748501896858 -0.03192748501896858 -0.03192748501896858 -0.03192748501896858 -0.03192748501896858 -0.03192748501896858 -0.03192748501896858 -0.03192748501896858 -0.004573935642838478 -0.0026207820046693087 -0.0011911147739738226 -0.0018653590232133865 -0.0018743579275906086 -0.0014714781427755952 -0.0009918218711391091 -0.000735043897293508 -0.0008998595294542611 -0.0006738962256349623 -0.0009918218711391091 -0.0009426274336874485 -0.0009517124854028225 -0.0008839037618599832 -0.0007633605855517089 -0.0005858420627191663
-0.031462162733078 -0.031462162733078 -0.031462162733078 -0.031462162733078 -0.031462162733078 -0.031462162733078 -0.031462162733078 -0.031462162733078 -0.031462162733078 -0.031462162733078 -0.031462162733078 -0.031462162733078 -0.031462162733078 -0.031462162733078 -0.031462162733078 -0.031462162733078 -0.031462162733078 -0.031462162733078 -0.031462162733078 -0.031462162733078 -0.031462162733078 -0.031462162733078 -0.031462162733078 -0.031462162733078 -0.031462162733078 -0.031462162733078 -0.031462162733078 -0.031462162733078 -0.031462162733078 -0.031462162733078 -0.031462162733078 -0.004573935642838478 -0.0026207820046693087 -0.0011911147739738226 -0.0018653590232133865 -0.0018743579275906086 -0.0014714781427755952 -0.0009918218711391091 -0.000735043897293508 -0.0008998595294542611 -0.0006738962256349623 -0.0009918218711391091 -0.0009426274336874485 -0.0009517124854028225 -0.0008839037618599832 -0.0007633605855517089 -0.0005858420627191663
-0.0253803338855505 -0.0253803338855505 -0.0253803338855505 -0.0253803338855505 -0.0253803338855505 -0.0253803338855505 -0.0253803338855505 -0.0253803338855505 -0.0253803338855505 -0.0253803338855505 -0.0253803338855505 -0.0253803338855505 -0.0253803338855505 -0.0253803338855505 -0.0253803338855505 -0.0253803338855505 -0.0253803338855505 -0.0253803338855505 -0.0253803338855505 -0.0253803338855505 -0.0253803338855505 -0.0253803338855505 -0.0253803338855505 -0.0253803338855505 -0.0253803338855505 -0.0253803338855505 -0.0253803338855505 -0.0253803338855505 -0.0253803338855505 -0.0253803338855505 -0.0253803338855505 -0.004573935642838478 -0.0026207820046693087 -0.0011911147739738226 -0.0018653590232133865 -0.0018743579275906086 -0.0014714781427755952 -0.0009918218711391091 -0.000735043897293508 -0.0008998595294542611 -0.0006738962256349623 -0.0009918218711391091 -0.0009426274336874485 -0.0009517124854028225 -0.0008839037618599832 -0.0007633605855517089 -0.0005858420627191663
-0.0011911147739738226 -0.0011911147739738226 -0.0011911147739738226 -0.0011911147739738226 -0.0011911147739738226 -0.0011911147739738226 -0.0011911147739738226 -0.0011911147739738226 -0.0011911147739738226 -0.0011911147739738226 -0.0011911147739738226 -0.0011911147739738226 -0.0011911147739738226 -0.0011911147739738226 -0.0011911147739738226 -0.0011911147739738226 -0.0011911147739738226 -0.0011911147739738226 -0.0011911147739738226 -0.0011911147739738226 -0.0011911147739738226 -0.0011911147739738226 -0.0011911147739738226 -0.0011911147739738226 -0.0011911147739738226 -0.0011911147739738226 -0.0011911147739738226 -0.0011911147739738226 -0.0011911147739738226 -0.0011911147739738226 -0.0011911147739738226 -0.0011911147739738226 -0.0011911147739738226 -0.0025496550370007753 -0.0011911147739738226 -0.0011911147739738226 -0.0011911147739738226 -0.0009918218711391091 -0.000735043897293508 -0.0008998595294542611 -0.0006738962256349623 -0.0009918218711391091 -0.0009426274336874485 -0.0009517124854028225 -0.0008839037618599832 -0.0007633605855517089 -0.0005858420627191663
-0.0026207820046693087 -0.0026207820046693087 -0.0026207820046693087 -0.0026207820046693087 -0.0026207820046693087 -0.0026207820046693087 -0.0026207820046693087 -0.0026207820046693087 -0.0026207820046693087 -0.0026207820046693087 -0.0026207820046693087 -0.0026207820046693087 -0.0026207820046693087 -0.0026207820046693087 -0.0026207820046693087 -0.0026207820046693087 -0.0026207820046693087 -0.0026207820046693087 -0.0026207820046693087 -0.0026207820046693087 -0.0026207820046693087 -0.0026207820046693087 -0.0026207820046693087 -0.0026207820046693087 -0.0026207820046693087 -0.0026207820046693087 -0.0026207820046693087 -0.0026207820046693087 -0.0026207820046693087 -0.0026207820046693087 -0.0026207820046693087 -0.0026207820046693087 -0.002817036584019661 -0.0011911147739738226 -0.0018653590232133865 -0.0018743579275906086 -0.0014714781427755952 -0.0009918218711391091 -0.000735043897293508 -0.0008998595294542611 -0.0006738962256349623 -0.0009918218711391091 -0.0009426274336874485 -0.0009517124854028225 -0.0008839037618599832 -0.0007633605855517089 -0.0005858420627191663
-0.0006738962256349623 -0.0006738962256349623 -0.0006738962256349623 -0.0006738962256349623 -0.0006738962256349623 -0.0006738962256349623 -0.0006738962256349623 -0.0006738962256349623 -0.0006738962256349623 -0.0006738962256349623 -0.0006738962256349623 -0.0006738962256349623 -0.0006738962256349623 -0.0006738962256349623 -0.0006738962256349623 -0.0006738962256349623 -0.0006738962256349623 -0.0006738962256349623 -0.0006738962256349623 -0.0006738962256349623 -0.0006738962256349623 -0.0006738962256349623 -0.0006738962256349623 -0.0006738962256349623 -0.0006738962256349623 -0.0006738962256349623 -0.0006738962256349623 -0.0006738962256349623 -0.0006738962256349623 -0.0006738962256349623 -0.0006738962256349623 -0.0006738962256349623 -0.0006738962256349623 -0.0006738962256349623 -0.0006738962256349623 -0.0006738962256349623 -0.0006738962256349623 -0.0006738962256349623 -0.0006738962256349623 -0.0006738962256349623 -0.000985178747214377 -0.0006738962256349623 -0.0006738962256349623 -0.0006738962256349623 -0.0006738962256349623 -0.0006738962256349623 -0.0005858420627191663
-0.0005858420627191663 -0.0005858420627191663 -0.0005858420627191663 -0.0005858420627191663 -0.0005858420627191663 -0.0005858420627191663 -0.0005858420627191663 -0.0005858420627191663 -0.0005858420627191663 -0.0005858420627191663 -0.0005858420627191663 -0.0005858420627191663 -0.0005858420627191663 -0.0005858420627191663 -0.0005858420627191663 -0.0005858420627191663 -0.0005858420627191663 -0.0005858420627191663 -0.0005858420627191663 -0.0005858420627191663 -0.0005858420627191663 -0.0005858420627191663 -0.0005858420627191663 -0.0005858420627191663 -0.0005858420627191663 -0.0005858420627191663 -0.0005858420627191663 -0.0005858420627191663 -0.0005858420627191663 -0.0005858420627191663 -0.0005858420627191663 -0.0005858420627191663 -0.0005858420627191663 -0.0005858420627191663 -0.0005858420627191663 -0.0005858420627191663 -0.0005858420627191663 -0.0005858420627191663 -0.0005858420627191663 -0.0005858420627191663 -0.0005858420627191663 -0.0005858420627191663 -0.0005858420627191663 -0.0005858420627191663 -0.0005858420627191663 -0.0005858420627191663 -0.0007566274143755436
-0.0003723319969139993 -0.0003723319969139993 -0.0003723319969139993 -0.0003723319969139993 -0.0003723319969139993 -0.0003723319969139993 -0.0003723319969139993 -0.0003723319969139993 -0.0003723319969139993 -0.0003723319969139993 -0.0003723319969139993 -0.0003723319969139993 -0.0003723319969139993 -0.0003723319969139993 -0.0003723319969139993 -0.0003723319969139993 -0.0003723319969139993 -0.0003723319969139993 -0.0003723319969139993 -0.0003723319969139993 -0.0003723319969139993 -0.0003723319969139993 -0.0003723319969139993 -0.0003723319969139993 -0.0003723319969139993 -0.0003723319969139993 -0.0003723319969139993 -0.0003723319969139993 -0.0003723319969139993 -0.0003723319969139993 -0.0003723319969139993 -0.0003723319969139993 -0.0003723319969139993 -0.0003723319969139993 -0.0003723319969139993 -0.0003723319969139993 -0.0003723319969139993 -0.0003723319969139993 -0.0003723319969139993 -0.0003723319969139993 -0.0003723319969139993 -0.0003723319969139993 -0.0003723319969139993 -0.0003723319969139993 -0.0003723319969139993 -0.0003723319969139993 -0.0003723319969139993
-0.00027816317742690444 -0.00027816317742690444 -0.00027816317742690444 -0.00027816317742690444 -0.00027816317742690444 -0.00027816317742690444 -0.00027816317742690444 -0.00027816317742690444 -0.00027816317742690444 -0.00027816317742690444 -0.00027816317742690444 -0.00027816317742690444 -0.00027816317742690444 -0.00027816317742690444 -0.00027816317742690444 -0.00027816317742690444 -0.00027816317742690444 -0.00027816317742690444 -0.00027816317742690444 -0.00027816317742690444 -0.00027816317742690444 -0.00027816317742690444 -0.00027816317742690444 -0.00027816317742690444 -0.00027816317742690444 -0.00027816317742690444 -0.00027816317742690444 -0.00027816317742690444 -0.00027816317742690444 -0.00027816317742690444 -0.00027816317742690444 -0.00027816317742690444 -0.00027816317742690444 -0.00027816317742690444 -0.00027816317742690444 -0.00027816317742690444 -0.00027816317742690444 -0.00027816317742690444 -0.00027816317742690444 -0.00027816317742690444 -0.00027816317742690444 -0.00027816317742690444 -0.00027816317742690444 -0.00027816317742690444 -0.00027816317742690444 -0.00027816317742690444 -0.00027816317742690444