-0.4277589023113251 -0.4277589023113251 -0.4277589023113251 -0.4277589023113251 -0.3938695192337036 -0.13077637553215027 -0.13077637553215027 -0.13077637553215027 -0.3938695192337036 -0.13077637553215027 -0.13077637553215027 -0.35045677423477173 -0.19065213203430176 -0.19065213203430176 -0.19065213203430176 -0.19065213203430176 -0.13077637553215027 -0.19065213203430176 -0.13077637553215027 -0.19065213203430176 -0.13077637553215027 -0.13077637553215027 -0.19065213203430176 -0.19065213203430176 -0.19065213203430176 -0.18431222438812256 -0.16774003207683563 -0.13077637553215027 -0.18709281086921692 -0.18431222438812256 -0.12920399010181427 -0.17301736772060394 -0.12920399010181427 -0.17542514204978943 -0.15052007138729095 -0.08348725736141205 -0.08348725736141205 -0.062675841152668 -0.035062845796346664 -0.0029575892258435488 -0.0023774292785674334 -0.001963019371032715 -0.0012783055426552892 -0.000990282162092626 -0.000990282162092626 -0.0010826551588252187 -0.000794630846939981 -0.000990282162092626 -0.0006941705360077322 -0.0007446265080943704 -0.0007446265080943704 -0.000712122127879411
-0.3938695192337036 -0.3938695192337036 -0.3938695192337036 -0.3938695192337036 -0.3938695192337036 -0.13077637553215027 -0.13077637553215027 -0.13077637553215027 -0.3938695192337036 -0.13077637553215027 -0.13077637553215027 -0.35045677423477173 -0.19065213203430176 -0.19065213203430176 -0.19065213203430176 -0.19065213203430176 -0.13077637553215027 -0.19065213203430176 -0.13077637553215027 -0.19065213203430176 -0.13077637553215027 -0.13077637553215027 -0.19065213203430176 -0.19065213203430176 -0.19065213203430176 -0.18431222438812256 -0.16774003207683563 -0.13077637553215027 -0.18709281086921692 -0.18431222438812256 -0.12920399010181427 -0.17301736772060394 -0.12920399010181427 -0.17542514204978943 -0.15052007138729095 -0.08348725736141205 -0.08348725736141205 -0.062675841152668 -0.035062845796346664 -0.0029575892258435488 -0.0023774292785674334 -0.001963019371032715 -0.0012783055426552892 -0.000990282162092626 -0.000990282162092626 -0.0010826551588252187 -0.000794630846939981 -0.000990282162092626 -0.0006941705360077322 -0.0007446265080943704 -0.0007446265080943704 -0.000712122127879411
-0.3938695192337036 -0.3938695192337036 -0.3938695192337036 -0.3938695192337036 -0.3938695192337036 -0.13077637553215027 -0.13077637553215027 -0.13077637553215027 -0.3938695192337036 -0.13077637553215027 -0.13077637553215027 -0.35045677423477173 -0.19065213203430176 -0.19065213203430176 -0.19065213203430176 -0.19065213203430176 -0.13077637553215027 -0.19065213203430176 -0.13077637553215027 -0.19065213203430176 -0.13077637553215027 -0.13077637553215027 -0.19065213203430176 -0.19065213203430176 -0.19065213203430176 -0.18431222438812256 -0.16774003207683563 -0.13077637553215027 -0.18709281086921692 -0.18431222438812256 -0.12920399010181427 -0.17301736772060394 -0.12920399010181427 -0.17542514204978943 -0.15052007138729095 -0.08348725736141205 -0.08348725736141205 -0.062675841152668 -0.035062845796346664 -0.0029575892258435488 -0.0023774292785674334 -0.001963019371032715 -0.0012783055426552892 -0.000990282162092626 -0.000990282162092626 -0.0010826551588252187 -0.000794630846939981 -0.000990282162092626 -0.0006941705360077322 -0.0007446265080943704 -0.0007446265080943704 -0.000712122127879411
-0.35045677423477173 -0.35045677423477173 -0.35045677423477173 -0.35045677423477173 -0.35045677423477173 -0.13077637553215027 -0.13077637553215027 -0.13077637553215027 -0.35045677423477173 -0.13077637553215027 -0.13077637553215027 -0.35045677423477173 -0.19065213203430176 -0.19065213203430176 -0.19065213203430176 -0.19065213203430176 -0.13077637553215027 -0.19065213203430176 -0.13077637553215027 -0.19065213203430176 -0.13077637553215027 -0.13077637553215027 -0.19065213203430176 -0.19065213203430176 -0.19065213203430176 -0.18431222438812256 -0.16774003207683563 -0.13077637553215027 -0.18709281086921692 -0.18431222438812256 -0.12920399010181427 -0.17301736772060394 -0.12920399010181427 -0.17542514204978943 -0.15052007138729095 -0.08348725736141205 -0.08348725736141205 -0.062675841152668 -0.035062845796346664 -0.0029575892258435488 -0.0023774292785674334 -0.001963019371032715 -0.0012783055426552892 -0.000990282162092626 -0.000990282162092626 -0.0010826551588252187 -0.000794630846939981 -0.000990282162092626 -0.0006941705360077322 -0.0007446265080943704 -0.0007446265080943704 -0.000712122127879411
-0.35045677423477173 -0.35045677423477173 -0.35045677423477173 -0.35045677423477173 -0.35045677423477173 -0.13077637553215027 -0.13077637553215027 -0.13077637553215027 -0.35045677423477173 -0.13077637553215027 -0.13077637553215027 -0.36418938636779785 -0.19065213203430176 -0.19065213203430176 -0.19065213203430176 -0.19065213203430176 -0.13077637553215027 -0.19065213203430176 -0.13077637553215027 -0.19065213203430176 -0.13077637553215027 -0.13077637553215027 -0.19065213203430176 -0.19065213203430176 -0.19065213203430176 -0.18431222438812256 -0.16774003207683563 -0.13077637553215027 -0.18709281086921692 -0.18431222438812256 -0.12920399010181427 -0.17301736772060394 -0.12920399010181427 -0.17542514204978943 -0.15052007138729095 -0.08348725736141205 -0.08348725736141205 -0.062675841152668 -0.035062845796346664 -0.0029575892258435488 -0.0023774292785674334 -0.001963019371032715 -0.0012783055426552892 -0.000990282162092626 -0.000990282162092626 -0.0010826551588252187 -0.000794630846939981 -0.000990282162092626 -0.0006941705360077322 -0.0007446265080943704 -0.0007446265080943704 -0.000712122127879411
-0.19065213203430176 -0.19065213203430176 -0.19065213203430176 -0.19065213203430176 -0.19065213203430176 -0.13077637553215027 -0.13077637553215027 -0.13077637553215027 -0.19065213203430176 -0.13077637553215027 -0.13077637553215027 -0.19065213203430176 -0.20553210377693176 -0.20553210377693176 -0.20553210377693176 -0.20553210377693176 -0.13077637553215027 -0.3010440468788147 -0.13077637553215027 -0.28342708945274353 -0.13077637553215027 -0.13077637553215027 -0.20553210377693176 -0.23878709971904755 -0.20553210377693176 -0.18431222438812256 -0.16774003207683563 -0.13077637553215027 -0.18709281086921692 -0.18431222438812256 -0.12920399010181427 -0.17301736772060394 -0.12920399010181427 -0.17542514204978943 -0.15052007138729095 -0.08348725736141205 -0.08348725736141205 -0.062675841152668 -0.035062845796346664 -0.0029575892258435488 -0.0023774292785674334 -0.001963019371032715 -0.0012783055426552892 -0.000990282162092626 -0.000990282162092626 -0.0010826551588252187 -0.000794630846939981 -0.000990282162092626 -0.0006941705360077322 -0.0007446265080943704 -0.0007446265080943704 -0.000712122127879411
-0.19065213203430176 -0.19065213203430176 -0.19065213203430176 -0.19065213203430176 -0.19065213203430176 -0.13077637553215027 -0.13077637553215027 -0.13077637553215027 -0.19065213203430176 -0.13077637553215027 -0.13077637553215027 -0.19065213203430176 -0.20553210377693176 -0.20553210377693176 -0.20553210377693176 -0.20553210377693176 -0.13077637553215027 -0.28342708945274353 -0.13077637553215027 -0.28342708945274353 -0.13077637553215027 -0.13077637553215027 -0.20553210377693176 -0.23878709971904755 -0.20553210377693176 -0.18431222438812256 -0.16774003207683563 -0.13077637553215027 -0.18709281086921692 -0.18431222438812256 -0.12920399010181427 -0.17301736772060394 -0.12920399010181427 -0.17542514204978943 -0.15052007138729095 -0.08348725736141205 -0.08348725736141205 -0.062675841152668 -0.035062845796346664 -0.0029575892258435488 -0.0023774292785674334 -0.001963019371032715 -0.0012783055426552892 -0.000990282162092626 -0.000990282162092626 -0.0010826551588252187 -0.000794630846939981 -0.000990282162092626 -0.0006941705360077322 -0.0007446265080943704 -0.0007446265080943704 -0.000712122127879411
-0.13077637553215027 -0.13077637553215027 -0.13077637553215027 -0.13077637553215027 -0.13077637553215027 -0.19213305413722992 -0.19213305413722992 -0.19213305413722992 -0.13077637553215027 -0.19213305413722992 -0.19213305413722992 -0.13077637553215027 -0.13077637553215027 -0.13077637553215027 -0.13077637553215027 -0.13077637553215027 -0.19213305413722992 -0.13077637553215027 -0.23856127262115479 -0.13077637553215027 -0.23856127262115479 -0.19213305413722992 -0.13077637553215027 -0.13077637553215027 -0.13077637553215027 -0.13077637553215027 -0.13077637553215027 -0.17186638712882996 -0.13077637553215027 -0.13077637553215027 -0.12920399010181427 -0.13077637553215027 -0.12920399010181427 -0.13077637553215027 -0.13077637553215027 -0.08348725736141205 -0.08348725736141205 -0.062675841152668 -0.035062845796346664 -0.0029575892258435488 -0.0023774292785674334 -0.001963019371032715 -0.0012783055426552892 -0.000990282162092626 -0.000990282162092626 -0.0010826551588252187 -0.000794630846939981 -0.000990282162092626 -0.0006941705360077322 -0.0007446265080943704 -0.0007446265080943704 -0.000712122127879411
-0.13077637553215027 -0.13077637553215027 -0.13077637553215027 -0.13077637553215027 -0.13077637553215027 -0.19213305413722992 -0.19213305413722992 -0.19213305413722992 -0.13077637553215027 -0.19213305413722992 -0.19213305413722992 -0.13077637553215027 -0.13077637553215027 -0.13077637553215027 -0.13077637553215027 -0.13077637553215027 -0.19213305413722992 -0.13077637553215027 -0.29613935947418213 -0.13077637553215027 -0.23856127262115479 -0.19213305413722992 -0.13077637553215027 -0.13077637553215027 -0.13077637553215027 -0.13077637553215027 -0.13077637553215027 -0.17186638712882996 -0.13077637553215027 -0.13077637553215027 -0.12920399010181427 -0.13077637553215027 -0.12920399010181427 -0.13077637553215027 -0.13077637553215027 -0.08348725736141205 -0.08348725736141205 -0.062675841152668 -0.035062845796346664 -0.0029575892258435488 -0.0023774292785674334 -0.001963019371032715 -0.0012783055426552892 -0.000990282162092626 -0.000990282162092626 -0.0010826551588252187 -0.000794630846939981 -0.000990282162092626 -0.0006941705360077322 -0.0007446265080943704 -0.0007446265080943704 -0.000712122127879411
-0.19065213203430176 -0.19065213203430176 -0.19065213203430176 -0.19065213203430176 -0.19065213203430176 -0.13077637553215027 -0.13077637553215027 -0.13077637553215027 -0.19065213203430176 -0.13077637553215027 -0.13077637553215027 -0.19065213203430176 -0.33060240745544434 -0.3367390036582947 -0.3314545154571533 -0.30278801918029785 -0.13077637553215027 -0.20553210377693176 -0.13077637553215027 -0.20553210377693176 -0.13077637553215027 -0.13077637553215027 -0.2445184886455536 -0.20553210377693176 -0.23616959154605865 -0.18431222438812256 -0.16774003207683563 -0.13077637553215027 -0.18709281086921692 -0.18431222438812256 -0.12920399010181427 -0.17301736772060394 -0.12920399010181427 -0.17542514204978943 -0.15052007138729095 -0.08348725736141205 -0.08348725736141205 -0.062675841152668 -0.035062845796346664 -0.0029575892258435488 -0.0023774292785674334 -0.001963019371032715 -0.0012783055426552892 -0.000990282162092626 -0.000990282162092626 -0.0010826551588252187 -0.000794630846939981 -0.000990282162092626 -0.0006941705360077322 -0.0007446265080943704 -0.0007446265080943704 -0.000712122127879411
-0.035062845796346664 -0.035062845796346664 -0.035062845796346664 -0.035062845796346664 -0.035062845796346664 -0.035062845796346664 -0.035062845796346664 -0.035062845796346664 -0.035062845796346664 -0.035062845796346664 -0.035062845796346664 -0.035062845796346664 -0.035062845796346664 -0.035062845796346664 -0.035062845796346664 -0.035062845796346664 -0.035062845796346664 -0.035062845796346664 -0.035062845796346664 -0.035062845796346664 -0.035062845796346664 -0.035062845796346664 -0.035062845796346664 -0.035062845796346664 -0.035062845796346664 -0.035062845796346664 -0.035062845796346664 -0.035062845796346664 -0.035062845796346664 -0.035062845796346664 -0.035062845796346664 -0.035062845796346664 -0.035062845796346664 -0.035062845796346664 -0.035062845796346664 -0.035062845796346664 -0.035062845796346664 -0.035062845796346664 -0.035062845796346664 -0.0029575892258435488 -0.0023774292785674334 -0.001963019371032715 -0.0012783055426552892 -0.000990282162092626 -0.000990282162092626 -0.0010826551588252187 -0.000794630846939981 -0.000990282162092626 -0.0006941705360077322 -0.0007446265080943704 -0.0007446265080943704 -0.000712122127879411
-0.19065213203430176 -0.19065213203430176 -0.19065213203430176 -0.19065213203430176 -0.19065213203430176 -0.13077637553215027 -0.13077637553215027 -0.13077637553215027 -0.19065213203430176 -0.13077637553215027 -0.13077637553215027 -0.19065213203430176 -0.20553210377693176 -0.20553210377693176 -0.20553210377693176 -0.20553210377693176 -0.13077637553215027 -0.23878709971904755 -0.13077637553215027 -0.23878709971904755 -0.13077637553215027 -0.13077637553215027 -0.20553210377693176 -0.23878709971904755 -0.20553210377693176 -0.18431222438812256 -0.16774003207683563 -0.13077637553215027 -0.18709281086921692 -0.18431222438812256 -0.12920399010181427 -0.17301736772060394 -0.12920399010181427 -0.17542514204978943 -0.15052007138729095 -0.08348725736141205 -0.08348725736141205 -0.062675841152668 -0.035062845796346664 -0.0029575892258435488 -0.0023774292785674334 -0.001963019371032715 -0.0012783055426552892 -0.000990282162092626 -0.000990282162092626 -0.0010826551588252187 -0.000794630846939981 -0.000990282162092626 -0.0006941705360077322 -0.0007446265080943704 -0.0007446265080943704 -0.000712122127879411
-0.13077637553215027 -0.13077637553215027 -0.13077637553215027 -0.13077637553215027 -0.13077637553215027 -0.19213305413722992 -0.19213305413722992 -0.19213305413722992 -0.13077637553215027 -0.19213305413722992 -0.19213305413722992 -0.13077637553215027 -0.13077637553215027 -0.13077637553215027 -0.13077637553215027 -0.13077637553215027 -0.19213305413722992 -0.13077637553215027 -0.23856127262115479 -0.13077637553215027 -0.23856127262115479 -0.19213305413722992 -0.13077637553215027 -0.13077637553215027 -0.13077637553215027 -0.13077637553215027 -0.13077637553215027 -0.17186638712882996 -0.13077637553215027 -0.13077637553215027 -0.12920399010181427 -0.13077637553215027 -0.12920399010181427 -0.13077637553215027 -0.13077637553215027 -0.08348725736141205 -0.08348725736141205 -0.062675841152668 -0.035062845796346664 -0.0029575892258435488 -0.0023774292785674334 -0.001963019371032715 -0.0012783055426552892 -0.000990282162092626 -0.000990282162092626 -0.0010826551588252187 -0.000794630846939981 -0.000990282162092626 -0.0006941705360077322 -0.0007446265080943704 -0.0007446265080943704 -0.000712122127879411
-0.19065213203430176 -0.19065213203430176 -0.19065213203430176 -0.19065213203430176 -0.19065213203430176 -0.13077637553215027 -0.13077637553215027 -0.13077637553215027 -0.19065213203430176 -0.13077637553215027 -0.13077637553215027 -0.19065213203430176 -0.20553210377693176 -0.20553210377693176 -0.20553210377693176 -0.20553210377693176 -0.13077637553215027 -0.23878709971904755 -0.13077637553215027 -0.23878709971904755 -0.13077637553215027 -0.13077637553215027 -0.20553210377693176 -0.23878709971904755 -0.20553210377693176 -0.18431222438812256 -0.16774003207683563 -0.13077637553215027 -0.18709281086921692 -0.18431222438812256 -0.12920399010181427 -0.17301736772060394 -0.12920399010181427 -0.17542514204978943 -0.15052007138729095 -0.08348725736141205 -0.08348725736141205 -0.062675841152668 -0.035062845796346664 -0.0029575892258435488 -0.0023774292785674334 -0.001963019371032715 -0.0012783055426552892 -0.000990282162092626 -0.000990282162092626 -0.0010826551588252187 -0.000794630846939981 -0.000990282162092626 -0.0006941705360077322 -0.0007446265080943704 -0.0007446265080943704 -0.000712122127879411
-0.13077637553215027 -0.13077637553215027 -0.13077637553215027 -0.13077637553215027 -0.13077637553215027 -0.29517120122909546 -0.29517120122909546 -0.29517120122909546 -0.13077637553215027 -0.29517120122909546 -0.29517120122909546 -0.13077637553215027 -0.13077637553215027 -0.13077637553215027 -0.13077637553215027 -0.13077637553215027 -0.29517120122909546 -0.13077637553215027 -0.19213305413722992 -0.13077637553215027 -0.19213305413722992 -0.24219420552253723 -0.13077637553215027 -0.13077637553215027 -0.13077637553215027 -0.13077637553215027 -0.13077637553215027 -0.17186638712882996 -0.13077637553215027 -0.13077637553215027 -0.12920399010181427 -0.13077637553215027 -0.12920399010181427 -0.13077637553215027 -0.13077637553215027 -0.08348725736141205 -0.08348725736141205 -0.062675841152668 -0.035062845796346664 -0.0029575892258435488 -0.0023774292785674334 -0.001963019371032715 -0.0012783055426552892 -0.000990282162092626 -0.000990282162092626 -0.0010826551588252187 -0.000794630846939981 -0.000990282162092626 -0.0006941705360077322 -0.0007446265080943704 -0.0007446265080943704 -0.000712122127879411
-0.13077637553215027 -0.13077637553215027 -0.13077637553215027 -0.13077637553215027 -0.13077637553215027 -0.29517120122909546 -0.29517120122909546 -0.29517120122909546 -0.13077637553215027 -0.29517120122909546 -0.29517120122909546 -0.13077637553215027 -0.13077637553215027 -0.13077637553215027 -0.13077637553215027 -0.13077637553215027 -0.29517120122909546 -0.13077637553215027 -0.19213305413722992 -0.13077637553215027 -0.19213305413722992 -0.24219420552253723 -0.13077637553215027 -0.13077637553215027 -0.13077637553215027 -0.13077637553215027 -0.13077637553215027 -0.17186638712882996 -0.13077637553215027 -0.13077637553215027 -0.12920399010181427 -0.13077637553215027 -0.12920399010181427 -0.13077637553215027 -0.13077637553215027 -0.08348725736141205 -0.08348725736141205 -0.062675841152668 -0.035062845796346664 -0.0029575892258435488 -0.0023774292785674334 -0.001963019371032715 -0.0012783055426552892 -0.000990282162092626 -0.000990282162092626 -0.0010826551588252187 -0.000794630846939981 -0.000990282162092626 -0.0006941705360077322 -0.0007446265080943704 -0.0007446265080943704 -0.000712122127879411
-0.13077637553215027 -0.13077637553215027 -0.13077637553215027 -0.13077637553215027 -0.13077637553215027 -0.29517120122909546 -0.29517120122909546 -0.29517120122909546 -0.13077637553215027 -0.29517120122909546 -0.29517120122909546 -0.13077637553215027 -0.13077637553215027 -0.13077637553215027 -0.13077637553215027 -0.13077637553215027 -0.29517120122909546 -0.13077637553215027 -0.19213305413722992 -0.13077637553215027 -0.19213305413722992 -0.24219420552253723 -0.13077637553215027 -0.13077637553215027 -0.13077637553215027 -0.13077637553215027 -0.13077637553215027 -0.17186638712882996 -0.13077637553215027 -0.13077637553215027 -0.12920399010181427 -0.13077637553215027 -0.12920399010181427 -0.13077637553215027 -0.13077637553215027 -0.08348725736141205 -0.08348725736141205 -0.062675841152668 -0.035062845796346664 -0.0029575892258435488 -0.0023774292785674334 -0.001963019371032715 -0.0012783055426552892 -0.000990282162092626 -0.000990282162092626 -0.0010826551588252187 -0.000794630846939981 -0.000990282162092626 -0.0006941705360077322 -0.0007446265080943704 -0.0007446265080943704 -0.000712122127879411
-0.13077637553215027 -0.13077637553215027 -0.13077637553215027 -0.13077637553215027 -0.13077637553215027 -0.2841779291629791 -0.2841779291629791 -0.2841779291629791 -0.13077637553215027 -0.2841779291629791 -0.2841779291629791 -0.13077637553215027 -0.13077637553215027 -0.13077637553215027 -0.13077637553215027 -0.13077637553215027 -0.2841779291629791 -0.13077637553215027 -0.19213305413722992 -0.13077637553215027 -0.19213305413722992 -0.24219420552253723 -0.13077637553215027 -0.13077637553215027 -0.13077637553215027 -0.13077637553215027 -0.13077637553215027 -0.17186638712882996 -0.13077637553215027 -0.13077637553215027 -0.12920399010181427 -0.13077637553215027 -0.12920399010181427 -0.13077637553215027 -0.13077637553215027 -0.08348725736141205 -0.08348725736141205 -0.062675841152668 -0.035062845796346664 -0.0029575892258435488 -0.0023774292785674334 -0.001963019371032715 -0.0012783055426552892 -0.000990282162092626 -0.000990282162092626 -0.0010826551588252187 -0.000794630846939981 -0.000990282162092626 -0.0006941705360077322 -0.0007446265080943704 -0.0007446265080943704 -0.000712122127879411
-0.13077637553215027 -0.13077637553215027 -0.13077637553215027 -0.13077637553215027 -0.13077637553215027 -0.28210216760635376 -0.28210216760635376 -0.28210216760635376 -0.13077637553215027 -0.28210216760635376 -0.28210216760635376 -0.13077637553215027 -0.13077637553215027 -0.13077637553215027 -0.13077637553215027 -0.13077637553215027 -0.28210216760635376 -0.13077637553215027 -0.19213305413722992 -0.13077637553215027 -0.19213305413722992 -0.24219420552253723 -0.13077637553215027 -0.13077637553215027 -0.13077637553215027 -0.13077637553215027 -0.13077637553215027 -0.17186638712882996 -0.13077637553215027 -0.13077637553215027 -0.12920399010181427 -0.13077637553215027 -0.12920399010181427 -0.13077637553215027 -0.13077637553215027 -0.08348725736141205 -0.08348725736141205 -0.062675841152668 -0.035062845796346664 -0.0029575892258435488 -0.0023774292785674334 -0.001963019371032715 -0.0012783055426552892 -0.000990282162092626 -0.000990282162092626 -0.0010826551588252187 -0.000794630846939981 -0.000990282162092626 -0.0006941705360077322 -0.0007446265080943704 -0.0007446265080943704 -0.000712122127879411
-0.18431222438812256 -0.18431222438812256 -0.18431222438812256 -0.18431222438812256 -0.18431222438812256 -0.13077637553215027 -0.13077637553215027 -0.13077637553215027 -0.18431222438812256 -0.13077637553215027 -0.13077637553215027 -0.18431222438812256 -0.18431222438812256 -0.18431222438812256 -0.18431222438812256 -0.18431222438812256 -0.13077637553215027 -0.18431222438812256 -0.13077637553215027 -0.18431222438812256 -0.13077637553215027 -0.13077637553215027 -0.18431222438812256 -0.18431222438812256 -0.18431222438812256 -0.18431222438812256 -0.16774003207683563 -0.13077637553215027 -0.18431222438812256 -0.18431222438812256 -0.12920399010181427 -0.17301736772060394 -0.12920399010181427 -0.17542514204978943 -0.15052007138729095 -0.08348725736141205 -0.08348725736141205 -0.062675841152668 -0.035062845796346664 -0.0029575892258435488 -0.0023774292785674334 -0.001963019371032715 -0.0012783055426552892 -0.000990282162092626 -0.000990282162092626 -0.0010826551588252187 -0.000794630846939981 -0.000990282162092626 -0.0006941705360077322 -0.0007446265080943704 -0.0007446265080943704 -0.000712122127879411
-0.22929535806179047 -0.22929535806179047 -0.22929535806179047 -0.22929535806179047 -0.22929535806179047 -0.13077637553215027 -0.13077637553215027 -0.13077637553215027 -0.22929535806179047 -0.13077637553215027 -0.13077637553215027 -0.22929535806179047 -0.19065213203430176 -0.19065213203430176 -0.19065213203430176 -0.19065213203430176 -0.13077637553215027 -0.19065213203430176 -0.13077637553215027 -0.19065213203430176 -0.13077637553215027 -0.13077637553215027 -0.19065213203430176 -0.19065213203430176 -0.19065213203430176 -0.18431222438812256 -0.16774003207683563 -0.13077637553215027 -0.18709281086921692 -0.18431222438812256 -0.12920399010181427 -0.17301736772060394 -0.12920399010181427 -0.17542514204978943 -0.15052007138729095 -0.08348725736141205 -0.08348725736141205 -0.062675841152668 -0.035062845796346664 -0.0029575892258435488 -0.0023774292785674334 -0.001963019371032715 -0.0012783055426552892 -0.000990282162092626 -0.000990282162092626 -0.0010826551588252187 -0.000794630846939981 -0.000990282162092626 -0.0006941705360077322 -0.0007446265080943704 -0.0007446265080943704 -0.000712122127879411
-0.062675841152668 -0.062675841152668 -0.062675841152668 -0.062675841152668 -0.062675841152668 -0.062675841152668 -0.062675841152668 -0.062675841152668 -0.062675841152668 -0.062675841152668 -0.062675841152668 -0.062675841152668 -0.062675841152668 -0.062675841152668 -0.062675841152668 -0.062675841152668 -0.062675841152668 -0.062675841152668 -0.062675841152668 -0.062675841152668 -0.062675841152668 -0.062675841152668 -0.062675841152668 -0.062675841152668 -0.062675841152668 -0.062675841152668 -0.062675841152668 -0.062675841152668 -0.062675841152668 -0.062675841152668 -0.062675841152668 -0.062675841152668 -0.062675841152668 -0.062675841152668 -0.062675841152668 -0.062675841152668 -0.062675841152668 -0.062675841152668 -0.035062845796346664 -0.0029575892258435488 -0.0023774292785674334 -0.001963019371032715 -0.0012783055426552892 -0.000990282162092626 -0.000990282162092626 -0.0010826551588252187 -0.000794630846939981 -0.000990282162092626 -0.0006941705360077322 -0.0007446265080943704 -0.0007446265080943704 -0.000712122127879411
-0.11975529789924622 -0.11975529789924622 -0.11975529789924622 -0.11975529789924622 -0.11975529789924622 -0.11975529789924622 -0.11975529789924622 -0.11975529789924622 -0.11975529789924622 -0.11975529789924622 -0.11975529789924622 -0.11975529789924622 -0.11975529789924622 -0.11975529789924622 -0.11975529789924622 -0.11975529789924622 -0.11975529789924622 -0.11975529789924622 -0.11975529789924622 -0.11975529789924622 -0.11975529789924622 -0.11975529789924622 -0.11975529789924622 -0.11975529789924622 -0.11975529789924622 -0.11975529789924622 -0.11975529789924622 -0.11975529789924622 -0.11975529789924622 -0.11975529789924622 -0.11975529789924622 -0.11975529789924622 -0.11975529789924622 -0.11975529789924622 -0.11975529789924622 -0.08348725736141205 -0.08348725736141205 -0.062675841152668 -0.035062845796346664 -0.0029575892258435488 -0.0023774292785674334 -0.001963019371032715 -0.0012783055426552892 -0.000990282162092626 -0.000990282162092626 -0.0010826551588252187 -0.000794630846939981 -0.000990282162092626 -0.0006941705360077322 -0.0007446265080943704 -0.0007446265080943704 -0.000712122127879411
-0.08348725736141205 -0.08348725736141205 -0.08348725736141205 -0.08348725736141205 -0.08348725736141205 -0.08348725736141205 -0.08348725736141205 -0.08348725736141205 -0.08348725736141205 -0.08348725736141205 -0.08348725736141205 -0.08348725736141205 -0.08348725736141205 -0.08348725736141205 -0.08348725736141205 -0.08348725736141205 -0.08348725736141205 -0.08348725736141205 -0.08348725736141205 -0.08348725736141205 -0.08348725736141205 -0.08348725736141205 -0.08348725736141205 -0.08348725736141205 -0.08348725736141205 -0.08348725736141205 -0.08348725736141205 -0.08348725736141205 -0.08348725736141205 -0.08348725736141205 -0.08348725736141205 -0.08348725736141205 -0.08348725736141205 -0.08348725736141205 -0.08348725736141205 -0.08348725736141205 -0.08348725736141205 -0.062675841152668 -0.035062845796346664 -0.0029575892258435488 -0.0023774292785674334 -0.001963019371032715 -0.0012783055426552892 -0.000990282162092626 -0.000990282162092626 -0.0010826551588252187 -0.000794630846939981 -0.000990282162092626 -0.0006941705360077322 -0.0007446265080943704 -0.0007446265080943704 -0.000712122127879411
-0.09373216331005096 -0.09373216331005096 -0.09373216331005096 -0.09373216331005096 -0.09373216331005096 -0.09373216331005096 -0.09373216331005096 -0.09373216331005096 -0.09373216331005096 -0.09373216331005096 -0.09373216331005096 -0.09373216331005096 -0.09373216331005096 -0.09373216331005096 -0.09373216331005096 -0.09373216331005096 -0.09373216331005096 -0.09373216331005096 -0.09373216331005096 -0.09373216331005096 -0.09373216331005096 -0.09373216331005096 -0.09373216331005096 -0.09373216331005096 -0.09373216331005096 -0.09373216331005096 -0.09373216331005096 -0.09373216331005096 -0.09373216331005096 -0.09373216331005096 -0.09373216331005096 -0.09373216331005096 -0.09373216331005096 -0.09373216331005096 -0.09373216331005096 -0.08348725736141205 -0.08348725736141205 -0.062675841152668 -0.035062845796346664 -0.0029575892258435488 -0.0023774292785674334 -0.001963019371032715 -0.0012783055426552892 -0.000990282162092626 -0.000990282162092626 -0.0010826551588252187 -0.000794630846939981 -0.000990282162092626 -0.0006941705360077322 -0.0007446265080943704 -0.0007446265080943704 -0.000712122127879411
-0.062675841152668 -0.062675841152668 -0.062675841152668 -0.062675841152668 -0.062675841152668 -0.062675841152668 -0.062675841152668 -0.062675841152668 -0.062675841152668 -0.062675841152668 -0.062675841152668 -0.062675841152668 -0.062675841152668 -0.062675841152668 -0.062675841152668 -0.062675841152668 -0.062675841152668 -0.062675841152668 -0.062675841152668 -0.062675841152668 -0.062675841152668 -0.062675841152668 -0.062675841152668 -0.062675841152668 -0.062675841152668 -0.062675841152668 -0.062675841152668 -0.062675841152668 -0.062675841152668 -0.062675841152668 -0.062675841152668 -0.062675841152668 -0.062675841152668 -0.062675841152668 -0.062675841152668 -0.062675841152668 -0.062675841152668 -0.06874362379312515 -0.035062845796346664 -0.0029575892258435488 -0.0023774292785674334 -0.001963019371032715 -0.0012783055426552892 -0.000990282162092626 -0.000990282162092626 -0.0010826551588252187 -0.000794630846939981 -0.000990282162092626 -0.0006941705360077322 -0.0007446265080943704 -0.0007446265080943704 -0.000712122127879411
-0.06873224675655365 -0.06873224675655365 -0.06873224675655365 -0.06873224675655365 -0.06873224675655365 -0.06873224675655365 -0.06873224675655365 -0.06873224675655365 -0.06873224675655365 -0.06873224675655365 -0.06873224675655365 -0.06873224675655365 -0.06873224675655365 -0.06873224675655365 -0.06873224675655365 -0.06873224675655365 -0.06873224675655365 -0.06873224675655365 -0.06873224675655365 -0.06873224675655365 -0.06873224675655365 -0.06873224675655365 -0.06873224675655365 -0.06873224675655365 -0.06873224675655365 -0.06873224675655365 -0.06873224675655365 -0.06873224675655365 -0.06873224675655365 -0.06873224675655365 -0.06873224675655365 -0.06873224675655365 -0.06873224675655365 -0.06873224675655365 -0.06873224675655365 -0.06873224675655365 -0.06873224675655365 -0.062675841152668 -0.035062845796346664 -0.0029575892258435488 -0.0023774292785674334 -0.001963019371032715 -0.0012783055426552892 -0.000990282162092626 -0.000990282162092626 -0.0010826551588252187 -0.000794630846939981 -0.000990282162092626 -0.0006941705360077322 -0.0007446265080943704 -0.0007446265080943704 -0.000712122127879411
-0.06348293274641037 -0.06348293274641037 -0.06348293274641037 -0.06348293274641037 -0.06348293274641037 -0.06348293274641037 -0.06348293274641037 -0.06348293274641037 -0.06348293274641037 -0.06348293274641037 -0.06348293274641037 -0.06348293274641037 -0.06348293274641037 -0.06348293274641037 -0.06348293274641037 -0.06348293274641037 -0.06348293274641037 -0.06348293274641037 -0.06348293274641037 -0.06348293274641037 -0.06348293274641037 -0.06348293274641037 -0.06348293274641037 -0.06348293274641037 -0.06348293274641037 -0.06348293274641037 -0.06348293274641037 -0.06348293274641037 -0.06348293274641037 -0.06348293274641037 -0.06348293274641037 -0.06348293274641037 -0.06348293274641037 -0.06348293274641037 -0.06348293274641037 -0.06348293274641037 -0.06348293274641037 -0.062675841152668 -0.035062845796346664 -0.0029575892258435488 -0.0023774292785674334 -0.001963019371032715 -0.0012783055426552892 -0.000990282162092626 -0.000990282162092626 -0.0010826551588252187 -0.000794630846939981 -0.000990282162092626 -0.0006941705360077322 -0.0007446265080943704 -0.0007446265080943704 -0.000712122127879411
-0.06339956820011139 -0.06339956820011139 -0.06339956820011139 -0.06339956820011139 -0.06339956820011139 -0.06339956820011139 -0.06339956820011139 -0.06339956820011139 -0.06339956820011139 -0.06339956820011139 -0.06339956820011139 -0.06339956820011139 -0.06339956820011139 -0.06339956820011139 -0.06339956820011139 -0.06339956820011139 -0.06339956820011139 -0.06339956820011139 -0.06339956820011139 -0.06339956820011139 -0.06339956820011139 -0.06339956820011139 -0.06339956820011139 -0.06339956820011139 -0.06339956820011139 -0.06339956820011139 -0.06339956820011139 -0.06339956820011139 -0.06339956820011139 -0.06339956820011139 -0.06339956820011139 -0.06339956820011139 -0.06339956820011139 -0.06339956820011139 -0.06339956820011139 -0.06339956820011139 -0.06339956820011139 -0.062675841152668 -0.035062845796346664 -0.0029575892258435488 -0.0023774292785674334 -0.001963019371032715 -0.0012783055426552892 -0.000990282162092626 -0.000990282162092626 -0.0010826551588252187 -0.000794630846939981 -0.000990282162092626 -0.0006941705360077322 -0.0007446265080943704 -0.0007446265080943704 -0.000712122127879411
-0.06233195215463638 -0.06233195215463638 -0.06233195215463638 -0.06233195215463638 -0.06233195215463638 -0.06233195215463638 -0.06233195215463638 -0.06233195215463638 -0.06233195215463638 -0.06233195215463638 -0.06233195215463638 -0.06233195215463638 -0.06233195215463638 -0.06233195215463638 -0.06233195215463638 -0.06233195215463638 -0.06233195215463638 -0.06233195215463638 -0.06233195215463638 -0.06233195215463638 -0.06233195215463638 -0.06233195215463638 -0.06233195215463638 -0.06233195215463638 -0.06233195215463638 -0.06233195215463638 -0.06233195215463638 -0.06233195215463638 -0.06233195215463638 -0.06233195215463638 -0.06233195215463638 -0.06233195215463638 -0.06233195215463638 -0.06233195215463638 -0.06233195215463638 -0.06233195215463638 -0.06233195215463638 -0.06233195215463638 -0.035062845796346664 -0.0029575892258435488 -0.0023774292785674334 -0.001963019371032715 -0.0012783055426552892 -0.000990282162092626 -0.000990282162092626 -0.0010826551588252187 -0.000794630846939981 -0.000990282162092626 -0.0006941705360077322 -0.0007446265080943704 -0.0007446265080943704 -0.000712122127879411
-0.05986380577087402 -0.05986380577087402 -0.05986380577087402 -0.05986380577087402 -0.05986380577087402 -0.05986380577087402 -0.05986380577087402 -0.05986380577087402 -0.05986380577087402 -0.05986380577087402 -0.05986380577087402 -0.05986380577087402 -0.05986380577087402 -0.05986380577087402 -0.05986380577087402 -0.05986380577087402 -0.05986380577087402 -0.05986380577087402 -0.05986380577087402 -0.05986380577087402 -0.05986380577087402 -0.05986380577087402 -0.05986380577087402 -0.05986380577087402 -0.05986380577087402 -0.05986380577087402 -0.05986380577087402 -0.05986380577087402 -0.05986380577087402 -0.05986380577087402 -0.05986380577087402 -0.05986380577087402 -0.05986380577087402 -0.05986380577087402 -0.05986380577087402 -0.05986380577087402 -0.05986380577087402 -0.05986380577087402 -0.035062845796346664 -0.0029575892258435488 -0.0023774292785674334 -0.001963019371032715 -0.0012783055426552892 -0.000990282162092626 -0.000990282162092626 -0.0010826551588252187 -0.000794630846939981 -0.000990282162092626 -0.0006941705360077322 -0.0007446265080943704 -0.0007446265080943704 -0.000712122127879411
-0.04388311505317688 -0.04388311505317688 -0.04388311505317688 -0.04388311505317688 -0.04388311505317688 -0.04388311505317688 -0.04388311505317688 -0.04388311505317688 -0.04388311505317688 -0.04388311505317688 -0.04388311505317688 -0.04388311505317688 -0.04388311505317688 -0.04388311505317688 -0.04388311505317688 -0.04388311505317688 -0.04388311505317688 -0.04388311505317688 -0.04388311505317688 -0.04388311505317688 -0.04388311505317688 -0.04388311505317688 -0.04388311505317688 -0.04388311505317688 -0.04388311505317688 -0.04388311505317688 -0.04388311505317688 -0.04388311505317688 -0.04388311505317688 -0.04388311505317688 -0.04388311505317688 -0.04388311505317688 -0.04388311505317688 -0.04388311505317688 -0.04388311505317688 -0.04388311505317688 -0.04388311505317688 -0.04388311505317688 -0.035062845796346664 -0.0029575892258435488 -0.0023774292785674334 -0.001963019371032715 -0.0012783055426552892 -0.000990282162092626 -0.000990282162092626 -0.0010826551588252187 -0.000794630846939981 -0.000990282162092626 -0.0006941705360077322 -0.0007446265080943704 -0.0007446265080943704 -0.000712122127879411
-0.04353869706392288 -0.04353869706392288 -0.04353869706392288 -0.04353869706392288 -0.04353869706392288 -0.04353869706392288 -0.04353869706392288 -0.04353869706392288 -0.04353869706392288 -0.04353869706392288 -0.04353869706392288 -0.04353869706392288 -0.04353869706392288 -0.04353869706392288 -0.04353869706392288 -0.04353869706392288 -0.04353869706392288 -0.04353869706392288 -0.04353869706392288 -0.04353869706392288 -0.04353869706392288 -0.04353869706392288 -0.04353869706392288 -0.04353869706392288 -0.04353869706392288 -0.04353869706392288 -0.04353869706392288 -0.04353869706392288 -0.04353869706392288 -0.04353869706392288 -0.04353869706392288 -0.04353869706392288 -0.04353869706392288 -0.04353869706392288 -0.04353869706392288 -0.04353869706392288 -0.04353869706392288 -0.04353869706392288 -0.035062845796346664 -0.0029575892258435488 -0.0023774292785674334 -0.001963019371032715 -0.0012783055426552892 -0.000990282162092626 -0.000990282162092626 -0.0010826551588252187 -0.000794630846939981 -0.000990282162092626 -0.0006941705360077322 -0.0007446265080943704 -0.0007446265080943704 -0.000712122127879411
-0.03985840827226639 -0.03985840827226639 -0.03985840827226639 -0.03985840827226639 -0.03985840827226639 -0.03985840827226639 -0.03985840827226639 -0.03985840827226639 -0.03985840827226639 -0.03985840827226639 -0.03985840827226639 -0.03985840827226639 -0.03985840827226639 -0.03985840827226639 -0.03985840827226639 -0.03985840827226639 -0.03985840827226639 -0.03985840827226639 -0.03985840827226639 -0.03985840827226639 -0.03985840827226639 -0.03985840827226639 -0.03985840827226639 -0.03985840827226639 -0.03985840827226639 -0.03985840827226639 -0.03985840827226639 -0.03985840827226639 -0.03985840827226639 -0.03985840827226639 -0.03985840827226639 -0.03985840827226639 -0.03985840827226639 -0.03985840827226639 -0.03985840827226639 -0.03985840827226639 -0.03985840827226639 -0.03985840827226639 -0.035062845796346664 -0.0029575892258435488 -0.0023774292785674334 -0.001963019371032715 -0.0012783055426552892 -0.000990282162092626 -0.000990282162092626 -0.0010826551588252187 -0.000794630846939981 -0.000990282162092626 -0.0006941705360077322 -0.0007446265080943704 -0.0007446265080943704 -0.000712122127879411
-0.03316054865717888 -0.03316054865717888 -0.03316054865717888 -0.03316054865717888 -0.03316054865717888 -0.03316054865717888 -0.03316054865717888 -0.03316054865717888 -0.03316054865717888 -0.03316054865717888 -0.03316054865717888 -0.03316054865717888 -0.03316054865717888 -0.03316054865717888 -0.03316054865717888 -0.03316054865717888 -0.03316054865717888 -0.03316054865717888 -0.03316054865717888 -0.03316054865717888 -0.03316054865717888 -0.03316054865717888 -0.03316054865717888 -0.03316054865717888 -0.03316054865717888 -0.03316054865717888 -0.03316054865717888 -0.03316054865717888 -0.03316054865717888 -0.03316054865717888 -0.03316054865717888 -0.03316054865717888 -0.03316054865717888 -0.03316054865717888 -0.03316054865717888 -0.03316054865717888 -0.03316054865717888 -0.03316054865717888 -0.03316054865717888 -0.0029575892258435488 -0.0023774292785674334 -0.001963019371032715 -0.0012783055426552892 -0.000990282162092626 -0.000990282162092626 -0.0010826551588252187 -0.000794630846939981 -0.000990282162092626 -0.0006941705360077322 -0.0007446265080943704 -0.0007446265080943704 -0.000712122127879411
-0.03192748501896858 -0.03192748501896858 -0.03192748501896858 -0.03192748501896858 -0.03192748501896858 -0.03192748501896858 -0.03192748501896858 -0.03192748501896858 -0.03192748501896858 -0.03192748501896858 -0.03192748501896858 -0.03192748501896858 -0.03192748501896858 -0.03192748501896858 -0.03192748501896858 -0.03192748501896858 -0.03192748501896858 -0.03192748501896858 -0.03192748501896858 -0.03192748501896858 -0.03192748501896858 -0.03192748501896858 -0.03192748501896858 -0.03192748501896858 -0.03192748501896858 -0.03192748501896858 -0.03192748501896858 -0.03192748501896858 -0.03192748501896858 -0.03192748501896858 -0.03192748501896858 -0.03192748501896858 -0.03192748501896858 -0.03192748501896858 -0.03192748501896858 -0.03192748501896858 -0.03192748501896858 -0.03192748501896858 -0.03192748501896858 -0.0029575892258435488 -0.0023774292785674334 -0.001963019371032715 -0.0012783055426552892 -0.000990282162092626 -0.000990282162092626 -0.0010826551588252187 -0.000794630846939981 -0.000990282162092626 -0.0006941705360077322 -0.0007446265080943704 -0.0007446265080943704 -0.000712122127879411
-0.031462162733078 -0.031462162733078 -0.031462162733078 -0.031462162733078 -0.031462162733078 -0.031462162733078 -0.031462162733078 -0.031462162733078 -0.031462162733078 -0.031462162733078 -0.031462162733078 -0.031462162733078 -0.031462162733078 -0.031462162733078 -0.031462162733078 -0.031462162733078 -0.031462162733078 -0.031462162733078 -0.031462162733078 -0.031462162733078 -0.031462162733078 -0.031462162733078 -0.031462162733078 -0.031462162733078 -0.031462162733078 -0.031462162733078 -0.031462162733078 -0.031462162733078 -0.031462162733078 -0.031462162733078 -0.031462162733078 -0.031462162733078 -0.031462162733078 -0.031462162733078 -0.031462162733078 -0.031462162733078 -0.031462162733078 -0.031462162733078 -0.031462162733078 -0.0029575892258435488 -0.0023774292785674334 -0.001963019371032715 -0.0012783055426552892 -0.000990282162092626 -0.000990282162092626 -0.0010826551588252187 -0.000794630846939981 -0.000990282162092626 -0.0006941705360077322 -0.0007446265080943704 -0.0007446265080943704 -0.000712122127879411
-0.0253803338855505 -0.0253803338855505 -0.0253803338855505 -0.0253803338855505 -0.0253803338855505 -0.0253803338855505 -0.0253803338855505 -0.0253803338855505 -0.0253803338855505 -0.0253803338855505 -0.0253803338855505 -0.0253803338855505 -0.0253803338855505 -0.0253803338855505 -0.0253803338855505 -0.0253803338855505 -0.0253803338855505 -0.0253803338855505 -0.0253803338855505 -0.0253803338855505 -0.0253803338855505 -0.0253803338855505 -0.0253803338855505 -0.0253803338855505 -0.0253803338855505 -0.0253803338855505 -0.0253803338855505 -0.0253803338855505 -0.0253803338855505 -0.0253803338855505 -0.0253803338855505 -0.0253803338855505 -0.0253803338855505 -0.0253803338855505 -0.0253803338855505 -0.0253803338855505 -0.0253803338855505 -0.0253803338855505 -0.0253803338855505 -0.0029575892258435488 -0.0023774292785674334 -0.001963019371032715 -0.0012783055426552892 -0.000990282162092626 -0.000990282162092626 -0.0010826551588252187 -0.000794630846939981 -0.000990282162092626 -0.0006941705360077322 -0.0007446265080943704 -0.0007446265080943704 -0.000712122127879411
-0.0006941705360077322 -0.0006941705360077322 -0.0006941705360077322 -0.0006941705360077322 -0.0006941705360077322 -0.0006941705360077322 -0.0006941705360077322 -0.0006941705360077322 -0.0006941705360077322 -0.0006941705360077322 -0.0006941705360077322 -0.0006941705360077322 -0.0006941705360077322 -0.0006941705360077322 -0.0006941705360077322 -0.0006941705360077322 -0.0006941705360077322 -0.0006941705360077322 -0.0006941705360077322 -0.0006941705360077322 -0.0006941705360077322 -0.0006941705360077322 -0.0006941705360077322 -0.0006941705360077322 -0.0006941705360077322 -0.0006941705360077322 -0.0006941705360077322 -0.0006941705360077322 -0.0006941705360077322 -0.0006941705360077322 -0.0006941705360077322 -0.0006941705360077322 -0.0006941705360077322 -0.0006941705360077322 -0.0006941705360077322 -0.0006941705360077322 -0.0006941705360077322 -0.0006941705360077322 -0.0006941705360077322 -0.0006941705360077322 -0.0006941705360077322 -0.0006941705360077322 -0.0006941705360077322 -0.0006941705360077322 -0.0006941705360077322 -0.0006941705360077322 -0.0006941705360077322 -0.0006941705360077322 -0.0006941705360077322 -0.0006941705360077322 -0.0006941705360077322 -0.0006941705360077322
-0.0029575892258435488 -0.0029575892258435488 -0.0029575892258435488 -0.0029575892258435488 -0.0029575892258435488 -0.0029575892258435488 -0.0029575892258435488 -0.0029575892258435488 -0.0029575892258435488 -0.0029575892258435488 -0.0029575892258435488 -0.0029575892258435488 -0.0029575892258435488 -0.0029575892258435488 -0.0029575892258435488 -0.0029575892258435488 -0.0029575892258435488 -0.0029575892258435488 -0.0029575892258435488 -0.0029575892258435488 -0.0029575892258435488 -0.0029575892258435488 -0.0029575892258435488 -0.0029575892258435488 -0.0029575892258435488 -0.0029575892258435488 -0.0029575892258435488 -0.0029575892258435488 -0.0029575892258435488 -0.0029575892258435488 -0.0029575892258435488 -0.0029575892258435488 -0.0029575892258435488 -0.0029575892258435488 -0.0029575892258435488 -0.0029575892258435488 -0.0029575892258435488 -0.0029575892258435488 -0.0029575892258435488 -0.0030503857415169477 -0.0023774292785674334 -0.001963019371032715 -0.0012783055426552892 -0.000990282162092626 -0.000990282162092626 -0.0010826551588252187 -0.000794630846939981 -0.000990282162092626 -0.0006941705360077322 -0.0007446265080943704 -0.0007446265080943704 -0.000712122127879411
-0.0006941705360077322 -0.0006941705360077322 -0.0006941705360077322 -0.0006941705360077322 -0.0006941705360077322 -0.0006941705360077322 -0.0006941705360077322 -0.0006941705360077322 -0.0006941705360077322 -0.0006941705360077322 -0.0006941705360077322 -0.0006941705360077322 -0.0006941705360077322 -0.0006941705360077322 -0.0006941705360077322 -0.0006941705360077322 -0.0006941705360077322 -0.0006941705360077322 -0.0006941705360077322 -0.0006941705360077322 -0.0006941705360077322 -0.0006941705360077322 -0.0006941705360077322 -0.0006941705360077322 -0.0006941705360077322 -0.0006941705360077322 -0.0006941705360077322 -0.0006941705360077322 -0.0006941705360077322 -0.0006941705360077322 -0.0006941705360077322 -0.0006941705360077322 -0.0006941705360077322 -0.0006941705360077322 -0.0006941705360077322 -0.0006941705360077322 -0.0006941705360077322 -0.0006941705360077322 -0.0006941705360077322 -0.0006941705360077322 -0.0006941705360077322 -0.0006941705360077322 -0.0006941705360077322 -0.0006941705360077322 -0.0006941705360077322 -0.0006941705360077322 -0.0006941705360077322 -0.0006941705360077322 -0.0006941705360077322 -0.0006941705360077322 -0.0006941705360077322 -0.0006941705360077322
-0.000712122127879411 -0.000712122127879411 -0.000712122127879411 -0.000712122127879411 -0.000712122127879411 -0.000712122127879411 -0.000712122127879411 -0.000712122127879411 -0.000712122127879411 -0.000712122127879411 -0.000712122127879411 -0.000712122127879411 -0.000712122127879411 -0.000712122127879411 -0.000712122127879411 -0.000712122127879411 -0.000712122127879411 -0.000712122127879411 -0.000712122127879411 -0.000712122127879411 -0.000712122127879411 -0.000712122127879411 -0.000712122127879411 -0.000712122127879411 -0.000712122127879411 -0.000712122127879411 -0.000712122127879411 -0.000712122127879411 -0.000712122127879411 -0.000712122127879411 -0.000712122127879411 -0.000712122127879411 -0.000712122127879411 -0.000712122127879411 -0.000712122127879411 -0.000712122127879411 -0.000712122127879411 -0.000712122127879411 -0.000712122127879411 -0.000712122127879411 -0.000712122127879411 -0.000712122127879411 -0.000712122127879411 -0.000712122127879411 -0.000712122127879411 -0.000712122127879411 -0.000712122127879411 -0.000712122127879411 -0.0006941705360077322 -0.000712122127879411 -0.000712122127879411 -0.0007333061657845974
-0.0003723319969139993 -0.0003723319969139993 -0.0003723319969139993 -0.0003723319969139993 -0.0003723319969139993 -0.0003723319969139993 -0.0003723319969139993 -0.0003723319969139993 -0.0003723319969139993 -0.0003723319969139993 -0.0003723319969139993 -0.0003723319969139993 -0.0003723319969139993 -0.0003723319969139993 -0.0003723319969139993 -0.0003723319969139993 -0.0003723319969139993 -0.0003723319969139993 -0.0003723319969139993 -0.0003723319969139993 -0.0003723319969139993 -0.0003723319969139993 -0.0003723319969139993 -0.0003723319969139993 -0.0003723319969139993 -0.0003723319969139993 -0.0003723319969139993 -0.0003723319969139993 -0.0003723319969139993 -0.0003723319969139993 -0.0003723319969139993 -0.0003723319969139993 -0.0003723319969139993 -0.0003723319969139993 -0.0003723319969139993 -0.0003723319969139993 -0.0003723319969139993 -0.0003723319969139993 -0.0003723319969139993 -0.0003723319969139993 -0.0003723319969139993 -0.0003723319969139993 -0.0003723319969139993 -0.0003723319969139993 -0.0003723319969139993 -0.0003723319969139993 -0.0003723319969139993 -0.0003723319969139993 -0.0003723319969139993 -0.0003723319969139993 -0.0003723319969139993 -0.0003723319969139993
-0.00027816317742690444 -0.00027816317742690444 -0.00027816317742690444 -0.00027816317742690444 -0.00027816317742690444 -0.00027816317742690444 -0.00027816317742690444 -0.00027816317742690444 -0.00027816317742690444 -0.00027816317742690444 -0.00027816317742690444 -0.00027816317742690444 -0.00027816317742690444 -0.00027816317742690444 -0.00027816317742690444 -0.00027816317742690444 -0.00027816317742690444 -0.00027816317742690444 -0.00027816317742690444 -0.00027816317742690444 -0.00027816317742690444 -0.00027816317742690444 -0.00027816317742690444 -0.00027816317742690444 -0.00027816317742690444 -0.00027816317742690444 -0.00027816317742690444 -0.00027816317742690444 -0.00027816317742690444 -0.00027816317742690444 -0.00027816317742690444 -0.00027816317742690444 -0.00027816317742690444 -0.00027816317742690444 -0.00027816317742690444 -0.00027816317742690444 -0.00027816317742690444 -0.00027816317742690444 -0.00027816317742690444 -0.00027816317742690444 -0.00027816317742690444 -0.00027816317742690444 -0.00027816317742690444 -0.00027816317742690444 -0.00027816317742690444 -0.00027816317742690444 -0.00027816317742690444 -0.00027816317742690444 -0.00027816317742690444 -0.00027816317742690444 -0.00027816317742690444 -0.00027816317742690444