-0.4238879382610321 -0.4238879382610321 -0.4238879382610321 -0.4238879382610321 -0.1598788946866989 -0.3097178339958191 -0.11911923438310623 -0.1598788946866989 -0.2695648670196533 -0.11911923438310623 -0.11911923438310623 -0.1598788946866989 -0.11911923438310623 -0.10697481781244278 -0.1598788946866989 -0.11911923438310623 -0.15655846893787384 -0.15089713037014008 -0.15100987255573273 -0.10697481781244278 -0.10697481781244278 -0.1251295506954193 -0.08890655636787415 -0.07932685315608978 -0.02686384879052639 -0.010030184872448444 -0.004571062512695789 -0.002116741146892309 -0.0024467066396027803 -0.0032515961211174726 -0.002891838550567627 -0.0020132253412157297 -0.0017597872065380216 -0.0010840074392035604 -0.0017385059036314487 -0.0017342789797112346 -0.0016122423112392426 -0.0013616342330351472 -0.0010840074392035604 -0.0012182033387944102
-0.2695648670196533 -0.2695648670196533 -0.2695648670196533 -0.2695648670196533 -0.1598788946866989 -0.2695648670196533 -0.11911923438310623 -0.1598788946866989 -0.2695648670196533 -0.11911923438310623 -0.11911923438310623 -0.1598788946866989 -0.11911923438310623 -0.10697481781244278 -0.1598788946866989 -0.11911923438310623 -0.15655846893787384 -0.15089713037014008 -0.15100987255573273 -0.10697481781244278 -0.10697481781244278 -0.1251295506954193 -0.08890655636787415 -0.07932685315608978 -0.02686384879052639 -0.010030184872448444 -0.004571062512695789 -0.002116741146892309 -0.0024467066396027803 -0.0032515961211174726 -0.002891838550567627 -0.0020132253412157297 -0.0017597872065380216 -0.0010840074392035604 -0.0017385059036314487 -0.0017342789797112346 -0.0016122423112392426 -0.0013616342330351472 -0.0010840074392035604 -0.0012182033387944102
-0.2695648670196533 -0.2695648670196533 -0.2695648670196533 -0.2695648670196533 -0.1598788946866989 -0.2695648670196533 -0.11911923438310623 -0.1598788946866989 -0.2695648670196533 -0.11911923438310623 -0.11911923438310623 -0.1598788946866989 -0.11911923438310623 -0.10697481781244278 -0.1598788946866989 -0.11911923438310623 -0.15655846893787384 -0.15089713037014008 -0.15100987255573273 -0.10697481781244278 -0.10697481781244278 -0.1251295506954193 -0.08890655636787415 -0.07932685315608978 -0.02686384879052639 -0.010030184872448444 -0.004571062512695789 -0.002116741146892309 -0.0024467066396027803 -0.0032515961211174726 -0.002891838550567627 -0.0020132253412157297 -0.0017597872065380216 -0.0010840074392035604 -0.0017385059036314487 -0.0017342789797112346 -0.0016122423112392426 -0.0013616342330351472 -0.0010840074392035604 -0.0012182033387944102
-0.3097178339958191 -0.3097178339958191 -0.3097178339958191 -0.3097178339958191 -0.1598788946866989 -0.3097178339958191 -0.11911923438310623 -0.1598788946866989 -0.2695648670196533 -0.11911923438310623 -0.11911923438310623 -0.1598788946866989 -0.11911923438310623 -0.10697481781244278 -0.1598788946866989 -0.11911923438310623 -0.15655846893787384 -0.15089713037014008 -0.15100987255573273 -0.10697481781244278 -0.10697481781244278 -0.1251295506954193 -0.08890655636787415 -0.07932685315608978 -0.02686384879052639 -0.010030184872448444 -0.004571062512695789 -0.002116741146892309 -0.0024467066396027803 -0.0032515961211174726 -0.002891838550567627 -0.0020132253412157297 -0.0017597872065380216 -0.0010840074392035604 -0.0017385059036314487 -0.0017342789797112346 -0.0016122423112392426 -0.0013616342330351472 -0.0010840074392035604 -0.0012182033387944102
-0.2695648670196533 -0.2695648670196533 -0.2695648670196533 -0.2695648670196533 -0.1598788946866989 -0.2695648670196533 -0.11911923438310623 -0.1598788946866989 -0.2695648670196533 -0.11911923438310623 -0.11911923438310623 -0.1598788946866989 -0.11911923438310623 -0.10697481781244278 -0.1598788946866989 -0.11911923438310623 -0.15655846893787384 -0.15089713037014008 -0.15100987255573273 -0.10697481781244278 -0.10697481781244278 -0.1251295506954193 -0.08890655636787415 -0.07932685315608978 -0.02686384879052639 -0.010030184872448444 -0.004571062512695789 -0.002116741146892309 -0.0024467066396027803 -0.0032515961211174726 -0.002891838550567627 -0.0020132253412157297 -0.0017597872065380216 -0.0010840074392035604 -0.0017385059036314487 -0.0017342789797112346 -0.0016122423112392426 -0.0013616342330351472 -0.0010840074392035604 -0.0012182033387944102
-0.1598788946866989 -0.1598788946866989 -0.1598788946866989 -0.1598788946866989 -0.16107091307640076 -0.1598788946866989 -0.11911923438310623 -0.28485366702079773 -0.1598788946866989 -0.11911923438310623 -0.11911923438310623 -0.16107091307640076 -0.11911923438310623 -0.10697481781244278 -0.16107091307640076 -0.11911923438310623 -0.15655846893787384 -0.15089713037014008 -0.15100987255573273 -0.10697481781244278 -0.10697481781244278 -0.1251295506954193 -0.08890655636787415 -0.07932685315608978 -0.02686384879052639 -0.010030184872448444 -0.004571062512695789 -0.002116741146892309 -0.0024467066396027803 -0.0032515961211174726 -0.002891838550567627 -0.0020132253412157297 -0.0017597872065380216 -0.0010840074392035604 -0.0017385059036314487 -0.0017342789797112346 -0.0016122423112392426 -0.0013616342330351472 -0.0010840074392035604 -0.0012182033387944102
-0.15655846893787384 -0.15655846893787384 -0.15655846893787384 -0.15655846893787384 -0.15655846893787384 -0.15655846893787384 -0.11911923438310623 -0.15655846893787384 -0.15655846893787384 -0.11911923438310623 -0.11911923438310623 -0.15655846893787384 -0.11911923438310623 -0.10697481781244278 -0.15655846893787384 -0.11911923438310623 -0.15655846893787384 -0.15089713037014008 -0.15100987255573273 -0.10697481781244278 -0.10697481781244278 -0.1251295506954193 -0.08890655636787415 -0.07932685315608978 -0.02686384879052639 -0.010030184872448444 -0.004571062512695789 -0.002116741146892309 -0.0024467066396027803 -0.0032515961211174726 -0.002891838550567627 -0.0020132253412157297 -0.0017597872065380216 -0.0010840074392035604 -0.0017385059036314487 -0.0017342789797112346 -0.0016122423112392426 -0.0013616342330351472 -0.0010840074392035604 -0.0012182033387944102
-0.11911923438310623 -0.11911923438310623 -0.11911923438310623 -0.11911923438310623 -0.11911923438310623 -0.11911923438310623 -0.17724540829658508 -0.11911923438310623 -0.11911923438310623 -0.21164563298225403 -0.21164563298225403 -0.11911923438310623 -0.21164563298225403 -0.10697481781244278 -0.11911923438310623 -0.16688087582588196 -0.11911923438310623 -0.11911923438310623 -0.11911923438310623 -0.10697481781244278 -0.10697481781244278 -0.11911923438310623 -0.08890655636787415 -0.07932685315608978 -0.02686384879052639 -0.010030184872448444 -0.004571062512695789 -0.002116741146892309 -0.0024467066396027803 -0.0032515961211174726 -0.002891838550567627 -0.0020132253412157297 -0.0017597872065380216 -0.0010840074392035604 -0.0017385059036314487 -0.0017342789797112346 -0.0016122423112392426 -0.0013616342330351472 -0.0010840074392035604 -0.0012182033387944102
-0.11911923438310623 -0.11911923438310623 -0.11911923438310623 -0.11911923438310623 -0.11911923438310623 -0.11911923438310623 -0.17724540829658508 -0.11911923438310623 -0.11911923438310623 -0.2394893914461136 -0.2394893914461136 -0.11911923438310623 -0.21164563298225403 -0.10697481781244278 -0.11911923438310623 -0.16688087582588196 -0.11911923438310623 -0.11911923438310623 -0.11911923438310623 -0.10697481781244278 -0.10697481781244278 -0.11911923438310623 -0.08890655636787415 -0.07932685315608978 -0.02686384879052639 -0.010030184872448444 -0.004571062512695789 -0.002116741146892309 -0.0024467066396027803 -0.0032515961211174726 -0.002891838550567627 -0.0020132253412157297 -0.0017597872065380216 -0.0010840074392035604 -0.0017385059036314487 -0.0017342789797112346 -0.0016122423112392426 -0.0013616342330351472 -0.0010840074392035604 -0.0012182033387944102
-0.1598788946866989 -0.1598788946866989 -0.1598788946866989 -0.1598788946866989 -0.32995566725730896 -0.1598788946866989 -0.11911923438310623 -0.16107091307640076 -0.1598788946866989 -0.11911923438310623 -0.11911923438310623 -0.22426174581050873 -0.11911923438310623 -0.10697481781244278 -0.2037186622619629 -0.11911923438310623 -0.15655846893787384 -0.15089713037014008 -0.15100987255573273 -0.10697481781244278 -0.10697481781244278 -0.1251295506954193 -0.08890655636787415 -0.07932685315608978 -0.02686384879052639 -0.010030184872448444 -0.004571062512695789 -0.002116741146892309 -0.0024467066396027803 -0.0032515961211174726 -0.002891838550567627 -0.0020132253412157297 -0.0017597872065380216 -0.0010840074392035604 -0.0017385059036314487 -0.0017342789797112346 -0.0016122423112392426 -0.0013616342330351472 -0.0010840074392035604 -0.0012182033387944102
-0.08890655636787415 -0.08890655636787415 -0.08890655636787415 -0.08890655636787415 -0.08890655636787415 -0.08890655636787415 -0.08890655636787415 -0.08890655636787415 -0.08890655636787415 -0.08890655636787415 -0.08890655636787415 -0.08890655636787415 -0.08890655636787415 -0.08890655636787415 -0.08890655636787415 -0.08890655636787415 -0.08890655636787415 -0.08890655636787415 -0.08890655636787415 -0.08890655636787415 -0.08890655636787415 -0.08890655636787415 -0.08890655636787415 -0.07932685315608978 -0.02686384879052639 -0.010030184872448444 -0.004571062512695789 -0.002116741146892309 -0.0024467066396027803 -0.0032515961211174726 -0.002891838550567627 -0.0020132253412157297 -0.0017597872065380216 -0.0010840074392035604 -0.0017385059036314487 -0.0017342789797112346 -0.0016122423112392426 -0.0013616342330351472 -0.0010840074392035604 -0.0012182033387944102
-0.15089713037014008 -0.15089713037014008 -0.15089713037014008 -0.15089713037014008 -0.15089713037014008 -0.15089713037014008 -0.11911923438310623 -0.15089713037014008 -0.15089713037014008 -0.11911923438310623 -0.11911923438310623 -0.15089713037014008 -0.11911923438310623 -0.10697481781244278 -0.15089713037014008 -0.11911923438310623 -0.15089713037014008 -0.15089713037014008 -0.15089713037014008 -0.10697481781244278 -0.10697481781244278 -0.1251295506954193 -0.08890655636787415 -0.07932685315608978 -0.02686384879052639 -0.010030184872448444 -0.004571062512695789 -0.002116741146892309 -0.0024467066396027803 -0.0032515961211174726 -0.002891838550567627 -0.0020132253412157297 -0.0017597872065380216 -0.0010840074392035604 -0.0017385059036314487 -0.0017342789797112346 -0.0016122423112392426 -0.0013616342330351472 -0.0010840074392035604 -0.0012182033387944102
-0.11911923438310623 -0.11911923438310623 -0.11911923438310623 -0.11911923438310623 -0.11911923438310623 -0.11911923438310623 -0.17724540829658508 -0.11911923438310623 -0.11911923438310623 -0.21164563298225403 -0.21164563298225403 -0.11911923438310623 -0.23170404136180878 -0.10697481781244278 -0.11911923438310623 -0.16688087582588196 -0.11911923438310623 -0.11911923438310623 -0.11911923438310623 -0.10697481781244278 -0.10697481781244278 -0.11911923438310623 -0.08890655636787415 -0.07932685315608978 -0.02686384879052639 -0.010030184872448444 -0.004571062512695789 -0.002116741146892309 -0.0024467066396027803 -0.0032515961211174726 -0.002891838550567627 -0.0020132253412157297 -0.0017597872065380216 -0.0010840074392035604 -0.0017385059036314487 -0.0017342789797112346 -0.0016122423112392426 -0.0013616342330351472 -0.0010840074392035604 -0.0012182033387944102
-0.1598788946866989 -0.1598788946866989 -0.1598788946866989 -0.1598788946866989 -0.16107091307640076 -0.1598788946866989 -0.11911923438310623 -0.28485366702079773 -0.1598788946866989 -0.11911923438310623 -0.11911923438310623 -0.16107091307640076 -0.11911923438310623 -0.10697481781244278 -0.16107091307640076 -0.11911923438310623 -0.15655846893787384 -0.15089713037014008 -0.15100987255573273 -0.10697481781244278 -0.10697481781244278 -0.1251295506954193 -0.08890655636787415 -0.07932685315608978 -0.02686384879052639 -0.010030184872448444 -0.004571062512695789 -0.002116741146892309 -0.0024467066396027803 -0.0032515961211174726 -0.002891838550567627 -0.0020132253412157297 -0.0017597872065380216 -0.0010840074392035604 -0.0017385059036314487 -0.0017342789797112346 -0.0016122423112392426 -0.0013616342330351472 -0.0010840074392035604 -0.0012182033387944102
-0.11911923438310623 -0.11911923438310623 -0.11911923438310623 -0.11911923438310623 -0.11911923438310623 -0.11911923438310623 -0.2933199405670166 -0.11911923438310623 -0.11911923438310623 -0.17724540829658508 -0.17724540829658508 -0.11911923438310623 -0.17724540829658508 -0.10697481781244278 -0.11911923438310623 -0.16688087582588196 -0.11911923438310623 -0.11911923438310623 -0.11911923438310623 -0.10697481781244278 -0.10697481781244278 -0.11911923438310623 -0.08890655636787415 -0.07932685315608978 -0.02686384879052639 -0.010030184872448444 -0.004571062512695789 -0.002116741146892309 -0.0024467066396027803 -0.0032515961211174726 -0.002891838550567627 -0.0020132253412157297 -0.0017597872065380216 -0.0010840074392035604 -0.0017385059036314487 -0.0017342789797112346 -0.0016122423112392426 -0.0013616342330351472 -0.0010840074392035604 -0.0012182033387944102
-0.11911923438310623 -0.11911923438310623 -0.11911923438310623 -0.11911923438310623 -0.11911923438310623 -0.11911923438310623 -0.2933199405670166 -0.11911923438310623 -0.11911923438310623 -0.17724540829658508 -0.17724540829658508 -0.11911923438310623 -0.17724540829658508 -0.10697481781244278 -0.11911923438310623 -0.16688087582588196 -0.11911923438310623 -0.11911923438310623 -0.11911923438310623 -0.10697481781244278 -0.10697481781244278 -0.11911923438310623 -0.08890655636787415 -0.07932685315608978 -0.02686384879052639 -0.010030184872448444 -0.004571062512695789 -0.002116741146892309 -0.0024467066396027803 -0.0032515961211174726 -0.002891838550567627 -0.0020132253412157297 -0.0017597872065380216 -0.0010840074392035604 -0.0017385059036314487 -0.0017342789797112346 -0.0016122423112392426 -0.0013616342330351472 -0.0010840074392035604 -0.0012182033387944102
-0.11911923438310623 -0.11911923438310623 -0.11911923438310623 -0.11911923438310623 -0.11911923438310623 -0.11911923438310623 -0.2933199405670166 -0.11911923438310623 -0.11911923438310623 -0.17724540829658508 -0.17724540829658508 -0.11911923438310623 -0.17724540829658508 -0.10697481781244278 -0.11911923438310623 -0.16688087582588196 -0.11911923438310623 -0.11911923438310623 -0.11911923438310623 -0.10697481781244278 -0.10697481781244278 -0.11911923438310623 -0.08890655636787415 -0.07932685315608978 -0.02686384879052639 -0.010030184872448444 -0.004571062512695789 -0.002116741146892309 -0.0024467066396027803 -0.0032515961211174726 -0.002891838550567627 -0.0020132253412157297 -0.0017597872065380216 -0.0010840074392035604 -0.0017385059036314487 -0.0017342789797112346 -0.0016122423112392426 -0.0013616342330351472 -0.0010840074392035604 -0.0012182033387944102
-0.11911923438310623 -0.11911923438310623 -0.11911923438310623 -0.11911923438310623 -0.11911923438310623 -0.11911923438310623 -0.2841779291629791 -0.11911923438310623 -0.11911923438310623 -0.17724540829658508 -0.17724540829658508 -0.11911923438310623 -0.17724540829658508 -0.10697481781244278 -0.11911923438310623 -0.16688087582588196 -0.11911923438310623 -0.11911923438310623 -0.11911923438310623 -0.10697481781244278 -0.10697481781244278 -0.11911923438310623 -0.08890655636787415 -0.07932685315608978 -0.02686384879052639 -0.010030184872448444 -0.004571062512695789 -0.002116741146892309 -0.0024467066396027803 -0.0032515961211174726 -0.002891838550567627 -0.0020132253412157297 -0.0017597872065380216 -0.0010840074392035604 -0.0017385059036314487 -0.0017342789797112346 -0.0016122423112392426 -0.0013616342330351472 -0.0010840074392035604 -0.0012182033387944102
-0.11911923438310623 -0.11911923438310623 -0.11911923438310623 -0.11911923438310623 -0.11911923438310623 -0.11911923438310623 -0.28210216760635376 -0.11911923438310623 -0.11911923438310623 -0.17724540829658508 -0.17724540829658508 -0.11911923438310623 -0.17724540829658508 -0.10697481781244278 -0.11911923438310623 -0.16688087582588196 -0.11911923438310623 -0.11911923438310623 -0.11911923438310623 -0.10697481781244278 -0.10697481781244278 -0.11911923438310623 -0.08890655636787415 -0.07932685315608978 -0.02686384879052639 -0.010030184872448444 -0.004571062512695789 -0.002116741146892309 -0.0024467066396027803 -0.0032515961211174726 -0.002891838550567627 -0.0020132253412157297 -0.0017597872065380216 -0.0010840074392035604 -0.0017385059036314487 -0.0017342789797112346 -0.0016122423112392426 -0.0013616342330351472 -0.0010840074392035604 -0.0012182033387944102
-0.2588525414466858 -0.2588525414466858 -0.2588525414466858 -0.2588525414466858 -0.1598788946866989 -0.2588525414466858 -0.11911923438310623 -0.1598788946866989 -0.2588525414466858 -0.11911923438310623 -0.11911923438310623 -0.1598788946866989 -0.11911923438310623 -0.10697481781244278 -0.1598788946866989 -0.11911923438310623 -0.15655846893787384 -0.15089713037014008 -0.15100987255573273 -0.10697481781244278 -0.10697481781244278 -0.1251295506954193 -0.08890655636787415 -0.07932685315608978 -0.02686384879052639 -0.010030184872448444 -0.004571062512695789 -0.002116741146892309 -0.0024467066396027803 -0.0032515961211174726 -0.002891838550567627 -0.0020132253412157297 -0.0017597872065380216 -0.0010840074392035604 -0.0017385059036314487 -0.0017342789797112346 -0.0016122423112392426 -0.0013616342330351472 -0.0010840074392035604 -0.0012182033387944102
-0.22929535806179047 -0.22929535806179047 -0.22929535806179047 -0.22929535806179047 -0.1598788946866989 -0.22929535806179047 -0.11911923438310623 -0.1598788946866989 -0.22929535806179047 -0.11911923438310623 -0.11911923438310623 -0.1598788946866989 -0.11911923438310623 -0.10697481781244278 -0.1598788946866989 -0.11911923438310623 -0.15655846893787384 -0.15089713037014008 -0.15100987255573273 -0.10697481781244278 -0.10697481781244278 -0.1251295506954193 -0.08890655636787415 -0.07932685315608978 -0.02686384879052639 -0.010030184872448444 -0.004571062512695789 -0.002116741146892309 -0.0024467066396027803 -0.0032515961211174726 -0.002891838550567627 -0.0020132253412157297 -0.0017597872065380216 -0.0010840074392035604 -0.0017385059036314487 -0.0017342789797112346 -0.0016122423112392426 -0.0013616342330351472 -0.0010840074392035604 -0.0012182033387944102
-0.07932685315608978 -0.07932685315608978 -0.07932685315608978 -0.07932685315608978 -0.07932685315608978 -0.07932685315608978 -0.07932685315608978 -0.07932685315608978 -0.07932685315608978 -0.07932685315608978 -0.07932685315608978 -0.07932685315608978 -0.07932685315608978 -0.07932685315608978 -0.07932685315608978 -0.07932685315608978 -0.07932685315608978 -0.07932685315608978 -0.07932685315608978 -0.07932685315608978 -0.07932685315608978 -0.07932685315608978 -0.07932685315608978 -0.0800086185336113 -0.02686384879052639 -0.010030184872448444 -0.004571062512695789 -0.002116741146892309 -0.0024467066396027803 -0.0032515961211174726 -0.002891838550567627 -0.0020132253412157297 -0.0017597872065380216 -0.0010840074392035604 -0.0017385059036314487 -0.0017342789797112346 -0.0016122423112392426 -0.0013616342330351472 -0.0010840074392035604 -0.0012182033387944102
-0.11911923438310623 -0.11911923438310623 -0.11911923438310623 -0.11911923438310623 -0.11911923438310623 -0.11911923438310623 -0.11975529789924622 -0.11911923438310623 -0.11911923438310623 -0.11975529789924622 -0.11975529789924622 -0.11911923438310623 -0.11975529789924622 -0.10697481781244278 -0.11911923438310623 -0.11975529789924622 -0.11911923438310623 -0.11911923438310623 -0.11911923438310623 -0.10697481781244278 -0.10697481781244278 -0.11911923438310623 -0.08890655636787415 -0.07932685315608978 -0.02686384879052639 -0.010030184872448444 -0.004571062512695789 -0.002116741146892309 -0.0024467066396027803 -0.0032515961211174726 -0.002891838550567627 -0.0020132253412157297 -0.0017597872065380216 -0.0010840074392035604 -0.0017385059036314487 -0.0017342789797112346 -0.0016122423112392426 -0.0013616342330351472 -0.0010840074392035604 -0.0012182033387944102
-0.09806552529335022 -0.09806552529335022 -0.09806552529335022 -0.09806552529335022 -0.09806552529335022 -0.09806552529335022 -0.09806552529335022 -0.09806552529335022 -0.09806552529335022 -0.09806552529335022 -0.09806552529335022 -0.09806552529335022 -0.09806552529335022 -0.09806552529335022 -0.09806552529335022 -0.09806552529335022 -0.09806552529335022 -0.09806552529335022 -0.09806552529335022 -0.09806552529335022 -0.09806552529335022 -0.09806552529335022 -0.08890655636787415 -0.07932685315608978 -0.02686384879052639 -0.010030184872448444 -0.004571062512695789 -0.002116741146892309 -0.0024467066396027803 -0.0032515961211174726 -0.002891838550567627 -0.0020132253412157297 -0.0017597872065380216 -0.0010840074392035604 -0.0017385059036314487 -0.0017342789797112346 -0.0016122423112392426 -0.0013616342330351472 -0.0010840074392035604 -0.0012182033387944102
-0.09373216331005096 -0.09373216331005096 -0.09373216331005096 -0.09373216331005096 -0.09373216331005096 -0.09373216331005096 -0.09373216331005096 -0.09373216331005096 -0.09373216331005096 -0.09373216331005096 -0.09373216331005096 -0.09373216331005096 -0.09373216331005096 -0.09373216331005096 -0.09373216331005096 -0.09373216331005096 -0.09373216331005096 -0.09373216331005096 -0.09373216331005096 -0.09373216331005096 -0.09373216331005096 -0.09373216331005096 -0.08890655636787415 -0.07932685315608978 -0.02686384879052639 -0.010030184872448444 -0.004571062512695789 -0.002116741146892309 -0.0024467066396027803 -0.0032515961211174726 -0.002891838550567627 -0.0020132253412157297 -0.0017597872065380216 -0.0010840074392035604 -0.0017385059036314487 -0.0017342789797112346 -0.0016122423112392426 -0.0013616342330351472 -0.0010840074392035604 -0.0012182033387944102
-0.02686384879052639 -0.02686384879052639 -0.02686384879052639 -0.02686384879052639 -0.02686384879052639 -0.02686384879052639 -0.02686384879052639 -0.02686384879052639 -0.02686384879052639 -0.02686384879052639 -0.02686384879052639 -0.02686384879052639 -0.02686384879052639 -0.02686384879052639 -0.02686384879052639 -0.02686384879052639 -0.02686384879052639 -0.02686384879052639 -0.02686384879052639 -0.02686384879052639 -0.02686384879052639 -0.02686384879052639 -0.02686384879052639 -0.02686384879052639 -0.02686384879052639 -0.010030184872448444 -0.004571062512695789 -0.002116741146892309 -0.0024467066396027803 -0.0032515961211174726 -0.002891838550567627 -0.0020132253412157297 -0.0017597872065380216 -0.0010840074392035604 -0.0017385059036314487 -0.0017342789797112346 -0.0016122423112392426 -0.0013616342330351472 -0.0010840074392035604 -0.0012182033387944102
-0.06873224675655365 -0.06873224675655365 -0.06873224675655365 -0.06873224675655365 -0.06873224675655365 -0.06873224675655365 -0.06873224675655365 -0.06873224675655365 -0.06873224675655365 -0.06873224675655365 -0.06873224675655365 -0.06873224675655365 -0.06873224675655365 -0.06873224675655365 -0.06873224675655365 -0.06873224675655365 -0.06873224675655365 -0.06873224675655365 -0.06873224675655365 -0.06873224675655365 -0.06873224675655365 -0.06873224675655365 -0.06873224675655365 -0.06873224675655365 -0.02686384879052639 -0.010030184872448444 -0.004571062512695789 -0.002116741146892309 -0.0024467066396027803 -0.0032515961211174726 -0.002891838550567627 -0.0020132253412157297 -0.0017597872065380216 -0.0010840074392035604 -0.0017385059036314487 -0.0017342789797112346 -0.0016122423112392426 -0.0013616342330351472 -0.0010840074392035604 -0.0012182033387944102
-0.06348293274641037 -0.06348293274641037 -0.06348293274641037 -0.06348293274641037 -0.06348293274641037 -0.06348293274641037 -0.06348293274641037 -0.06348293274641037 -0.06348293274641037 -0.06348293274641037 -0.06348293274641037 -0.06348293274641037 -0.06348293274641037 -0.06348293274641037 -0.06348293274641037 -0.06348293274641037 -0.06348293274641037 -0.06348293274641037 -0.06348293274641037 -0.06348293274641037 -0.06348293274641037 -0.06348293274641037 -0.06348293274641037 -0.06348293274641037 -0.02686384879052639 -0.010030184872448444 -0.004571062512695789 -0.002116741146892309 -0.0024467066396027803 -0.0032515961211174726 -0.002891838550567627 -0.0020132253412157297 -0.0017597872065380216 -0.0010840074392035604 -0.0017385059036314487 -0.0017342789797112346 -0.0016122423112392426 -0.0013616342330351472 -0.0010840074392035604 -0.0012182033387944102
-0.06339956820011139 -0.06339956820011139 -0.06339956820011139 -0.06339956820011139 -0.06339956820011139 -0.06339956820011139 -0.06339956820011139 -0.06339956820011139 -0.06339956820011139 -0.06339956820011139 -0.06339956820011139 -0.06339956820011139 -0.06339956820011139 -0.06339956820011139 -0.06339956820011139 -0.06339956820011139 -0.06339956820011139 -0.06339956820011139 -0.06339956820011139 -0.06339956820011139 -0.06339956820011139 -0.06339956820011139 -0.06339956820011139 -0.06339956820011139 -0.02686384879052639 -0.010030184872448444 -0.004571062512695789 -0.002116741146892309 -0.0024467066396027803 -0.0032515961211174726 -0.002891838550567627 -0.0020132253412157297 -0.0017597872065380216 -0.0010840074392035604 -0.0017385059036314487 -0.0017342789797112346 -0.0016122423112392426 -0.0013616342330351472 -0.0010840074392035604 -0.0012182033387944102
-0.010030184872448444 -0.010030184872448444 -0.010030184872448444 -0.010030184872448444 -0.010030184872448444 -0.010030184872448444 -0.010030184872448444 -0.010030184872448444 -0.010030184872448444 -0.010030184872448444 -0.010030184872448444 -0.010030184872448444 -0.010030184872448444 -0.010030184872448444 -0.010030184872448444 -0.010030184872448444 -0.010030184872448444 -0.010030184872448444 -0.010030184872448444 -0.010030184872448444 -0.010030184872448444 -0.010030184872448444 -0.010030184872448444 -0.010030184872448444 -0.010030184872448444 -0.010030184872448444 -0.004571062512695789 -0.002116741146892309 -0.0024467066396027803 -0.0032515961211174726 -0.002891838550567627 -0.0020132253412157297 -0.0017597872065380216 -0.0010840074392035604 -0.0017385059036314487 -0.0017342789797112346 -0.0016122423112392426 -0.0013616342330351472 -0.0010840074392035604 -0.0012182033387944102
-0.05986380577087402 -0.05986380577087402 -0.05986380577087402 -0.05986380577087402 -0.05986380577087402 -0.05986380577087402 -0.05986380577087402 -0.05986380577087402 -0.05986380577087402 -0.05986380577087402 -0.05986380577087402 -0.05986380577087402 -0.05986380577087402 -0.05986380577087402 -0.05986380577087402 -0.05986380577087402 -0.05986380577087402 -0.05986380577087402 -0.05986380577087402 -0.05986380577087402 -0.05986380577087402 -0.05986380577087402 -0.05986380577087402 -0.05986380577087402 -0.02686384879052639 -0.010030184872448444 -0.004571062512695789 -0.002116741146892309 -0.0024467066396027803 -0.0032515961211174726 -0.002891838550567627 -0.0020132253412157297 -0.0017597872065380216 -0.0010840074392035604 -0.0017385059036314487 -0.0017342789797112346 -0.0016122423112392426 -0.0013616342330351472 -0.0010840074392035604 -0.0012182033387944102
-0.04388311505317688 -0.04388311505317688 -0.04388311505317688 -0.04388311505317688 -0.04388311505317688 -0.04388311505317688 -0.04388311505317688 -0.04388311505317688 -0.04388311505317688 -0.04388311505317688 -0.04388311505317688 -0.04388311505317688 -0.04388311505317688 -0.04388311505317688 -0.04388311505317688 -0.04388311505317688 -0.04388311505317688 -0.04388311505317688 -0.04388311505317688 -0.04388311505317688 -0.04388311505317688 -0.04388311505317688 -0.04388311505317688 -0.04388311505317688 -0.02686384879052639 -0.010030184872448444 -0.004571062512695789 -0.002116741146892309 -0.0024467066396027803 -0.0032515961211174726 -0.002891838550567627 -0.0020132253412157297 -0.0017597872065380216 -0.0010840074392035604 -0.0017385059036314487 -0.0017342789797112346 -0.0016122423112392426 -0.0013616342330351472 -0.0010840074392035604 -0.0012182033387944102
-0.04353869706392288 -0.04353869706392288 -0.04353869706392288 -0.04353869706392288 -0.04353869706392288 -0.04353869706392288 -0.04353869706392288 -0.04353869706392288 -0.04353869706392288 -0.04353869706392288 -0.04353869706392288 -0.04353869706392288 -0.04353869706392288 -0.04353869706392288 -0.04353869706392288 -0.04353869706392288 -0.04353869706392288 -0.04353869706392288 -0.04353869706392288 -0.04353869706392288 -0.04353869706392288 -0.04353869706392288 -0.04353869706392288 -0.04353869706392288 -0.02686384879052639 -0.010030184872448444 -0.004571062512695789 -0.002116741146892309 -0.0024467066396027803 -0.0032515961211174726 -0.002891838550567627 -0.0020132253412157297 -0.0017597872065380216 -0.0010840074392035604 -0.0017385059036314487 -0.0017342789797112346 -0.0016122423112392426 -0.0013616342330351472 -0.0010840074392035604 -0.0012182033387944102
-0.03985840827226639 -0.03985840827226639 -0.03985840827226639 -0.03985840827226639 -0.03985840827226639 -0.03985840827226639 -0.03985840827226639 -0.03985840827226639 -0.03985840827226639 -0.03985840827226639 -0.03985840827226639 -0.03985840827226639 -0.03985840827226639 -0.03985840827226639 -0.03985840827226639 -0.03985840827226639 -0.03985840827226639 -0.03985840827226639 -0.03985840827226639 -0.03985840827226639 -0.03985840827226639 -0.03985840827226639 -0.03985840827226639 -0.03985840827226639 -0.02686384879052639 -0.010030184872448444 -0.004571062512695789 -0.002116741146892309 -0.0024467066396027803 -0.0032515961211174726 -0.002891838550567627 -0.0020132253412157297 -0.0017597872065380216 -0.0010840074392035604 -0.0017385059036314487 -0.0017342789797112346 -0.0016122423112392426 -0.0013616342330351472 -0.0010840074392035604 -0.0012182033387944102
-0.03316054865717888 -0.03316054865717888 -0.03316054865717888 -0.03316054865717888 -0.03316054865717888 -0.03316054865717888 -0.03316054865717888 -0.03316054865717888 -0.03316054865717888 -0.03316054865717888 -0.03316054865717888 -0.03316054865717888 -0.03316054865717888 -0.03316054865717888 -0.03316054865717888 -0.03316054865717888 -0.03316054865717888 -0.03316054865717888 -0.03316054865717888 -0.03316054865717888 -0.03316054865717888 -0.03316054865717888 -0.03316054865717888 -0.03316054865717888 -0.02686384879052639 -0.010030184872448444 -0.004571062512695789 -0.002116741146892309 -0.0024467066396027803 -0.0032515961211174726 -0.002891838550567627 -0.0020132253412157297 -0.0017597872065380216 -0.0010840074392035604 -0.0017385059036314487 -0.0017342789797112346 -0.0016122423112392426 -0.0013616342330351472 -0.0010840074392035604 -0.0012182033387944102
-0.03192748501896858 -0.03192748501896858 -0.03192748501896858 -0.03192748501896858 -0.03192748501896858 -0.03192748501896858 -0.03192748501896858 -0.03192748501896858 -0.03192748501896858 -0.03192748501896858 -0.03192748501896858 -0.03192748501896858 -0.03192748501896858 -0.03192748501896858 -0.03192748501896858 -0.03192748501896858 -0.03192748501896858 -0.03192748501896858 -0.03192748501896858 -0.03192748501896858 -0.03192748501896858 -0.03192748501896858 -0.03192748501896858 -0.03192748501896858 -0.02686384879052639 -0.010030184872448444 -0.004571062512695789 -0.002116741146892309 -0.0024467066396027803 -0.0032515961211174726 -0.002891838550567627 -0.0020132253412157297 -0.0017597872065380216 -0.0010840074392035604 -0.0017385059036314487 -0.0017342789797112346 -0.0016122423112392426 -0.0013616342330351472 -0.0010840074392035604 -0.0012182033387944102
-0.031462162733078 -0.031462162733078 -0.031462162733078 -0.031462162733078 -0.031462162733078 -0.031462162733078 -0.031462162733078 -0.031462162733078 -0.031462162733078 -0.031462162733078 -0.031462162733078 -0.031462162733078 -0.031462162733078 -0.031462162733078 -0.031462162733078 -0.031462162733078 -0.031462162733078 -0.031462162733078 -0.031462162733078 -0.031462162733078 -0.031462162733078 -0.031462162733078 -0.031462162733078 -0.031462162733078 -0.02686384879052639 -0.010030184872448444 -0.004571062512695789 -0.002116741146892309 -0.0024467066396027803 -0.0032515961211174726 -0.002891838550567627 -0.0020132253412157297 -0.0017597872065380216 -0.0010840074392035604 -0.0017385059036314487 -0.0017342789797112346 -0.0016122423112392426 -0.0013616342330351472 -0.0010840074392035604 -0.0012182033387944102
-0.0253803338855505 -0.0253803338855505 -0.0253803338855505 -0.0253803338855505 -0.0253803338855505 -0.0253803338855505 -0.0253803338855505 -0.0253803338855505 -0.0253803338855505 -0.0253803338855505 -0.0253803338855505 -0.0253803338855505 -0.0253803338855505 -0.0253803338855505 -0.0253803338855505 -0.0253803338855505 -0.0253803338855505 -0.0253803338855505 -0.0253803338855505 -0.0253803338855505 -0.0253803338855505 -0.0253803338855505 -0.0253803338855505 -0.0253803338855505 -0.0253803338855505 -0.010030184872448444 -0.004571062512695789 -0.002116741146892309 -0.0024467066396027803 -0.0032515961211174726 -0.002891838550567627 -0.0020132253412157297 -0.0017597872065380216 -0.0010840074392035604 -0.0017385059036314487 -0.0017342789797112346 -0.0016122423112392426 -0.0013616342330351472 -0.0010840074392035604 -0.0012182033387944102
-0.002116741146892309 -0.002116741146892309 -0.002116741146892309 -0.002116741146892309 -0.002116741146892309 -0.002116741146892309 -0.002116741146892309 -0.002116741146892309 -0.002116741146892309 -0.002116741146892309 -0.002116741146892309 -0.002116741146892309 -0.002116741146892309 -0.002116741146892309 -0.002116741146892309 -0.002116741146892309 -0.002116741146892309 -0.002116741146892309 -0.002116741146892309 -0.002116741146892309 -0.002116741146892309 -0.002116741146892309 -0.002116741146892309 -0.002116741146892309 -0.002116741146892309 -0.002116741146892309 -0.002116741146892309 -0.004449634347110987 -0.002116741146892309 -0.002116741146892309 -0.002116741146892309 -0.0020132253412157297 -0.0017597872065380216 -0.0010840074392035604 -0.0017385059036314487 -0.0017342789797112346 -0.0016122423112392426 -0.0013616342330351472 -0.0010840074392035604 -0.0012182033387944102
-0.0032970283646136522 -0.0032970283646136522 -0.0032970283646136522 -0.0032970283646136522 -0.0032970283646136522 -0.0032970283646136522 -0.0032970283646136522 -0.0032970283646136522 -0.0032970283646136522 -0.0032970283646136522 -0.0032970283646136522 -0.0032970283646136522 -0.0032970283646136522 -0.0032970283646136522 -0.0032970283646136522 -0.0032970283646136522 -0.0032970283646136522 -0.0032970283646136522 -0.0032970283646136522 -0.0032970283646136522 -0.0032970283646136522 -0.0032970283646136522 -0.0032970283646136522 -0.0032970283646136522 -0.0032970283646136522 -0.0032970283646136522 -0.0032970283646136522 -0.002116741146892309 -0.0024467066396027803 -0.0032515961211174726 -0.002891838550567627 -0.0020132253412157297 -0.0017597872065380216 -0.0010840074392035604 -0.0017385059036314487 -0.0017342789797112346 -0.0016122423112392426 -0.0013616342330351472 -0.0010840074392035604 -0.0012182033387944102
-0.000985178747214377 -0.000985178747214377 -0.000985178747214377 -0.000985178747214377 -0.000985178747214377 -0.000985178747214377 -0.000985178747214377 -0.000985178747214377 -0.000985178747214377 -0.000985178747214377 -0.000985178747214377 -0.000985178747214377 -0.000985178747214377 -0.000985178747214377 -0.000985178747214377 -0.000985178747214377 -0.000985178747214377 -0.000985178747214377 -0.000985178747214377 -0.000985178747214377 -0.000985178747214377 -0.000985178747214377 -0.000985178747214377 -0.000985178747214377 -0.000985178747214377 -0.000985178747214377 -0.000985178747214377 -0.000985178747214377 -0.000985178747214377 -0.000985178747214377 -0.000985178747214377 -0.000985178747214377 -0.000985178747214377 -0.000985178747214377 -0.000985178747214377 -0.000985178747214377 -0.000985178747214377 -0.000985178747214377 -0.000985178747214377 -0.000985178747214377
-0.0008634392870590091 -0.0008634392870590091 -0.0008634392870590091 -0.0008634392870590091 -0.0008634392870590091 -0.0008634392870590091 -0.0008634392870590091 -0.0008634392870590091 -0.0008634392870590091 -0.0008634392870590091 -0.0008634392870590091 -0.0008634392870590091 -0.0008634392870590091 -0.0008634392870590091 -0.0008634392870590091 -0.0008634392870590091 -0.0008634392870590091 -0.0008634392870590091 -0.0008634392870590091 -0.0008634392870590091 -0.0008634392870590091 -0.0008634392870590091 -0.0008634392870590091 -0.0008634392870590091 -0.0008634392870590091 -0.0008634392870590091 -0.0008634392870590091 -0.0008634392870590091 -0.0008634392870590091 -0.0008634392870590091 -0.0008634392870590091 -0.0008634392870590091 -0.0008634392870590091 -0.0008634392870590091 -0.0008634392870590091 -0.0008634392870590091 -0.0008634392870590091 -0.0008634392870590091 -0.0008634392870590091 -0.0008634392870590091
-0.0003723319969139993 -0.0003723319969139993 -0.0003723319969139993 -0.0003723319969139993 -0.0003723319969139993 -0.0003723319969139993 -0.0003723319969139993 -0.0003723319969139993 -0.0003723319969139993 -0.0003723319969139993 -0.0003723319969139993 -0.0003723319969139993 -0.0003723319969139993 -0.0003723319969139993 -0.0003723319969139993 -0.0003723319969139993 -0.0003723319969139993 -0.0003723319969139993 -0.0003723319969139993 -0.0003723319969139993 -0.0003723319969139993 -0.0003723319969139993 -0.0003723319969139993 -0.0003723319969139993 -0.0003723319969139993 -0.0003723319969139993 -0.0003723319969139993 -0.0003723319969139993 -0.0003723319969139993 -0.0003723319969139993 -0.0003723319969139993 -0.0003723319969139993 -0.0003723319969139993 -0.0003723319969139993 -0.0003723319969139993 -0.0003723319969139993 -0.0003723319969139993 -0.0003723319969139993 -0.0003723319969139993 -0.0003723319969139993
-0.00027816317742690444 -0.00027816317742690444 -0.00027816317742690444 -0.00027816317742690444 -0.00027816317742690444 -0.00027816317742690444 -0.00027816317742690444 -0.00027816317742690444 -0.00027816317742690444 -0.00027816317742690444 -0.00027816317742690444 -0.00027816317742690444 -0.00027816317742690444 -0.00027816317742690444 -0.00027816317742690444 -0.00027816317742690444 -0.00027816317742690444 -0.00027816317742690444 -0.00027816317742690444 -0.00027816317742690444 -0.00027816317742690444 -0.00027816317742690444 -0.00027816317742690444 -0.00027816317742690444 -0.00027816317742690444 -0.00027816317742690444 -0.00027816317742690444 -0.00027816317742690444 -0.00027816317742690444 -0.00027816317742690444 -0.00027816317742690444 -0.00027816317742690444 -0.00027816317742690444 -0.00027816317742690444 -0.00027816317742690444 -0.00027816317742690444 -0.00027816317742690444 -0.00027816317742690444 -0.00027816317742690444 -0.00027816317742690444