-0.4164305627346039 -0.52729731798172 -0.4649922549724579 -0.13870640099048615 -0.11909510940313339 -0.11909510940313339 -0.24309398233890533 -0.24309398233890533 -0.13870640099048615 -0.2878563404083252 -0.13870640099048615 -0.11909510940313339 -0.11909510940313339 -0.11909510940313339 -0.13870640099048615 -0.13870640099048615 -0.13870640099048615 -0.11909510940313339 -0.13870640099048615 -0.11909510940313339 -0.11909510940313339 -0.137908473610878 -0.17015136778354645 -0.11909510940313339 -0.1490073800086975 -0.11909510940313339 -0.13909131288528442 -0.09469714760780334 -0.0958484560251236 -0.097232885658741 -0.06503166258335114 -0.01744312047958374 -0.003064436838030815 -0.004268617369234562 -0.0026078352238982916 -0.0032423590309917927 -0.003440634813159704 -0.0025670339819043875 -0.002427223604172468 -0.0023635639809072018 -0.0020986662711948156 -0.0014561560237780213 -0.0014561560237780213 -0.0014561560237780213 -0.0011018209625035524 -0.0011018209625035524 -0.0009636748000048101 -0.00025940098566934466
-0.11909510940313339 -0.11909510940313339 -0.11909510940313339 -0.11909510940313339 -0.11909510940313339 -0.11909510940313339 -0.11909510940313339 -0.11909510940313339 -0.11909510940313339 -0.11909510940313339 -0.11909510940313339 -0.11909510940313339 -0.11909510940313339 -0.11909510940313339 -0.11909510940313339 -0.11909510940313339 -0.11909510940313339 -0.11909510940313339 -0.11909510940313339 -0.11909510940313339 -0.11909510940313339 -0.11909510940313339 -0.11909510940313339 -0.11909510940313339 -0.11909510940313339 -0.11909510940313339 -0.11909510940313339 -0.09469714760780334 -0.0958484560251236 -0.097232885658741 -0.06503166258335114 -0.01744312047958374 -0.003064436838030815 -0.004268617369234562 -0.0026078352238982916 -0.0032423590309917927 -0.003440634813159704 -0.0025670339819043875 -0.002427223604172468 -0.0023635639809072018 -0.0020986662711948156 -0.0014561560237780213 -0.0014561560237780213 -0.0014561560237780213 -0.0011018209625035524 -0.0011018209625035524 -0.0009636748000048101 -0.00025940098566934466
-0.097232885658741 -0.097232885658741 -0.097232885658741 -0.097232885658741 -0.097232885658741 -0.097232885658741 -0.097232885658741 -0.097232885658741 -0.097232885658741 -0.097232885658741 -0.097232885658741 -0.097232885658741 -0.097232885658741 -0.097232885658741 -0.097232885658741 -0.097232885658741 -0.097232885658741 -0.097232885658741 -0.097232885658741 -0.097232885658741 -0.097232885658741 -0.097232885658741 -0.097232885658741 -0.097232885658741 -0.097232885658741 -0.097232885658741 -0.097232885658741 -0.09469714760780334 -0.0958484560251236 -0.097232885658741 -0.06503166258335114 -0.01744312047958374 -0.003064436838030815 -0.004268617369234562 -0.0026078352238982916 -0.0032423590309917927 -0.003440634813159704 -0.0025670339819043875 -0.002427223604172468 -0.0023635639809072018 -0.0020986662711948156 -0.0014561560237780213 -0.0014561560237780213 -0.0014561560237780213 -0.0011018209625035524 -0.0011018209625035524 -0.0009636748000048101 -0.00025940098566934466
-0.09469714760780334 -0.09469714760780334 -0.09469714760780334 -0.09469714760780334 -0.09469714760780334 -0.09469714760780334 -0.09469714760780334 -0.09469714760780334 -0.09469714760780334 -0.09469714760780334 -0.09469714760780334 -0.09469714760780334 -0.09469714760780334 -0.09469714760780334 -0.09469714760780334 -0.09469714760780334 -0.09469714760780334 -0.09469714760780334 -0.09469714760780334 -0.09469714760780334 -0.09469714760780334 -0.09469714760780334 -0.09469714760780334 -0.09469714760780334 -0.09469714760780334 -0.09469714760780334 -0.09469714760780334 -0.09469714760780334 -0.09469714760780334 -0.09469714760780334 -0.06503166258335114 -0.01744312047958374 -0.003064436838030815 -0.004268617369234562 -0.0026078352238982916 -0.0032423590309917927 -0.003440634813159704 -0.0025670339819043875 -0.002427223604172468 -0.0023635639809072018 -0.0020986662711948156 -0.0014561560237780213 -0.0014561560237780213 -0.0014561560237780213 -0.0011018209625035524 -0.0011018209625035524 -0.0009636748000048101 -0.00025940098566934466
-0.137908473610878 -0.137908473610878 -0.137908473610878 -0.137908473610878 -0.11909510940313339 -0.11909510940313339 -0.137908473610878 -0.137908473610878 -0.137908473610878 -0.137908473610878 -0.137908473610878 -0.11909510940313339 -0.11909510940313339 -0.11909510940313339 -0.137908473610878 -0.137908473610878 -0.137908473610878 -0.11909510940313339 -0.137908473610878 -0.11909510940313339 -0.11909510940313339 -0.137908473610878 -0.137908473610878 -0.11909510940313339 -0.137908473610878 -0.11909510940313339 -0.137908473610878 -0.09469714760780334 -0.0958484560251236 -0.097232885658741 -0.06503166258335114 -0.01744312047958374 -0.003064436838030815 -0.004268617369234562 -0.0026078352238982916 -0.0032423590309917927 -0.003440634813159704 -0.0025670339819043875 -0.002427223604172468 -0.0023635639809072018 -0.0020986662711948156 -0.0014561560237780213 -0.0014561560237780213 -0.0014561560237780213 -0.0011018209625035524 -0.0011018209625035524 -0.0009636748000048101 -0.00025940098566934466
-0.1490073800086975 -0.1490073800086975 -0.1490073800086975 -0.13870640099048615 -0.11909510940313339 -0.11909510940313339 -0.1490073800086975 -0.1490073800086975 -0.13870640099048615 -0.1490073800086975 -0.13870640099048615 -0.11909510940313339 -0.11909510940313339 -0.11909510940313339 -0.13870640099048615 -0.13870640099048615 -0.13870640099048615 -0.11909510940313339 -0.13870640099048615 -0.11909510940313339 -0.11909510940313339 -0.137908473610878 -0.1490073800086975 -0.11909510940313339 -0.1490073800086975 -0.11909510940313339 -0.13909131288528442 -0.09469714760780334 -0.0958484560251236 -0.097232885658741 -0.06503166258335114 -0.01744312047958374 -0.003064436838030815 -0.004268617369234562 -0.0026078352238982916 -0.0032423590309917927 -0.003440634813159704 -0.0025670339819043875 -0.002427223604172468 -0.0023635639809072018 -0.0020986662711948156 -0.0014561560237780213 -0.0014561560237780213 -0.0014561560237780213 -0.0011018209625035524 -0.0011018209625035524 -0.0009636748000048101 -0.00025940098566934466
-0.11909510940313339 -0.11909510940313339 -0.11909510940313339 -0.11909510940313339 -0.15420587360858917 -0.15420587360858917 -0.11909510940313339 -0.11909510940313339 -0.11909510940313339 -0.11909510940313339 -0.11909510940313339 -0.15420587360858917 -0.15420587360858917 -0.15420587360858917 -0.11909510940313339 -0.11909510940313339 -0.11909510940313339 -0.2226572036743164 -0.11909510940313339 -0.1890641152858734 -0.15420587360858917 -0.11909510940313339 -0.11909510940313339 -0.12625432014465332 -0.11909510940313339 -0.1347985863685608 -0.11909510940313339 -0.09469714760780334 -0.0958484560251236 -0.097232885658741 -0.06503166258335114 -0.01744312047958374 -0.003064436838030815 -0.004268617369234562 -0.0026078352238982916 -0.0032423590309917927 -0.003440634813159704 -0.0025670339819043875 -0.002427223604172468 -0.0023635639809072018 -0.0020986662711948156 -0.0014561560237780213 -0.0014561560237780213 -0.0014561560237780213 -0.0011018209625035524 -0.0011018209625035524 -0.0009636748000048101 -0.00025940098566934466
-0.24309398233890533 -0.24309398233890533 -0.24309398233890533 -0.13870640099048615 -0.11909510940313339 -0.11909510940313339 -0.24309398233890533 -0.24309398233890533 -0.13870640099048615 -0.24309398233890533 -0.13870640099048615 -0.11909510940313339 -0.11909510940313339 -0.11909510940313339 -0.13870640099048615 -0.13870640099048615 -0.13870640099048615 -0.11909510940313339 -0.13870640099048615 -0.11909510940313339 -0.11909510940313339 -0.137908473610878 -0.17015136778354645 -0.11909510940313339 -0.1490073800086975 -0.11909510940313339 -0.13909131288528442 -0.09469714760780334 -0.0958484560251236 -0.097232885658741 -0.06503166258335114 -0.01744312047958374 -0.003064436838030815 -0.004268617369234562 -0.0026078352238982916 -0.0032423590309917927 -0.003440634813159704 -0.0025670339819043875 -0.002427223604172468 -0.0023635639809072018 -0.0020986662711948156 -0.0014561560237780213 -0.0014561560237780213 -0.0014561560237780213 -0.0011018209625035524 -0.0011018209625035524 -0.0009636748000048101 -0.00025940098566934466
-0.24309398233890533 -0.24309398233890533 -0.24309398233890533 -0.13870640099048615 -0.11909510940313339 -0.11909510940313339 -0.26135507225990295 -0.2923862040042877 -0.13870640099048615 -0.24309398233890533 -0.13870640099048615 -0.11909510940313339 -0.11909510940313339 -0.11909510940313339 -0.13870640099048615 -0.13870640099048615 -0.13870640099048615 -0.11909510940313339 -0.13870640099048615 -0.11909510940313339 -0.11909510940313339 -0.137908473610878 -0.17015136778354645 -0.11909510940313339 -0.1490073800086975 -0.11909510940313339 -0.13909131288528442 -0.09469714760780334 -0.0958484560251236 -0.097232885658741 -0.06503166258335114 -0.01744312047958374 -0.003064436838030815 -0.004268617369234562 -0.0026078352238982916 -0.0032423590309917927 -0.003440634813159704 -0.0025670339819043875 -0.002427223604172468 -0.0023635639809072018 -0.0020986662711948156 -0.0014561560237780213 -0.0014561560237780213 -0.0014561560237780213 -0.0011018209625035524 -0.0011018209625035524 -0.0009636748000048101 -0.00025940098566934466
-0.11909510940313339 -0.11909510940313339 -0.11909510940313339 -0.11909510940313339 -0.31530776619911194 -0.31530776619911194 -0.11909510940313339 -0.11909510940313339 -0.11909510940313339 -0.11909510940313339 -0.11909510940313339 -0.25980862975120544 -0.2757350504398346 -0.27559393644332886 -0.11909510940313339 -0.11909510940313339 -0.11909510940313339 -0.15420587360858917 -0.11909510940313339 -0.15420587360858917 -0.18569016456604004 -0.11909510940313339 -0.11909510940313339 -0.12625432014465332 -0.11909510940313339 -0.1347985863685608 -0.11909510940313339 -0.09469714760780334 -0.0958484560251236 -0.097232885658741 -0.06503166258335114 -0.01744312047958374 -0.003064436838030815 -0.004268617369234562 -0.0026078352238982916 -0.0032423590309917927 -0.003440634813159704 -0.0025670339819043875 -0.002427223604172468 -0.0023635639809072018 -0.0020986662711948156 -0.0014561560237780213 -0.0014561560237780213 -0.0014561560237780213 -0.0011018209625035524 -0.0011018209625035524 -0.0009636748000048101 -0.00025940098566934466
-0.11909510940313339 -0.11909510940313339 -0.11909510940313339 -0.11909510940313339 -0.15420587360858917 -0.15420587360858917 -0.11909510940313339 -0.11909510940313339 -0.11909510940313339 -0.11909510940313339 -0.11909510940313339 -0.15420587360858917 -0.15420587360858917 -0.15420587360858917 -0.11909510940313339 -0.11909510940313339 -0.11909510940313339 -0.1890641152858734 -0.11909510940313339 -0.1890641152858734 -0.15420587360858917 -0.11909510940313339 -0.11909510940313339 -0.12625432014465332 -0.11909510940313339 -0.1347985863685608 -0.11909510940313339 -0.09469714760780334 -0.0958484560251236 -0.097232885658741 -0.06503166258335114 -0.01744312047958374 -0.003064436838030815 -0.004268617369234562 -0.0026078352238982916 -0.0032423590309917927 -0.003440634813159704 -0.0025670339819043875 -0.002427223604172468 -0.0023635639809072018 -0.0020986662711948156 -0.0014561560237780213 -0.0014561560237780213 -0.0014561560237780213 -0.0011018209625035524 -0.0011018209625035524 -0.0009636748000048101 -0.00025940098566934466
-0.24309398233890533 -0.24309398233890533 -0.24309398233890533 -0.13870640099048615 -0.11909510940313339 -0.11909510940313339 -0.26135507225990295 -0.26135507225990295 -0.13870640099048615 -0.24309398233890533 -0.13870640099048615 -0.11909510940313339 -0.11909510940313339 -0.11909510940313339 -0.13870640099048615 -0.13870640099048615 -0.13870640099048615 -0.11909510940313339 -0.13870640099048615 -0.11909510940313339 -0.11909510940313339 -0.137908473610878 -0.17015136778354645 -0.11909510940313339 -0.1490073800086975 -0.11909510940313339 -0.13909131288528442 -0.09469714760780334 -0.0958484560251236 -0.097232885658741 -0.06503166258335114 -0.01744312047958374 -0.003064436838030815 -0.004268617369234562 -0.0026078352238982916 -0.0032423590309917927 -0.003440634813159704 -0.0025670339819043875 -0.002427223604172468 -0.0023635639809072018 -0.0020986662711948156 -0.0014561560237780213 -0.0014561560237780213 -0.0014561560237780213 -0.0011018209625035524 -0.0011018209625035524 -0.0009636748000048101 -0.00025940098566934466
-0.2568877637386322 -0.2568877637386322 -0.2568877637386322 -0.13870640099048615 -0.11909510940313339 -0.11909510940313339 -0.24309398233890533 -0.24309398233890533 -0.13870640099048615 -0.2568877637386322 -0.13870640099048615 -0.11909510940313339 -0.11909510940313339 -0.11909510940313339 -0.13870640099048615 -0.13870640099048615 -0.13870640099048615 -0.11909510940313339 -0.13870640099048615 -0.11909510940313339 -0.11909510940313339 -0.137908473610878 -0.17015136778354645 -0.11909510940313339 -0.1490073800086975 -0.11909510940313339 -0.13909131288528442 -0.09469714760780334 -0.0958484560251236 -0.097232885658741 -0.06503166258335114 -0.01744312047958374 -0.003064436838030815 -0.004268617369234562 -0.0026078352238982916 -0.0032423590309917927 -0.003440634813159704 -0.0025670339819043875 -0.002427223604172468 -0.0023635639809072018 -0.0020986662711948156 -0.0014561560237780213 -0.0014561560237780213 -0.0014561560237780213 -0.0011018209625035524 -0.0011018209625035524 -0.0009636748000048101 -0.00025940098566934466
-0.13870640099048615 -0.13870640099048615 -0.13870640099048615 -0.25279858708381653 -0.11909510940313339 -0.11909510940313339 -0.13870640099048615 -0.13870640099048615 -0.25279858708381653 -0.13870640099048615 -0.24362193048000336 -0.11909510940313339 -0.11909510940313339 -0.11909510940313339 -0.24362193048000336 -0.20147503912448883 -0.17976684868335724 -0.11909510940313339 -0.1996425837278366 -0.11909510940313339 -0.11909510940313339 -0.137908473610878 -0.13870640099048615 -0.11909510940313339 -0.13870640099048615 -0.11909510940313339 -0.13870640099048615 -0.09469714760780334 -0.0958484560251236 -0.097232885658741 -0.06503166258335114 -0.01744312047958374 -0.003064436838030815 -0.004268617369234562 -0.0026078352238982916 -0.0032423590309917927 -0.003440634813159704 -0.0025670339819043875 -0.002427223604172468 -0.0023635639809072018 -0.0020986662711948156 -0.0014561560237780213 -0.0014561560237780213 -0.0014561560237780213 -0.0011018209625035524 -0.0011018209625035524 -0.0009636748000048101 -0.00025940098566934466
-0.13870640099048615 -0.13870640099048615 -0.13870640099048615 -0.25268423557281494 -0.11909510940313339 -0.11909510940313339 -0.13870640099048615 -0.13870640099048615 -0.25268423557281494 -0.13870640099048615 -0.24362193048000336 -0.11909510940313339 -0.11909510940313339 -0.11909510940313339 -0.24362193048000336 -0.20147503912448883 -0.17976684868335724 -0.11909510940313339 -0.1996425837278366 -0.11909510940313339 -0.11909510940313339 -0.137908473610878 -0.13870640099048615 -0.11909510940313339 -0.13870640099048615 -0.11909510940313339 -0.13870640099048615 -0.09469714760780334 -0.0958484560251236 -0.097232885658741 -0.06503166258335114 -0.01744312047958374 -0.003064436838030815 -0.004268617369234562 -0.0026078352238982916 -0.0032423590309917927 -0.003440634813159704 -0.0025670339819043875 -0.002427223604172468 -0.0023635639809072018 -0.0020986662711948156 -0.0014561560237780213 -0.0014561560237780213 -0.0014561560237780213 -0.0011018209625035524 -0.0011018209625035524 -0.0009636748000048101 -0.00025940098566934466
-0.13870640099048615 -0.13870640099048615 -0.13870640099048615 -0.251110702753067 -0.11909510940313339 -0.11909510940313339 -0.13870640099048615 -0.13870640099048615 -0.251110702753067 -0.13870640099048615 -0.24362193048000336 -0.11909510940313339 -0.11909510940313339 -0.11909510940313339 -0.24362193048000336 -0.20147503912448883 -0.17976684868335724 -0.11909510940313339 -0.1996425837278366 -0.11909510940313339 -0.11909510940313339 -0.137908473610878 -0.13870640099048615 -0.11909510940313339 -0.13870640099048615 -0.11909510940313339 -0.13870640099048615 -0.09469714760780334 -0.0958484560251236 -0.097232885658741 -0.06503166258335114 -0.01744312047958374 -0.003064436838030815 -0.004268617369234562 -0.0026078352238982916 -0.0032423590309917927 -0.003440634813159704 -0.0025670339819043875 -0.002427223604172468 -0.0023635639809072018 -0.0020986662711948156 -0.0014561560237780213 -0.0014561560237780213 -0.0014561560237780213 -0.0011018209625035524 -0.0011018209625035524 -0.0009636748000048101 -0.00025940098566934466
-0.13870640099048615 -0.13870640099048615 -0.13870640099048615 -0.24898019433021545 -0.11909510940313339 -0.11909510940313339 -0.13870640099048615 -0.13870640099048615 -0.24898019433021545 -0.13870640099048615 -0.24362193048000336 -0.11909510940313339 -0.11909510940313339 -0.11909510940313339 -0.24362193048000336 -0.20147503912448883 -0.17976684868335724 -0.11909510940313339 -0.1996425837278366 -0.11909510940313339 -0.11909510940313339 -0.137908473610878 -0.13870640099048615 -0.11909510940313339 -0.13870640099048615 -0.11909510940313339 -0.13870640099048615 -0.09469714760780334 -0.0958484560251236 -0.097232885658741 -0.06503166258335114 -0.01744312047958374 -0.003064436838030815 -0.004268617369234562 -0.0026078352238982916 -0.0032423590309917927 -0.003440634813159704 -0.0025670339819043875 -0.002427223604172468 -0.0023635639809072018 -0.0020986662711948156 -0.0014561560237780213 -0.0014561560237780213 -0.0014561560237780213 -0.0011018209625035524 -0.0011018209625035524 -0.0009636748000048101 -0.00025940098566934466
-0.1490073800086975 -0.1490073800086975 -0.1490073800086975 -0.13870640099048615 -0.11909510940313339 -0.11909510940313339 -0.1490073800086975 -0.1490073800086975 -0.13870640099048615 -0.1490073800086975 -0.13870640099048615 -0.11909510940313339 -0.11909510940313339 -0.11909510940313339 -0.13870640099048615 -0.13870640099048615 -0.13870640099048615 -0.11909510940313339 -0.13870640099048615 -0.11909510940313339 -0.11909510940313339 -0.137908473610878 -0.1490073800086975 -0.11909510940313339 -0.1490073800086975 -0.11909510940313339 -0.13909131288528442 -0.09469714760780334 -0.0958484560251236 -0.097232885658741 -0.06503166258335114 -0.01744312047958374 -0.003064436838030815 -0.004268617369234562 -0.0026078352238982916 -0.0032423590309917927 -0.003440634813159704 -0.0025670339819043875 -0.002427223604172468 -0.0023635639809072018 -0.0020986662711948156 -0.0014561560237780213 -0.0014561560237780213 -0.0014561560237780213 -0.0011018209625035524 -0.0011018209625035524 -0.0009636748000048101 -0.00025940098566934466
-0.11909510940313339 -0.11909510940313339 -0.11909510940313339 -0.11909510940313339 -0.11909510940313339 -0.11909510940313339 -0.11909510940313339 -0.11909510940313339 -0.11909510940313339 -0.11909510940313339 -0.11909510940313339 -0.11909510940313339 -0.11909510940313339 -0.11909510940313339 -0.11909510940313339 -0.11909510940313339 -0.11909510940313339 -0.11909510940313339 -0.11909510940313339 -0.11909510940313339 -0.11909510940313339 -0.11909510940313339 -0.11909510940313339 -0.11909510940313339 -0.11909510940313339 -0.11909510940313339 -0.11909510940313339 -0.09469714760780334 -0.0958484560251236 -0.097232885658741 -0.06503166258335114 -0.01744312047958374 -0.003064436838030815 -0.004268617369234562 -0.0026078352238982916 -0.0032423590309917927 -0.003440634813159704 -0.0025670339819043875 -0.002427223604172468 -0.0023635639809072018 -0.0020986662711948156 -0.0014561560237780213 -0.0014561560237780213 -0.0014561560237780213 -0.0011018209625035524 -0.0011018209625035524 -0.0009636748000048101 -0.00025940098566934466
-0.01744312047958374 -0.01744312047958374 -0.01744312047958374 -0.01744312047958374 -0.01744312047958374 -0.01744312047958374 -0.01744312047958374 -0.01744312047958374 -0.01744312047958374 -0.01744312047958374 -0.01744312047958374 -0.01744312047958374 -0.01744312047958374 -0.01744312047958374 -0.01744312047958374 -0.01744312047958374 -0.01744312047958374 -0.01744312047958374 -0.01744312047958374 -0.01744312047958374 -0.01744312047958374 -0.01744312047958374 -0.01744312047958374 -0.01744312047958374 -0.01744312047958374 -0.01744312047958374 -0.01744312047958374 -0.01744312047958374 -0.01744312047958374 -0.01744312047958374 -0.01744312047958374 -0.01744312047958374 -0.003064436838030815 -0.004268617369234562 -0.0026078352238982916 -0.0032423590309917927 -0.003440634813159704 -0.0025670339819043875 -0.002427223604172468 -0.0023635639809072018 -0.0020986662711948156 -0.0014561560237780213 -0.0014561560237780213 -0.0014561560237780213 -0.0011018209625035524 -0.0011018209625035524 -0.0009636748000048101 -0.00025940098566934466
-0.06503166258335114 -0.06503166258335114 -0.06503166258335114 -0.06503166258335114 -0.06503166258335114 -0.06503166258335114 -0.06503166258335114 -0.06503166258335114 -0.06503166258335114 -0.06503166258335114 -0.06503166258335114 -0.06503166258335114 -0.06503166258335114 -0.06503166258335114 -0.06503166258335114 -0.06503166258335114 -0.06503166258335114 -0.06503166258335114 -0.06503166258335114 -0.06503166258335114 -0.06503166258335114 -0.06503166258335114 -0.06503166258335114 -0.06503166258335114 -0.06503166258335114 -0.06503166258335114 -0.06503166258335114 -0.06503166258335114 -0.06503166258335114 -0.06503166258335114 -0.06503166258335114 -0.01744312047958374 -0.003064436838030815 -0.004268617369234562 -0.0026078352238982916 -0.0032423590309917927 -0.003440634813159704 -0.0025670339819043875 -0.002427223604172468 -0.0023635639809072018 -0.0020986662711948156 -0.0014561560237780213 -0.0014561560237780213 -0.0014561560237780213 -0.0011018209625035524 -0.0011018209625035524 -0.0009636748000048101 -0.00025940098566934466
-0.11578278243541718 -0.11578278243541718 -0.11578278243541718 -0.11578278243541718 -0.11578278243541718 -0.11578278243541718 -0.11578278243541718 -0.11578278243541718 -0.11578278243541718 -0.11578278243541718 -0.11578278243541718 -0.11578278243541718 -0.11578278243541718 -0.11578278243541718 -0.11578278243541718 -0.11578278243541718 -0.11578278243541718 -0.11578278243541718 -0.11578278243541718 -0.11578278243541718 -0.11578278243541718 -0.11578278243541718 -0.11578278243541718 -0.11578278243541718 -0.11578278243541718 -0.11578278243541718 -0.11578278243541718 -0.09469714760780334 -0.0958484560251236 -0.097232885658741 -0.06503166258335114 -0.01744312047958374 -0.003064436838030815 -0.004268617369234562 -0.0026078352238982916 -0.0032423590309917927 -0.003440634813159704 -0.0025670339819043875 -0.002427223604172468 -0.0023635639809072018 -0.0020986662711948156 -0.0014561560237780213 -0.0014561560237780213 -0.0014561560237780213 -0.0011018209625035524 -0.0011018209625035524 -0.0009636748000048101 -0.00025940098566934466
-0.03581899777054787 -0.03581899777054787 -0.03581899777054787 -0.03581899777054787 -0.03581899777054787 -0.03581899777054787 -0.03581899777054787 -0.03581899777054787 -0.03581899777054787 -0.03581899777054787 -0.03581899777054787 -0.03581899777054787 -0.03581899777054787 -0.03581899777054787 -0.03581899777054787 -0.03581899777054787 -0.03581899777054787 -0.03581899777054787 -0.03581899777054787 -0.03581899777054787 -0.03581899777054787 -0.03581899777054787 -0.03581899777054787 -0.03581899777054787 -0.03581899777054787 -0.03581899777054787 -0.03581899777054787 -0.03581899777054787 -0.03581899777054787 -0.03581899777054787 -0.03581899777054787 -0.01744312047958374 -0.003064436838030815 -0.004268617369234562 -0.0026078352238982916 -0.0032423590309917927 -0.003440634813159704 -0.0025670339819043875 -0.002427223604172468 -0.0023635639809072018 -0.0020986662711948156 -0.0014561560237780213 -0.0014561560237780213 -0.0014561560237780213 -0.0011018209625035524 -0.0011018209625035524 -0.0009636748000048101 -0.00025940098566934466
-0.027669548988342285 -0.027669548988342285 -0.027669548988342285 -0.027669548988342285 -0.027669548988342285 -0.027669548988342285 -0.027669548988342285 -0.027669548988342285 -0.027669548988342285 -0.027669548988342285 -0.027669548988342285 -0.027669548988342285 -0.027669548988342285 -0.027669548988342285 -0.027669548988342285 -0.027669548988342285 -0.027669548988342285 -0.027669548988342285 -0.027669548988342285 -0.027669548988342285 -0.027669548988342285 -0.027669548988342285 -0.027669548988342285 -0.027669548988342285 -0.027669548988342285 -0.027669548988342285 -0.027669548988342285 -0.027669548988342285 -0.027669548988342285 -0.027669548988342285 -0.027669548988342285 -0.01744312047958374 -0.003064436838030815 -0.004268617369234562 -0.0026078352238982916 -0.0032423590309917927 -0.003440634813159704 -0.0025670339819043875 -0.002427223604172468 -0.0023635639809072018 -0.0020986662711948156 -0.0014561560237780213 -0.0014561560237780213 -0.0014561560237780213 -0.0011018209625035524 -0.0011018209625035524 -0.0009636748000048101 -0.00025940098566934466
-0.01744312047958374 -0.01744312047958374 -0.01744312047958374 -0.01744312047958374 -0.01744312047958374 -0.01744312047958374 -0.01744312047958374 -0.01744312047958374 -0.01744312047958374 -0.01744312047958374 -0.01744312047958374 -0.01744312047958374 -0.01744312047958374 -0.01744312047958374 -0.01744312047958374 -0.01744312047958374 -0.01744312047958374 -0.01744312047958374 -0.01744312047958374 -0.01744312047958374 -0.01744312047958374 -0.01744312047958374 -0.01744312047958374 -0.01744312047958374 -0.01744312047958374 -0.01744312047958374 -0.01744312047958374 -0.01744312047958374 -0.01744312047958374 -0.01744312047958374 -0.01744312047958374 -0.02099633403122425 -0.003064436838030815 -0.004268617369234562 -0.0026078352238982916 -0.0032423590309917927 -0.003440634813159704 -0.0025670339819043875 -0.002427223604172468 -0.0023635639809072018 -0.0020986662711948156 -0.0014561560237780213 -0.0014561560237780213 -0.0014561560237780213 -0.0011018209625035524 -0.0011018209625035524 -0.0009636748000048101 -0.00025940098566934466
-0.020261822268366814 -0.020261822268366814 -0.020261822268366814 -0.020261822268366814 -0.020261822268366814 -0.020261822268366814 -0.020261822268366814 -0.020261822268366814 -0.020261822268366814 -0.020261822268366814 -0.020261822268366814 -0.020261822268366814 -0.020261822268366814 -0.020261822268366814 -0.020261822268366814 -0.020261822268366814 -0.020261822268366814 -0.020261822268366814 -0.020261822268366814 -0.020261822268366814 -0.020261822268366814 -0.020261822268366814 -0.020261822268366814 -0.020261822268366814 -0.020261822268366814 -0.020261822268366814 -0.020261822268366814 -0.020261822268366814 -0.020261822268366814 -0.020261822268366814 -0.020261822268366814 -0.01744312047958374 -0.003064436838030815 -0.004268617369234562 -0.0026078352238982916 -0.0032423590309917927 -0.003440634813159704 -0.0025670339819043875 -0.002427223604172468 -0.0023635639809072018 -0.0020986662711948156 -0.0014561560237780213 -0.0014561560237780213 -0.0014561560237780213 -0.0011018209625035524 -0.0011018209625035524 -0.0009636748000048101 -0.00025940098566934466
-0.019772179424762726 -0.019772179424762726 -0.019772179424762726 -0.019772179424762726 -0.019772179424762726 -0.019772179424762726 -0.019772179424762726 -0.019772179424762726 -0.019772179424762726 -0.019772179424762726 -0.019772179424762726 -0.019772179424762726 -0.019772179424762726 -0.019772179424762726 -0.019772179424762726 -0.019772179424762726 -0.019772179424762726 -0.019772179424762726 -0.019772179424762726 -0.019772179424762726 -0.019772179424762726 -0.019772179424762726 -0.019772179424762726 -0.019772179424762726 -0.019772179424762726 -0.019772179424762726 -0.019772179424762726 -0.019772179424762726 -0.019772179424762726 -0.019772179424762726 -0.019772179424762726 -0.01744312047958374 -0.003064436838030815 -0.004268617369234562 -0.0026078352238982916 -0.0032423590309917927 -0.003440634813159704 -0.0025670339819043875 -0.002427223604172468 -0.0023635639809072018 -0.0020986662711948156 -0.0014561560237780213 -0.0014561560237780213 -0.0014561560237780213 -0.0011018209625035524 -0.0011018209625035524 -0.0009636748000048101 -0.00025940098566934466
-0.003064436838030815 -0.003064436838030815 -0.003064436838030815 -0.003064436838030815 -0.003064436838030815 -0.003064436838030815 -0.003064436838030815 -0.003064436838030815 -0.003064436838030815 -0.003064436838030815 -0.003064436838030815 -0.003064436838030815 -0.003064436838030815 -0.003064436838030815 -0.003064436838030815 -0.003064436838030815 -0.003064436838030815 -0.003064436838030815 -0.003064436838030815 -0.003064436838030815 -0.003064436838030815 -0.003064436838030815 -0.003064436838030815 -0.003064436838030815 -0.003064436838030815 -0.003064436838030815 -0.003064436838030815 -0.003064436838030815 -0.003064436838030815 -0.003064436838030815 -0.003064436838030815 -0.003064436838030815 -0.0052572512067854404 -0.003064436838030815 -0.0026078352238982916 -0.003064436838030815 -0.003064436838030815 -0.0025670339819043875 -0.002427223604172468 -0.0023635639809072018 -0.0020986662711948156 -0.0014561560237780213 -0.0014561560237780213 -0.0014561560237780213 -0.0011018209625035524 -0.0011018209625035524 -0.0009636748000048101 -0.00025940098566934466
-0.010645153932273388 -0.010645153932273388 -0.010645153932273388 -0.010645153932273388 -0.010645153932273388 -0.010645153932273388 -0.010645153932273388 -0.010645153932273388 -0.010645153932273388 -0.010645153932273388 -0.010645153932273388 -0.010645153932273388 -0.010645153932273388 -0.010645153932273388 -0.010645153932273388 -0.010645153932273388 -0.010645153932273388 -0.010645153932273388 -0.010645153932273388 -0.010645153932273388 -0.010645153932273388 -0.010645153932273388 -0.010645153932273388 -0.010645153932273388 -0.010645153932273388 -0.010645153932273388 -0.010645153932273388 -0.010645153932273388 -0.010645153932273388 -0.010645153932273388 -0.010645153932273388 -0.010645153932273388 -0.003064436838030815 -0.004268617369234562 -0.0026078352238982916 -0.0032423590309917927 -0.003440634813159704 -0.0025670339819043875 -0.002427223604172468 -0.0023635639809072018 -0.0020986662711948156 -0.0014561560237780213 -0.0014561560237780213 -0.0014561560237780213 -0.0011018209625035524 -0.0011018209625035524 -0.0009636748000048101 -0.00025940098566934466
-0.004268617369234562 -0.004268617369234562 -0.004268617369234562 -0.004268617369234562 -0.004268617369234562 -0.004268617369234562 -0.004268617369234562 -0.004268617369234562 -0.004268617369234562 -0.004268617369234562 -0.004268617369234562 -0.004268617369234562 -0.004268617369234562 -0.004268617369234562 -0.004268617369234562 -0.004268617369234562 -0.004268617369234562 -0.004268617369234562 -0.004268617369234562 -0.004268617369234562 -0.004268617369234562 -0.004268617369234562 -0.004268617369234562 -0.004268617369234562 -0.004268617369234562 -0.004268617369234562 -0.004268617369234562 -0.004268617369234562 -0.004268617369234562 -0.004268617369234562 -0.004268617369234562 -0.004268617369234562 -0.003064436838030815 -0.004268617369234562 -0.0026078352238982916 -0.0032423590309917927 -0.003440634813159704 -0.0025670339819043875 -0.002427223604172468 -0.0023635639809072018 -0.0020986662711948156 -0.0014561560237780213 -0.0014561560237780213 -0.0014561560237780213 -0.0011018209625035524 -0.0011018209625035524 -0.0009636748000048101 -0.00025940098566934466
-0.0048507521860301495 -0.0048507521860301495 -0.0048507521860301495 -0.0048507521860301495 -0.0048507521860301495 -0.0048507521860301495 -0.0048507521860301495 -0.0048507521860301495 -0.0048507521860301495 -0.0048507521860301495 -0.0048507521860301495 -0.0048507521860301495 -0.0048507521860301495 -0.0048507521860301495 -0.0048507521860301495 -0.0048507521860301495 -0.0048507521860301495 -0.0048507521860301495 -0.0048507521860301495 -0.0048507521860301495 -0.0048507521860301495 -0.0048507521860301495 -0.0048507521860301495 -0.0048507521860301495 -0.0048507521860301495 -0.0048507521860301495 -0.0048507521860301495 -0.0048507521860301495 -0.0048507521860301495 -0.0048507521860301495 -0.0048507521860301495 -0.0048507521860301495 -0.003064436838030815 -0.004268617369234562 -0.0026078352238982916 -0.0032423590309917927 -0.003440634813159704 -0.0025670339819043875 -0.002427223604172468 -0.0023635639809072018 -0.0020986662711948156 -0.0014561560237780213 -0.0014561560237780213 -0.0014561560237780213 -0.0011018209625035524 -0.0011018209625035524 -0.0009636748000048101 -0.00025940098566934466
-0.003064436838030815 -0.003064436838030815 -0.003064436838030815 -0.003064436838030815 -0.003064436838030815 -0.003064436838030815 -0.003064436838030815 -0.003064436838030815 -0.003064436838030815 -0.003064436838030815 -0.003064436838030815 -0.003064436838030815 -0.003064436838030815 -0.003064436838030815 -0.003064436838030815 -0.003064436838030815 -0.003064436838030815 -0.003064436838030815 -0.003064436838030815 -0.003064436838030815 -0.003064436838030815 -0.003064436838030815 -0.003064436838030815 -0.003064436838030815 -0.003064436838030815 -0.003064436838030815 -0.003064436838030815 -0.003064436838030815 -0.003064436838030815 -0.003064436838030815 -0.003064436838030815 -0.003064436838030815 -0.003064436838030815 -0.003064436838030815 -0.0026078352238982916 -0.003064436838030815 -0.003064436838030815 -0.0025670339819043875 -0.002427223604172468 -0.0023635639809072018 -0.0020986662711948156 -0.0014561560237780213 -0.0014561560237780213 -0.0014561560237780213 -0.0011018209625035524 -0.0011018209625035524 -0.0009636748000048101 -0.00025940098566934466
-0.003064436838030815 -0.003064436838030815 -0.003064436838030815 -0.003064436838030815 -0.003064436838030815 -0.003064436838030815 -0.003064436838030815 -0.003064436838030815 -0.003064436838030815 -0.003064436838030815 -0.003064436838030815 -0.003064436838030815 -0.003064436838030815 -0.003064436838030815 -0.003064436838030815 -0.003064436838030815 -0.003064436838030815 -0.003064436838030815 -0.003064436838030815 -0.003064436838030815 -0.003064436838030815 -0.003064436838030815 -0.003064436838030815 -0.003064436838030815 -0.003064436838030815 -0.003064436838030815 -0.003064436838030815 -0.003064436838030815 -0.003064436838030815 -0.003064436838030815 -0.003064436838030815 -0.003064436838030815 -0.003064436838030815 -0.003064436838030815 -0.0026078352238982916 -0.003064436838030815 -0.003064436838030815 -0.0025670339819043875 -0.002427223604172468 -0.0023635639809072018 -0.0020986662711948156 -0.0014561560237780213 -0.0014561560237780213 -0.0014561560237780213 -0.0011018209625035524 -0.0011018209625035524 -0.0009636748000048101 -0.00025940098566934466
-0.003433086210861802 -0.003433086210861802 -0.003433086210861802 -0.003433086210861802 -0.003433086210861802 -0.003433086210861802 -0.003433086210861802 -0.003433086210861802 -0.003433086210861802 -0.003433086210861802 -0.003433086210861802 -0.003433086210861802 -0.003433086210861802 -0.003433086210861802 -0.003433086210861802 -0.003433086210861802 -0.003433086210861802 -0.003433086210861802 -0.003433086210861802 -0.003433086210861802 -0.003433086210861802 -0.003433086210861802 -0.003433086210861802 -0.003433086210861802 -0.003433086210861802 -0.003433086210861802 -0.003433086210861802 -0.003433086210861802 -0.003433086210861802 -0.003433086210861802 -0.003433086210861802 -0.003433086210861802 -0.003064436838030815 -0.003433086210861802 -0.0026078352238982916 -0.0032423590309917927 -0.003433086210861802 -0.0025670339819043875 -0.002427223604172468 -0.0023635639809072018 -0.0020986662711948156 -0.0014561560237780213 -0.0014561560237780213 -0.0014561560237780213 -0.0011018209625035524 -0.0011018209625035524 -0.0009636748000048101 -0.00025940098566934466
-0.0025670339819043875 -0.0025670339819043875 -0.0025670339819043875 -0.0025670339819043875 -0.0025670339819043875 -0.0025670339819043875 -0.0025670339819043875 -0.0025670339819043875 -0.0025670339819043875 -0.0025670339819043875 -0.0025670339819043875 -0.0025670339819043875 -0.0025670339819043875 -0.0025670339819043875 -0.0025670339819043875 -0.0025670339819043875 -0.0025670339819043875 -0.0025670339819043875 -0.0025670339819043875 -0.0025670339819043875 -0.0025670339819043875 -0.0025670339819043875 -0.0025670339819043875 -0.0025670339819043875 -0.0025670339819043875 -0.0025670339819043875 -0.0025670339819043875 -0.0025670339819043875 -0.0025670339819043875 -0.0025670339819043875 -0.0025670339819043875 -0.0025670339819043875 -0.0025670339819043875 -0.0025670339819043875 -0.0025670339819043875 -0.0025670339819043875 -0.0025670339819043875 -0.002694382332265377 -0.002427223604172468 -0.0023635639809072018 -0.0020986662711948156 -0.0014561560237780213 -0.0014561560237780213 -0.0014561560237780213 -0.0011018209625035524 -0.0011018209625035524 -0.0009636748000048101 -0.00025940098566934466
-0.0020986662711948156 -0.0020986662711948156 -0.0020986662711948156 -0.0020986662711948156 -0.0020986662711948156 -0.0020986662711948156 -0.0020986662711948156 -0.0020986662711948156 -0.0020986662711948156 -0.0020986662711948156 -0.0020986662711948156 -0.0020986662711948156 -0.0020986662711948156 -0.0020986662711948156 -0.0020986662711948156 -0.0020986662711948156 -0.0020986662711948156 -0.0020986662711948156 -0.0020986662711948156 -0.0020986662711948156 -0.0020986662711948156 -0.0020986662711948156 -0.0020986662711948156 -0.0020986662711948156 -0.0020986662711948156 -0.0020986662711948156 -0.0020986662711948156 -0.0020986662711948156 -0.0020986662711948156 -0.0020986662711948156 -0.0020986662711948156 -0.0020986662711948156 -0.0020986662711948156 -0.0020986662711948156 -0.0020986662711948156 -0.0020986662711948156 -0.0020986662711948156 -0.0020986662711948156 -0.0020986662711948156 -0.0020986662711948156 -0.002277260646224022 -0.0014561560237780213 -0.0014561560237780213 -0.0014561560237780213 -0.0011018209625035524 -0.0011018209625035524 -0.0009636748000048101 -0.00025940098566934466
-0.0014561560237780213 -0.0014561560237780213 -0.0014561560237780213 -0.0014561560237780213 -0.0014561560237780213 -0.0014561560237780213 -0.0014561560237780213 -0.0014561560237780213 -0.0014561560237780213 -0.0014561560237780213 -0.0014561560237780213 -0.0014561560237780213 -0.0014561560237780213 -0.0014561560237780213 -0.0014561560237780213 -0.0014561560237780213 -0.0014561560237780213 -0.0014561560237780213 -0.0014561560237780213 -0.0014561560237780213 -0.0014561560237780213 -0.0014561560237780213 -0.0014561560237780213 -0.0014561560237780213 -0.0014561560237780213 -0.0014561560237780213 -0.0014561560237780213 -0.0014561560237780213 -0.0014561560237780213 -0.0014561560237780213 -0.0014561560237780213 -0.0014561560237780213 -0.0014561560237780213 -0.0014561560237780213 -0.0014561560237780213 -0.0014561560237780213 -0.0014561560237780213 -0.0014561560237780213 -0.0014561560237780213 -0.0014561560237780213 -0.0014561560237780213 -0.0016790005611255765 -0.0016790005611255765 -0.0015889059286564589 -0.0011018209625035524 -0.0011018209625035524 -0.0009636748000048101 -0.00025940098566934466
-0.0014561560237780213 -0.0014561560237780213 -0.0014561560237780213 -0.0014561560237780213 -0.0014561560237780213 -0.0014561560237780213 -0.0014561560237780213 -0.0014561560237780213 -0.0014561560237780213 -0.0014561560237780213 -0.0014561560237780213 -0.0014561560237780213 -0.0014561560237780213 -0.0014561560237780213 -0.0014561560237780213 -0.0014561560237780213 -0.0014561560237780213 -0.0014561560237780213 -0.0014561560237780213 -0.0014561560237780213 -0.0014561560237780213 -0.0014561560237780213 -0.0014561560237780213 -0.0014561560237780213 -0.0014561560237780213 -0.0014561560237780213 -0.0014561560237780213 -0.0014561560237780213 -0.0014561560237780213 -0.0014561560237780213 -0.0014561560237780213 -0.0014561560237780213 -0.0014561560237780213 -0.0014561560237780213 -0.0014561560237780213 -0.0014561560237780213 -0.0014561560237780213 -0.0014561560237780213 -0.0014561560237780213 -0.0014561560237780213 -0.0014561560237780213 -0.0014981060521677136 -0.0014981060521677136 -0.0014981060521677136 -0.0011018209625035524 -0.0011018209625035524 -0.0009636748000048101 -0.00025940098566934466
-0.0011018209625035524 -0.0011018209625035524 -0.0011018209625035524 -0.0011018209625035524 -0.0011018209625035524 -0.0011018209625035524 -0.0011018209625035524 -0.0011018209625035524 -0.0011018209625035524 -0.0011018209625035524 -0.0011018209625035524 -0.0011018209625035524 -0.0011018209625035524 -0.0011018209625035524 -0.0011018209625035524 -0.0011018209625035524 -0.0011018209625035524 -0.0011018209625035524 -0.0011018209625035524 -0.0011018209625035524 -0.0011018209625035524 -0.0011018209625035524 -0.0011018209625035524 -0.0011018209625035524 -0.0011018209625035524 -0.0011018209625035524 -0.0011018209625035524 -0.0011018209625035524 -0.0011018209625035524 -0.0011018209625035524 -0.0011018209625035524 -0.0011018209625035524 -0.0011018209625035524 -0.0011018209625035524 -0.0011018209625035524 -0.0011018209625035524 -0.0011018209625035524 -0.0011018209625035524 -0.0011018209625035524 -0.0011018209625035524 -0.0011018209625035524 -0.0011018209625035524 -0.0011018209625035524 -0.0011018209625035524 -0.0012635678285732865 -0.001122305286116898 -0.0009636748000048101 -0.00025940098566934466