-0.4238879382610321 -0.4238879382610321 -0.4238879382610321 -0.4238879382610321 -0.1598788946866989 -0.3097178339958191 -0.11911923438310623 -0.1598788946866989 -0.2695648670196533 -0.11911923438310623 -0.11911923438310623 -0.1598788946866989 -0.11911923438310623 -0.10697481781244278 -0.1598788946866989 -0.11911923438310623 -0.15655846893787384 -0.15089713037014008 -0.15100987255573273 -0.10697481781244278 -0.10697481781244278 -0.1251295506954193 -0.08890655636787415 -0.07932685315608978 -0.02686384879052639 -0.010030184872448444 -0.004571062512695789 -0.002116741146892309 -0.0024467066396027803 -0.0032515961211174726 -0.002891838550567627 -0.0020132253412157297 -0.0017597872065380216 -0.0010840074392035604 -0.0017385059036314487 -0.0017342789797112346 -0.0016122423112392426 -0.0013616342330351472 -0.0010840074392035604 -0.0012182033387944102
-0.2695648670196533 -0.2695648670196533 -0.2695648670196533 -0.2695648670196533 -0.1598788946866989 -0.2695648670196533 -0.11911923438310623 -0.1598788946866989 -0.2695648670196533 -0.11911923438310623 -0.11911923438310623 -0.1598788946866989 -0.11911923438310623 -0.10697481781244278 -0.1598788946866989 -0.11911923438310623 -0.15655846893787384 -0.15089713037014008 -0.15100987255573273 -0.10697481781244278 -0.10697481781244278 -0.1251295506954193 -0.08890655636787415 -0.07932685315608978 -0.02686384879052639 -0.010030184872448444 -0.004571062512695789 -0.002116741146892309 -0.0024467066396027803 -0.0032515961211174726 -0.002891838550567627 -0.0020132253412157297 -0.0017597872065380216 -0.0010840074392035604 -0.0017385059036314487 -0.0017342789797112346 -0.0016122423112392426 -0.0013616342330351472 -0.0010840074392035604 -0.0012182033387944102
-0.2695648670196533 -0.2695648670196533 -0.2695648670196533 -0.2695648670196533 -0.1598788946866989 -0.2695648670196533 -0.11911923438310623 -0.1598788946866989 -0.2695648670196533 -0.11911923438310623 -0.11911923438310623 -0.1598788946866989 -0.11911923438310623 -0.10697481781244278 -0.1598788946866989 -0.11911923438310623 -0.15655846893787384 -0.15089713037014008 -0.15100987255573273 -0.10697481781244278 -0.10697481781244278 -0.1251295506954193 -0.08890655636787415 -0.07932685315608978 -0.02686384879052639 -0.010030184872448444 -0.004571062512695789 -0.002116741146892309 -0.0024467066396027803 -0.0032515961211174726 -0.002891838550567627 -0.0020132253412157297 -0.0017597872065380216 -0.0010840074392035604 -0.0017385059036314487 -0.0017342789797112346 -0.0016122423112392426 -0.0013616342330351472 -0.0010840074392035604 -0.0012182033387944102
-0.2695648670196533 -0.2695648670196533 -0.2695648670196533 -0.2695648670196533 -0.1598788946866989 -0.2695648670196533 -0.11911923438310623 -0.1598788946866989 -0.2695648670196533 -0.11911923438310623 -0.11911923438310623 -0.1598788946866989 -0.11911923438310623 -0.10697481781244278 -0.1598788946866989 -0.11911923438310623 -0.15655846893787384 -0.15089713037014008 -0.15100987255573273 -0.10697481781244278 -0.10697481781244278 -0.1251295506954193 -0.08890655636787415 -0.07932685315608978 -0.02686384879052639 -0.010030184872448444 -0.004571062512695789 -0.002116741146892309 -0.0024467066396027803 -0.0032515961211174726 -0.002891838550567627 -0.0020132253412157297 -0.0017597872065380216 -0.0010840074392035604 -0.0017385059036314487 -0.0017342789797112346 -0.0016122423112392426 -0.0013616342330351472 -0.0010840074392035604 -0.0012182033387944102
-0.3097178339958191 -0.3097178339958191 -0.3097178339958191 -0.3097178339958191 -0.1598788946866989 -0.3097178339958191 -0.11911923438310623 -0.1598788946866989 -0.2695648670196533 -0.11911923438310623 -0.11911923438310623 -0.1598788946866989 -0.11911923438310623 -0.10697481781244278 -0.1598788946866989 -0.11911923438310623 -0.15655846893787384 -0.15089713037014008 -0.15100987255573273 -0.10697481781244278 -0.10697481781244278 -0.1251295506954193 -0.08890655636787415 -0.07932685315608978 -0.02686384879052639 -0.010030184872448444 -0.004571062512695789 -0.002116741146892309 -0.0024467066396027803 -0.0032515961211174726 -0.002891838550567627 -0.0020132253412157297 -0.0017597872065380216 -0.0010840074392035604 -0.0017385059036314487 -0.0017342789797112346 -0.0016122423112392426 -0.0013616342330351472 -0.0010840074392035604 -0.0012182033387944102
-0.3097178339958191 -0.3097178339958191 -0.3097178339958191 -0.3097178339958191 -0.1598788946866989 -0.3097178339958191 -0.11911923438310623 -0.1598788946866989 -0.2695648670196533 -0.11911923438310623 -0.11911923438310623 -0.1598788946866989 -0.11911923438310623 -0.10697481781244278 -0.1598788946866989 -0.11911923438310623 -0.15655846893787384 -0.15089713037014008 -0.15100987255573273 -0.10697481781244278 -0.10697481781244278 -0.1251295506954193 -0.08890655636787415 -0.07932685315608978 -0.02686384879052639 -0.010030184872448444 -0.004571062512695789 -0.002116741146892309 -0.0024467066396027803 -0.0032515961211174726 -0.002891838550567627 -0.0020132253412157297 -0.0017597872065380216 -0.0010840074392035604 -0.0017385059036314487 -0.0017342789797112346 -0.0016122423112392426 -0.0013616342330351472 -0.0010840074392035604 -0.0012182033387944102
-0.11911923438310623 -0.11911923438310623 -0.11911923438310623 -0.11911923438310623 -0.11911923438310623 -0.11911923438310623 -0.17724540829658508 -0.11911923438310623 -0.11911923438310623 -0.2394893914461136 -0.2433082014322281 -0.11911923438310623 -0.21164563298225403 -0.10697481781244278 -0.11911923438310623 -0.16688087582588196 -0.11911923438310623 -0.11911923438310623 -0.11911923438310623 -0.10697481781244278 -0.10697481781244278 -0.11911923438310623 -0.08890655636787415 -0.07932685315608978 -0.02686384879052639 -0.010030184872448444 -0.004571062512695789 -0.002116741146892309 -0.0024467066396027803 -0.0032515961211174726 -0.002891838550567627 -0.0020132253412157297 -0.0017597872065380216 -0.0010840074392035604 -0.0017385059036314487 -0.0017342789797112346 -0.0016122423112392426 -0.0013616342330351472 -0.0010840074392035604 -0.0012182033387944102
-0.4161570370197296 -0.4161570370197296 -0.4161570370197296 -0.4161570370197296 -0.1598788946866989 -0.3097178339958191 -0.11911923438310623 -0.1598788946866989 -0.2695648670196533 -0.11911923438310623 -0.11911923438310623 -0.1598788946866989 -0.11911923438310623 -0.10697481781244278 -0.1598788946866989 -0.11911923438310623 -0.15655846893787384 -0.15089713037014008 -0.15100987255573273 -0.10697481781244278 -0.10697481781244278 -0.1251295506954193 -0.08890655636787415 -0.07932685315608978 -0.02686384879052639 -0.010030184872448444 -0.004571062512695789 -0.002116741146892309 -0.0024467066396027803 -0.0032515961211174726 -0.002891838550567627 -0.0020132253412157297 -0.0017597872065380216 -0.0010840074392035604 -0.0017385059036314487 -0.0017342789797112346 -0.0016122423112392426 -0.0013616342330351472 -0.0010840074392035604 -0.0012182033387944102
-0.1598788946866989 -0.1598788946866989 -0.1598788946866989 -0.1598788946866989 -0.16107091307640076 -0.1598788946866989 -0.11911923438310623 -0.28485366702079773 -0.1598788946866989 -0.11911923438310623 -0.11911923438310623 -0.16107091307640076 -0.11911923438310623 -0.10697481781244278 -0.16107091307640076 -0.11911923438310623 -0.15655846893787384 -0.15089713037014008 -0.15100987255573273 -0.10697481781244278 -0.10697481781244278 -0.1251295506954193 -0.08890655636787415 -0.07932685315608978 -0.02686384879052639 -0.010030184872448444 -0.004571062512695789 -0.002116741146892309 -0.0024467066396027803 -0.0032515961211174726 -0.002891838550567627 -0.0020132253412157297 -0.0017597872065380216 -0.0010840074392035604 -0.0017385059036314487 -0.0017342789797112346 -0.0016122423112392426 -0.0013616342330351472 -0.0010840074392035604 -0.0012182033387944102
-0.11911923438310623 -0.11911923438310623 -0.11911923438310623 -0.11911923438310623 -0.11911923438310623 -0.11911923438310623 -0.2933199405670166 -0.11911923438310623 -0.11911923438310623 -0.17724540829658508 -0.17724540829658508 -0.11911923438310623 -0.17724540829658508 -0.10697481781244278 -0.11911923438310623 -0.16688087582588196 -0.11911923438310623 -0.11911923438310623 -0.11911923438310623 -0.10697481781244278 -0.10697481781244278 -0.11911923438310623 -0.08890655636787415 -0.07932685315608978 -0.02686384879052639 -0.010030184872448444 -0.004571062512695789 -0.002116741146892309 -0.0024467066396027803 -0.0032515961211174726 -0.002891838550567627 -0.0020132253412157297 -0.0017597872065380216 -0.0010840074392035604 -0.0017385059036314487 -0.0017342789797112346 -0.0016122423112392426 -0.0013616342330351472 -0.0010840074392035604 -0.0012182033387944102
-0.11911923438310623 -0.11911923438310623 -0.11911923438310623 -0.11911923438310623 -0.11911923438310623 -0.11911923438310623 -0.17724540829658508 -0.11911923438310623 -0.11911923438310623 -0.21164563298225403 -0.21164563298225403 -0.11911923438310623 -0.23170404136180878 -0.10697481781244278 -0.11911923438310623 -0.16688087582588196 -0.11911923438310623 -0.11911923438310623 -0.11911923438310623 -0.10697481781244278 -0.10697481781244278 -0.11911923438310623 -0.08890655636787415 -0.07932685315608978 -0.02686384879052639 -0.010030184872448444 -0.004571062512695789 -0.002116741146892309 -0.0024467066396027803 -0.0032515961211174726 -0.002891838550567627 -0.0020132253412157297 -0.0017597872065380216 -0.0010840074392035604 -0.0017385059036314487 -0.0017342789797112346 -0.0016122423112392426 -0.0013616342330351472 -0.0010840074392035604 -0.0012182033387944102
-0.1598788946866989 -0.1598788946866989 -0.1598788946866989 -0.1598788946866989 -0.16107091307640076 -0.1598788946866989 -0.11911923438310623 -0.28485366702079773 -0.1598788946866989 -0.11911923438310623 -0.11911923438310623 -0.16107091307640076 -0.11911923438310623 -0.10697481781244278 -0.16107091307640076 -0.11911923438310623 -0.15655846893787384 -0.15089713037014008 -0.15100987255573273 -0.10697481781244278 -0.10697481781244278 -0.1251295506954193 -0.08890655636787415 -0.07932685315608978 -0.02686384879052639 -0.010030184872448444 -0.004571062512695789 -0.002116741146892309 -0.0024467066396027803 -0.0032515961211174726 -0.002891838550567627 -0.0020132253412157297 -0.0017597872065380216 -0.0010840074392035604 -0.0017385059036314487 -0.0017342789797112346 -0.0016122423112392426 -0.0013616342330351472 -0.0010840074392035604 -0.0012182033387944102
-0.15089713037014008 -0.15089713037014008 -0.15089713037014008 -0.15089713037014008 -0.15089713037014008 -0.15089713037014008 -0.11911923438310623 -0.15089713037014008 -0.15089713037014008 -0.11911923438310623 -0.11911923438310623 -0.15089713037014008 -0.11911923438310623 -0.10697481781244278 -0.15089713037014008 -0.11911923438310623 -0.15089713037014008 -0.15089713037014008 -0.15089713037014008 -0.10697481781244278 -0.10697481781244278 -0.1251295506954193 -0.08890655636787415 -0.07932685315608978 -0.02686384879052639 -0.010030184872448444 -0.004571062512695789 -0.002116741146892309 -0.0024467066396027803 -0.0032515961211174726 -0.002891838550567627 -0.0020132253412157297 -0.0017597872065380216 -0.0010840074392035604 -0.0017385059036314487 -0.0017342789797112346 -0.0016122423112392426 -0.0013616342330351472 -0.0010840074392035604 -0.0012182033387944102
-0.1598788946866989 -0.1598788946866989 -0.1598788946866989 -0.1598788946866989 -0.25279858708381653 -0.1598788946866989 -0.11911923438310623 -0.16107091307640076 -0.1598788946866989 -0.11911923438310623 -0.11911923438310623 -0.22426174581050873 -0.11911923438310623 -0.10697481781244278 -0.2037186622619629 -0.11911923438310623 -0.15655846893787384 -0.15089713037014008 -0.15100987255573273 -0.10697481781244278 -0.10697481781244278 -0.1251295506954193 -0.08890655636787415 -0.07932685315608978 -0.02686384879052639 -0.010030184872448444 -0.004571062512695789 -0.002116741146892309 -0.0024467066396027803 -0.0032515961211174726 -0.002891838550567627 -0.0020132253412157297 -0.0017597872065380216 -0.0010840074392035604 -0.0017385059036314487 -0.0017342789797112346 -0.0016122423112392426 -0.0013616342330351472 -0.0010840074392035604 -0.0012182033387944102
-0.1598788946866989 -0.1598788946866989 -0.1598788946866989 -0.1598788946866989 -0.25268423557281494 -0.1598788946866989 -0.11911923438310623 -0.16107091307640076 -0.1598788946866989 -0.11911923438310623 -0.11911923438310623 -0.22426174581050873 -0.11911923438310623 -0.10697481781244278 -0.2037186622619629 -0.11911923438310623 -0.15655846893787384 -0.15089713037014008 -0.15100987255573273 -0.10697481781244278 -0.10697481781244278 -0.1251295506954193 -0.08890655636787415 -0.07932685315608978 -0.02686384879052639 -0.010030184872448444 -0.004571062512695789 -0.002116741146892309 -0.0024467066396027803 -0.0032515961211174726 -0.002891838550567627 -0.0020132253412157297 -0.0017597872065380216 -0.0010840074392035604 -0.0017385059036314487 -0.0017342789797112346 -0.0016122423112392426 -0.0013616342330351472 -0.0010840074392035604 -0.0012182033387944102
-0.1598788946866989 -0.1598788946866989 -0.1598788946866989 -0.1598788946866989 -0.251110702753067 -0.1598788946866989 -0.11911923438310623 -0.16107091307640076 -0.1598788946866989 -0.11911923438310623 -0.11911923438310623 -0.22426174581050873 -0.11911923438310623 -0.10697481781244278 -0.2037186622619629 -0.11911923438310623 -0.15655846893787384 -0.15089713037014008 -0.15100987255573273 -0.10697481781244278 -0.10697481781244278 -0.1251295506954193 -0.08890655636787415 -0.07932685315608978 -0.02686384879052639 -0.010030184872448444 -0.004571062512695789 -0.002116741146892309 -0.0024467066396027803 -0.0032515961211174726 -0.002891838550567627 -0.0020132253412157297 -0.0017597872065380216 -0.0010840074392035604 -0.0017385059036314487 -0.0017342789797112346 -0.0016122423112392426 -0.0013616342330351472 -0.0010840074392035604 -0.0012182033387944102
-0.1598788946866989 -0.1598788946866989 -0.1598788946866989 -0.1598788946866989 -0.22426174581050873 -0.1598788946866989 -0.11911923438310623 -0.16107091307640076 -0.1598788946866989 -0.11911923438310623 -0.11911923438310623 -0.2360001802444458 -0.11911923438310623 -0.10697481781244278 -0.2037186622619629 -0.11911923438310623 -0.15655846893787384 -0.15089713037014008 -0.15100987255573273 -0.10697481781244278 -0.10697481781244278 -0.1251295506954193 -0.08890655636787415 -0.07932685315608978 -0.02686384879052639 -0.010030184872448444 -0.004571062512695789 -0.002116741146892309 -0.0024467066396027803 -0.0032515961211174726 -0.002891838550567627 -0.0020132253412157297 -0.0017597872065380216 -0.0010840074392035604 -0.0017385059036314487 -0.0017342789797112346 -0.0016122423112392426 -0.0013616342330351472 -0.0010840074392035604 -0.0012182033387944102
-0.15089713037014008 -0.15089713037014008 -0.15089713037014008 -0.15089713037014008 -0.15089713037014008 -0.15089713037014008 -0.11911923438310623 -0.15089713037014008 -0.15089713037014008 -0.11911923438310623 -0.11911923438310623 -0.15089713037014008 -0.11911923438310623 -0.10697481781244278 -0.15089713037014008 -0.11911923438310623 -0.15089713037014008 -0.15089713037014008 -0.15089713037014008 -0.10697481781244278 -0.10697481781244278 -0.1251295506954193 -0.08890655636787415 -0.07932685315608978 -0.02686384879052639 -0.010030184872448444 -0.004571062512695789 -0.002116741146892309 -0.0024467066396027803 -0.0032515961211174726 -0.002891838550567627 -0.0020132253412157297 -0.0017597872065380216 -0.0010840074392035604 -0.0017385059036314487 -0.0017342789797112346 -0.0016122423112392426 -0.0013616342330351472 -0.0010840074392035604 -0.0012182033387944102
-0.10697481781244278 -0.10697481781244278 -0.10697481781244278 -0.10697481781244278 -0.10697481781244278 -0.10697481781244278 -0.10697481781244278 -0.10697481781244278 -0.10697481781244278 -0.10697481781244278 -0.10697481781244278 -0.10697481781244278 -0.10697481781244278 -0.10697481781244278 -0.10697481781244278 -0.10697481781244278 -0.10697481781244278 -0.10697481781244278 -0.10697481781244278 -0.10697481781244278 -0.10697481781244278 -0.10697481781244278 -0.08890655636787415 -0.07932685315608978 -0.02686384879052639 -0.010030184872448444 -0.004571062512695789 -0.002116741146892309 -0.0024467066396027803 -0.0032515961211174726 -0.002891838550567627 -0.0020132253412157297 -0.0017597872065380216 -0.0010840074392035604 -0.0017385059036314487 -0.0017342789797112346 -0.0016122423112392426 -0.0013616342330351472 -0.0010840074392035604 -0.0012182033387944102
-0.07932685315608978 -0.07932685315608978 -0.07932685315608978 -0.07932685315608978 -0.07932685315608978 -0.07932685315608978 -0.07932685315608978 -0.07932685315608978 -0.07932685315608978 -0.07932685315608978 -0.07932685315608978 -0.07932685315608978 -0.07932685315608978 -0.07932685315608978 -0.07932685315608978 -0.07932685315608978 -0.07932685315608978 -0.07932685315608978 -0.07932685315608978 -0.07932685315608978 -0.07932685315608978 -0.07932685315608978 -0.07932685315608978 -0.07932685315608978 -0.02686384879052639 -0.010030184872448444 -0.004571062512695789 -0.002116741146892309 -0.0024467066396027803 -0.0032515961211174726 -0.002891838550567627 -0.0020132253412157297 -0.0017597872065380216 -0.0010840074392035604 -0.0017385059036314487 -0.0017342789797112346 -0.0016122423112392426 -0.0013616342330351472 -0.0010840074392035604 -0.0012182033387944102
-0.10697481781244278 -0.10697481781244278 -0.10697481781244278 -0.10697481781244278 -0.10697481781244278 -0.10697481781244278 -0.10697481781244278 -0.10697481781244278 -0.10697481781244278 -0.10697481781244278 -0.10697481781244278 -0.10697481781244278 -0.10697481781244278 -0.10697481781244278 -0.10697481781244278 -0.10697481781244278 -0.10697481781244278 -0.10697481781244278 -0.10697481781244278 -0.10697481781244278 -0.10697481781244278 -0.10697481781244278 -0.08890655636787415 -0.07932685315608978 -0.02686384879052639 -0.010030184872448444 -0.004571062512695789 -0.002116741146892309 -0.0024467066396027803 -0.0032515961211174726 -0.002891838550567627 -0.0020132253412157297 -0.0017597872065380216 -0.0010840074392035604 -0.0017385059036314487 -0.0017342789797112346 -0.0016122423112392426 -0.0013616342330351472 -0.0010840074392035604 -0.0012182033387944102
-0.11578278243541718 -0.11578278243541718 -0.11578278243541718 -0.11578278243541718 -0.11578278243541718 -0.11578278243541718 -0.11578278243541718 -0.11578278243541718 -0.11578278243541718 -0.11578278243541718 -0.11578278243541718 -0.11578278243541718 -0.11578278243541718 -0.10697481781244278 -0.11578278243541718 -0.11578278243541718 -0.11578278243541718 -0.11578278243541718 -0.11578278243541718 -0.10697481781244278 -0.10697481781244278 -0.11578278243541718 -0.08890655636787415 -0.07932685315608978 -0.02686384879052639 -0.010030184872448444 -0.004571062512695789 -0.002116741146892309 -0.0024467066396027803 -0.0032515961211174726 -0.002891838550567627 -0.0020132253412157297 -0.0017597872065380216 -0.0010840074392035604 -0.0017385059036314487 -0.0017342789797112346 -0.0016122423112392426 -0.0013616342330351472 -0.0010840074392035604 -0.0012182033387944102
-0.03581899777054787 -0.03581899777054787 -0.03581899777054787 -0.03581899777054787 -0.03581899777054787 -0.03581899777054787 -0.03581899777054787 -0.03581899777054787 -0.03581899777054787 -0.03581899777054787 -0.03581899777054787 -0.03581899777054787 -0.03581899777054787 -0.03581899777054787 -0.03581899777054787 -0.03581899777054787 -0.03581899777054787 -0.03581899777054787 -0.03581899777054787 -0.03581899777054787 -0.03581899777054787 -0.03581899777054787 -0.03581899777054787 -0.03581899777054787 -0.02686384879052639 -0.010030184872448444 -0.004571062512695789 -0.002116741146892309 -0.0024467066396027803 -0.0032515961211174726 -0.002891838550567627 -0.0020132253412157297 -0.0017597872065380216 -0.0010840074392035604 -0.0017385059036314487 -0.0017342789797112346 -0.0016122423112392426 -0.0013616342330351472 -0.0010840074392035604 -0.0012182033387944102
-0.027669548988342285 -0.027669548988342285 -0.027669548988342285 -0.027669548988342285 -0.027669548988342285 -0.027669548988342285 -0.027669548988342285 -0.027669548988342285 -0.027669548988342285 -0.027669548988342285 -0.027669548988342285 -0.027669548988342285 -0.027669548988342285 -0.027669548988342285 -0.027669548988342285 -0.027669548988342285 -0.027669548988342285 -0.027669548988342285 -0.027669548988342285 -0.027669548988342285 -0.027669548988342285 -0.027669548988342285 -0.027669548988342285 -0.027669548988342285 -0.02686384879052639 -0.010030184872448444 -0.004571062512695789 -0.002116741146892309 -0.0024467066396027803 -0.0032515961211174726 -0.002891838550567627 -0.0020132253412157297 -0.0017597872065380216 -0.0010840074392035604 -0.0017385059036314487 -0.0017342789797112346 -0.0016122423112392426 -0.0013616342330351472 -0.0010840074392035604 -0.0012182033387944102
-0.026680486276745796 -0.026680486276745796 -0.026680486276745796 -0.026680486276745796 -0.026680486276745796 -0.026680486276745796 -0.026680486276745796 -0.026680486276745796 -0.026680486276745796 -0.026680486276745796 -0.026680486276745796 -0.026680486276745796 -0.026680486276745796 -0.026680486276745796 -0.026680486276745796 -0.026680486276745796 -0.026680486276745796 -0.026680486276745796 -0.026680486276745796 -0.026680486276745796 -0.026680486276745796 -0.026680486276745796 -0.026680486276745796 -0.026680486276745796 -0.026680486276745796 -0.010030184872448444 -0.004571062512695789 -0.002116741146892309 -0.0024467066396027803 -0.0032515961211174726 -0.002891838550567627 -0.0020132253412157297 -0.0017597872065380216 -0.0010840074392035604 -0.0017385059036314487 -0.0017342789797112346 -0.0016122423112392426 -0.0013616342330351472 -0.0010840074392035604 -0.0012182033387944102
-0.020261822268366814 -0.020261822268366814 -0.020261822268366814 -0.020261822268366814 -0.020261822268366814 -0.020261822268366814 -0.020261822268366814 -0.020261822268366814 -0.020261822268366814 -0.020261822268366814 -0.020261822268366814 -0.020261822268366814 -0.020261822268366814 -0.020261822268366814 -0.020261822268366814 -0.020261822268366814 -0.020261822268366814 -0.020261822268366814 -0.020261822268366814 -0.020261822268366814 -0.020261822268366814 -0.020261822268366814 -0.020261822268366814 -0.020261822268366814 -0.020261822268366814 -0.010030184872448444 -0.004571062512695789 -0.002116741146892309 -0.0024467066396027803 -0.0032515961211174726 -0.002891838550567627 -0.0020132253412157297 -0.0017597872065380216 -0.0010840074392035604 -0.0017385059036314487 -0.0017342789797112346 -0.0016122423112392426 -0.0013616342330351472 -0.0010840074392035604 -0.0012182033387944102
-0.019772179424762726 -0.019772179424762726 -0.019772179424762726 -0.019772179424762726 -0.019772179424762726 -0.019772179424762726 -0.019772179424762726 -0.019772179424762726 -0.019772179424762726 -0.019772179424762726 -0.019772179424762726 -0.019772179424762726 -0.019772179424762726 -0.019772179424762726 -0.019772179424762726 -0.019772179424762726 -0.019772179424762726 -0.019772179424762726 -0.019772179424762726 -0.019772179424762726 -0.019772179424762726 -0.019772179424762726 -0.019772179424762726 -0.019772179424762726 -0.019772179424762726 -0.010030184872448444 -0.004571062512695789 -0.002116741146892309 -0.0024467066396027803 -0.0032515961211174726 -0.002891838550567627 -0.0020132253412157297 -0.0017597872065380216 -0.0010840074392035604 -0.0017385059036314487 -0.0017342789797112346 -0.0016122423112392426 -0.0013616342330351472 -0.0010840074392035604 -0.0012182033387944102
-0.002116741146892309 -0.002116741146892309 -0.002116741146892309 -0.002116741146892309 -0.002116741146892309 -0.002116741146892309 -0.002116741146892309 -0.002116741146892309 -0.002116741146892309 -0.002116741146892309 -0.002116741146892309 -0.002116741146892309 -0.002116741146892309 -0.002116741146892309 -0.002116741146892309 -0.002116741146892309 -0.002116741146892309 -0.002116741146892309 -0.002116741146892309 -0.002116741146892309 -0.002116741146892309 -0.002116741146892309 -0.002116741146892309 -0.002116741146892309 -0.002116741146892309 -0.002116741146892309 -0.002116741146892309 -0.004449634347110987 -0.002116741146892309 -0.002116741146892309 -0.002116741146892309 -0.0020132253412157297 -0.0017597872065380216 -0.0010840074392035604 -0.0017385059036314487 -0.0017342789797112346 -0.0016122423112392426 -0.0013616342330351472 -0.0010840074392035604 -0.0012182033387944102
-0.010645153932273388 -0.010645153932273388 -0.010645153932273388 -0.010645153932273388 -0.010645153932273388 -0.010645153932273388 -0.010645153932273388 -0.010645153932273388 -0.010645153932273388 -0.010645153932273388 -0.010645153932273388 -0.010645153932273388 -0.010645153932273388 -0.010645153932273388 -0.010645153932273388 -0.010645153932273388 -0.010645153932273388 -0.010645153932273388 -0.010645153932273388 -0.010645153932273388 -0.010645153932273388 -0.010645153932273388 -0.010645153932273388 -0.010645153932273388 -0.010645153932273388 -0.010030184872448444 -0.004571062512695789 -0.002116741146892309 -0.0024467066396027803 -0.0032515961211174726 -0.002891838550567627 -0.0020132253412157297 -0.0017597872065380216 -0.0010840074392035604 -0.0017385059036314487 -0.0017342789797112346 -0.0016122423112392426 -0.0013616342330351472 -0.0010840074392035604 -0.0012182033387944102
-0.004571062512695789 -0.004571062512695789 -0.004571062512695789 -0.004571062512695789 -0.004571062512695789 -0.004571062512695789 -0.004571062512695789 -0.004571062512695789 -0.004571062512695789 -0.004571062512695789 -0.004571062512695789 -0.004571062512695789 -0.004571062512695789 -0.004571062512695789 -0.004571062512695789 -0.004571062512695789 -0.004571062512695789 -0.004571062512695789 -0.004571062512695789 -0.004571062512695789 -0.004571062512695789 -0.004571062512695789 -0.004571062512695789 -0.004571062512695789 -0.004571062512695789 -0.004571062512695789 -0.004828606732189655 -0.002116741146892309 -0.0024467066396027803 -0.0032515961211174726 -0.002891838550567627 -0.0020132253412157297 -0.0017597872065380216 -0.0010840074392035604 -0.0017385059036314487 -0.0017342789797112346 -0.0016122423112392426 -0.0013616342330351472 -0.0010840074392035604 -0.0012182033387944102
-0.0048507521860301495 -0.0048507521860301495 -0.0048507521860301495 -0.0048507521860301495 -0.0048507521860301495 -0.0048507521860301495 -0.0048507521860301495 -0.0048507521860301495 -0.0048507521860301495 -0.0048507521860301495 -0.0048507521860301495 -0.0048507521860301495 -0.0048507521860301495 -0.0048507521860301495 -0.0048507521860301495 -0.0048507521860301495 -0.0048507521860301495 -0.0048507521860301495 -0.0048507521860301495 -0.0048507521860301495 -0.0048507521860301495 -0.0048507521860301495 -0.0048507521860301495 -0.0048507521860301495 -0.0048507521860301495 -0.0048507521860301495 -0.004571062512695789 -0.002116741146892309 -0.0024467066396027803 -0.0032515961211174726 -0.002891838550567627 -0.0020132253412157297 -0.0017597872065380216 -0.0010840074392035604 -0.0017385059036314487 -0.0017342789797112346 -0.0016122423112392426 -0.0013616342330351472 -0.0010840074392035604 -0.0012182033387944102
-0.0032515961211174726 -0.0032515961211174726 -0.0032515961211174726 -0.0032515961211174726 -0.0032515961211174726 -0.0032515961211174726 -0.0032515961211174726 -0.0032515961211174726 -0.0032515961211174726 -0.0032515961211174726 -0.0032515961211174726 -0.0032515961211174726 -0.0032515961211174726 -0.0032515961211174726 -0.0032515961211174726 -0.0032515961211174726 -0.0032515961211174726 -0.0032515961211174726 -0.0032515961211174726 -0.0032515961211174726 -0.0032515961211174726 -0.0032515961211174726 -0.0032515961211174726 -0.0032515961211174726 -0.0032515961211174726 -0.0032515961211174726 -0.0032515961211174726 -0.002116741146892309 -0.0024467066396027803 -0.003464384702965617 -0.002891838550567627 -0.0020132253412157297 -0.0017597872065380216 -0.0010840074392035604 -0.0017385059036314487 -0.0017342789797112346 -0.0016122423112392426 -0.0013616342330351472 -0.0010840074392035604 -0.0012182033387944102
-0.002891838550567627 -0.002891838550567627 -0.002891838550567627 -0.002891838550567627 -0.002891838550567627 -0.002891838550567627 -0.002891838550567627 -0.002891838550567627 -0.002891838550567627 -0.002891838550567627 -0.002891838550567627 -0.002891838550567627 -0.002891838550567627 -0.002891838550567627 -0.002891838550567627 -0.002891838550567627 -0.002891838550567627 -0.002891838550567627 -0.002891838550567627 -0.002891838550567627 -0.002891838550567627 -0.002891838550567627 -0.002891838550567627 -0.002891838550567627 -0.002891838550567627 -0.002891838550567627 -0.002891838550567627 -0.002116741146892309 -0.0024467066396027803 -0.002891838550567627 -0.0030572356190532446 -0.0020132253412157297 -0.0017597872065380216 -0.0010840074392035604 -0.0017385059036314487 -0.0017342789797112346 -0.0016122423112392426 -0.0013616342330351472 -0.0010840074392035604 -0.0012182033387944102
-0.003433086210861802 -0.003433086210861802 -0.003433086210861802 -0.003433086210861802 -0.003433086210861802 -0.003433086210861802 -0.003433086210861802 -0.003433086210861802 -0.003433086210861802 -0.003433086210861802 -0.003433086210861802 -0.003433086210861802 -0.003433086210861802 -0.003433086210861802 -0.003433086210861802 -0.003433086210861802 -0.003433086210861802 -0.003433086210861802 -0.003433086210861802 -0.003433086210861802 -0.003433086210861802 -0.003433086210861802 -0.003433086210861802 -0.003433086210861802 -0.003433086210861802 -0.003433086210861802 -0.003433086210861802 -0.002116741146892309 -0.0024467066396027803 -0.0032515961211174726 -0.002891838550567627 -0.0020132253412157297 -0.0017597872065380216 -0.0010840074392035604 -0.0017385059036314487 -0.0017342789797112346 -0.0016122423112392426 -0.0013616342330351472 -0.0010840074392035604 -0.0012182033387944102
-0.0020132253412157297 -0.0020132253412157297 -0.0020132253412157297 -0.0020132253412157297 -0.0020132253412157297 -0.0020132253412157297 -0.0020132253412157297 -0.0020132253412157297 -0.0020132253412157297 -0.0020132253412157297 -0.0020132253412157297 -0.0020132253412157297 -0.0020132253412157297 -0.0020132253412157297 -0.0020132253412157297 -0.0020132253412157297 -0.0020132253412157297 -0.0020132253412157297 -0.0020132253412157297 -0.0020132253412157297 -0.0020132253412157297 -0.0020132253412157297 -0.0020132253412157297 -0.0020132253412157297 -0.0020132253412157297 -0.0020132253412157297 -0.0020132253412157297 -0.0020132253412157297 -0.0020132253412157297 -0.0020132253412157297 -0.0020132253412157297 -0.002590784104540944 -0.0017597872065380216 -0.0010840074392035604 -0.0017385059036314487 -0.0017342789797112346 -0.0016122423112392426 -0.0013616342330351472 -0.0010840074392035604 -0.0012182033387944102
-0.0017597872065380216 -0.0017597872065380216 -0.0017597872065380216 -0.0017597872065380216 -0.0017597872065380216 -0.0017597872065380216 -0.0017597872065380216 -0.0017597872065380216 -0.0017597872065380216 -0.0017597872065380216 -0.0017597872065380216 -0.0017597872065380216 -0.0017597872065380216 -0.0017597872065380216 -0.0017597872065380216 -0.0017597872065380216 -0.0017597872065380216 -0.0017597872065380216 -0.0017597872065380216 -0.0017597872065380216 -0.0017597872065380216 -0.0017597872065380216 -0.0017597872065380216 -0.0017597872065380216 -0.0017597872065380216 -0.0017597872065380216 -0.0017597872065380216 -0.0017597872065380216 -0.0017597872065380216 -0.0017597872065380216 -0.0017597872065380216 -0.0017597872065380216 -0.0020032464526593685 -0.0010840074392035604 -0.0017385059036314487 -0.0017342789797112346 -0.0016122423112392426 -0.0013616342330351472 -0.0010840074392035604 -0.0012182033387944102
-0.0010840074392035604 -0.0010840074392035604 -0.0010840074392035604 -0.0010840074392035604 -0.0010840074392035604 -0.0010840074392035604 -0.0010840074392035604 -0.0010840074392035604 -0.0010840074392035604 -0.0010840074392035604 -0.0010840074392035604 -0.0010840074392035604 -0.0010840074392035604 -0.0010840074392035604 -0.0010840074392035604 -0.0010840074392035604 -0.0010840074392035604 -0.0010840074392035604 -0.0010840074392035604 -0.0010840074392035604 -0.0010840074392035604 -0.0010840074392035604 -0.0010840074392035604 -0.0010840074392035604 -0.0010840074392035604 -0.0010840074392035604 -0.0010840074392035604 -0.0010840074392035604 -0.0010840074392035604 -0.0010840074392035604 -0.0010840074392035604 -0.0010840074392035604 -0.0010840074392035604 -0.0016790005611255765 -0.0010840074392035604 -0.0010840074392035604 -0.0010840074392035604 -0.0010840074392035604 -0.0011371708242222667 -0.0010840074392035604
-0.0010840074392035604 -0.0010840074392035604 -0.0010840074392035604 -0.0010840074392035604 -0.0010840074392035604 -0.0010840074392035604 -0.0010840074392035604 -0.0010840074392035604 -0.0010840074392035604 -0.0010840074392035604 -0.0010840074392035604 -0.0010840074392035604 -0.0010840074392035604 -0.0010840074392035604 -0.0010840074392035604 -0.0010840074392035604 -0.0010840074392035604 -0.0010840074392035604 -0.0010840074392035604 -0.0010840074392035604 -0.0010840074392035604 -0.0010840074392035604 -0.0010840074392035604 -0.0010840074392035604 -0.0010840074392035604 -0.0010840074392035604 -0.0010840074392035604 -0.0010840074392035604 -0.0010840074392035604 -0.0010840074392035604 -0.0010840074392035604 -0.0010840074392035604 -0.0010840074392035604 -0.0011371708242222667 -0.0010840074392035604 -0.0010840074392035604 -0.0010840074392035604 -0.0010840074392035604 -0.001355901942588389 -0.0010840074392035604
-0.0012740357778966427 -0.0012740357778966427 -0.0012740357778966427 -0.0012740357778966427 -0.0012740357778966427 -0.0012740357778966427 -0.0012740357778966427 -0.0012740357778966427 -0.0012740357778966427 -0.0012740357778966427 -0.0012740357778966427 -0.0012740357778966427 -0.0012740357778966427 -0.0012740357778966427 -0.0012740357778966427 -0.0012740357778966427 -0.0012740357778966427 -0.0012740357778966427 -0.0012740357778966427 -0.0012740357778966427 -0.0012740357778966427 -0.0012740357778966427 -0.0012740357778966427 -0.0012740357778966427 -0.0012740357778966427 -0.0012740357778966427 -0.0012740357778966427 -0.0012740357778966427 -0.0012740357778966427 -0.0012740357778966427 -0.0012740357778966427 -0.0012740357778966427 -0.0012740357778966427 -0.0010840074392035604 -0.0012740357778966427 -0.0012740357778966427 -0.0012740357778966427 -0.0012740357778966427 -0.0010840074392035604 -0.0012182033387944102