-0.45049214363098145 -0.45049214363098145 -0.5206067562103271 -0.5206067562103271 -0.3516891598701477 -0.18790216743946075 -0.18790216743946075 -0.1275186538696289 -0.1275186538696289 -0.1275186538696289 -0.1275186538696289 -0.1275186538696289 -0.2925999164581299 -0.1829623579978943 -0.18790216743946075 -0.1829623579978943 -0.18790216743946075 -0.1275186538696289 -0.1275186538696289 -0.1275186538696289 -0.18790216743946075 -0.11387056112289429 -0.11387056112289429 -0.14319483935832977 -0.1275186538696289 -0.12359347194433212 -0.08638069033622742 -0.08638069033622742 -0.0688323900103569 -0.07324295490980148 -0.04665679857134819 -0.004573935642838478 -0.0026207820046693087 -0.0011911147739738226 -0.0018653590232133865 -0.0018743579275906086 -0.0014714781427755952 -0.0009918218711391091 -0.000735043897293508 -0.0008998595294542611 -0.0006738962256349623 -0.0009918218711391091 -0.0009426274336874485 -0.0009517124854028225 -0.0008839037618599832 -0.0007633605855517089 -0.0005858420627191663
-0.2925999164581299 -0.2925999164581299 -0.2925999164581299 -0.2925999164581299 -0.2925999164581299 -0.18790216743946075 -0.18790216743946075 -0.1275186538696289 -0.1275186538696289 -0.1275186538696289 -0.1275186538696289 -0.1275186538696289 -0.2925999164581299 -0.1829623579978943 -0.18790216743946075 -0.1829623579978943 -0.18790216743946075 -0.1275186538696289 -0.1275186538696289 -0.1275186538696289 -0.18790216743946075 -0.11387056112289429 -0.11387056112289429 -0.14319483935832977 -0.1275186538696289 -0.12359347194433212 -0.08638069033622742 -0.08638069033622742 -0.0688323900103569 -0.07324295490980148 -0.04665679857134819 -0.004573935642838478 -0.0026207820046693087 -0.0011911147739738226 -0.0018653590232133865 -0.0018743579275906086 -0.0014714781427755952 -0.0009918218711391091 -0.000735043897293508 -0.0008998595294542611 -0.0006738962256349623 -0.0009918218711391091 -0.0009426274336874485 -0.0009517124854028225 -0.0008839037618599832 -0.0007633605855517089 -0.0005858420627191663
-0.5397888422012329 -0.5135712027549744 -0.45049214363098145 -0.45049214363098145 -0.3516891598701477 -0.18790216743946075 -0.18790216743946075 -0.1275186538696289 -0.1275186538696289 -0.1275186538696289 -0.1275186538696289 -0.1275186538696289 -0.2925999164581299 -0.1829623579978943 -0.18790216743946075 -0.1829623579978943 -0.18790216743946075 -0.1275186538696289 -0.1275186538696289 -0.1275186538696289 -0.18790216743946075 -0.11387056112289429 -0.11387056112289429 -0.14319483935832977 -0.1275186538696289 -0.12359347194433212 -0.08638069033622742 -0.08638069033622742 -0.0688323900103569 -0.07324295490980148 -0.04665679857134819 -0.004573935642838478 -0.0026207820046693087 -0.0011911147739738226 -0.0018653590232133865 -0.0018743579275906086 -0.0014714781427755952 -0.0009918218711391091 -0.000735043897293508 -0.0008998595294542611 -0.0006738962256349623 -0.0009918218711391091 -0.0009426274336874485 -0.0009517124854028225 -0.0008839037618599832 -0.0007633605855517089 -0.0005858420627191663
-0.2925999164581299 -0.2925999164581299 -0.2925999164581299 -0.2925999164581299 -0.2925999164581299 -0.18790216743946075 -0.18790216743946075 -0.1275186538696289 -0.1275186538696289 -0.1275186538696289 -0.1275186538696289 -0.1275186538696289 -0.2925999164581299 -0.1829623579978943 -0.18790216743946075 -0.1829623579978943 -0.18790216743946075 -0.1275186538696289 -0.1275186538696289 -0.1275186538696289 -0.18790216743946075 -0.11387056112289429 -0.11387056112289429 -0.14319483935832977 -0.1275186538696289 -0.12359347194433212 -0.08638069033622742 -0.08638069033622742 -0.0688323900103569 -0.07324295490980148 -0.04665679857134819 -0.004573935642838478 -0.0026207820046693087 -0.0011911147739738226 -0.0018653590232133865 -0.0018743579275906086 -0.0014714781427755952 -0.0009918218711391091 -0.000735043897293508 -0.0008998595294542611 -0.0006738962256349623 -0.0009918218711391091 -0.0009426274336874485 -0.0009517124854028225 -0.0008839037618599832 -0.0007633605855517089 -0.0005858420627191663
-0.3516891598701477 -0.3516891598701477 -0.3516891598701477 -0.3516891598701477 -0.3963709771633148 -0.18790216743946075 -0.18790216743946075 -0.1275186538696289 -0.1275186538696289 -0.1275186538696289 -0.1275186538696289 -0.1275186538696289 -0.2925999164581299 -0.1829623579978943 -0.18790216743946075 -0.1829623579978943 -0.18790216743946075 -0.1275186538696289 -0.1275186538696289 -0.1275186538696289 -0.18790216743946075 -0.11387056112289429 -0.11387056112289429 -0.14319483935832977 -0.1275186538696289 -0.12359347194433212 -0.08638069033622742 -0.08638069033622742 -0.0688323900103569 -0.07324295490980148 -0.04665679857134819 -0.004573935642838478 -0.0026207820046693087 -0.0011911147739738226 -0.0018653590232133865 -0.0018743579275906086 -0.0014714781427755952 -0.0009918218711391091 -0.000735043897293508 -0.0008998595294542611 -0.0006738962256349623 -0.0009918218711391091 -0.0009426274336874485 -0.0009517124854028225 -0.0008839037618599832 -0.0007633605855517089 -0.0005858420627191663
-0.3516891598701477 -0.3516891598701477 -0.3516891598701477 -0.3516891598701477 -0.3963709771633148 -0.18790216743946075 -0.18790216743946075 -0.1275186538696289 -0.1275186538696289 -0.1275186538696289 -0.1275186538696289 -0.1275186538696289 -0.2925999164581299 -0.1829623579978943 -0.18790216743946075 -0.1829623579978943 -0.18790216743946075 -0.1275186538696289 -0.1275186538696289 -0.1275186538696289 -0.18790216743946075 -0.11387056112289429 -0.11387056112289429 -0.14319483935832977 -0.1275186538696289 -0.12359347194433212 -0.08638069033622742 -0.08638069033622742 -0.0688323900103569 -0.07324295490980148 -0.04665679857134819 -0.004573935642838478 -0.0026207820046693087 -0.0011911147739738226 -0.0018653590232133865 -0.0018743579275906086 -0.0014714781427755952 -0.0009918218711391091 -0.000735043897293508 -0.0008998595294542611 -0.0006738962256349623 -0.0009918218711391091 -0.0009426274336874485 -0.0009517124854028225 -0.0008839037618599832 -0.0007633605855517089 -0.0005858420627191663
-0.3516891598701477 -0.3516891598701477 -0.3516891598701477 -0.3516891598701477 -0.3963709771633148 -0.18790216743946075 -0.18790216743946075 -0.1275186538696289 -0.1275186538696289 -0.1275186538696289 -0.1275186538696289 -0.1275186538696289 -0.2925999164581299 -0.1829623579978943 -0.18790216743946075 -0.1829623579978943 -0.18790216743946075 -0.1275186538696289 -0.1275186538696289 -0.1275186538696289 -0.18790216743946075 -0.11387056112289429 -0.11387056112289429 -0.14319483935832977 -0.1275186538696289 -0.12359347194433212 -0.08638069033622742 -0.08638069033622742 -0.0688323900103569 -0.07324295490980148 -0.04665679857134819 -0.004573935642838478 -0.0026207820046693087 -0.0011911147739738226 -0.0018653590232133865 -0.0018743579275906086 -0.0014714781427755952 -0.0009918218711391091 -0.000735043897293508 -0.0008998595294542611 -0.0006738962256349623 -0.0009918218711391091 -0.0009426274336874485 -0.0009517124854028225 -0.0008839037618599832 -0.0007633605855517089 -0.0005858420627191663
-0.1275186538696289 -0.1275186538696289 -0.1275186538696289 -0.1275186538696289 -0.1275186538696289 -0.1275186538696289 -0.1275186538696289 -0.33351394534111023 -0.33351394534111023 -0.33351394534111023 -0.33351394534111023 -0.3278619945049286 -0.1275186538696289 -0.1275186538696289 -0.1275186538696289 -0.1275186538696289 -0.1275186538696289 -0.19003649055957794 -0.22697097063064575 -0.19003649055957794 -0.1275186538696289 -0.11387056112289429 -0.11387056112289429 -0.1275186538696289 -0.1553960144519806 -0.12359347194433212 -0.08638069033622742 -0.08638069033622742 -0.0688323900103569 -0.07324295490980148 -0.04665679857134819 -0.004573935642838478 -0.0026207820046693087 -0.0011911147739738226 -0.0018653590232133865 -0.0018743579275906086 -0.0014714781427755952 -0.0009918218711391091 -0.000735043897293508 -0.0008998595294542611 -0.0006738962256349623 -0.0009918218711391091 -0.0009426274336874485 -0.0009517124854028225 -0.0008839037618599832 -0.0007633605855517089 -0.0005858420627191663
-0.1275186538696289 -0.1275186538696289 -0.1275186538696289 -0.1275186538696289 -0.1275186538696289 -0.1275186538696289 -0.1275186538696289 -0.19003649055957794 -0.19003649055957794 -0.19003649055957794 -0.19003649055957794 -0.19003649055957794 -0.1275186538696289 -0.1275186538696289 -0.1275186538696289 -0.1275186538696289 -0.1275186538696289 -0.20522645115852356 -0.19003649055957794 -0.21625451743602753 -0.1275186538696289 -0.11387056112289429 -0.11387056112289429 -0.1275186538696289 -0.1553960144519806 -0.12359347194433212 -0.08638069033622742 -0.08638069033622742 -0.0688323900103569 -0.07324295490980148 -0.04665679857134819 -0.004573935642838478 -0.0026207820046693087 -0.0011911147739738226 -0.0018653590232133865 -0.0018743579275906086 -0.0014714781427755952 -0.0009918218711391091 -0.000735043897293508 -0.0008998595294542611 -0.0006738962256349623 -0.0009918218711391091 -0.0009426274336874485 -0.0009517124854028225 -0.0008839037618599832 -0.0007633605855517089 -0.0005858420627191663
-0.1829623579978943 -0.1829623579978943 -0.1829623579978943 -0.1829623579978943 -0.1829623579978943 -0.1829623579978943 -0.1829623579978943 -0.1275186538696289 -0.1275186538696289 -0.1275186538696289 -0.1275186538696289 -0.1275186538696289 -0.1829623579978943 -0.26893842220306396 -0.1829623579978943 -0.26893842220306396 -0.1829623579978943 -0.1275186538696289 -0.1275186538696289 -0.1275186538696289 -0.1829623579978943 -0.11387056112289429 -0.11387056112289429 -0.14319483935832977 -0.1275186538696289 -0.12359347194433212 -0.08638069033622742 -0.08638069033622742 -0.0688323900103569 -0.07324295490980148 -0.04665679857134819 -0.004573935642838478 -0.0026207820046693087 -0.0011911147739738226 -0.0018653590232133865 -0.0018743579275906086 -0.0014714781427755952 -0.0009918218711391091 -0.000735043897293508 -0.0008998595294542611 -0.0006738962256349623 -0.0009918218711391091 -0.0009426274336874485 -0.0009517124854028225 -0.0008839037618599832 -0.0007633605855517089 -0.0005858420627191663
-0.1275186538696289 -0.1275186538696289 -0.1275186538696289 -0.1275186538696289 -0.1275186538696289 -0.1275186538696289 -0.1275186538696289 -0.19003649055957794 -0.19003649055957794 -0.19003649055957794 -0.19003649055957794 -0.19003649055957794 -0.1275186538696289 -0.1275186538696289 -0.1275186538696289 -0.1275186538696289 -0.1275186538696289 -0.2555549442768097 -0.19003649055957794 -0.20522645115852356 -0.1275186538696289 -0.11387056112289429 -0.11387056112289429 -0.1275186538696289 -0.1553960144519806 -0.12359347194433212 -0.08638069033622742 -0.08638069033622742 -0.0688323900103569 -0.07324295490980148 -0.04665679857134819 -0.004573935642838478 -0.0026207820046693087 -0.0011911147739738226 -0.0018653590232133865 -0.0018743579275906086 -0.0014714781427755952 -0.0009918218711391091 -0.000735043897293508 -0.0008998595294542611 -0.0006738962256349623 -0.0009918218711391091 -0.0009426274336874485 -0.0009517124854028225 -0.0008839037618599832 -0.0007633605855517089 -0.0005858420627191663
-0.1275186538696289 -0.1275186538696289 -0.1275186538696289 -0.1275186538696289 -0.1275186538696289 -0.1275186538696289 -0.1275186538696289 -0.22697097063064575 -0.22697097063064575 -0.22697097063064575 -0.22697097063064575 -0.22697097063064575 -0.1275186538696289 -0.1275186538696289 -0.1275186538696289 -0.1275186538696289 -0.1275186538696289 -0.19003649055957794 -0.2330417037010193 -0.19003649055957794 -0.1275186538696289 -0.11387056112289429 -0.11387056112289429 -0.1275186538696289 -0.1553960144519806 -0.12359347194433212 -0.08638069033622742 -0.08638069033622742 -0.0688323900103569 -0.07324295490980148 -0.04665679857134819 -0.004573935642838478 -0.0026207820046693087 -0.0011911147739738226 -0.0018653590232133865 -0.0018743579275906086 -0.0014714781427755952 -0.0009918218711391091 -0.000735043897293508 -0.0008998595294542611 -0.0006738962256349623 -0.0009918218711391091 -0.0009426274336874485 -0.0009517124854028225 -0.0008839037618599832 -0.0007633605855517089 -0.0005858420627191663
-0.1829623579978943 -0.1829623579978943 -0.1829623579978943 -0.1829623579978943 -0.1829623579978943 -0.1829623579978943 -0.1829623579978943 -0.1275186538696289 -0.1275186538696289 -0.1275186538696289 -0.1275186538696289 -0.1275186538696289 -0.1829623579978943 -0.26893842220306396 -0.1829623579978943 -0.26893842220306396 -0.1829623579978943 -0.1275186538696289 -0.1275186538696289 -0.1275186538696289 -0.1829623579978943 -0.11387056112289429 -0.11387056112289429 -0.14319483935832977 -0.1275186538696289 -0.12359347194433212 -0.08638069033622742 -0.08638069033622742 -0.0688323900103569 -0.07324295490980148 -0.04665679857134819 -0.004573935642838478 -0.0026207820046693087 -0.0011911147739738226 -0.0018653590232133865 -0.0018743579275906086 -0.0014714781427755952 -0.0009918218711391091 -0.000735043897293508 -0.0008998595294542611 -0.0006738962256349623 -0.0009918218711391091 -0.0009426274336874485 -0.0009517124854028225 -0.0008839037618599832 -0.0007633605855517089 -0.0005858420627191663
-0.1829623579978943 -0.1829623579978943 -0.1829623579978943 -0.1829623579978943 -0.1829623579978943 -0.1829623579978943 -0.1829623579978943 -0.1275186538696289 -0.1275186538696289 -0.1275186538696289 -0.1275186538696289 -0.1275186538696289 -0.1829623579978943 -0.26893842220306396 -0.1829623579978943 -0.26893842220306396 -0.1829623579978943 -0.1275186538696289 -0.1275186538696289 -0.1275186538696289 -0.1829623579978943 -0.11387056112289429 -0.11387056112289429 -0.14319483935832977 -0.1275186538696289 -0.12359347194433212 -0.08638069033622742 -0.08638069033622742 -0.0688323900103569 -0.07324295490980148 -0.04665679857134819 -0.004573935642838478 -0.0026207820046693087 -0.0011911147739738226 -0.0018653590232133865 -0.0018743579275906086 -0.0014714781427755952 -0.0009918218711391091 -0.000735043897293508 -0.0008998595294542611 -0.0006738962256349623 -0.0009918218711391091 -0.0009426274336874485 -0.0009517124854028225 -0.0008839037618599832 -0.0007633605855517089 -0.0005858420627191663
-0.18790216743946075 -0.18790216743946075 -0.18790216743946075 -0.18790216743946075 -0.18790216743946075 -0.24006681144237518 -0.24006681144237518 -0.1275186538696289 -0.1275186538696289 -0.1275186538696289 -0.1275186538696289 -0.1275186538696289 -0.18790216743946075 -0.1829623579978943 -0.24006681144237518 -0.1829623579978943 -0.24006681144237518 -0.1275186538696289 -0.1275186538696289 -0.1275186538696289 -0.18854258954524994 -0.11387056112289429 -0.11387056112289429 -0.14319483935832977 -0.1275186538696289 -0.12359347194433212 -0.08638069033622742 -0.08638069033622742 -0.0688323900103569 -0.07324295490980148 -0.04665679857134819 -0.004573935642838478 -0.0026207820046693087 -0.0011911147739738226 -0.0018653590232133865 -0.0018743579275906086 -0.0014714781427755952 -0.0009918218711391091 -0.000735043897293508 -0.0008998595294542611 -0.0006738962256349623 -0.0009918218711391091 -0.0009426274336874485 -0.0009517124854028225 -0.0008839037618599832 -0.0007633605855517089 -0.0005858420627191663
-0.18790216743946075 -0.18790216743946075 -0.18790216743946075 -0.18790216743946075 -0.18790216743946075 -0.2334882616996765 -0.2334882616996765 -0.1275186538696289 -0.1275186538696289 -0.1275186538696289 -0.1275186538696289 -0.1275186538696289 -0.18790216743946075 -0.1829623579978943 -0.2334882616996765 -0.1829623579978943 -0.2334882616996765 -0.1275186538696289 -0.1275186538696289 -0.1275186538696289 -0.18854258954524994 -0.11387056112289429 -0.11387056112289429 -0.14319483935832977 -0.1275186538696289 -0.12359347194433212 -0.08638069033622742 -0.08638069033622742 -0.0688323900103569 -0.07324295490980148 -0.04665679857134819 -0.004573935642838478 -0.0026207820046693087 -0.0011911147739738226 -0.0018653590232133865 -0.0018743579275906086 -0.0014714781427755952 -0.0009918218711391091 -0.000735043897293508 -0.0008998595294542611 -0.0006738962256349623 -0.0009918218711391091 -0.0009426274336874485 -0.0009517124854028225 -0.0008839037618599832 -0.0007633605855517089 -0.0005858420627191663
-0.18790216743946075 -0.18790216743946075 -0.18790216743946075 -0.18790216743946075 -0.18790216743946075 -0.22338610887527466 -0.22338610887527466 -0.1275186538696289 -0.1275186538696289 -0.1275186538696289 -0.1275186538696289 -0.1275186538696289 -0.18790216743946075 -0.1829623579978943 -0.22338610887527466 -0.1829623579978943 -0.22338610887527466 -0.1275186538696289 -0.1275186538696289 -0.1275186538696289 -0.18854258954524994 -0.11387056112289429 -0.11387056112289429 -0.14319483935832977 -0.1275186538696289 -0.12359347194433212 -0.08638069033622742 -0.08638069033622742 -0.0688323900103569 -0.07324295490980148 -0.04665679857134819 -0.004573935642838478 -0.0026207820046693087 -0.0011911147739738226 -0.0018653590232133865 -0.0018743579275906086 -0.0014714781427755952 -0.0009918218711391091 -0.000735043897293508 -0.0008998595294542611 -0.0006738962256349623 -0.0009918218711391091 -0.0009426274336874485 -0.0009517124854028225 -0.0008839037618599832 -0.0007633605855517089 -0.0005858420627191663
-0.18790216743946075 -0.18790216743946075 -0.18790216743946075 -0.18790216743946075 -0.18790216743946075 -0.22234123945236206 -0.22234123945236206 -0.1275186538696289 -0.1275186538696289 -0.1275186538696289 -0.1275186538696289 -0.1275186538696289 -0.18790216743946075 -0.1829623579978943 -0.22234123945236206 -0.1829623579978943 -0.22234123945236206 -0.1275186538696289 -0.1275186538696289 -0.1275186538696289 -0.18854258954524994 -0.11387056112289429 -0.11387056112289429 -0.14319483935832977 -0.1275186538696289 -0.12359347194433212 -0.08638069033622742 -0.08638069033622742 -0.0688323900103569 -0.07324295490980148 -0.04665679857134819 -0.004573935642838478 -0.0026207820046693087 -0.0011911147739738226 -0.0018653590232133865 -0.0018743579275906086 -0.0014714781427755952 -0.0009918218711391091 -0.000735043897293508 -0.0008998595294542611 -0.0006738962256349623 -0.0009918218711391091 -0.0009426274336874485 -0.0009517124854028225 -0.0008839037618599832 -0.0007633605855517089 -0.0005858420627191663
-0.11387056112289429 -0.11387056112289429 -0.11387056112289429 -0.11387056112289429 -0.11387056112289429 -0.11387056112289429 -0.11387056112289429 -0.11387056112289429 -0.11387056112289429 -0.11387056112289429 -0.11387056112289429 -0.11387056112289429 -0.11387056112289429 -0.11387056112289429 -0.11387056112289429 -0.11387056112289429 -0.11387056112289429 -0.11387056112289429 -0.11387056112289429 -0.11387056112289429 -0.11387056112289429 -0.11387056112289429 -0.11387056112289429 -0.11387056112289429 -0.11387056112289429 -0.11387056112289429 -0.08638069033622742 -0.08638069033622742 -0.0688323900103569 -0.07324295490980148 -0.04665679857134819 -0.004573935642838478 -0.0026207820046693087 -0.0011911147739738226 -0.0018653590232133865 -0.0018743579275906086 -0.0014714781427755952 -0.0009918218711391091 -0.000735043897293508 -0.0008998595294542611 -0.0006738962256349623 -0.0009918218711391091 -0.0009426274336874485 -0.0009517124854028225 -0.0008839037618599832 -0.0007633605855517089 -0.0005858420627191663
-0.11387056112289429 -0.11387056112289429 -0.11387056112289429 -0.11387056112289429 -0.11387056112289429 -0.11387056112289429 -0.11387056112289429 -0.11387056112289429 -0.11387056112289429 -0.11387056112289429 -0.11387056112289429 -0.11387056112289429 -0.11387056112289429 -0.11387056112289429 -0.11387056112289429 -0.11387056112289429 -0.11387056112289429 -0.11387056112289429 -0.11387056112289429 -0.11387056112289429 -0.11387056112289429 -0.11387056112289429 -0.11387056112289429 -0.11387056112289429 -0.11387056112289429 -0.11387056112289429 -0.08638069033622742 -0.08638069033622742 -0.0688323900103569 -0.07324295490980148 -0.04665679857134819 -0.004573935642838478 -0.0026207820046693087 -0.0011911147739738226 -0.0018653590232133865 -0.0018743579275906086 -0.0014714781427755952 -0.0009918218711391091 -0.000735043897293508 -0.0008998595294542611 -0.0006738962256349623 -0.0009918218711391091 -0.0009426274336874485 -0.0009517124854028225 -0.0008839037618599832 -0.0007633605855517089 -0.0005858420627191663
-0.11387056112289429 -0.11387056112289429 -0.11387056112289429 -0.11387056112289429 -0.11387056112289429 -0.11387056112289429 -0.11387056112289429 -0.11387056112289429 -0.11387056112289429 -0.11387056112289429 -0.11387056112289429 -0.11387056112289429 -0.11387056112289429 -0.11387056112289429 -0.11387056112289429 -0.11387056112289429 -0.11387056112289429 -0.11387056112289429 -0.11387056112289429 -0.11387056112289429 -0.11387056112289429 -0.11387056112289429 -0.11387056112289429 -0.11387056112289429 -0.11387056112289429 -0.11387056112289429 -0.08638069033622742 -0.08638069033622742 -0.0688323900103569 -0.07324295490980148 -0.04665679857134819 -0.004573935642838478 -0.0026207820046693087 -0.0011911147739738226 -0.0018653590232133865 -0.0018743579275906086 -0.0014714781427755952 -0.0009918218711391091 -0.000735043897293508 -0.0008998595294542611 -0.0006738962256349623 -0.0009918218711391091 -0.0009426274336874485 -0.0009517124854028225 -0.0008839037618599832 -0.0007633605855517089 -0.0005858420627191663
-0.1275186538696289 -0.1275186538696289 -0.1275186538696289 -0.1275186538696289 -0.1275186538696289 -0.1275186538696289 -0.1275186538696289 -0.1553960144519806 -0.1553960144519806 -0.1553960144519806 -0.1553960144519806 -0.1553960144519806 -0.1275186538696289 -0.1275186538696289 -0.1275186538696289 -0.1275186538696289 -0.1275186538696289 -0.1553960144519806 -0.1553960144519806 -0.1553960144519806 -0.1275186538696289 -0.11387056112289429 -0.11387056112289429 -0.1275186538696289 -0.15556135773658752 -0.12359347194433212 -0.08638069033622742 -0.08638069033622742 -0.0688323900103569 -0.07324295490980148 -0.04665679857134819 -0.004573935642838478 -0.0026207820046693087 -0.0011911147739738226 -0.0018653590232133865 -0.0018743579275906086 -0.0014714781427755952 -0.0009918218711391091 -0.000735043897293508 -0.0008998595294542611 -0.0006738962256349623 -0.0009918218711391091 -0.0009426274336874485 -0.0009517124854028225 -0.0008839037618599832 -0.0007633605855517089 -0.0005858420627191663
-0.1275186538696289 -0.1275186538696289 -0.1275186538696289 -0.1275186538696289 -0.1275186538696289 -0.1275186538696289 -0.1275186538696289 -0.1553960144519806 -0.1553960144519806 -0.1553960144519806 -0.1553960144519806 -0.1553960144519806 -0.1275186538696289 -0.1275186538696289 -0.1275186538696289 -0.1275186538696289 -0.1275186538696289 -0.1553960144519806 -0.1553960144519806 -0.1553960144519806 -0.1275186538696289 -0.11387056112289429 -0.11387056112289429 -0.1275186538696289 -0.1553960144519806 -0.12359347194433212 -0.08638069033622742 -0.08638069033622742 -0.0688323900103569 -0.07324295490980148 -0.04665679857134819 -0.004573935642838478 -0.0026207820046693087 -0.0011911147739738226 -0.0018653590232133865 -0.0018743579275906086 -0.0014714781427755952 -0.0009918218711391091 -0.000735043897293508 -0.0008998595294542611 -0.0006738962256349623 -0.0009918218711391091 -0.0009426274336874485 -0.0009517124854028225 -0.0008839037618599832 -0.0007633605855517089 -0.0005858420627191663
-0.11387056112289429 -0.11387056112289429 -0.11387056112289429 -0.11387056112289429 -0.11387056112289429 -0.11387056112289429 -0.11387056112289429 -0.11387056112289429 -0.11387056112289429 -0.11387056112289429 -0.11387056112289429 -0.11387056112289429 -0.11387056112289429 -0.11387056112289429 -0.11387056112289429 -0.11387056112289429 -0.11387056112289429 -0.11387056112289429 -0.11387056112289429 -0.11387056112289429 -0.11387056112289429 -0.11695349216461182 -0.11695349216461182 -0.11387056112289429 -0.11387056112289429 -0.11387056112289429 -0.08638069033622742 -0.08638069033622742 -0.0688323900103569 -0.07324295490980148 -0.04665679857134819 -0.004573935642838478 -0.0026207820046693087 -0.0011911147739738226 -0.0018653590232133865 -0.0018743579275906086 -0.0014714781427755952 -0.0009918218711391091 -0.000735043897293508 -0.0008998595294542611 -0.0006738962256349623 -0.0009918218711391091 -0.0009426274336874485 -0.0009517124854028225 -0.0008839037618599832 -0.0007633605855517089 -0.0005858420627191663
-0.08015865832567215 -0.08015865832567215 -0.08015865832567215 -0.08015865832567215 -0.08015865832567215 -0.08015865832567215 -0.08015865832567215 -0.08015865832567215 -0.08015865832567215 -0.08015865832567215 -0.08015865832567215 -0.08015865832567215 -0.08015865832567215 -0.08015865832567215 -0.08015865832567215 -0.08015865832567215 -0.08015865832567215 -0.08015865832567215 -0.08015865832567215 -0.08015865832567215 -0.08015865832567215 -0.08015865832567215 -0.08015865832567215 -0.08015865832567215 -0.08015865832567215 -0.08015865832567215 -0.08015865832567215 -0.08015865832567215 -0.0688323900103569 -0.07324295490980148 -0.04665679857134819 -0.004573935642838478 -0.0026207820046693087 -0.0011911147739738226 -0.0018653590232133865 -0.0018743579275906086 -0.0014714781427755952 -0.0009918218711391091 -0.000735043897293508 -0.0008998595294542611 -0.0006738962256349623 -0.0009918218711391091 -0.0009426274336874485 -0.0009517124854028225 -0.0008839037618599832 -0.0007633605855517089 -0.0005858420627191663
-0.06708177924156189 -0.06708177924156189 -0.06708177924156189 -0.06708177924156189 -0.06708177924156189 -0.06708177924156189 -0.06708177924156189 -0.06708177924156189 -0.06708177924156189 -0.06708177924156189 -0.06708177924156189 -0.06708177924156189 -0.06708177924156189 -0.06708177924156189 -0.06708177924156189 -0.06708177924156189 -0.06708177924156189 -0.06708177924156189 -0.06708177924156189 -0.06708177924156189 -0.06708177924156189 -0.06708177924156189 -0.06708177924156189 -0.06708177924156189 -0.06708177924156189 -0.06708177924156189 -0.06708177924156189 -0.06708177924156189 -0.06708177924156189 -0.06708177924156189 -0.04665679857134819 -0.004573935642838478 -0.0026207820046693087 -0.0011911147739738226 -0.0018653590232133865 -0.0018743579275906086 -0.0014714781427755952 -0.0009918218711391091 -0.000735043897293508 -0.0008998595294542611 -0.0006738962256349623 -0.0009918218711391091 -0.0009426274336874485 -0.0009517124854028225 -0.0008839037618599832 -0.0007633605855517089 -0.0005858420627191663
-0.05907215550541878 -0.05907215550541878 -0.05907215550541878 -0.05907215550541878 -0.05907215550541878 -0.05907215550541878 -0.05907215550541878 -0.05907215550541878 -0.05907215550541878 -0.05907215550541878 -0.05907215550541878 -0.05907215550541878 -0.05907215550541878 -0.05907215550541878 -0.05907215550541878 -0.05907215550541878 -0.05907215550541878 -0.05907215550541878 -0.05907215550541878 -0.05907215550541878 -0.05907215550541878 -0.05907215550541878 -0.05907215550541878 -0.05907215550541878 -0.05907215550541878 -0.05907215550541878 -0.05907215550541878 -0.05907215550541878 -0.05907215550541878 -0.05907215550541878 -0.04665679857134819 -0.004573935642838478 -0.0026207820046693087 -0.0011911147739738226 -0.0018653590232133865 -0.0018743579275906086 -0.0014714781427755952 -0.0009918218711391091 -0.000735043897293508 -0.0008998595294542611 -0.0006738962256349623 -0.0009918218711391091 -0.0009426274336874485 -0.0009517124854028225 -0.0008839037618599832 -0.0007633605855517089 -0.0005858420627191663
-0.05889364331960678 -0.05889364331960678 -0.05889364331960678 -0.05889364331960678 -0.05889364331960678 -0.05889364331960678 -0.05889364331960678 -0.05889364331960678 -0.05889364331960678 -0.05889364331960678 -0.05889364331960678 -0.05889364331960678 -0.05889364331960678 -0.05889364331960678 -0.05889364331960678 -0.05889364331960678 -0.05889364331960678 -0.05889364331960678 -0.05889364331960678 -0.05889364331960678 -0.05889364331960678 -0.05889364331960678 -0.05889364331960678 -0.05889364331960678 -0.05889364331960678 -0.05889364331960678 -0.05889364331960678 -0.05889364331960678 -0.05889364331960678 -0.05889364331960678 -0.04665679857134819 -0.004573935642838478 -0.0026207820046693087 -0.0011911147739738226 -0.0018653590232133865 -0.0018743579275906086 -0.0014714781427755952 -0.0009918218711391091 -0.000735043897293508 -0.0008998595294542611 -0.0006738962256349623 -0.0009918218711391091 -0.0009426274336874485 -0.0009517124854028225 -0.0008839037618599832 -0.0007633605855517089 -0.0005858420627191663
-0.0581037737429142 -0.0581037737429142 -0.0581037737429142 -0.0581037737429142 -0.0581037737429142 -0.0581037737429142 -0.0581037737429142 -0.0581037737429142 -0.0581037737429142 -0.0581037737429142 -0.0581037737429142 -0.0581037737429142 -0.0581037737429142 -0.0581037737429142 -0.0581037737429142 -0.0581037737429142 -0.0581037737429142 -0.0581037737429142 -0.0581037737429142 -0.0581037737429142 -0.0581037737429142 -0.0581037737429142 -0.0581037737429142 -0.0581037737429142 -0.0581037737429142 -0.0581037737429142 -0.0581037737429142 -0.0581037737429142 -0.0581037737429142 -0.0581037737429142 -0.04665679857134819 -0.004573935642838478 -0.0026207820046693087 -0.0011911147739738226 -0.0018653590232133865 -0.0018743579275906086 -0.0014714781427755952 -0.0009918218711391091 -0.000735043897293508 -0.0008998595294542611 -0.0006738962256349623 -0.0009918218711391091 -0.0009426274336874485 -0.0009517124854028225 -0.0008839037618599832 -0.0007633605855517089 -0.0005858420627191663
-0.05561671033501625 -0.05561671033501625 -0.05561671033501625 -0.05561671033501625 -0.05561671033501625 -0.05561671033501625 -0.05561671033501625 -0.05561671033501625 -0.05561671033501625 -0.05561671033501625 -0.05561671033501625 -0.05561671033501625 -0.05561671033501625 -0.05561671033501625 -0.05561671033501625 -0.05561671033501625 -0.05561671033501625 -0.05561671033501625 -0.05561671033501625 -0.05561671033501625 -0.05561671033501625 -0.05561671033501625 -0.05561671033501625 -0.05561671033501625 -0.05561671033501625 -0.05561671033501625 -0.05561671033501625 -0.05561671033501625 -0.05561671033501625 -0.05561671033501625 -0.04665679857134819 -0.004573935642838478 -0.0026207820046693087 -0.0011911147739738226 -0.0018653590232133865 -0.0018743579275906086 -0.0014714781427755952 -0.0009918218711391091 -0.000735043897293508 -0.0008998595294542611 -0.0006738962256349623 -0.0009918218711391091 -0.0009426274336874485 -0.0009517124854028225 -0.0008839037618599832 -0.0007633605855517089 -0.0005858420627191663
-0.054185956716537476 -0.054185956716537476 -0.054185956716537476 -0.054185956716537476 -0.054185956716537476 -0.054185956716537476 -0.054185956716537476 -0.054185956716537476 -0.054185956716537476 -0.054185956716537476 -0.054185956716537476 -0.054185956716537476 -0.054185956716537476 -0.054185956716537476 -0.054185956716537476 -0.054185956716537476 -0.054185956716537476 -0.054185956716537476 -0.054185956716537476 -0.054185956716537476 -0.054185956716537476 -0.054185956716537476 -0.054185956716537476 -0.054185956716537476 -0.054185956716537476 -0.054185956716537476 -0.054185956716537476 -0.054185956716537476 -0.054185956716537476 -0.054185956716537476 -0.04665679857134819 -0.004573935642838478 -0.0026207820046693087 -0.0011911147739738226 -0.0018653590232133865 -0.0018743579275906086 -0.0014714781427755952 -0.0009918218711391091 -0.000735043897293508 -0.0008998595294542611 -0.0006738962256349623 -0.0009918218711391091 -0.0009426274336874485 -0.0009517124854028225 -0.0008839037618599832 -0.0007633605855517089 -0.0005858420627191663
-0.020690811797976494 -0.020690811797976494 -0.020690811797976494 -0.020690811797976494 -0.020690811797976494 -0.020690811797976494 -0.020690811797976494 -0.020690811797976494 -0.020690811797976494 -0.020690811797976494 -0.020690811797976494 -0.020690811797976494 -0.020690811797976494 -0.020690811797976494 -0.020690811797976494 -0.020690811797976494 -0.020690811797976494 -0.020690811797976494 -0.020690811797976494 -0.020690811797976494 -0.020690811797976494 -0.020690811797976494 -0.020690811797976494 -0.020690811797976494 -0.020690811797976494 -0.020690811797976494 -0.020690811797976494 -0.020690811797976494 -0.020690811797976494 -0.020690811797976494 -0.020690811797976494 -0.004573935642838478 -0.0026207820046693087 -0.0011911147739738226 -0.0018653590232133865 -0.0018743579275906086 -0.0014714781427755952 -0.0009918218711391091 -0.000735043897293508 -0.0008998595294542611 -0.0006738962256349623 -0.0009918218711391091 -0.0009426274336874485 -0.0009517124854028225 -0.0008839037618599832 -0.0007633605855517089 -0.0005858420627191663
-0.019370628520846367 -0.019370628520846367 -0.019370628520846367 -0.019370628520846367 -0.019370628520846367 -0.019370628520846367 -0.019370628520846367 -0.019370628520846367 -0.019370628520846367 -0.019370628520846367 -0.019370628520846367 -0.019370628520846367 -0.019370628520846367 -0.019370628520846367 -0.019370628520846367 -0.019370628520846367 -0.019370628520846367 -0.019370628520846367 -0.019370628520846367 -0.019370628520846367 -0.019370628520846367 -0.019370628520846367 -0.019370628520846367 -0.019370628520846367 -0.019370628520846367 -0.019370628520846367 -0.019370628520846367 -0.019370628520846367 -0.019370628520846367 -0.019370628520846367 -0.019370628520846367 -0.004573935642838478 -0.0026207820046693087 -0.0011911147739738226 -0.0018653590232133865 -0.0018743579275906086 -0.0014714781427755952 -0.0009918218711391091 -0.000735043897293508 -0.0008998595294542611 -0.0006738962256349623 -0.0009918218711391091 -0.0009426274336874485 -0.0009517124854028225 -0.0008839037618599832 -0.0007633605855517089 -0.0005858420627191663
-0.01706777699291706 -0.01706777699291706 -0.01706777699291706 -0.01706777699291706 -0.01706777699291706 -0.01706777699291706 -0.01706777699291706 -0.01706777699291706 -0.01706777699291706 -0.01706777699291706 -0.01706777699291706 -0.01706777699291706 -0.01706777699291706 -0.01706777699291706 -0.01706777699291706 -0.01706777699291706 -0.01706777699291706 -0.01706777699291706 -0.01706777699291706 -0.01706777699291706 -0.01706777699291706 -0.01706777699291706 -0.01706777699291706 -0.01706777699291706 -0.01706777699291706 -0.01706777699291706 -0.01706777699291706 -0.01706777699291706 -0.01706777699291706 -0.01706777699291706 -0.01706777699291706 -0.004573935642838478 -0.0026207820046693087 -0.0011911147739738226 -0.0018653590232133865 -0.0018743579275906086 -0.0014714781427755952 -0.0009918218711391091 -0.000735043897293508 -0.0008998595294542611 -0.0006738962256349623 -0.0009918218711391091 -0.0009426274336874485 -0.0009517124854028225 -0.0008839037618599832 -0.0007633605855517089 -0.0005858420627191663
-0.0011911147739738226 -0.0011911147739738226 -0.0011911147739738226 -0.0011911147739738226 -0.0011911147739738226 -0.0011911147739738226 -0.0011911147739738226 -0.0011911147739738226 -0.0011911147739738226 -0.0011911147739738226 -0.0011911147739738226 -0.0011911147739738226 -0.0011911147739738226 -0.0011911147739738226 -0.0011911147739738226 -0.0011911147739738226 -0.0011911147739738226 -0.0011911147739738226 -0.0011911147739738226 -0.0011911147739738226 -0.0011911147739738226 -0.0011911147739738226 -0.0011911147739738226 -0.0011911147739738226 -0.0011911147739738226 -0.0011911147739738226 -0.0011911147739738226 -0.0011911147739738226 -0.0011911147739738226 -0.0011911147739738226 -0.0011911147739738226 -0.0011911147739738226 -0.0011911147739738226 -0.0025496550370007753 -0.0011911147739738226 -0.0011911147739738226 -0.0011911147739738226 -0.0009918218711391091 -0.000735043897293508 -0.0008998595294542611 -0.0006738962256349623 -0.0009918218711391091 -0.0009426274336874485 -0.0009517124854028225 -0.0008839037618599832 -0.0007633605855517089 -0.0005858420627191663
-0.007142449729144573 -0.007142449729144573 -0.007142449729144573 -0.007142449729144573 -0.007142449729144573 -0.007142449729144573 -0.007142449729144573 -0.007142449729144573 -0.007142449729144573 -0.007142449729144573 -0.007142449729144573 -0.007142449729144573 -0.007142449729144573 -0.007142449729144573 -0.007142449729144573 -0.007142449729144573 -0.007142449729144573 -0.007142449729144573 -0.007142449729144573 -0.007142449729144573 -0.007142449729144573 -0.007142449729144573 -0.007142449729144573 -0.007142449729144573 -0.007142449729144573 -0.007142449729144573 -0.007142449729144573 -0.007142449729144573 -0.007142449729144573 -0.007142449729144573 -0.007142449729144573 -0.004573935642838478 -0.0026207820046693087 -0.0011911147739738226 -0.0018653590232133865 -0.0018743579275906086 -0.0014714781427755952 -0.0009918218711391091 -0.000735043897293508 -0.0008998595294542611 -0.0006738962256349623 -0.0009918218711391091 -0.0009426274336874485 -0.0009517124854028225 -0.0008839037618599832 -0.0007633605855517089 -0.0005858420627191663
-0.000735043897293508 -0.000735043897293508 -0.000735043897293508 -0.000735043897293508 -0.000735043897293508 -0.000735043897293508 -0.000735043897293508 -0.000735043897293508 -0.000735043897293508 -0.000735043897293508 -0.000735043897293508 -0.000735043897293508 -0.000735043897293508 -0.000735043897293508 -0.000735043897293508 -0.000735043897293508 -0.000735043897293508 -0.000735043897293508 -0.000735043897293508 -0.000735043897293508 -0.000735043897293508 -0.000735043897293508 -0.000735043897293508 -0.000735043897293508 -0.000735043897293508 -0.000735043897293508 -0.000735043897293508 -0.000735043897293508 -0.000735043897293508 -0.000735043897293508 -0.000735043897293508 -0.000735043897293508 -0.000735043897293508 -0.000735043897293508 -0.000735043897293508 -0.000735043897293508 -0.000735043897293508 -0.000735043897293508 -0.0014283540658652782 -0.000735043897293508 -0.0006738962256349623 -0.000735043897293508 -0.000735043897293508 -0.000735043897293508 -0.000735043897293508 -0.000735043897293508 -0.0005858420627191663
-0.0026207820046693087 -0.0026207820046693087 -0.0026207820046693087 -0.0026207820046693087 -0.0026207820046693087 -0.0026207820046693087 -0.0026207820046693087 -0.0026207820046693087 -0.0026207820046693087 -0.0026207820046693087 -0.0026207820046693087 -0.0026207820046693087 -0.0026207820046693087 -0.0026207820046693087 -0.0026207820046693087 -0.0026207820046693087 -0.0026207820046693087 -0.0026207820046693087 -0.0026207820046693087 -0.0026207820046693087 -0.0026207820046693087 -0.0026207820046693087 -0.0026207820046693087 -0.0026207820046693087 -0.0026207820046693087 -0.0026207820046693087 -0.0026207820046693087 -0.0026207820046693087 -0.0026207820046693087 -0.0026207820046693087 -0.0026207820046693087 -0.0026207820046693087 -0.0026207820046693087 -0.0011911147739738226 -0.0018653590232133865 -0.0018743579275906086 -0.0014714781427755952 -0.0009918218711391091 -0.000735043897293508 -0.0008998595294542611 -0.0006738962256349623 -0.0009918218711391091 -0.0009426274336874485 -0.0009517124854028225 -0.0008839037618599832 -0.0007633605855517089 -0.0005858420627191663
-0.0009918218711391091 -0.0009918218711391091 -0.0009918218711391091 -0.0009918218711391091 -0.0009918218711391091 -0.0009918218711391091 -0.0009918218711391091 -0.0009918218711391091 -0.0009918218711391091 -0.0009918218711391091 -0.0009918218711391091 -0.0009918218711391091 -0.0009918218711391091 -0.0009918218711391091 -0.0009918218711391091 -0.0009918218711391091 -0.0009918218711391091 -0.0009918218711391091 -0.0009918218711391091 -0.0009918218711391091 -0.0009918218711391091 -0.0009918218711391091 -0.0009918218711391091 -0.0009918218711391091 -0.0009918218711391091 -0.0009918218711391091 -0.0009918218711391091 -0.0009918218711391091 -0.0009918218711391091 -0.0009918218711391091 -0.0009918218711391091 -0.0009918218711391091 -0.0009918218711391091 -0.0009918218711391091 -0.0009918218711391091 -0.0009918218711391091 -0.0009918218711391091 -0.0015304737025871873 -0.000735043897293508 -0.0008998595294542611 -0.0006738962256349623 -0.0010115758050233126 -0.0009426274336874485 -0.0009517124854028225 -0.0008839037618599832 -0.0007633605855517089 -0.0005858420627191663
-0.0005858420627191663 -0.0005858420627191663 -0.0005858420627191663 -0.0005858420627191663 -0.0005858420627191663 -0.0005858420627191663 -0.0005858420627191663 -0.0005858420627191663 -0.0005858420627191663 -0.0005858420627191663 -0.0005858420627191663 -0.0005858420627191663 -0.0005858420627191663 -0.0005858420627191663 -0.0005858420627191663 -0.0005858420627191663 -0.0005858420627191663 -0.0005858420627191663 -0.0005858420627191663 -0.0005858420627191663 -0.0005858420627191663 -0.0005858420627191663 -0.0005858420627191663 -0.0005858420627191663 -0.0005858420627191663 -0.0005858420627191663 -0.0005858420627191663 -0.0005858420627191663 -0.0005858420627191663 -0.0005858420627191663 -0.0005858420627191663 -0.0005858420627191663 -0.0005858420627191663 -0.0005858420627191663 -0.0005858420627191663 -0.0005858420627191663 -0.0005858420627191663 -0.0005858420627191663 -0.0005858420627191663 -0.0005858420627191663 -0.0005858420627191663 -0.0005858420627191663 -0.0005858420627191663 -0.0005858420627191663 -0.0005858420627191663 -0.0005858420627191663 -0.0007566274143755436
-0.0006738962256349623 -0.0006738962256349623 -0.0006738962256349623 -0.0006738962256349623 -0.0006738962256349623 -0.0006738962256349623 -0.0006738962256349623 -0.0006738962256349623 -0.0006738962256349623 -0.0006738962256349623 -0.0006738962256349623 -0.0006738962256349623 -0.0006738962256349623 -0.0006738962256349623 -0.0006738962256349623 -0.0006738962256349623 -0.0006738962256349623 -0.0006738962256349623 -0.0006738962256349623 -0.0006738962256349623 -0.0006738962256349623 -0.0006738962256349623 -0.0006738962256349623 -0.0006738962256349623 -0.0006738962256349623 -0.0006738962256349623 -0.0006738962256349623 -0.0006738962256349623 -0.0006738962256349623 -0.0006738962256349623 -0.0006738962256349623 -0.0006738962256349623 -0.0006738962256349623 -0.0006738962256349623 -0.0006738962256349623 -0.0006738962256349623 -0.0006738962256349623 -0.0006738962256349623 -0.0006738962256349623 -0.0006738962256349623 -0.0011666553327813745 -0.0006738962256349623 -0.0006738962256349623 -0.0006738962256349623 -0.0006738962256349623 -0.0006738962256349623 -0.0005858420627191663
-0.0006738962256349623 -0.0006738962256349623 -0.0006738962256349623 -0.0006738962256349623 -0.0006738962256349623 -0.0006738962256349623 -0.0006738962256349623 -0.0006738962256349623 -0.0006738962256349623 -0.0006738962256349623 -0.0006738962256349623 -0.0006738962256349623 -0.0006738962256349623 -0.0006738962256349623 -0.0006738962256349623 -0.0006738962256349623 -0.0006738962256349623 -0.0006738962256349623 -0.0006738962256349623 -0.0006738962256349623 -0.0006738962256349623 -0.0006738962256349623 -0.0006738962256349623 -0.0006738962256349623 -0.0006738962256349623 -0.0006738962256349623 -0.0006738962256349623 -0.0006738962256349623 -0.0006738962256349623 -0.0006738962256349623 -0.0006738962256349623 -0.0006738962256349623 -0.0006738962256349623 -0.0006738962256349623 -0.0006738962256349623 -0.0006738962256349623 -0.0006738962256349623 -0.0006738962256349623 -0.0006738962256349623 -0.0006738962256349623 -0.0011666553327813745 -0.0006738962256349623 -0.0006738962256349623 -0.0006738962256349623 -0.0006738962256349623 -0.0006738962256349623 -0.0005858420627191663