-0.4238879382610321 -0.44359949231147766 -0.44359949231147766 -0.44359949231147766 -0.1598788946866989 -0.3097178339958191 -0.11911923438310623 -0.1598788946866989 -0.2695648670196533 -0.11911923438310623 -0.11911923438310623 -0.1598788946866989 -0.11911923438310623 -0.10697481781244278 -0.1598788946866989 -0.11911923438310623 -0.15655846893787384 -0.15089713037014008 -0.15100987255573273 -0.10697481781244278 -0.10697481781244278 -0.1251295506954193 -0.08890655636787415 -0.07932685315608978 -0.02686384879052639 -0.010030184872448444 -0.004571062512695789 -0.002116741146892309 -0.0024467066396027803 -0.0032515961211174726 -0.002891838550567627 -0.0020132253412157297 -0.0017597872065380216 -0.0010840074392035604 -0.0017385059036314487 -0.0017342789797112346 -0.0016122423112392426 -0.0013616342330351472 -0.0010840074392035604 -0.0012182033387944102
-0.2695648670196533 -0.2695648670196533 -0.2695648670196533 -0.2695648670196533 -0.1598788946866989 -0.2695648670196533 -0.11911923438310623 -0.1598788946866989 -0.2695648670196533 -0.11911923438310623 -0.11911923438310623 -0.1598788946866989 -0.11911923438310623 -0.10697481781244278 -0.1598788946866989 -0.11911923438310623 -0.15655846893787384 -0.15089713037014008 -0.15100987255573273 -0.10697481781244278 -0.10697481781244278 -0.1251295506954193 -0.08890655636787415 -0.07932685315608978 -0.02686384879052639 -0.010030184872448444 -0.004571062512695789 -0.002116741146892309 -0.0024467066396027803 -0.0032515961211174726 -0.002891838550567627 -0.0020132253412157297 -0.0017597872065380216 -0.0010840074392035604 -0.0017385059036314487 -0.0017342789797112346 -0.0016122423112392426 -0.0013616342330351472 -0.0010840074392035604 -0.0012182033387944102
-0.4238879382610321 -0.4238879382610321 -0.4238879382610321 -0.4238879382610321 -0.1598788946866989 -0.3097178339958191 -0.11911923438310623 -0.1598788946866989 -0.2695648670196533 -0.11911923438310623 -0.11911923438310623 -0.1598788946866989 -0.11911923438310623 -0.10697481781244278 -0.1598788946866989 -0.11911923438310623 -0.15655846893787384 -0.15089713037014008 -0.15100987255573273 -0.10697481781244278 -0.10697481781244278 -0.1251295506954193 -0.08890655636787415 -0.07932685315608978 -0.02686384879052639 -0.010030184872448444 -0.004571062512695789 -0.002116741146892309 -0.0024467066396027803 -0.0032515961211174726 -0.002891838550567627 -0.0020132253412157297 -0.0017597872065380216 -0.0010840074392035604 -0.0017385059036314487 -0.0017342789797112346 -0.0016122423112392426 -0.0013616342330351472 -0.0010840074392035604 -0.0012182033387944102
-0.2695648670196533 -0.2695648670196533 -0.2695648670196533 -0.2695648670196533 -0.1598788946866989 -0.2695648670196533 -0.11911923438310623 -0.1598788946866989 -0.2695648670196533 -0.11911923438310623 -0.11911923438310623 -0.1598788946866989 -0.11911923438310623 -0.10697481781244278 -0.1598788946866989 -0.11911923438310623 -0.15655846893787384 -0.15089713037014008 -0.15100987255573273 -0.10697481781244278 -0.10697481781244278 -0.1251295506954193 -0.08890655636787415 -0.07932685315608978 -0.02686384879052639 -0.010030184872448444 -0.004571062512695789 -0.002116741146892309 -0.0024467066396027803 -0.0032515961211174726 -0.002891838550567627 -0.0020132253412157297 -0.0017597872065380216 -0.0010840074392035604 -0.0017385059036314487 -0.0017342789797112346 -0.0016122423112392426 -0.0013616342330351472 -0.0010840074392035604 -0.0012182033387944102
-0.2695648670196533 -0.2695648670196533 -0.2695648670196533 -0.2695648670196533 -0.1598788946866989 -0.2695648670196533 -0.11911923438310623 -0.1598788946866989 -0.2695648670196533 -0.11911923438310623 -0.11911923438310623 -0.1598788946866989 -0.11911923438310623 -0.10697481781244278 -0.1598788946866989 -0.11911923438310623 -0.15655846893787384 -0.15089713037014008 -0.15100987255573273 -0.10697481781244278 -0.10697481781244278 -0.1251295506954193 -0.08890655636787415 -0.07932685315608978 -0.02686384879052639 -0.010030184872448444 -0.004571062512695789 -0.002116741146892309 -0.0024467066396027803 -0.0032515961211174726 -0.002891838550567627 -0.0020132253412157297 -0.0017597872065380216 -0.0010840074392035604 -0.0017385059036314487 -0.0017342789797112346 -0.0016122423112392426 -0.0013616342330351472 -0.0010840074392035604 -0.0012182033387944102
-0.2695648670196533 -0.2695648670196533 -0.2695648670196533 -0.2695648670196533 -0.1598788946866989 -0.2695648670196533 -0.11911923438310623 -0.1598788946866989 -0.2695648670196533 -0.11911923438310623 -0.11911923438310623 -0.1598788946866989 -0.11911923438310623 -0.10697481781244278 -0.1598788946866989 -0.11911923438310623 -0.15655846893787384 -0.15089713037014008 -0.15100987255573273 -0.10697481781244278 -0.10697481781244278 -0.1251295506954193 -0.08890655636787415 -0.07932685315608978 -0.02686384879052639 -0.010030184872448444 -0.004571062512695789 -0.002116741146892309 -0.0024467066396027803 -0.0032515961211174726 -0.002891838550567627 -0.0020132253412157297 -0.0017597872065380216 -0.0010840074392035604 -0.0017385059036314487 -0.0017342789797112346 -0.0016122423112392426 -0.0013616342330351472 -0.0010840074392035604 -0.0012182033387944102
-0.2695648670196533 -0.2695648670196533 -0.2695648670196533 -0.2695648670196533 -0.1598788946866989 -0.2695648670196533 -0.11911923438310623 -0.1598788946866989 -0.2695648670196533 -0.11911923438310623 -0.11911923438310623 -0.1598788946866989 -0.11911923438310623 -0.10697481781244278 -0.1598788946866989 -0.11911923438310623 -0.15655846893787384 -0.15089713037014008 -0.15100987255573273 -0.10697481781244278 -0.10697481781244278 -0.1251295506954193 -0.08890655636787415 -0.07932685315608978 -0.02686384879052639 -0.010030184872448444 -0.004571062512695789 -0.002116741146892309 -0.0024467066396027803 -0.0032515961211174726 -0.002891838550567627 -0.0020132253412157297 -0.0017597872065380216 -0.0010840074392035604 -0.0017385059036314487 -0.0017342789797112346 -0.0016122423112392426 -0.0013616342330351472 -0.0010840074392035604 -0.0012182033387944102
-0.11911923438310623 -0.11911923438310623 -0.11911923438310623 -0.11911923438310623 -0.11911923438310623 -0.11911923438310623 -0.2933199405670166 -0.11911923438310623 -0.11911923438310623 -0.17724540829658508 -0.17724540829658508 -0.11911923438310623 -0.17724540829658508 -0.10697481781244278 -0.11911923438310623 -0.16688087582588196 -0.11911923438310623 -0.11911923438310623 -0.11911923438310623 -0.10697481781244278 -0.10697481781244278 -0.11911923438310623 -0.08890655636787415 -0.07932685315608978 -0.02686384879052639 -0.010030184872448444 -0.004571062512695789 -0.002116741146892309 -0.0024467066396027803 -0.0032515961211174726 -0.002891838550567627 -0.0020132253412157297 -0.0017597872065380216 -0.0010840074392035604 -0.0017385059036314487 -0.0017342789797112346 -0.0016122423112392426 -0.0013616342330351472 -0.0010840074392035604 -0.0012182033387944102
-0.11911923438310623 -0.11911923438310623 -0.11911923438310623 -0.11911923438310623 -0.11911923438310623 -0.11911923438310623 -0.17724540829658508 -0.11911923438310623 -0.11911923438310623 -0.2394893914461136 -0.2433082014322281 -0.11911923438310623 -0.21164563298225403 -0.10697481781244278 -0.11911923438310623 -0.16688087582588196 -0.11911923438310623 -0.11911923438310623 -0.11911923438310623 -0.10697481781244278 -0.10697481781244278 -0.11911923438310623 -0.08890655636787415 -0.07932685315608978 -0.02686384879052639 -0.010030184872448444 -0.004571062512695789 -0.002116741146892309 -0.0024467066396027803 -0.0032515961211174726 -0.002891838550567627 -0.0020132253412157297 -0.0017597872065380216 -0.0010840074392035604 -0.0017385059036314487 -0.0017342789797112346 -0.0016122423112392426 -0.0013616342330351472 -0.0010840074392035604 -0.0012182033387944102
-0.1598788946866989 -0.1598788946866989 -0.1598788946866989 -0.1598788946866989 -0.16107091307640076 -0.1598788946866989 -0.11911923438310623 -0.28485366702079773 -0.1598788946866989 -0.11911923438310623 -0.11911923438310623 -0.16107091307640076 -0.11911923438310623 -0.10697481781244278 -0.16107091307640076 -0.11911923438310623 -0.15655846893787384 -0.15089713037014008 -0.15100987255573273 -0.10697481781244278 -0.10697481781244278 -0.1251295506954193 -0.08890655636787415 -0.07932685315608978 -0.02686384879052639 -0.010030184872448444 -0.004571062512695789 -0.002116741146892309 -0.0024467066396027803 -0.0032515961211174726 -0.002891838550567627 -0.0020132253412157297 -0.0017597872065380216 -0.0010840074392035604 -0.0017385059036314487 -0.0017342789797112346 -0.0016122423112392426 -0.0013616342330351472 -0.0010840074392035604 -0.0012182033387944102
-0.11911923438310623 -0.11911923438310623 -0.11911923438310623 -0.11911923438310623 -0.11911923438310623 -0.11911923438310623 -0.17724540829658508 -0.11911923438310623 -0.11911923438310623 -0.21164563298225403 -0.21164563298225403 -0.11911923438310623 -0.23170404136180878 -0.10697481781244278 -0.11911923438310623 -0.16688087582588196 -0.11911923438310623 -0.11911923438310623 -0.11911923438310623 -0.10697481781244278 -0.10697481781244278 -0.11911923438310623 -0.08890655636787415 -0.07932685315608978 -0.02686384879052639 -0.010030184872448444 -0.004571062512695789 -0.002116741146892309 -0.0024467066396027803 -0.0032515961211174726 -0.002891838550567627 -0.0020132253412157297 -0.0017597872065380216 -0.0010840074392035604 -0.0017385059036314487 -0.0017342789797112346 -0.0016122423112392426 -0.0013616342330351472 -0.0010840074392035604 -0.0012182033387944102
-0.11911923438310623 -0.11911923438310623 -0.11911923438310623 -0.11911923438310623 -0.11911923438310623 -0.11911923438310623 -0.16688087582588196 -0.11911923438310623 -0.11911923438310623 -0.16688087582588196 -0.16688087582588196 -0.11911923438310623 -0.16688087582588196 -0.10697481781244278 -0.11911923438310623 -0.17596115171909332 -0.11911923438310623 -0.11911923438310623 -0.11911923438310623 -0.10697481781244278 -0.10697481781244278 -0.11911923438310623 -0.08890655636787415 -0.07932685315608978 -0.02686384879052639 -0.010030184872448444 -0.004571062512695789 -0.002116741146892309 -0.0024467066396027803 -0.0032515961211174726 -0.002891838550567627 -0.0020132253412157297 -0.0017597872065380216 -0.0010840074392035604 -0.0017385059036314487 -0.0017342789797112346 -0.0016122423112392426 -0.0013616342330351472 -0.0010840074392035604 -0.0012182033387944102
-0.15655846893787384 -0.15655846893787384 -0.15655846893787384 -0.15655846893787384 -0.15655846893787384 -0.15655846893787384 -0.11911923438310623 -0.15655846893787384 -0.15655846893787384 -0.11911923438310623 -0.11911923438310623 -0.15655846893787384 -0.11911923438310623 -0.10697481781244278 -0.15655846893787384 -0.11911923438310623 -0.15655846893787384 -0.15089713037014008 -0.15100987255573273 -0.10697481781244278 -0.10697481781244278 -0.1251295506954193 -0.08890655636787415 -0.07932685315608978 -0.02686384879052639 -0.010030184872448444 -0.004571062512695789 -0.002116741146892309 -0.0024467066396027803 -0.0032515961211174726 -0.002891838550567627 -0.0020132253412157297 -0.0017597872065380216 -0.0010840074392035604 -0.0017385059036314487 -0.0017342789797112346 -0.0016122423112392426 -0.0013616342330351472 -0.0010840074392035604 -0.0012182033387944102
-0.1598788946866989 -0.1598788946866989 -0.1598788946866989 -0.1598788946866989 -0.1598788946866989 -0.1598788946866989 -0.11911923438310623 -0.1598788946866989 -0.1598788946866989 -0.11911923438310623 -0.11911923438310623 -0.1598788946866989 -0.11911923438310623 -0.10697481781244278 -0.1598788946866989 -0.11911923438310623 -0.15655846893787384 -0.15089713037014008 -0.15100987255573273 -0.10697481781244278 -0.10697481781244278 -0.1251295506954193 -0.08890655636787415 -0.07932685315608978 -0.02686384879052639 -0.010030184872448444 -0.004571062512695789 -0.002116741146892309 -0.0024467066396027803 -0.0032515961211174726 -0.002891838550567627 -0.0020132253412157297 -0.0017597872065380216 -0.0010840074392035604 -0.0017385059036314487 -0.0017342789797112346 -0.0016122423112392426 -0.0013616342330351472 -0.0010840074392035604 -0.0012182033387944102
-0.1598788946866989 -0.1598788946866989 -0.1598788946866989 -0.1598788946866989 -0.22426174581050873 -0.1598788946866989 -0.11911923438310623 -0.16107091307640076 -0.1598788946866989 -0.11911923438310623 -0.11911923438310623 -0.2360001802444458 -0.11911923438310623 -0.10697481781244278 -0.2037186622619629 -0.11911923438310623 -0.15655846893787384 -0.15089713037014008 -0.15100987255573273 -0.10697481781244278 -0.10697481781244278 -0.1251295506954193 -0.08890655636787415 -0.07932685315608978 -0.02686384879052639 -0.010030184872448444 -0.004571062512695789 -0.002116741146892309 -0.0024467066396027803 -0.0032515961211174726 -0.002891838550567627 -0.0020132253412157297 -0.0017597872065380216 -0.0010840074392035604 -0.0017385059036314487 -0.0017342789797112346 -0.0016122423112392426 -0.0013616342330351472 -0.0010840074392035604 -0.0012182033387944102
-0.1598788946866989 -0.1598788946866989 -0.1598788946866989 -0.1598788946866989 -0.2334882616996765 -0.1598788946866989 -0.11911923438310623 -0.16107091307640076 -0.1598788946866989 -0.11911923438310623 -0.11911923438310623 -0.22426174581050873 -0.11911923438310623 -0.10697481781244278 -0.2037186622619629 -0.11911923438310623 -0.15655846893787384 -0.15089713037014008 -0.15100987255573273 -0.10697481781244278 -0.10697481781244278 -0.1251295506954193 -0.08890655636787415 -0.07932685315608978 -0.02686384879052639 -0.010030184872448444 -0.004571062512695789 -0.002116741146892309 -0.0024467066396027803 -0.0032515961211174726 -0.002891838550567627 -0.0020132253412157297 -0.0017597872065380216 -0.0010840074392035604 -0.0017385059036314487 -0.0017342789797112346 -0.0016122423112392426 -0.0013616342330351472 -0.0010840074392035604 -0.0012182033387944102
-0.1598788946866989 -0.1598788946866989 -0.1598788946866989 -0.1598788946866989 -0.22338610887527466 -0.1598788946866989 -0.11911923438310623 -0.16107091307640076 -0.1598788946866989 -0.11911923438310623 -0.11911923438310623 -0.22338610887527466 -0.11911923438310623 -0.10697481781244278 -0.2037186622619629 -0.11911923438310623 -0.15655846893787384 -0.15089713037014008 -0.15100987255573273 -0.10697481781244278 -0.10697481781244278 -0.1251295506954193 -0.08890655636787415 -0.07932685315608978 -0.02686384879052639 -0.010030184872448444 -0.004571062512695789 -0.002116741146892309 -0.0024467066396027803 -0.0032515961211174726 -0.002891838550567627 -0.0020132253412157297 -0.0017597872065380216 -0.0010840074392035604 -0.0017385059036314487 -0.0017342789797112346 -0.0016122423112392426 -0.0013616342330351472 -0.0010840074392035604 -0.0012182033387944102
-0.1598788946866989 -0.1598788946866989 -0.1598788946866989 -0.1598788946866989 -0.22234123945236206 -0.1598788946866989 -0.11911923438310623 -0.16107091307640076 -0.1598788946866989 -0.11911923438310623 -0.11911923438310623 -0.22234123945236206 -0.11911923438310623 -0.10697481781244278 -0.2037186622619629 -0.11911923438310623 -0.15655846893787384 -0.15089713037014008 -0.15100987255573273 -0.10697481781244278 -0.10697481781244278 -0.1251295506954193 -0.08890655636787415 -0.07932685315608978 -0.02686384879052639 -0.010030184872448444 -0.004571062512695789 -0.002116741146892309 -0.0024467066396027803 -0.0032515961211174726 -0.002891838550567627 -0.0020132253412157297 -0.0017597872065380216 -0.0010840074392035604 -0.0017385059036314487 -0.0017342789797112346 -0.0016122423112392426 -0.0013616342330351472 -0.0010840074392035604 -0.0012182033387944102
-0.10697481781244278 -0.10697481781244278 -0.10697481781244278 -0.10697481781244278 -0.10697481781244278 -0.10697481781244278 -0.10697481781244278 -0.10697481781244278 -0.10697481781244278 -0.10697481781244278 -0.10697481781244278 -0.10697481781244278 -0.10697481781244278 -0.10697481781244278 -0.10697481781244278 -0.10697481781244278 -0.10697481781244278 -0.10697481781244278 -0.10697481781244278 -0.10697481781244278 -0.10697481781244278 -0.10697481781244278 -0.08890655636787415 -0.07932685315608978 -0.02686384879052639 -0.010030184872448444 -0.004571062512695789 -0.002116741146892309 -0.0024467066396027803 -0.0032515961211174726 -0.002891838550567627 -0.0020132253412157297 -0.0017597872065380216 -0.0010840074392035604 -0.0017385059036314487 -0.0017342789797112346 -0.0016122423112392426 -0.0013616342330351472 -0.0010840074392035604 -0.0012182033387944102
-0.10697481781244278 -0.10697481781244278 -0.10697481781244278 -0.10697481781244278 -0.10697481781244278 -0.10697481781244278 -0.10697481781244278 -0.10697481781244278 -0.10697481781244278 -0.10697481781244278 -0.10697481781244278 -0.10697481781244278 -0.10697481781244278 -0.10697481781244278 -0.10697481781244278 -0.10697481781244278 -0.10697481781244278 -0.10697481781244278 -0.10697481781244278 -0.10697481781244278 -0.10697481781244278 -0.10697481781244278 -0.08890655636787415 -0.07932685315608978 -0.02686384879052639 -0.010030184872448444 -0.004571062512695789 -0.002116741146892309 -0.0024467066396027803 -0.0032515961211174726 -0.002891838550567627 -0.0020132253412157297 -0.0017597872065380216 -0.0010840074392035604 -0.0017385059036314487 -0.0017342789797112346 -0.0016122423112392426 -0.0013616342330351472 -0.0010840074392035604 -0.0012182033387944102
-0.10697481781244278 -0.10697481781244278 -0.10697481781244278 -0.10697481781244278 -0.10697481781244278 -0.10697481781244278 -0.10697481781244278 -0.10697481781244278 -0.10697481781244278 -0.10697481781244278 -0.10697481781244278 -0.10697481781244278 -0.10697481781244278 -0.10697481781244278 -0.10697481781244278 -0.10697481781244278 -0.10697481781244278 -0.10697481781244278 -0.10697481781244278 -0.10697481781244278 -0.10697481781244278 -0.10697481781244278 -0.08890655636787415 -0.07932685315608978 -0.02686384879052639 -0.010030184872448444 -0.004571062512695789 -0.002116741146892309 -0.0024467066396027803 -0.0032515961211174726 -0.002891838550567627 -0.0020132253412157297 -0.0017597872065380216 -0.0010840074392035604 -0.0017385059036314487 -0.0017342789797112346 -0.0016122423112392426 -0.0013616342330351472 -0.0010840074392035604 -0.0012182033387944102
-0.08890655636787415 -0.08890655636787415 -0.08890655636787415 -0.08890655636787415 -0.08890655636787415 -0.08890655636787415 -0.08890655636787415 -0.08890655636787415 -0.08890655636787415 -0.08890655636787415 -0.08890655636787415 -0.08890655636787415 -0.08890655636787415 -0.08890655636787415 -0.08890655636787415 -0.08890655636787415 -0.08890655636787415 -0.08890655636787415 -0.08890655636787415 -0.08890655636787415 -0.08890655636787415 -0.08890655636787415 -0.08890655636787415 -0.07932685315608978 -0.02686384879052639 -0.010030184872448444 -0.004571062512695789 -0.002116741146892309 -0.0024467066396027803 -0.0032515961211174726 -0.002891838550567627 -0.0020132253412157297 -0.0017597872065380216 -0.0010840074392035604 -0.0017385059036314487 -0.0017342789797112346 -0.0016122423112392426 -0.0013616342330351472 -0.0010840074392035604 -0.0012182033387944102
-0.07932685315608978 -0.07932685315608978 -0.07932685315608978 -0.07932685315608978 -0.07932685315608978 -0.07932685315608978 -0.07932685315608978 -0.07932685315608978 -0.07932685315608978 -0.07932685315608978 -0.07932685315608978 -0.07932685315608978 -0.07932685315608978 -0.07932685315608978 -0.07932685315608978 -0.07932685315608978 -0.07932685315608978 -0.07932685315608978 -0.07932685315608978 -0.07932685315608978 -0.07932685315608978 -0.07932685315608978 -0.07932685315608978 -0.07932685315608978 -0.02686384879052639 -0.010030184872448444 -0.004571062512695789 -0.002116741146892309 -0.0024467066396027803 -0.0032515961211174726 -0.002891838550567627 -0.0020132253412157297 -0.0017597872065380216 -0.0010840074392035604 -0.0017385059036314487 -0.0017342789797112346 -0.0016122423112392426 -0.0013616342330351472 -0.0010840074392035604 -0.0012182033387944102
-0.10697481781244278 -0.10697481781244278 -0.10697481781244278 -0.10697481781244278 -0.10697481781244278 -0.10697481781244278 -0.10697481781244278 -0.10697481781244278 -0.10697481781244278 -0.10697481781244278 -0.10697481781244278 -0.10697481781244278 -0.10697481781244278 -0.11695349216461182 -0.10697481781244278 -0.10697481781244278 -0.10697481781244278 -0.10697481781244278 -0.10697481781244278 -0.11695349216461182 -0.11695349216461182 -0.10697481781244278 -0.08890655636787415 -0.07932685315608978 -0.02686384879052639 -0.010030184872448444 -0.004571062512695789 -0.002116741146892309 -0.0024467066396027803 -0.0032515961211174726 -0.002891838550567627 -0.0020132253412157297 -0.0017597872065380216 -0.0010840074392035604 -0.0017385059036314487 -0.0017342789797112346 -0.0016122423112392426 -0.0013616342330351472 -0.0010840074392035604 -0.0012182033387944102
-0.08015865832567215 -0.08015865832567215 -0.08015865832567215 -0.08015865832567215 -0.08015865832567215 -0.08015865832567215 -0.08015865832567215 -0.08015865832567215 -0.08015865832567215 -0.08015865832567215 -0.08015865832567215 -0.08015865832567215 -0.08015865832567215 -0.08015865832567215 -0.08015865832567215 -0.08015865832567215 -0.08015865832567215 -0.08015865832567215 -0.08015865832567215 -0.08015865832567215 -0.08015865832567215 -0.08015865832567215 -0.08015865832567215 -0.07932685315608978 -0.02686384879052639 -0.010030184872448444 -0.004571062512695789 -0.002116741146892309 -0.0024467066396027803 -0.0032515961211174726 -0.002891838550567627 -0.0020132253412157297 -0.0017597872065380216 -0.0010840074392035604 -0.0017385059036314487 -0.0017342789797112346 -0.0016122423112392426 -0.0013616342330351472 -0.0010840074392035604 -0.0012182033387944102
-0.06708177924156189 -0.06708177924156189 -0.06708177924156189 -0.06708177924156189 -0.06708177924156189 -0.06708177924156189 -0.06708177924156189 -0.06708177924156189 -0.06708177924156189 -0.06708177924156189 -0.06708177924156189 -0.06708177924156189 -0.06708177924156189 -0.06708177924156189 -0.06708177924156189 -0.06708177924156189 -0.06708177924156189 -0.06708177924156189 -0.06708177924156189 -0.06708177924156189 -0.06708177924156189 -0.06708177924156189 -0.06708177924156189 -0.06708177924156189 -0.02686384879052639 -0.010030184872448444 -0.004571062512695789 -0.002116741146892309 -0.0024467066396027803 -0.0032515961211174726 -0.002891838550567627 -0.0020132253412157297 -0.0017597872065380216 -0.0010840074392035604 -0.0017385059036314487 -0.0017342789797112346 -0.0016122423112392426 -0.0013616342330351472 -0.0010840074392035604 -0.0012182033387944102
-0.05907215550541878 -0.05907215550541878 -0.05907215550541878 -0.05907215550541878 -0.05907215550541878 -0.05907215550541878 -0.05907215550541878 -0.05907215550541878 -0.05907215550541878 -0.05907215550541878 -0.05907215550541878 -0.05907215550541878 -0.05907215550541878 -0.05907215550541878 -0.05907215550541878 -0.05907215550541878 -0.05907215550541878 -0.05907215550541878 -0.05907215550541878 -0.05907215550541878 -0.05907215550541878 -0.05907215550541878 -0.05907215550541878 -0.05907215550541878 -0.02686384879052639 -0.010030184872448444 -0.004571062512695789 -0.002116741146892309 -0.0024467066396027803 -0.0032515961211174726 -0.002891838550567627 -0.0020132253412157297 -0.0017597872065380216 -0.0010840074392035604 -0.0017385059036314487 -0.0017342789797112346 -0.0016122423112392426 -0.0013616342330351472 -0.0010840074392035604 -0.0012182033387944102
-0.05889364331960678 -0.05889364331960678 -0.05889364331960678 -0.05889364331960678 -0.05889364331960678 -0.05889364331960678 -0.05889364331960678 -0.05889364331960678 -0.05889364331960678 -0.05889364331960678 -0.05889364331960678 -0.05889364331960678 -0.05889364331960678 -0.05889364331960678 -0.05889364331960678 -0.05889364331960678 -0.05889364331960678 -0.05889364331960678 -0.05889364331960678 -0.05889364331960678 -0.05889364331960678 -0.05889364331960678 -0.05889364331960678 -0.05889364331960678 -0.02686384879052639 -0.010030184872448444 -0.004571062512695789 -0.002116741146892309 -0.0024467066396027803 -0.0032515961211174726 -0.002891838550567627 -0.0020132253412157297 -0.0017597872065380216 -0.0010840074392035604 -0.0017385059036314487 -0.0017342789797112346 -0.0016122423112392426 -0.0013616342330351472 -0.0010840074392035604 -0.0012182033387944102
-0.0581037737429142 -0.0581037737429142 -0.0581037737429142 -0.0581037737429142 -0.0581037737429142 -0.0581037737429142 -0.0581037737429142 -0.0581037737429142 -0.0581037737429142 -0.0581037737429142 -0.0581037737429142 -0.0581037737429142 -0.0581037737429142 -0.0581037737429142 -0.0581037737429142 -0.0581037737429142 -0.0581037737429142 -0.0581037737429142 -0.0581037737429142 -0.0581037737429142 -0.0581037737429142 -0.0581037737429142 -0.0581037737429142 -0.0581037737429142 -0.02686384879052639 -0.010030184872448444 -0.004571062512695789 -0.002116741146892309 -0.0024467066396027803 -0.0032515961211174726 -0.002891838550567627 -0.0020132253412157297 -0.0017597872065380216 -0.0010840074392035604 -0.0017385059036314487 -0.0017342789797112346 -0.0016122423112392426 -0.0013616342330351472 -0.0010840074392035604 -0.0012182033387944102
-0.05561671033501625 -0.05561671033501625 -0.05561671033501625 -0.05561671033501625 -0.05561671033501625 -0.05561671033501625 -0.05561671033501625 -0.05561671033501625 -0.05561671033501625 -0.05561671033501625 -0.05561671033501625 -0.05561671033501625 -0.05561671033501625 -0.05561671033501625 -0.05561671033501625 -0.05561671033501625 -0.05561671033501625 -0.05561671033501625 -0.05561671033501625 -0.05561671033501625 -0.05561671033501625 -0.05561671033501625 -0.05561671033501625 -0.05561671033501625 -0.02686384879052639 -0.010030184872448444 -0.004571062512695789 -0.002116741146892309 -0.0024467066396027803 -0.0032515961211174726 -0.002891838550567627 -0.0020132253412157297 -0.0017597872065380216 -0.0010840074392035604 -0.0017385059036314487 -0.0017342789797112346 -0.0016122423112392426 -0.0013616342330351472 -0.0010840074392035604 -0.0012182033387944102
-0.054185956716537476 -0.054185956716537476 -0.054185956716537476 -0.054185956716537476 -0.054185956716537476 -0.054185956716537476 -0.054185956716537476 -0.054185956716537476 -0.054185956716537476 -0.054185956716537476 -0.054185956716537476 -0.054185956716537476 -0.054185956716537476 -0.054185956716537476 -0.054185956716537476 -0.054185956716537476 -0.054185956716537476 -0.054185956716537476 -0.054185956716537476 -0.054185956716537476 -0.054185956716537476 -0.054185956716537476 -0.054185956716537476 -0.054185956716537476 -0.02686384879052639 -0.010030184872448444 -0.004571062512695789 -0.002116741146892309 -0.0024467066396027803 -0.0032515961211174726 -0.002891838550567627 -0.0020132253412157297 -0.0017597872065380216 -0.0010840074392035604 -0.0017385059036314487 -0.0017342789797112346 -0.0016122423112392426 -0.0013616342330351472 -0.0010840074392035604 -0.0012182033387944102
-0.020690811797976494 -0.020690811797976494 -0.020690811797976494 -0.020690811797976494 -0.020690811797976494 -0.020690811797976494 -0.020690811797976494 -0.020690811797976494 -0.020690811797976494 -0.020690811797976494 -0.020690811797976494 -0.020690811797976494 -0.020690811797976494 -0.020690811797976494 -0.020690811797976494 -0.020690811797976494 -0.020690811797976494 -0.020690811797976494 -0.020690811797976494 -0.020690811797976494 -0.020690811797976494 -0.020690811797976494 -0.020690811797976494 -0.020690811797976494 -0.020690811797976494 -0.010030184872448444 -0.004571062512695789 -0.002116741146892309 -0.0024467066396027803 -0.0032515961211174726 -0.002891838550567627 -0.0020132253412157297 -0.0017597872065380216 -0.0010840074392035604 -0.0017385059036314487 -0.0017342789797112346 -0.0016122423112392426 -0.0013616342330351472 -0.0010840074392035604 -0.0012182033387944102
-0.019370628520846367 -0.019370628520846367 -0.019370628520846367 -0.019370628520846367 -0.019370628520846367 -0.019370628520846367 -0.019370628520846367 -0.019370628520846367 -0.019370628520846367 -0.019370628520846367 -0.019370628520846367 -0.019370628520846367 -0.019370628520846367 -0.019370628520846367 -0.019370628520846367 -0.019370628520846367 -0.019370628520846367 -0.019370628520846367 -0.019370628520846367 -0.019370628520846367 -0.019370628520846367 -0.019370628520846367 -0.019370628520846367 -0.019370628520846367 -0.019370628520846367 -0.010030184872448444 -0.004571062512695789 -0.002116741146892309 -0.0024467066396027803 -0.0032515961211174726 -0.002891838550567627 -0.0020132253412157297 -0.0017597872065380216 -0.0010840074392035604 -0.0017385059036314487 -0.0017342789797112346 -0.0016122423112392426 -0.0013616342330351472 -0.0010840074392035604 -0.0012182033387944102
-0.01706777699291706 -0.01706777699291706 -0.01706777699291706 -0.01706777699291706 -0.01706777699291706 -0.01706777699291706 -0.01706777699291706 -0.01706777699291706 -0.01706777699291706 -0.01706777699291706 -0.01706777699291706 -0.01706777699291706 -0.01706777699291706 -0.01706777699291706 -0.01706777699291706 -0.01706777699291706 -0.01706777699291706 -0.01706777699291706 -0.01706777699291706 -0.01706777699291706 -0.01706777699291706 -0.01706777699291706 -0.01706777699291706 -0.01706777699291706 -0.01706777699291706 -0.010030184872448444 -0.004571062512695789 -0.002116741146892309 -0.0024467066396027803 -0.0032515961211174726 -0.002891838550567627 -0.0020132253412157297 -0.0017597872065380216 -0.0010840074392035604 -0.0017385059036314487 -0.0017342789797112346 -0.0016122423112392426 -0.0013616342330351472 -0.0010840074392035604 -0.0012182033387944102
-0.002116741146892309 -0.002116741146892309 -0.002116741146892309 -0.002116741146892309 -0.002116741146892309 -0.002116741146892309 -0.002116741146892309 -0.002116741146892309 -0.002116741146892309 -0.002116741146892309 -0.002116741146892309 -0.002116741146892309 -0.002116741146892309 -0.002116741146892309 -0.002116741146892309 -0.002116741146892309 -0.002116741146892309 -0.002116741146892309 -0.002116741146892309 -0.002116741146892309 -0.002116741146892309 -0.002116741146892309 -0.002116741146892309 -0.002116741146892309 -0.002116741146892309 -0.002116741146892309 -0.002116741146892309 -0.004449634347110987 -0.002116741146892309 -0.002116741146892309 -0.002116741146892309 -0.0020132253412157297 -0.0017597872065380216 -0.0010840074392035604 -0.0017385059036314487 -0.0017342789797112346 -0.0016122423112392426 -0.0013616342330351472 -0.0010840074392035604 -0.0012182033387944102
-0.007142449729144573 -0.007142449729144573 -0.007142449729144573 -0.007142449729144573 -0.007142449729144573 -0.007142449729144573 -0.007142449729144573 -0.007142449729144573 -0.007142449729144573 -0.007142449729144573 -0.007142449729144573 -0.007142449729144573 -0.007142449729144573 -0.007142449729144573 -0.007142449729144573 -0.007142449729144573 -0.007142449729144573 -0.007142449729144573 -0.007142449729144573 -0.007142449729144573 -0.007142449729144573 -0.007142449729144573 -0.007142449729144573 -0.007142449729144573 -0.007142449729144573 -0.007142449729144573 -0.004571062512695789 -0.002116741146892309 -0.0024467066396027803 -0.0032515961211174726 -0.002891838550567627 -0.0020132253412157297 -0.0017597872065380216 -0.0010840074392035604 -0.0017385059036314487 -0.0017342789797112346 -0.0016122423112392426 -0.0013616342330351472 -0.0010840074392035604 -0.0012182033387944102
-0.0024467066396027803 -0.0024467066396027803 -0.0024467066396027803 -0.0024467066396027803 -0.0024467066396027803 -0.0024467066396027803 -0.0024467066396027803 -0.0024467066396027803 -0.0024467066396027803 -0.0024467066396027803 -0.0024467066396027803 -0.0024467066396027803 -0.0024467066396027803 -0.0024467066396027803 -0.0024467066396027803 -0.0024467066396027803 -0.0024467066396027803 -0.0024467066396027803 -0.0024467066396027803 -0.0024467066396027803 -0.0024467066396027803 -0.0024467066396027803 -0.0024467066396027803 -0.0024467066396027803 -0.0024467066396027803 -0.0024467066396027803 -0.0024467066396027803 -0.002116741146892309 -0.004005875904113054 -0.0024467066396027803 -0.0024467066396027803 -0.0020132253412157297 -0.0017597872065380216 -0.0010840074392035604 -0.0017385059036314487 -0.0017342789797112346 -0.0016122423112392426 -0.0013616342330351472 -0.0010840074392035604 -0.0012182033387944102
-0.003998737782239914 -0.003998737782239914 -0.003998737782239914 -0.003998737782239914 -0.003998737782239914 -0.003998737782239914 -0.003998737782239914 -0.003998737782239914 -0.003998737782239914 -0.003998737782239914 -0.003998737782239914 -0.003998737782239914 -0.003998737782239914 -0.003998737782239914 -0.003998737782239914 -0.003998737782239914 -0.003998737782239914 -0.003998737782239914 -0.003998737782239914 -0.003998737782239914 -0.003998737782239914 -0.003998737782239914 -0.003998737782239914 -0.003998737782239914 -0.003998737782239914 -0.003998737782239914 -0.003998737782239914 -0.002116741146892309 -0.0024467066396027803 -0.0032515961211174726 -0.002891838550567627 -0.0020132253412157297 -0.0017597872065380216 -0.0010840074392035604 -0.0017385059036314487 -0.0017342789797112346 -0.0016122423112392426 -0.0013616342330351472 -0.0010840074392035604 -0.0012182033387944102
-0.0020132253412157297 -0.0020132253412157297 -0.0020132253412157297 -0.0020132253412157297 -0.0020132253412157297 -0.0020132253412157297 -0.0020132253412157297 -0.0020132253412157297 -0.0020132253412157297 -0.0020132253412157297 -0.0020132253412157297 -0.0020132253412157297 -0.0020132253412157297 -0.0020132253412157297 -0.0020132253412157297 -0.0020132253412157297 -0.0020132253412157297 -0.0020132253412157297 -0.0020132253412157297 -0.0020132253412157297 -0.0020132253412157297 -0.0020132253412157297 -0.0020132253412157297 -0.0020132253412157297 -0.0020132253412157297 -0.0020132253412157297 -0.0020132253412157297 -0.0020132253412157297 -0.0020132253412157297 -0.0020132253412157297 -0.0020132253412157297 -0.0021474992390722036 -0.0017597872065380216 -0.0010840074392035604 -0.0017385059036314487 -0.0017342789797112346 -0.0016122423112392426 -0.0013616342330351472 -0.0010840074392035604 -0.0012182033387944102
-0.0010840074392035604 -0.0010840074392035604 -0.0010840074392035604 -0.0010840074392035604 -0.0010840074392035604 -0.0010840074392035604 -0.0010840074392035604 -0.0010840074392035604 -0.0010840074392035604 -0.0010840074392035604 -0.0010840074392035604 -0.0010840074392035604 -0.0010840074392035604 -0.0010840074392035604 -0.0010840074392035604 -0.0010840074392035604 -0.0010840074392035604 -0.0010840074392035604 -0.0010840074392035604 -0.0010840074392035604 -0.0010840074392035604 -0.0010840074392035604 -0.0010840074392035604 -0.0010840074392035604 -0.0010840074392035604 -0.0010840074392035604 -0.0010840074392035604 -0.0010840074392035604 -0.0010840074392035604 -0.0010840074392035604 -0.0010840074392035604 -0.0010840074392035604 -0.0010840074392035604 -0.0011371708242222667 -0.0010840074392035604 -0.0010840074392035604 -0.0010840074392035604 -0.0010840074392035604 -0.001355901942588389 -0.0010840074392035604
-0.0010840074392035604 -0.0010840074392035604 -0.0010840074392035604 -0.0010840074392035604 -0.0010840074392035604 -0.0010840074392035604 -0.0010840074392035604 -0.0010840074392035604 -0.0010840074392035604 -0.0010840074392035604 -0.0010840074392035604 -0.0010840074392035604 -0.0010840074392035604 -0.0010840074392035604 -0.0010840074392035604 -0.0010840074392035604 -0.0010840074392035604 -0.0010840074392035604 -0.0010840074392035604 -0.0010840074392035604 -0.0010840074392035604 -0.0010840074392035604 -0.0010840074392035604 -0.0010840074392035604 -0.0010840074392035604 -0.0010840074392035604 -0.0010840074392035604 -0.0010840074392035604 -0.0010840074392035604 -0.0010840074392035604 -0.0010840074392035604 -0.0010840074392035604 -0.0010840074392035604 -0.001360844587907195 -0.0010840074392035604 -0.0010840074392035604 -0.0010840074392035604 -0.0010840074392035604 -0.0011371708242222667 -0.0010840074392035604
-0.0010840074392035604 -0.0010840074392035604 -0.0010840074392035604 -0.0010840074392035604 -0.0010840074392035604 -0.0010840074392035604 -0.0010840074392035604 -0.0010840074392035604 -0.0010840074392035604 -0.0010840074392035604 -0.0010840074392035604 -0.0010840074392035604 -0.0010840074392035604 -0.0010840074392035604 -0.0010840074392035604 -0.0010840074392035604 -0.0010840074392035604 -0.0010840074392035604 -0.0010840074392035604 -0.0010840074392035604 -0.0010840074392035604 -0.0010840074392035604 -0.0010840074392035604 -0.0010840074392035604 -0.0010840074392035604 -0.0010840074392035604 -0.0010840074392035604 -0.0010840074392035604 -0.0010840074392035604 -0.0010840074392035604 -0.0010840074392035604 -0.0010840074392035604 -0.0010840074392035604 -0.0013595217606052756 -0.0010840074392035604 -0.0010840074392035604 -0.0010840074392035604 -0.0010840074392035604 -0.0011371708242222667 -0.0010840074392035604