-0.5566901564598083 -0.5135712027549744 -0.45049214363098145 -0.45049214363098145 -0.3516891598701477 -0.18790216743946075 -0.18790216743946075 -0.1275186538696289 -0.1275186538696289 -0.1275186538696289 -0.1275186538696289 -0.1275186538696289 -0.2925999164581299 -0.1829623579978943 -0.18790216743946075 -0.1829623579978943 -0.18790216743946075 -0.1275186538696289 -0.1275186538696289 -0.1275186538696289 -0.18790216743946075 -0.11387056112289429 -0.11387056112289429 -0.14319483935832977 -0.1275186538696289 -0.12359347194433212 -0.08638069033622742 -0.08638069033622742 -0.0688323900103569 -0.07324295490980148 -0.04665679857134819 -0.004573935642838478 -0.0026207820046693087 -0.0011911147739738226 -0.0018653590232133865 -0.0018743579275906086 -0.0014714781427755952 -0.0009918218711391091 -0.000735043897293508 -0.0008998595294542611 -0.0006738962256349623 -0.0009918218711391091 -0.0009426274336874485 -0.0009517124854028225 -0.0008839037618599832 -0.0007633605855517089 -0.0005858420627191663
-0.45049214363098145 -0.45049214363098145 -0.5206067562103271 -0.5206067562103271 -0.3516891598701477 -0.18790216743946075 -0.18790216743946075 -0.1275186538696289 -0.1275186538696289 -0.1275186538696289 -0.1275186538696289 -0.1275186538696289 -0.2925999164581299 -0.1829623579978943 -0.18790216743946075 -0.1829623579978943 -0.18790216743946075 -0.1275186538696289 -0.1275186538696289 -0.1275186538696289 -0.18790216743946075 -0.11387056112289429 -0.11387056112289429 -0.14319483935832977 -0.1275186538696289 -0.12359347194433212 -0.08638069033622742 -0.08638069033622742 -0.0688323900103569 -0.07324295490980148 -0.04665679857134819 -0.004573935642838478 -0.0026207820046693087 -0.0011911147739738226 -0.0018653590232133865 -0.0018743579275906086 -0.0014714781427755952 -0.0009918218711391091 -0.000735043897293508 -0.0008998595294542611 -0.0006738962256349623 -0.0009918218711391091 -0.0009426274336874485 -0.0009517124854028225 -0.0008839037618599832 -0.0007633605855517089 -0.0005858420627191663
-0.45049214363098145 -0.45049214363098145 -0.5206067562103271 -0.5206067562103271 -0.3516891598701477 -0.18790216743946075 -0.18790216743946075 -0.1275186538696289 -0.1275186538696289 -0.1275186538696289 -0.1275186538696289 -0.1275186538696289 -0.2925999164581299 -0.1829623579978943 -0.18790216743946075 -0.1829623579978943 -0.18790216743946075 -0.1275186538696289 -0.1275186538696289 -0.1275186538696289 -0.18790216743946075 -0.11387056112289429 -0.11387056112289429 -0.14319483935832977 -0.1275186538696289 -0.12359347194433212 -0.08638069033622742 -0.08638069033622742 -0.0688323900103569 -0.07324295490980148 -0.04665679857134819 -0.004573935642838478 -0.0026207820046693087 -0.0011911147739738226 -0.0018653590232133865 -0.0018743579275906086 -0.0014714781427755952 -0.0009918218711391091 -0.000735043897293508 -0.0008998595294542611 -0.0006738962256349623 -0.0009918218711391091 -0.0009426274336874485 -0.0009517124854028225 -0.0008839037618599832 -0.0007633605855517089 -0.0005858420627191663
-0.2925999164581299 -0.2925999164581299 -0.2925999164581299 -0.2925999164581299 -0.2925999164581299 -0.18790216743946075 -0.18790216743946075 -0.1275186538696289 -0.1275186538696289 -0.1275186538696289 -0.1275186538696289 -0.1275186538696289 -0.2925999164581299 -0.1829623579978943 -0.18790216743946075 -0.1829623579978943 -0.18790216743946075 -0.1275186538696289 -0.1275186538696289 -0.1275186538696289 -0.18790216743946075 -0.11387056112289429 -0.11387056112289429 -0.14319483935832977 -0.1275186538696289 -0.12359347194433212 -0.08638069033622742 -0.08638069033622742 -0.0688323900103569 -0.07324295490980148 -0.04665679857134819 -0.004573935642838478 -0.0026207820046693087 -0.0011911147739738226 -0.0018653590232133865 -0.0018743579275906086 -0.0014714781427755952 -0.0009918218711391091 -0.000735043897293508 -0.0008998595294542611 -0.0006738962256349623 -0.0009918218711391091 -0.0009426274336874485 -0.0009517124854028225 -0.0008839037618599832 -0.0007633605855517089 -0.0005858420627191663
-0.3516891598701477 -0.3516891598701477 -0.3516891598701477 -0.3516891598701477 -0.3963709771633148 -0.18790216743946075 -0.18790216743946075 -0.1275186538696289 -0.1275186538696289 -0.1275186538696289 -0.1275186538696289 -0.1275186538696289 -0.2925999164581299 -0.1829623579978943 -0.18790216743946075 -0.1829623579978943 -0.18790216743946075 -0.1275186538696289 -0.1275186538696289 -0.1275186538696289 -0.18790216743946075 -0.11387056112289429 -0.11387056112289429 -0.14319483935832977 -0.1275186538696289 -0.12359347194433212 -0.08638069033622742 -0.08638069033622742 -0.0688323900103569 -0.07324295490980148 -0.04665679857134819 -0.004573935642838478 -0.0026207820046693087 -0.0011911147739738226 -0.0018653590232133865 -0.0018743579275906086 -0.0014714781427755952 -0.0009918218711391091 -0.000735043897293508 -0.0008998595294542611 -0.0006738962256349623 -0.0009918218711391091 -0.0009426274336874485 -0.0009517124854028225 -0.0008839037618599832 -0.0007633605855517089 -0.0005858420627191663
-0.1275186538696289 -0.1275186538696289 -0.1275186538696289 -0.1275186538696289 -0.1275186538696289 -0.1275186538696289 -0.1275186538696289 -0.3356591761112213 -0.3343238830566406 -0.33473971486091614 -0.33351394534111023 -0.3278619945049286 -0.1275186538696289 -0.1275186538696289 -0.1275186538696289 -0.1275186538696289 -0.1275186538696289 -0.19003649055957794 -0.22697097063064575 -0.19003649055957794 -0.1275186538696289 -0.11387056112289429 -0.11387056112289429 -0.1275186538696289 -0.1553960144519806 -0.12359347194433212 -0.08638069033622742 -0.08638069033622742 -0.0688323900103569 -0.07324295490980148 -0.04665679857134819 -0.004573935642838478 -0.0026207820046693087 -0.0011911147739738226 -0.0018653590232133865 -0.0018743579275906086 -0.0014714781427755952 -0.0009918218711391091 -0.000735043897293508 -0.0008998595294542611 -0.0006738962256349623 -0.0009918218711391091 -0.0009426274336874485 -0.0009517124854028225 -0.0008839037618599832 -0.0007633605855517089 -0.0005858420627191663
-0.1275186538696289 -0.1275186538696289 -0.1275186538696289 -0.1275186538696289 -0.1275186538696289 -0.1275186538696289 -0.1275186538696289 -0.3343238830566406 -0.3343238830566406 -0.3343238830566406 -0.33351394534111023 -0.3278619945049286 -0.1275186538696289 -0.1275186538696289 -0.1275186538696289 -0.1275186538696289 -0.1275186538696289 -0.19003649055957794 -0.22697097063064575 -0.19003649055957794 -0.1275186538696289 -0.11387056112289429 -0.11387056112289429 -0.1275186538696289 -0.1553960144519806 -0.12359347194433212 -0.08638069033622742 -0.08638069033622742 -0.0688323900103569 -0.07324295490980148 -0.04665679857134819 -0.004573935642838478 -0.0026207820046693087 -0.0011911147739738226 -0.0018653590232133865 -0.0018743579275906086 -0.0014714781427755952 -0.0009918218711391091 -0.000735043897293508 -0.0008998595294542611 -0.0006738962256349623 -0.0009918218711391091 -0.0009426274336874485 -0.0009517124854028225 -0.0008839037618599832 -0.0007633605855517089 -0.0005858420627191663
-0.1275186538696289 -0.1275186538696289 -0.1275186538696289 -0.1275186538696289 -0.1275186538696289 -0.1275186538696289 -0.1275186538696289 -0.33473971486091614 -0.3343238830566406 -0.33490511775016785 -0.33351394534111023 -0.3278619945049286 -0.1275186538696289 -0.1275186538696289 -0.1275186538696289 -0.1275186538696289 -0.1275186538696289 -0.19003649055957794 -0.22697097063064575 -0.19003649055957794 -0.1275186538696289 -0.11387056112289429 -0.11387056112289429 -0.1275186538696289 -0.1553960144519806 -0.12359347194433212 -0.08638069033622742 -0.08638069033622742 -0.0688323900103569 -0.07324295490980148 -0.04665679857134819 -0.004573935642838478 -0.0026207820046693087 -0.0011911147739738226 -0.0018653590232133865 -0.0018743579275906086 -0.0014714781427755952 -0.0009918218711391091 -0.000735043897293508 -0.0008998595294542611 -0.0006738962256349623 -0.0009918218711391091 -0.0009426274336874485 -0.0009517124854028225 -0.0008839037618599832 -0.0007633605855517089 -0.0005858420627191663
-0.3516891598701477 -0.3516891598701477 -0.3516891598701477 -0.3516891598701477 -0.3516891598701477 -0.18790216743946075 -0.18790216743946075 -0.1275186538696289 -0.1275186538696289 -0.1275186538696289 -0.1275186538696289 -0.1275186538696289 -0.2925999164581299 -0.1829623579978943 -0.18790216743946075 -0.1829623579978943 -0.18790216743946075 -0.1275186538696289 -0.1275186538696289 -0.1275186538696289 -0.18790216743946075 -0.11387056112289429 -0.11387056112289429 -0.14319483935832977 -0.1275186538696289 -0.12359347194433212 -0.08638069033622742 -0.08638069033622742 -0.0688323900103569 -0.07324295490980148 -0.04665679857134819 -0.004573935642838478 -0.0026207820046693087 -0.0011911147739738226 -0.0018653590232133865 -0.0018743579275906086 -0.0014714781427755952 -0.0009918218711391091 -0.000735043897293508 -0.0008998595294542611 -0.0006738962256349623 -0.0009918218711391091 -0.0009426274336874485 -0.0009517124854028225 -0.0008839037618599832 -0.0007633605855517089 -0.0005858420627191663
-0.1275186538696289 -0.1275186538696289 -0.1275186538696289 -0.1275186538696289 -0.1275186538696289 -0.1275186538696289 -0.1275186538696289 -0.33351394534111023 -0.33351394534111023 -0.33351394534111023 -0.3338298499584198 -0.3278619945049286 -0.1275186538696289 -0.1275186538696289 -0.1275186538696289 -0.1275186538696289 -0.1275186538696289 -0.19003649055957794 -0.22697097063064575 -0.19003649055957794 -0.1275186538696289 -0.11387056112289429 -0.11387056112289429 -0.1275186538696289 -0.1553960144519806 -0.12359347194433212 -0.08638069033622742 -0.08638069033622742 -0.0688323900103569 -0.07324295490980148 -0.04665679857134819 -0.004573935642838478 -0.0026207820046693087 -0.0011911147739738226 -0.0018653590232133865 -0.0018743579275906086 -0.0014714781427755952 -0.0009918218711391091 -0.000735043897293508 -0.0008998595294542611 -0.0006738962256349623 -0.0009918218711391091 -0.0009426274336874485 -0.0009517124854028225 -0.0008839037618599832 -0.0007633605855517089 -0.0005858420627191663
-0.1275186538696289 -0.1275186538696289 -0.1275186538696289 -0.1275186538696289 -0.1275186538696289 -0.1275186538696289 -0.1275186538696289 -0.33351394534111023 -0.33351394534111023 -0.33351394534111023 -0.33351394534111023 -0.3278619945049286 -0.1275186538696289 -0.1275186538696289 -0.1275186538696289 -0.1275186538696289 -0.1275186538696289 -0.19003649055957794 -0.22697097063064575 -0.19003649055957794 -0.1275186538696289 -0.11387056112289429 -0.11387056112289429 -0.1275186538696289 -0.1553960144519806 -0.12359347194433212 -0.08638069033622742 -0.08638069033622742 -0.0688323900103569 -0.07324295490980148 -0.04665679857134819 -0.004573935642838478 -0.0026207820046693087 -0.0011911147739738226 -0.0018653590232133865 -0.0018743579275906086 -0.0014714781427755952 -0.0009918218711391091 -0.000735043897293508 -0.0008998595294542611 -0.0006738962256349623 -0.0009918218711391091 -0.0009426274336874485 -0.0009517124854028225 -0.0008839037618599832 -0.0007633605855517089 -0.0005858420627191663
-0.2925999164581299 -0.2925999164581299 -0.2925999164581299 -0.2925999164581299 -0.2925999164581299 -0.18790216743946075 -0.18790216743946075 -0.1275186538696289 -0.1275186538696289 -0.1275186538696289 -0.1275186538696289 -0.1275186538696289 -0.2925999164581299 -0.1829623579978943 -0.18790216743946075 -0.1829623579978943 -0.18790216743946075 -0.1275186538696289 -0.1275186538696289 -0.1275186538696289 -0.18790216743946075 -0.11387056112289429 -0.11387056112289429 -0.14319483935832977 -0.1275186538696289 -0.12359347194433212 -0.08638069033622742 -0.08638069033622742 -0.0688323900103569 -0.07324295490980148 -0.04665679857134819 -0.004573935642838478 -0.0026207820046693087 -0.0011911147739738226 -0.0018653590232133865 -0.0018743579275906086 -0.0014714781427755952 -0.0009918218711391091 -0.000735043897293508 -0.0008998595294542611 -0.0006738962256349623 -0.0009918218711391091 -0.0009426274336874485 -0.0009517124854028225 -0.0008839037618599832 -0.0007633605855517089 -0.0005858420627191663
-0.18790216743946075 -0.18790216743946075 -0.18790216743946075 -0.18790216743946075 -0.18790216743946075 -0.33779311180114746 -0.33779311180114746 -0.1275186538696289 -0.1275186538696289 -0.1275186538696289 -0.1275186538696289 -0.1275186538696289 -0.18790216743946075 -0.1829623579978943 -0.27516552805900574 -0.1829623579978943 -0.2563033401966095 -0.1275186538696289 -0.1275186538696289 -0.1275186538696289 -0.18854258954524994 -0.11387056112289429 -0.11387056112289429 -0.14319483935832977 -0.1275186538696289 -0.12359347194433212 -0.08638069033622742 -0.08638069033622742 -0.0688323900103569 -0.07324295490980148 -0.04665679857134819 -0.004573935642838478 -0.0026207820046693087 -0.0011911147739738226 -0.0018653590232133865 -0.0018743579275906086 -0.0014714781427755952 -0.0009918218711391091 -0.000735043897293508 -0.0008998595294542611 -0.0006738962256349623 -0.0009918218711391091 -0.0009426274336874485 -0.0009517124854028225 -0.0008839037618599832 -0.0007633605855517089 -0.0005858420627191663
-0.18790216743946075 -0.18790216743946075 -0.18790216743946075 -0.18790216743946075 -0.18790216743946075 -0.3367390036582947 -0.3367390036582947 -0.1275186538696289 -0.1275186538696289 -0.1275186538696289 -0.1275186538696289 -0.1275186538696289 -0.18790216743946075 -0.1829623579978943 -0.27516552805900574 -0.1829623579978943 -0.2563033401966095 -0.1275186538696289 -0.1275186538696289 -0.1275186538696289 -0.18854258954524994 -0.11387056112289429 -0.11387056112289429 -0.14319483935832977 -0.1275186538696289 -0.12359347194433212 -0.08638069033622742 -0.08638069033622742 -0.0688323900103569 -0.07324295490980148 -0.04665679857134819 -0.004573935642838478 -0.0026207820046693087 -0.0011911147739738226 -0.0018653590232133865 -0.0018743579275906086 -0.0014714781427755952 -0.0009918218711391091 -0.000735043897293508 -0.0008998595294542611 -0.0006738962256349623 -0.0009918218711391091 -0.0009426274336874485 -0.0009517124854028225 -0.0008839037618599832 -0.0007633605855517089 -0.0005858420627191663
-0.18790216743946075 -0.18790216743946075 -0.18790216743946075 -0.18790216743946075 -0.18790216743946075 -0.3322181701660156 -0.3322181701660156 -0.1275186538696289 -0.1275186538696289 -0.1275186538696289 -0.1275186538696289 -0.1275186538696289 -0.18790216743946075 -0.1829623579978943 -0.27516552805900574 -0.1829623579978943 -0.2563033401966095 -0.1275186538696289 -0.1275186538696289 -0.1275186538696289 -0.18854258954524994 -0.11387056112289429 -0.11387056112289429 -0.14319483935832977 -0.1275186538696289 -0.12359347194433212 -0.08638069033622742 -0.08638069033622742 -0.0688323900103569 -0.07324295490980148 -0.04665679857134819 -0.004573935642838478 -0.0026207820046693087 -0.0011911147739738226 -0.0018653590232133865 -0.0018743579275906086 -0.0014714781427755952 -0.0009918218711391091 -0.000735043897293508 -0.0008998595294542611 -0.0006738962256349623 -0.0009918218711391091 -0.0009426274336874485 -0.0009517124854028225 -0.0008839037618599832 -0.0007633605855517089 -0.0005858420627191663
-0.18790216743946075 -0.18790216743946075 -0.18790216743946075 -0.18790216743946075 -0.18790216743946075 -0.27516552805900574 -0.27516552805900574 -0.1275186538696289 -0.1275186538696289 -0.1275186538696289 -0.1275186538696289 -0.1275186538696289 -0.18790216743946075 -0.1829623579978943 -0.28491273522377014 -0.1829623579978943 -0.2563033401966095 -0.1275186538696289 -0.1275186538696289 -0.1275186538696289 -0.18854258954524994 -0.11387056112289429 -0.11387056112289429 -0.14319483935832977 -0.1275186538696289 -0.12359347194433212 -0.08638069033622742 -0.08638069033622742 -0.0688323900103569 -0.07324295490980148 -0.04665679857134819 -0.004573935642838478 -0.0026207820046693087 -0.0011911147739738226 -0.0018653590232133865 -0.0018743579275906086 -0.0014714781427755952 -0.0009918218711391091 -0.000735043897293508 -0.0008998595294542611 -0.0006738962256349623 -0.0009918218711391091 -0.0009426274336874485 -0.0009517124854028225 -0.0008839037618599832 -0.0007633605855517089 -0.0005858420627191663
-0.1275186538696289 -0.1275186538696289 -0.1275186538696289 -0.1275186538696289 -0.1275186538696289 -0.1275186538696289 -0.1275186538696289 -0.22697097063064575 -0.22697097063064575 -0.22697097063064575 -0.22697097063064575 -0.22697097063064575 -0.1275186538696289 -0.1275186538696289 -0.1275186538696289 -0.1275186538696289 -0.1275186538696289 -0.19003649055957794 -0.2330417037010193 -0.19003649055957794 -0.1275186538696289 -0.11387056112289429 -0.11387056112289429 -0.1275186538696289 -0.1553960144519806 -0.12359347194433212 -0.08638069033622742 -0.08638069033622742 -0.0688323900103569 -0.07324295490980148 -0.04665679857134819 -0.004573935642838478 -0.0026207820046693087 -0.0011911147739738226 -0.0018653590232133865 -0.0018743579275906086 -0.0014714781427755952 -0.0009918218711391091 -0.000735043897293508 -0.0008998595294542611 -0.0006738962256349623 -0.0009918218711391091 -0.0009426274336874485 -0.0009517124854028225 -0.0008839037618599832 -0.0007633605855517089 -0.0005858420627191663
-0.1829623579978943 -0.1829623579978943 -0.1829623579978943 -0.1829623579978943 -0.1829623579978943 -0.1829623579978943 -0.1829623579978943 -0.1275186538696289 -0.1275186538696289 -0.1275186538696289 -0.1275186538696289 -0.1275186538696289 -0.1829623579978943 -0.26893842220306396 -0.1829623579978943 -0.26893842220306396 -0.1829623579978943 -0.1275186538696289 -0.1275186538696289 -0.1275186538696289 -0.1829623579978943 -0.11387056112289429 -0.11387056112289429 -0.14319483935832977 -0.1275186538696289 -0.12359347194433212 -0.08638069033622742 -0.08638069033622742 -0.0688323900103569 -0.07324295490980148 -0.04665679857134819 -0.004573935642838478 -0.0026207820046693087 -0.0011911147739738226 -0.0018653590232133865 -0.0018743579275906086 -0.0014714781427755952 -0.0009918218711391091 -0.000735043897293508 -0.0008998595294542611 -0.0006738962256349623 -0.0009918218711391091 -0.0009426274336874485 -0.0009517124854028225 -0.0008839037618599832 -0.0007633605855517089 -0.0005858420627191663
-0.1275186538696289 -0.1275186538696289 -0.1275186538696289 -0.1275186538696289 -0.1275186538696289 -0.1275186538696289 -0.1275186538696289 -0.19003649055957794 -0.19003649055957794 -0.19003649055957794 -0.19003649055957794 -0.19003649055957794 -0.1275186538696289 -0.1275186538696289 -0.1275186538696289 -0.1275186538696289 -0.1275186538696289 -0.20522645115852356 -0.19003649055957794 -0.21625451743602753 -0.1275186538696289 -0.11387056112289429 -0.11387056112289429 -0.1275186538696289 -0.1553960144519806 -0.12359347194433212 -0.08638069033622742 -0.08638069033622742 -0.0688323900103569 -0.07324295490980148 -0.04665679857134819 -0.004573935642838478 -0.0026207820046693087 -0.0011911147739738226 -0.0018653590232133865 -0.0018743579275906086 -0.0014714781427755952 -0.0009918218711391091 -0.000735043897293508 -0.0008998595294542611 -0.0006738962256349623 -0.0009918218711391091 -0.0009426274336874485 -0.0009517124854028225 -0.0008839037618599832 -0.0007633605855517089 -0.0005858420627191663
-0.1829623579978943 -0.1829623579978943 -0.1829623579978943 -0.1829623579978943 -0.1829623579978943 -0.1829623579978943 -0.1829623579978943 -0.1275186538696289 -0.1275186538696289 -0.1275186538696289 -0.1275186538696289 -0.1275186538696289 -0.1829623579978943 -0.2869264483451843 -0.1829623579978943 -0.26893842220306396 -0.1829623579978943 -0.1275186538696289 -0.1275186538696289 -0.1275186538696289 -0.1829623579978943 -0.11387056112289429 -0.11387056112289429 -0.14319483935832977 -0.1275186538696289 -0.12359347194433212 -0.08638069033622742 -0.08638069033622742 -0.0688323900103569 -0.07324295490980148 -0.04665679857134819 -0.004573935642838478 -0.0026207820046693087 -0.0011911147739738226 -0.0018653590232133865 -0.0018743579275906086 -0.0014714781427755952 -0.0009918218711391091 -0.000735043897293508 -0.0008998595294542611 -0.0006738962256349623 -0.0009918218711391091 -0.0009426274336874485 -0.0009517124854028225 -0.0008839037618599832 -0.0007633605855517089 -0.0005858420627191663
-0.1275186538696289 -0.1275186538696289 -0.1275186538696289 -0.1275186538696289 -0.1275186538696289 -0.1275186538696289 -0.1275186538696289 -0.19003649055957794 -0.19003649055957794 -0.19003649055957794 -0.19003649055957794 -0.19003649055957794 -0.1275186538696289 -0.1275186538696289 -0.1275186538696289 -0.1275186538696289 -0.1275186538696289 -0.2555549442768097 -0.19003649055957794 -0.20522645115852356 -0.1275186538696289 -0.11387056112289429 -0.11387056112289429 -0.1275186538696289 -0.1553960144519806 -0.12359347194433212 -0.08638069033622742 -0.08638069033622742 -0.0688323900103569 -0.07324295490980148 -0.04665679857134819 -0.004573935642838478 -0.0026207820046693087 -0.0011911147739738226 -0.0018653590232133865 -0.0018743579275906086 -0.0014714781427755952 -0.0009918218711391091 -0.000735043897293508 -0.0008998595294542611 -0.0006738962256349623 -0.0009918218711391091 -0.0009426274336874485 -0.0009517124854028225 -0.0008839037618599832 -0.0007633605855517089 -0.0005858420627191663
-0.1275186538696289 -0.1275186538696289 -0.1275186538696289 -0.1275186538696289 -0.1275186538696289 -0.1275186538696289 -0.1275186538696289 -0.1553960144519806 -0.1553960144519806 -0.1553960144519806 -0.1553960144519806 -0.1553960144519806 -0.1275186538696289 -0.1275186538696289 -0.1275186538696289 -0.1275186538696289 -0.1275186538696289 -0.1553960144519806 -0.1553960144519806 -0.1553960144519806 -0.1275186538696289 -0.11387056112289429 -0.11387056112289429 -0.1275186538696289 -0.1553960144519806 -0.12359347194433212 -0.08638069033622742 -0.08638069033622742 -0.0688323900103569 -0.07324295490980148 -0.04665679857134819 -0.004573935642838478 -0.0026207820046693087 -0.0011911147739738226 -0.0018653590232133865 -0.0018743579275906086 -0.0014714781427755952 -0.0009918218711391091 -0.000735043897293508 -0.0008998595294542611 -0.0006738962256349623 -0.0009918218711391091 -0.0009426274336874485 -0.0009517124854028225 -0.0008839037618599832 -0.0007633605855517089 -0.0005858420627191663
-0.18790216743946075 -0.18790216743946075 -0.18790216743946075 -0.18790216743946075 -0.18790216743946075 -0.2446269541978836 -0.2446269541978836 -0.1275186538696289 -0.1275186538696289 -0.1275186538696289 -0.1275186538696289 -0.1275186538696289 -0.18790216743946075 -0.1829623579978943 -0.2446269541978836 -0.1829623579978943 -0.2446269541978836 -0.1275186538696289 -0.1275186538696289 -0.1275186538696289 -0.18854258954524994 -0.11387056112289429 -0.11387056112289429 -0.14319483935832977 -0.1275186538696289 -0.12359347194433212 -0.08638069033622742 -0.08638069033622742 -0.0688323900103569 -0.07324295490980148 -0.04665679857134819 -0.004573935642838478 -0.0026207820046693087 -0.0011911147739738226 -0.0018653590232133865 -0.0018743579275906086 -0.0014714781427755952 -0.0009918218711391091 -0.000735043897293508 -0.0008998595294542611 -0.0006738962256349623 -0.0009918218711391091 -0.0009426274336874485 -0.0009517124854028225 -0.0008839037618599832 -0.0007633605855517089 -0.0005858420627191663
-0.1829623579978943 -0.1829623579978943 -0.1829623579978943 -0.1829623579978943 -0.1829623579978943 -0.1829623579978943 -0.1829623579978943 -0.1275186538696289 -0.1275186538696289 -0.1275186538696289 -0.1275186538696289 -0.1275186538696289 -0.1829623579978943 -0.24165035784244537 -0.1829623579978943 -0.24165035784244537 -0.1829623579978943 -0.1275186538696289 -0.1275186538696289 -0.1275186538696289 -0.1829623579978943 -0.11387056112289429 -0.11387056112289429 -0.14319483935832977 -0.1275186538696289 -0.12359347194433212 -0.08638069033622742 -0.08638069033622742 -0.0688323900103569 -0.07324295490980148 -0.04665679857134819 -0.004573935642838478 -0.0026207820046693087 -0.0011911147739738226 -0.0018653590232133865 -0.0018743579275906086 -0.0014714781427755952 -0.0009918218711391091 -0.000735043897293508 -0.0008998595294542611 -0.0006738962256349623 -0.0009918218711391091 -0.0009426274336874485 -0.0009517124854028225 -0.0008839037618599832 -0.0007633605855517089 -0.0005858420627191663
-0.18790216743946075 -0.18790216743946075 -0.18790216743946075 -0.18790216743946075 -0.18790216743946075 -0.2413385510444641 -0.2413385510444641 -0.1275186538696289 -0.1275186538696289 -0.1275186538696289 -0.1275186538696289 -0.1275186538696289 -0.18790216743946075 -0.1829623579978943 -0.2413385510444641 -0.1829623579978943 -0.2413385510444641 -0.1275186538696289 -0.1275186538696289 -0.1275186538696289 -0.18854258954524994 -0.11387056112289429 -0.11387056112289429 -0.14319483935832977 -0.1275186538696289 -0.12359347194433212 -0.08638069033622742 -0.08638069033622742 -0.0688323900103569 -0.07324295490980148 -0.04665679857134819 -0.004573935642838478 -0.0026207820046693087 -0.0011911147739738226 -0.0018653590232133865 -0.0018743579275906086 -0.0014714781427755952 -0.0009918218711391091 -0.000735043897293508 -0.0008998595294542611 -0.0006738962256349623 -0.0009918218711391091 -0.0009426274336874485 -0.0009517124854028225 -0.0008839037618599832 -0.0007633605855517089 -0.0005858420627191663
-0.1829623579978943 -0.1829623579978943 -0.1829623579978943 -0.1829623579978943 -0.1829623579978943 -0.1829623579978943 -0.1829623579978943 -0.1275186538696289 -0.1275186538696289 -0.1275186538696289 -0.1275186538696289 -0.1275186538696289 -0.1829623579978943 -0.1829623579978943 -0.1829623579978943 -0.1829623579978943 -0.1829623579978943 -0.1275186538696289 -0.1275186538696289 -0.1275186538696289 -0.1829623579978943 -0.11387056112289429 -0.11387056112289429 -0.14319483935832977 -0.1275186538696289 -0.12359347194433212 -0.08638069033622742 -0.08638069033622742 -0.0688323900103569 -0.07324295490980148 -0.04665679857134819 -0.004573935642838478 -0.0026207820046693087 -0.0011911147739738226 -0.0018653590232133865 -0.0018743579275906086 -0.0014714781427755952 -0.0009918218711391091 -0.000735043897293508 -0.0008998595294542611 -0.0006738962256349623 -0.0009918218711391091 -0.0009426274336874485 -0.0009517124854028225 -0.0008839037618599832 -0.0007633605855517089 -0.0005858420627191663
-0.12359347194433212 -0.12359347194433212 -0.12359347194433212 -0.12359347194433212 -0.12359347194433212 -0.12359347194433212 -0.12359347194433212 -0.12359347194433212 -0.12359347194433212 -0.12359347194433212 -0.12359347194433212 -0.12359347194433212 -0.12359347194433212 -0.12359347194433212 -0.12359347194433212 -0.12359347194433212 -0.12359347194433212 -0.12359347194433212 -0.12359347194433212 -0.12359347194433212 -0.12359347194433212 -0.11387056112289429 -0.11387056112289429 -0.12359347194433212 -0.12359347194433212 -0.13632632791996002 -0.08638069033622742 -0.08638069033622742 -0.0688323900103569 -0.07324295490980148 -0.04665679857134819 -0.004573935642838478 -0.0026207820046693087 -0.0011911147739738226 -0.0018653590232133865 -0.0018743579275906086 -0.0014714781427755952 -0.0009918218711391091 -0.000735043897293508 -0.0008998595294542611 -0.0006738962256349623 -0.0009918218711391091 -0.0009426274336874485 -0.0009517124854028225 -0.0008839037618599832 -0.0007633605855517089 -0.0005858420627191663
-0.0688323900103569 -0.0688323900103569 -0.0688323900103569 -0.0688323900103569 -0.0688323900103569 -0.0688323900103569 -0.0688323900103569 -0.0688323900103569 -0.0688323900103569 -0.0688323900103569 -0.0688323900103569 -0.0688323900103569 -0.0688323900103569 -0.0688323900103569 -0.0688323900103569 -0.0688323900103569 -0.0688323900103569 -0.0688323900103569 -0.0688323900103569 -0.0688323900103569 -0.0688323900103569 -0.0688323900103569 -0.0688323900103569 -0.0688323900103569 -0.0688323900103569 -0.0688323900103569 -0.0688323900103569 -0.0688323900103569 -0.0688323900103569 -0.0688323900103569 -0.04665679857134819 -0.004573935642838478 -0.0026207820046693087 -0.0011911147739738226 -0.0018653590232133865 -0.0018743579275906086 -0.0014714781427755952 -0.0009918218711391091 -0.000735043897293508 -0.0008998595294542611 -0.0006738962256349623 -0.0009918218711391091 -0.0009426274336874485 -0.0009517124854028225 -0.0008839037618599832 -0.0007633605855517089 -0.0005858420627191663
-0.1829623579978943 -0.1829623579978943 -0.1829623579978943 -0.1829623579978943 -0.1829623579978943 -0.1829623579978943 -0.1829623579978943 -0.1275186538696289 -0.1275186538696289 -0.1275186538696289 -0.1275186538696289 -0.1275186538696289 -0.1829623579978943 -0.1829623579978943 -0.1829623579978943 -0.1829623579978943 -0.1829623579978943 -0.1275186538696289 -0.1275186538696289 -0.1275186538696289 -0.1829623579978943 -0.11387056112289429 -0.11387056112289429 -0.14319483935832977 -0.1275186538696289 -0.12359347194433212 -0.08638069033622742 -0.08638069033622742 -0.0688323900103569 -0.07324295490980148 -0.04665679857134819 -0.004573935642838478 -0.0026207820046693087 -0.0011911147739738226 -0.0018653590232133865 -0.0018743579275906086 -0.0014714781427755952 -0.0009918218711391091 -0.000735043897293508 -0.0008998595294542611 -0.0006738962256349623 -0.0009918218711391091 -0.0009426274336874485 -0.0009517124854028225 -0.0008839037618599832 -0.0007633605855517089 -0.0005858420627191663
-0.1829623579978943 -0.1829623579978943 -0.1829623579978943 -0.1829623579978943 -0.1829623579978943 -0.1829623579978943 -0.1829623579978943 -0.1275186538696289 -0.1275186538696289 -0.1275186538696289 -0.1275186538696289 -0.1275186538696289 -0.1829623579978943 -0.1829623579978943 -0.1829623579978943 -0.1829623579978943 -0.1829623579978943 -0.1275186538696289 -0.1275186538696289 -0.1275186538696289 -0.1829623579978943 -0.11387056112289429 -0.11387056112289429 -0.14319483935832977 -0.1275186538696289 -0.12359347194433212 -0.08638069033622742 -0.08638069033622742 -0.0688323900103569 -0.07324295490980148 -0.04665679857134819 -0.004573935642838478 -0.0026207820046693087 -0.0011911147739738226 -0.0018653590232133865 -0.0018743579275906086 -0.0014714781427755952 -0.0009918218711391091 -0.000735043897293508 -0.0008998595294542611 -0.0006738962256349623 -0.0009918218711391091 -0.0009426274336874485 -0.0009517124854028225 -0.0008839037618599832 -0.0007633605855517089 -0.0005858420627191663
-0.11387056112289429 -0.11387056112289429 -0.11387056112289429 -0.11387056112289429 -0.11387056112289429 -0.11387056112289429 -0.11387056112289429 -0.11387056112289429 -0.11387056112289429 -0.11387056112289429 -0.11387056112289429 -0.11387056112289429 -0.11387056112289429 -0.11387056112289429 -0.11387056112289429 -0.11387056112289429 -0.11387056112289429 -0.11387056112289429 -0.11387056112289429 -0.11387056112289429 -0.11387056112289429 -0.17950142920017242 -0.17950142920017242 -0.11387056112289429 -0.11387056112289429 -0.11387056112289429 -0.08638069033622742 -0.08638069033622742 -0.0688323900103569 -0.07324295490980148 -0.04665679857134819 -0.004573935642838478 -0.0026207820046693087 -0.0011911147739738226 -0.0018653590232133865 -0.0018743579275906086 -0.0014714781427755952 -0.0009918218711391091 -0.000735043897293508 -0.0008998595294542611 -0.0006738962256349623 -0.0009918218711391091 -0.0009426274336874485 -0.0009517124854028225 -0.0008839037618599832 -0.0007633605855517089 -0.0005858420627191663
-0.17884650826454163 -0.17884650826454163 -0.17884650826454163 -0.17884650826454163 -0.17884650826454163 -0.17884650826454163 -0.17884650826454163 -0.1275186538696289 -0.1275186538696289 -0.1275186538696289 -0.1275186538696289 -0.1275186538696289 -0.17884650826454163 -0.17884650826454163 -0.17884650826454163 -0.17884650826454163 -0.17884650826454163 -0.1275186538696289 -0.1275186538696289 -0.1275186538696289 -0.17884650826454163 -0.11387056112289429 -0.11387056112289429 -0.14319483935832977 -0.1275186538696289 -0.12359347194433212 -0.08638069033622742 -0.08638069033622742 -0.0688323900103569 -0.07324295490980148 -0.04665679857134819 -0.004573935642838478 -0.0026207820046693087 -0.0011911147739738226 -0.0018653590232133865 -0.0018743579275906086 -0.0014714781427755952 -0.0009918218711391091 -0.000735043897293508 -0.0008998595294542611 -0.0006738962256349623 -0.0009918218711391091 -0.0009426274336874485 -0.0009517124854028225 -0.0008839037618599832 -0.0007633605855517089 -0.0005858420627191663
-0.11387056112289429 -0.11387056112289429 -0.11387056112289429 -0.11387056112289429 -0.11387056112289429 -0.11387056112289429 -0.11387056112289429 -0.11387056112289429 -0.11387056112289429 -0.11387056112289429 -0.11387056112289429 -0.11387056112289429 -0.11387056112289429 -0.11387056112289429 -0.11387056112289429 -0.11387056112289429 -0.11387056112289429 -0.11387056112289429 -0.11387056112289429 -0.11387056112289429 -0.11387056112289429 -0.17866407334804535 -0.17866407334804535 -0.11387056112289429 -0.11387056112289429 -0.11387056112289429 -0.08638069033622742 -0.08638069033622742 -0.0688323900103569 -0.07324295490980148 -0.04665679857134819 -0.004573935642838478 -0.0026207820046693087 -0.0011911147739738226 -0.0018653590232133865 -0.0018743579275906086 -0.0014714781427755952 -0.0009918218711391091 -0.000735043897293508 -0.0008998595294542611 -0.0006738962256349623 -0.0009918218711391091 -0.0009426274336874485 -0.0009517124854028225 -0.0008839037618599832 -0.0007633605855517089 -0.0005858420627191663
-0.14319483935832977 -0.14319483935832977 -0.14319483935832977 -0.14319483935832977 -0.14319483935832977 -0.14319483935832977 -0.14319483935832977 -0.1275186538696289 -0.1275186538696289 -0.1275186538696289 -0.1275186538696289 -0.1275186538696289 -0.14319483935832977 -0.14319483935832977 -0.14319483935832977 -0.14319483935832977 -0.14319483935832977 -0.1275186538696289 -0.1275186538696289 -0.1275186538696289 -0.14319483935832977 -0.11387056112289429 -0.11387056112289429 -0.14319483935832977 -0.1275186538696289 -0.12359347194433212 -0.08638069033622742 -0.08638069033622742 -0.0688323900103569 -0.07324295490980148 -0.04665679857134819 -0.004573935642838478 -0.0026207820046693087 -0.0011911147739738226 -0.0018653590232133865 -0.0018743579275906086 -0.0014714781427755952 -0.0009918218711391091 -0.000735043897293508 -0.0008998595294542611 -0.0006738962256349623 -0.0009918218711391091 -0.0009426274336874485 -0.0009517124854028225 -0.0008839037618599832 -0.0007633605855517089 -0.0005858420627191663
-0.0688323900103569 -0.0688323900103569 -0.0688323900103569 -0.0688323900103569 -0.0688323900103569 -0.0688323900103569 -0.0688323900103569 -0.0688323900103569 -0.0688323900103569 -0.0688323900103569 -0.0688323900103569 -0.0688323900103569 -0.0688323900103569 -0.0688323900103569 -0.0688323900103569 -0.0688323900103569 -0.0688323900103569 -0.0688323900103569 -0.0688323900103569 -0.0688323900103569 -0.0688323900103569 -0.0688323900103569 -0.0688323900103569 -0.0688323900103569 -0.0688323900103569 -0.0688323900103569 -0.0688323900103569 -0.0688323900103569 -0.07462990283966064 -0.0688323900103569 -0.04665679857134819 -0.004573935642838478 -0.0026207820046693087 -0.0011911147739738226 -0.0018653590232133865 -0.0018743579275906086 -0.0014714781427755952 -0.0009918218711391091 -0.000735043897293508 -0.0008998595294542611 -0.0006738962256349623 -0.0009918218711391091 -0.0009426274336874485 -0.0009517124854028225 -0.0008839037618599832 -0.0007633605855517089 -0.0005858420627191663
-0.08638069033622742 -0.08638069033622742 -0.08638069033622742 -0.08638069033622742 -0.08638069033622742 -0.08638069033622742 -0.08638069033622742 -0.08638069033622742 -0.08638069033622742 -0.08638069033622742 -0.08638069033622742 -0.08638069033622742 -0.08638069033622742 -0.08638069033622742 -0.08638069033622742 -0.08638069033622742 -0.08638069033622742 -0.08638069033622742 -0.08638069033622742 -0.08638069033622742 -0.08638069033622742 -0.08638069033622742 -0.08638069033622742 -0.08638069033622742 -0.08638069033622742 -0.08638069033622742 -0.09443574398756027 -0.09026852995157242 -0.0688323900103569 -0.07324295490980148 -0.04665679857134819 -0.004573935642838478 -0.0026207820046693087 -0.0011911147739738226 -0.0018653590232133865 -0.0018743579275906086 -0.0014714781427755952 -0.0009918218711391091 -0.000735043897293508 -0.0008998595294542611 -0.0006738962256349623 -0.0009918218711391091 -0.0009426274336874485 -0.0009517124854028225 -0.0008839037618599832 -0.0007633605855517089 -0.0005858420627191663
-0.08638069033622742 -0.08638069033622742 -0.08638069033622742 -0.08638069033622742 -0.08638069033622742 -0.08638069033622742 -0.08638069033622742 -0.08638069033622742 -0.08638069033622742 -0.08638069033622742 -0.08638069033622742 -0.08638069033622742 -0.08638069033622742 -0.08638069033622742 -0.08638069033622742 -0.08638069033622742 -0.08638069033622742 -0.08638069033622742 -0.08638069033622742 -0.08638069033622742 -0.08638069033622742 -0.08638069033622742 -0.08638069033622742 -0.08638069033622742 -0.08638069033622742 -0.08638069033622742 -0.09026852995157242 -0.09327024966478348 -0.0688323900103569 -0.07324295490980148 -0.04665679857134819 -0.004573935642838478 -0.0026207820046693087 -0.0011911147739738226 -0.0018653590232133865 -0.0018743579275906086 -0.0014714781427755952 -0.0009918218711391091 -0.000735043897293508 -0.0008998595294542611 -0.0006738962256349623 -0.0009918218711391091 -0.0009426274336874485 -0.0009517124854028225 -0.0008839037618599832 -0.0007633605855517089 -0.0005858420627191663
-0.06874362379312515 -0.06874362379312515 -0.06874362379312515 -0.06874362379312515 -0.06874362379312515 -0.06874362379312515 -0.06874362379312515 -0.06874362379312515 -0.06874362379312515 -0.06874362379312515 -0.06874362379312515 -0.06874362379312515 -0.06874362379312515 -0.06874362379312515 -0.06874362379312515 -0.06874362379312515 -0.06874362379312515 -0.06874362379312515 -0.06874362379312515 -0.06874362379312515 -0.06874362379312515 -0.06874362379312515 -0.06874362379312515 -0.06874362379312515 -0.06874362379312515 -0.06874362379312515 -0.06874362379312515 -0.06874362379312515 -0.06874362379312515 -0.06874362379312515 -0.04665679857134819 -0.004573935642838478 -0.0026207820046693087 -0.0011911147739738226 -0.0018653590232133865 -0.0018743579275906086 -0.0014714781427755952 -0.0009918218711391091 -0.000735043897293508 -0.0008998595294542611 -0.0006738962256349623 -0.0009918218711391091 -0.0009426274336874485 -0.0009517124854028225 -0.0008839037618599832 -0.0007633605855517089 -0.0005858420627191663
-0.03513892740011215 -0.03513892740011215 -0.03513892740011215 -0.03513892740011215 -0.03513892740011215 -0.03513892740011215 -0.03513892740011215 -0.03513892740011215 -0.03513892740011215 -0.03513892740011215 -0.03513892740011215 -0.03513892740011215 -0.03513892740011215 -0.03513892740011215 -0.03513892740011215 -0.03513892740011215 -0.03513892740011215 -0.03513892740011215 -0.03513892740011215 -0.03513892740011215 -0.03513892740011215 -0.03513892740011215 -0.03513892740011215 -0.03513892740011215 -0.03513892740011215 -0.03513892740011215 -0.03513892740011215 -0.03513892740011215 -0.03513892740011215 -0.03513892740011215 -0.03513892740011215 -0.004573935642838478 -0.0026207820046693087 -0.0011911147739738226 -0.0018653590232133865 -0.0018743579275906086 -0.0014714781427755952 -0.0009918218711391091 -0.000735043897293508 -0.0008998595294542611 -0.0006738962256349623 -0.0009918218711391091 -0.0009426274336874485 -0.0009517124854028225 -0.0008839037618599832 -0.0007633605855517089 -0.0005858420627191663
-0.0026207820046693087 -0.0026207820046693087 -0.0026207820046693087 -0.0026207820046693087 -0.0026207820046693087 -0.0026207820046693087 -0.0026207820046693087 -0.0026207820046693087 -0.0026207820046693087 -0.0026207820046693087 -0.0026207820046693087 -0.0026207820046693087 -0.0026207820046693087 -0.0026207820046693087 -0.0026207820046693087 -0.0026207820046693087 -0.0026207820046693087 -0.0026207820046693087 -0.0026207820046693087 -0.0026207820046693087 -0.0026207820046693087 -0.0026207820046693087 -0.0026207820046693087 -0.0026207820046693087 -0.0026207820046693087 -0.0026207820046693087 -0.0026207820046693087 -0.0026207820046693087 -0.0026207820046693087 -0.0026207820046693087 -0.0026207820046693087 -0.0026207820046693087 -0.002817036584019661 -0.0011911147739738226 -0.0018653590232133865 -0.0018743579275906086 -0.0014714781427755952 -0.0009918218711391091 -0.000735043897293508 -0.0008998595294542611 -0.0006738962256349623 -0.0009918218711391091 -0.0009426274336874485 -0.0009517124854028225 -0.0008839037618599832 -0.0007633605855517089 -0.0005858420627191663
-0.000735043897293508 -0.000735043897293508 -0.000735043897293508 -0.000735043897293508 -0.000735043897293508 -0.000735043897293508 -0.000735043897293508 -0.000735043897293508 -0.000735043897293508 -0.000735043897293508 -0.000735043897293508 -0.000735043897293508 -0.000735043897293508 -0.000735043897293508 -0.000735043897293508 -0.000735043897293508 -0.000735043897293508 -0.000735043897293508 -0.000735043897293508 -0.000735043897293508 -0.000735043897293508 -0.000735043897293508 -0.000735043897293508 -0.000735043897293508 -0.000735043897293508 -0.000735043897293508 -0.000735043897293508 -0.000735043897293508 -0.000735043897293508 -0.000735043897293508 -0.000735043897293508 -0.000735043897293508 -0.000735043897293508 -0.000735043897293508 -0.000735043897293508 -0.000735043897293508 -0.000735043897293508 -0.000735043897293508 -0.0014283540658652782 -0.000735043897293508 -0.0006738962256349623 -0.000735043897293508 -0.000735043897293508 -0.000735043897293508 -0.000735043897293508 -0.000735043897293508 -0.0005858420627191663
-0.0018653590232133865 -0.0018653590232133865 -0.0018653590232133865 -0.0018653590232133865 -0.0018653590232133865 -0.0018653590232133865 -0.0018653590232133865 -0.0018653590232133865 -0.0018653590232133865 -0.0018653590232133865 -0.0018653590232133865 -0.0018653590232133865 -0.0018653590232133865 -0.0018653590232133865 -0.0018653590232133865 -0.0018653590232133865 -0.0018653590232133865 -0.0018653590232133865 -0.0018653590232133865 -0.0018653590232133865 -0.0018653590232133865 -0.0018653590232133865 -0.0018653590232133865 -0.0018653590232133865 -0.0018653590232133865 -0.0018653590232133865 -0.0018653590232133865 -0.0018653590232133865 -0.0018653590232133865 -0.0018653590232133865 -0.0018653590232133865 -0.0018653590232133865 -0.0018653590232133865 -0.0011911147739738226 -0.0019288401817902923 -0.0018653590232133865 -0.0014714781427755952 -0.0009918218711391091 -0.000735043897293508 -0.0008998595294542611 -0.0006738962256349623 -0.0009918218711391091 -0.0009426274336874485 -0.0009517124854028225 -0.0008839037618599832 -0.0007633605855517089 -0.0005858420627191663
-0.0009918218711391091 -0.0009918218711391091 -0.0009918218711391091 -0.0009918218711391091 -0.0009918218711391091 -0.0009918218711391091 -0.0009918218711391091 -0.0009918218711391091 -0.0009918218711391091 -0.0009918218711391091 -0.0009918218711391091 -0.0009918218711391091 -0.0009918218711391091 -0.0009918218711391091 -0.0009918218711391091 -0.0009918218711391091 -0.0009918218711391091 -0.0009918218711391091 -0.0009918218711391091 -0.0009918218711391091 -0.0009918218711391091 -0.0009918218711391091 -0.0009918218711391091 -0.0009918218711391091 -0.0009918218711391091 -0.0009918218711391091 -0.0009918218711391091 -0.0009918218711391091 -0.0009918218711391091 -0.0009918218711391091 -0.0009918218711391091 -0.0009918218711391091 -0.0009918218711391091 -0.0009918218711391091 -0.0009918218711391091 -0.0009918218711391091 -0.0009918218711391091 -0.0009918218711391091 -0.000735043897293508 -0.0008998595294542611 -0.0006738962256349623 -0.0009918218711391091 -0.0009426274336874485 -0.0009517124854028225 -0.0008839037618599832 -0.0007633605855517089 -0.0005858420627191663
-0.0008998595294542611 -0.0008998595294542611 -0.0008998595294542611 -0.0008998595294542611 -0.0008998595294542611 -0.0008998595294542611 -0.0008998595294542611 -0.0008998595294542611 -0.0008998595294542611 -0.0008998595294542611 -0.0008998595294542611 -0.0008998595294542611 -0.0008998595294542611 -0.0008998595294542611 -0.0008998595294542611 -0.0008998595294542611 -0.0008998595294542611 -0.0008998595294542611 -0.0008998595294542611 -0.0008998595294542611 -0.0008998595294542611 -0.0008998595294542611 -0.0008998595294542611 -0.0008998595294542611 -0.0008998595294542611 -0.0008998595294542611 -0.0008998595294542611 -0.0008998595294542611 -0.0008998595294542611 -0.0008998595294542611 -0.0008998595294542611 -0.0008998595294542611 -0.0008998595294542611 -0.0008998595294542611 -0.0008998595294542611 -0.0008998595294542611 -0.0008998595294542611 -0.0008998595294542611 -0.000735043897293508 -0.001167216571047902 -0.0006738962256349623 -0.0008998595294542611 -0.0008998595294542611 -0.0008998595294542611 -0.0008839037618599832 -0.0007633605855517089 -0.0005858420627191663
-0.0008839037618599832 -0.0008839037618599832 -0.0008839037618599832 -0.0008839037618599832 -0.0008839037618599832 -0.0008839037618599832 -0.0008839037618599832 -0.0008839037618599832 -0.0008839037618599832 -0.0008839037618599832 -0.0008839037618599832 -0.0008839037618599832 -0.0008839037618599832 -0.0008839037618599832 -0.0008839037618599832 -0.0008839037618599832 -0.0008839037618599832 -0.0008839037618599832 -0.0008839037618599832 -0.0008839037618599832 -0.0008839037618599832 -0.0008839037618599832 -0.0008839037618599832 -0.0008839037618599832 -0.0008839037618599832 -0.0008839037618599832 -0.0008839037618599832 -0.0008839037618599832 -0.0008839037618599832 -0.0008839037618599832 -0.0008839037618599832 -0.0008839037618599832 -0.0008839037618599832 -0.0008839037618599832 -0.0008839037618599832 -0.0008839037618599832 -0.0008839037618599832 -0.0008839037618599832 -0.000735043897293508 -0.0008839037618599832 -0.0006738962256349623 -0.0008839037618599832 -0.0008839037618599832 -0.0008839037618599832 -0.0009796078084036708 -0.0007633605855517089 -0.0005858420627191663
-0.0009918218711391091 -0.0009918218711391091 -0.0009918218711391091 -0.0009918218711391091 -0.0009918218711391091 -0.0009918218711391091 -0.0009918218711391091 -0.0009918218711391091 -0.0009918218711391091 -0.0009918218711391091 -0.0009918218711391091 -0.0009918218711391091 -0.0009918218711391091 -0.0009918218711391091 -0.0009918218711391091 -0.0009918218711391091 -0.0009918218711391091 -0.0009918218711391091 -0.0009918218711391091 -0.0009918218711391091 -0.0009918218711391091 -0.0009918218711391091 -0.0009918218711391091 -0.0009918218711391091 -0.0009918218711391091 -0.0009918218711391091 -0.0009918218711391091 -0.0009918218711391091 -0.0009918218711391091 -0.0009918218711391091 -0.0009918218711391091 -0.0009918218711391091 -0.0009918218711391091 -0.0009918218711391091 -0.0009918218711391091 -0.0009918218711391091 -0.0009918218711391091 -0.0011325725354254246 -0.000735043897293508 -0.0008998595294542611 -0.0006738962256349623 -0.0010115758050233126 -0.0009426274336874485 -0.0009517124854028225 -0.0008839037618599832 -0.0007633605855517089 -0.0005858420627191663
-0.0009426274336874485 -0.0009426274336874485 -0.0009426274336874485 -0.0009426274336874485 -0.0009426274336874485 -0.0009426274336874485 -0.0009426274336874485 -0.0009426274336874485 -0.0009426274336874485 -0.0009426274336874485 -0.0009426274336874485 -0.0009426274336874485 -0.0009426274336874485 -0.0009426274336874485 -0.0009426274336874485 -0.0009426274336874485 -0.0009426274336874485 -0.0009426274336874485 -0.0009426274336874485 -0.0009426274336874485 -0.0009426274336874485 -0.0009426274336874485 -0.0009426274336874485 -0.0009426274336874485 -0.0009426274336874485 -0.0009426274336874485 -0.0009426274336874485 -0.0009426274336874485 -0.0009426274336874485 -0.0009426274336874485 -0.0009426274336874485 -0.0009426274336874485 -0.0009426274336874485 -0.0009426274336874485 -0.0009426274336874485 -0.0009426274336874485 -0.0009426274336874485 -0.0009426274336874485 -0.000735043897293508 -0.0008998595294542611 -0.0006738962256349623 -0.0009426274336874485 -0.0010177057702094316 -0.0009426274336874485 -0.0008839037618599832 -0.0007633605855517089 -0.0005858420627191663
-0.0009517124854028225 -0.0009517124854028225 -0.0009517124854028225 -0.0009517124854028225 -0.0009517124854028225 -0.0009517124854028225 -0.0009517124854028225 -0.0009517124854028225 -0.0009517124854028225 -0.0009517124854028225 -0.0009517124854028225 -0.0009517124854028225 -0.0009517124854028225 -0.0009517124854028225 -0.0009517124854028225 -0.0009517124854028225 -0.0009517124854028225 -0.0009517124854028225 -0.0009517124854028225 -0.0009517124854028225 -0.0009517124854028225 -0.0009517124854028225 -0.0009517124854028225 -0.0009517124854028225 -0.0009517124854028225 -0.0009517124854028225 -0.0009517124854028225 -0.0009517124854028225 -0.0009517124854028225 -0.0009517124854028225 -0.0009517124854028225 -0.0009517124854028225 -0.0009517124854028225 -0.0009517124854028225 -0.0009517124854028225 -0.0009517124854028225 -0.0009517124854028225 -0.0009517124854028225 -0.000735043897293508 -0.0008998595294542611 -0.0006738962256349623 -0.0009517124854028225 -0.0009426274336874485 -0.0010173635091632605 -0.0008839037618599832 -0.0007633605855517089 -0.0005858420627191663
-0.0007633605855517089 -0.0007633605855517089 -0.0007633605855517089 -0.0007633605855517089 -0.0007633605855517089 -0.0007633605855517089 -0.0007633605855517089 -0.0007633605855517089 -0.0007633605855517089 -0.0007633605855517089 -0.0007633605855517089 -0.0007633605855517089 -0.0007633605855517089 -0.0007633605855517089 -0.0007633605855517089 -0.0007633605855517089 -0.0007633605855517089 -0.0007633605855517089 -0.0007633605855517089 -0.0007633605855517089 -0.0007633605855517089 -0.0007633605855517089 -0.0007633605855517089 -0.0007633605855517089 -0.0007633605855517089 -0.0007633605855517089 -0.0007633605855517089 -0.0007633605855517089 -0.0007633605855517089 -0.0007633605855517089 -0.0007633605855517089 -0.0007633605855517089 -0.0007633605855517089 -0.0007633605855517089 -0.0007633605855517089 -0.0007633605855517089 -0.0007633605855517089 -0.0007633605855517089 -0.000735043897293508 -0.0007633605855517089 -0.0006738962256349623 -0.0007633605855517089 -0.0007633605855517089 -0.0007633605855517089 -0.0007633605855517089 -0.0009013345115818083 -0.0005858420627191663
-0.0006738962256349623 -0.0006738962256349623 -0.0006738962256349623 -0.0006738962256349623 -0.0006738962256349623 -0.0006738962256349623 -0.0006738962256349623 -0.0006738962256349623 -0.0006738962256349623 -0.0006738962256349623 -0.0006738962256349623 -0.0006738962256349623 -0.0006738962256349623 -0.0006738962256349623 -0.0006738962256349623 -0.0006738962256349623 -0.0006738962256349623 -0.0006738962256349623 -0.0006738962256349623 -0.0006738962256349623 -0.0006738962256349623 -0.0006738962256349623 -0.0006738962256349623 -0.0006738962256349623 -0.0006738962256349623 -0.0006738962256349623 -0.0006738962256349623 -0.0006738962256349623 -0.0006738962256349623 -0.0006738962256349623 -0.0006738962256349623 -0.0006738962256349623 -0.0006738962256349623 -0.0006738962256349623 -0.0006738962256349623 -0.0006738962256349623 -0.0006738962256349623 -0.0006738962256349623 -0.0006738962256349623 -0.0006738962256349623 -0.0007883887737989426 -0.0006738962256349623 -0.0006738962256349623 -0.0006738962256349623 -0.0006738962256349623 -0.0006738962256349623 -0.0005858420627191663
-0.0006738962256349623 -0.0006738962256349623 -0.0006738962256349623 -0.0006738962256349623 -0.0006738962256349623 -0.0006738962256349623 -0.0006738962256349623 -0.0006738962256349623 -0.0006738962256349623 -0.0006738962256349623 -0.0006738962256349623 -0.0006738962256349623 -0.0006738962256349623 -0.0006738962256349623 -0.0006738962256349623 -0.0006738962256349623 -0.0006738962256349623 -0.0006738962256349623 -0.0006738962256349623 -0.0006738962256349623 -0.0006738962256349623 -0.0006738962256349623 -0.0006738962256349623 -0.0006738962256349623 -0.0006738962256349623 -0.0006738962256349623 -0.0006738962256349623 -0.0006738962256349623 -0.0006738962256349623 -0.0006738962256349623 -0.0006738962256349623 -0.0006738962256349623 -0.0006738962256349623 -0.0006738962256349623 -0.0006738962256349623 -0.0006738962256349623 -0.0006738962256349623 -0.0006738962256349623 -0.0006738962256349623 -0.0006738962256349623 -0.000782817485742271 -0.0006738962256349623 -0.0006738962256349623 -0.0006738962256349623 -0.0006738962256349623 -0.0006738962256349623 -0.0005858420627191663
-0.0005858420627191663 -0.0005858420627191663 -0.0005858420627191663 -0.0005858420627191663 -0.0005858420627191663 -0.0005858420627191663 -0.0005858420627191663 -0.0005858420627191663 -0.0005858420627191663 -0.0005858420627191663 -0.0005858420627191663 -0.0005858420627191663 -0.0005858420627191663 -0.0005858420627191663 -0.0005858420627191663 -0.0005858420627191663 -0.0005858420627191663 -0.0005858420627191663 -0.0005858420627191663 -0.0005858420627191663 -0.0005858420627191663 -0.0005858420627191663 -0.0005858420627191663 -0.0005858420627191663 -0.0005858420627191663 -0.0005858420627191663 -0.0005858420627191663 -0.0005858420627191663 -0.0005858420627191663 -0.0005858420627191663 -0.0005858420627191663 -0.0005858420627191663 -0.0005858420627191663 -0.0005858420627191663 -0.0005858420627191663 -0.0005858420627191663 -0.0005858420627191663 -0.0005858420627191663 -0.0005858420627191663 -0.0005858420627191663 -0.0005858420627191663 -0.0005858420627191663 -0.0005858420627191663 -0.0005858420627191663 -0.0005858420627191663 -0.0005858420627191663 -0.0007333061657845974