-0.4238879382610321 -0.44359949231147766 -0.44359949231147766 -0.44359949231147766 -0.1598788946866989 -0.3097178339958191 -0.11911923438310623 -0.1598788946866989 -0.2695648670196533 -0.11911923438310623 -0.11911923438310623 -0.1598788946866989 -0.11911923438310623 -0.10697481781244278 -0.1598788946866989 -0.11911923438310623 -0.15655846893787384 -0.15089713037014008 -0.15100987255573273 -0.10697481781244278 -0.10697481781244278 -0.1251295506954193 -0.08890655636787415 -0.07932685315608978 -0.02686384879052639 -0.010030184872448444 -0.004571062512695789 -0.002116741146892309 -0.0024467066396027803 -0.0032515961211174726 -0.002891838550567627 -0.0020132253412157297 -0.0017597872065380216 -0.0010840074392035604 -0.0017385059036314487 -0.0017342789797112346 -0.0016122423112392426 -0.0013616342330351472 -0.0010840074392035604 -0.0012182033387944102
-0.4238879382610321 -0.44359949231147766 -0.4923819899559021 -0.4923819899559021 -0.1598788946866989 -0.3097178339958191 -0.11911923438310623 -0.1598788946866989 -0.2695648670196533 -0.11911923438310623 -0.11911923438310623 -0.1598788946866989 -0.11911923438310623 -0.10697481781244278 -0.1598788946866989 -0.11911923438310623 -0.15655846893787384 -0.15089713037014008 -0.15100987255573273 -0.10697481781244278 -0.10697481781244278 -0.1251295506954193 -0.08890655636787415 -0.07932685315608978 -0.02686384879052639 -0.010030184872448444 -0.004571062512695789 -0.002116741146892309 -0.0024467066396027803 -0.0032515961211174726 -0.002891838550567627 -0.0020132253412157297 -0.0017597872065380216 -0.0010840074392035604 -0.0017385059036314487 -0.0017342789797112346 -0.0016122423112392426 -0.0013616342330351472 -0.0010840074392035604 -0.0012182033387944102
-0.4238879382610321 -0.44359949231147766 -0.4923819899559021 -0.4923819899559021 -0.1598788946866989 -0.3097178339958191 -0.11911923438310623 -0.1598788946866989 -0.2695648670196533 -0.11911923438310623 -0.11911923438310623 -0.1598788946866989 -0.11911923438310623 -0.10697481781244278 -0.1598788946866989 -0.11911923438310623 -0.15655846893787384 -0.15089713037014008 -0.15100987255573273 -0.10697481781244278 -0.10697481781244278 -0.1251295506954193 -0.08890655636787415 -0.07932685315608978 -0.02686384879052639 -0.010030184872448444 -0.004571062512695789 -0.002116741146892309 -0.0024467066396027803 -0.0032515961211174726 -0.002891838550567627 -0.0020132253412157297 -0.0017597872065380216 -0.0010840074392035604 -0.0017385059036314487 -0.0017342789797112346 -0.0016122423112392426 -0.0013616342330351472 -0.0010840074392035604 -0.0012182033387944102
-0.2695648670196533 -0.2695648670196533 -0.2695648670196533 -0.2695648670196533 -0.1598788946866989 -0.2695648670196533 -0.11911923438310623 -0.1598788946866989 -0.2695648670196533 -0.11911923438310623 -0.11911923438310623 -0.1598788946866989 -0.11911923438310623 -0.10697481781244278 -0.1598788946866989 -0.11911923438310623 -0.15655846893787384 -0.15089713037014008 -0.15100987255573273 -0.10697481781244278 -0.10697481781244278 -0.1251295506954193 -0.08890655636787415 -0.07932685315608978 -0.02686384879052639 -0.010030184872448444 -0.004571062512695789 -0.002116741146892309 -0.0024467066396027803 -0.0032515961211174726 -0.002891838550567627 -0.0020132253412157297 -0.0017597872065380216 -0.0010840074392035604 -0.0017385059036314487 -0.0017342789797112346 -0.0016122423112392426 -0.0013616342330351472 -0.0010840074392035604 -0.0012182033387944102
-0.2695648670196533 -0.2695648670196533 -0.2695648670196533 -0.2695648670196533 -0.1598788946866989 -0.2695648670196533 -0.11911923438310623 -0.1598788946866989 -0.2695648670196533 -0.11911923438310623 -0.11911923438310623 -0.1598788946866989 -0.11911923438310623 -0.10697481781244278 -0.1598788946866989 -0.11911923438310623 -0.15655846893787384 -0.15089713037014008 -0.15100987255573273 -0.10697481781244278 -0.10697481781244278 -0.1251295506954193 -0.08890655636787415 -0.07932685315608978 -0.02686384879052639 -0.010030184872448444 -0.004571062512695789 -0.002116741146892309 -0.0024467066396027803 -0.0032515961211174726 -0.002891838550567627 -0.0020132253412157297 -0.0017597872065380216 -0.0010840074392035604 -0.0017385059036314487 -0.0017342789797112346 -0.0016122423112392426 -0.0013616342330351472 -0.0010840074392035604 -0.0012182033387944102
-0.11911923438310623 -0.11911923438310623 -0.11911923438310623 -0.11911923438310623 -0.11911923438310623 -0.11911923438310623 -0.2933199405670166 -0.11911923438310623 -0.11911923438310623 -0.17724540829658508 -0.17724540829658508 -0.11911923438310623 -0.17724540829658508 -0.10697481781244278 -0.11911923438310623 -0.16688087582588196 -0.11911923438310623 -0.11911923438310623 -0.11911923438310623 -0.10697481781244278 -0.10697481781244278 -0.11911923438310623 -0.08890655636787415 -0.07932685315608978 -0.02686384879052639 -0.010030184872448444 -0.004571062512695789 -0.002116741146892309 -0.0024467066396027803 -0.0032515961211174726 -0.002891838550567627 -0.0020132253412157297 -0.0017597872065380216 -0.0010840074392035604 -0.0017385059036314487 -0.0017342789797112346 -0.0016122423112392426 -0.0013616342330351472 -0.0010840074392035604 -0.0012182033387944102
-0.11911923438310623 -0.11911923438310623 -0.11911923438310623 -0.11911923438310623 -0.11911923438310623 -0.11911923438310623 -0.2933199405670166 -0.11911923438310623 -0.11911923438310623 -0.17724540829658508 -0.17724540829658508 -0.11911923438310623 -0.17724540829658508 -0.10697481781244278 -0.11911923438310623 -0.16688087582588196 -0.11911923438310623 -0.11911923438310623 -0.11911923438310623 -0.10697481781244278 -0.10697481781244278 -0.11911923438310623 -0.08890655636787415 -0.07932685315608978 -0.02686384879052639 -0.010030184872448444 -0.004571062512695789 -0.002116741146892309 -0.0024467066396027803 -0.0032515961211174726 -0.002891838550567627 -0.0020132253412157297 -0.0017597872065380216 -0.0010840074392035604 -0.0017385059036314487 -0.0017342789797112346 -0.0016122423112392426 -0.0013616342330351472 -0.0010840074392035604 -0.0012182033387944102
-0.11911923438310623 -0.11911923438310623 -0.11911923438310623 -0.11911923438310623 -0.11911923438310623 -0.11911923438310623 -0.2933199405670166 -0.11911923438310623 -0.11911923438310623 -0.17724540829658508 -0.17724540829658508 -0.11911923438310623 -0.17724540829658508 -0.10697481781244278 -0.11911923438310623 -0.16688087582588196 -0.11911923438310623 -0.11911923438310623 -0.11911923438310623 -0.10697481781244278 -0.10697481781244278 -0.11911923438310623 -0.08890655636787415 -0.07932685315608978 -0.02686384879052639 -0.010030184872448444 -0.004571062512695789 -0.002116741146892309 -0.0024467066396027803 -0.0032515961211174726 -0.002891838550567627 -0.0020132253412157297 -0.0017597872065380216 -0.0010840074392035604 -0.0017385059036314487 -0.0017342789797112346 -0.0016122423112392426 -0.0013616342330351472 -0.0010840074392035604 -0.0012182033387944102
-0.2695648670196533 -0.2695648670196533 -0.2695648670196533 -0.2695648670196533 -0.1598788946866989 -0.2695648670196533 -0.11911923438310623 -0.1598788946866989 -0.2695648670196533 -0.11911923438310623 -0.11911923438310623 -0.1598788946866989 -0.11911923438310623 -0.10697481781244278 -0.1598788946866989 -0.11911923438310623 -0.15655846893787384 -0.15089713037014008 -0.15100987255573273 -0.10697481781244278 -0.10697481781244278 -0.1251295506954193 -0.08890655636787415 -0.07932685315608978 -0.02686384879052639 -0.010030184872448444 -0.004571062512695789 -0.002116741146892309 -0.0024467066396027803 -0.0032515961211174726 -0.002891838550567627 -0.0020132253412157297 -0.0017597872065380216 -0.0010840074392035604 -0.0017385059036314487 -0.0017342789797112346 -0.0016122423112392426 -0.0013616342330351472 -0.0010840074392035604 -0.0012182033387944102
-0.11911923438310623 -0.11911923438310623 -0.11911923438310623 -0.11911923438310623 -0.11911923438310623 -0.11911923438310623 -0.2933199405670166 -0.11911923438310623 -0.11911923438310623 -0.17724540829658508 -0.17724540829658508 -0.11911923438310623 -0.17724540829658508 -0.10697481781244278 -0.11911923438310623 -0.16688087582588196 -0.11911923438310623 -0.11911923438310623 -0.11911923438310623 -0.10697481781244278 -0.10697481781244278 -0.11911923438310623 -0.08890655636787415 -0.07932685315608978 -0.02686384879052639 -0.010030184872448444 -0.004571062512695789 -0.002116741146892309 -0.0024467066396027803 -0.0032515961211174726 -0.002891838550567627 -0.0020132253412157297 -0.0017597872065380216 -0.0010840074392035604 -0.0017385059036314487 -0.0017342789797112346 -0.0016122423112392426 -0.0013616342330351472 -0.0010840074392035604 -0.0012182033387944102
-0.11911923438310623 -0.11911923438310623 -0.11911923438310623 -0.11911923438310623 -0.11911923438310623 -0.11911923438310623 -0.2933199405670166 -0.11911923438310623 -0.11911923438310623 -0.17724540829658508 -0.17724540829658508 -0.11911923438310623 -0.17724540829658508 -0.10697481781244278 -0.11911923438310623 -0.16688087582588196 -0.11911923438310623 -0.11911923438310623 -0.11911923438310623 -0.10697481781244278 -0.10697481781244278 -0.11911923438310623 -0.08890655636787415 -0.07932685315608978 -0.02686384879052639 -0.010030184872448444 -0.004571062512695789 -0.002116741146892309 -0.0024467066396027803 -0.0032515961211174726 -0.002891838550567627 -0.0020132253412157297 -0.0017597872065380216 -0.0010840074392035604 -0.0017385059036314487 -0.0017342789797112346 -0.0016122423112392426 -0.0013616342330351472 -0.0010840074392035604 -0.0012182033387944102
-0.2695648670196533 -0.2695648670196533 -0.2695648670196533 -0.2695648670196533 -0.1598788946866989 -0.2695648670196533 -0.11911923438310623 -0.1598788946866989 -0.2695648670196533 -0.11911923438310623 -0.11911923438310623 -0.1598788946866989 -0.11911923438310623 -0.10697481781244278 -0.1598788946866989 -0.11911923438310623 -0.15655846893787384 -0.15089713037014008 -0.15100987255573273 -0.10697481781244278 -0.10697481781244278 -0.1251295506954193 -0.08890655636787415 -0.07932685315608978 -0.02686384879052639 -0.010030184872448444 -0.004571062512695789 -0.002116741146892309 -0.0024467066396027803 -0.0032515961211174726 -0.002891838550567627 -0.0020132253412157297 -0.0017597872065380216 -0.0010840074392035604 -0.0017385059036314487 -0.0017342789797112346 -0.0016122423112392426 -0.0013616342330351472 -0.0010840074392035604 -0.0012182033387944102
-0.1598788946866989 -0.1598788946866989 -0.1598788946866989 -0.1598788946866989 -0.32995566725730896 -0.1598788946866989 -0.11911923438310623 -0.16107091307640076 -0.1598788946866989 -0.11911923438310623 -0.11911923438310623 -0.22426174581050873 -0.11911923438310623 -0.10697481781244278 -0.2037186622619629 -0.11911923438310623 -0.15655846893787384 -0.15089713037014008 -0.15100987255573273 -0.10697481781244278 -0.10697481781244278 -0.1251295506954193 -0.08890655636787415 -0.07932685315608978 -0.02686384879052639 -0.010030184872448444 -0.004571062512695789 -0.002116741146892309 -0.0024467066396027803 -0.0032515961211174726 -0.002891838550567627 -0.0020132253412157297 -0.0017597872065380216 -0.0010840074392035604 -0.0017385059036314487 -0.0017342789797112346 -0.0016122423112392426 -0.0013616342330351472 -0.0010840074392035604 -0.0012182033387944102
-0.1598788946866989 -0.1598788946866989 -0.1598788946866989 -0.1598788946866989 -0.32995566725730896 -0.1598788946866989 -0.11911923438310623 -0.16107091307640076 -0.1598788946866989 -0.11911923438310623 -0.11911923438310623 -0.22426174581050873 -0.11911923438310623 -0.10697481781244278 -0.2037186622619629 -0.11911923438310623 -0.15655846893787384 -0.15089713037014008 -0.15100987255573273 -0.10697481781244278 -0.10697481781244278 -0.1251295506954193 -0.08890655636787415 -0.07932685315608978 -0.02686384879052639 -0.010030184872448444 -0.004571062512695789 -0.002116741146892309 -0.0024467066396027803 -0.0032515961211174726 -0.002891838550567627 -0.0020132253412157297 -0.0017597872065380216 -0.0010840074392035604 -0.0017385059036314487 -0.0017342789797112346 -0.0016122423112392426 -0.0013616342330351472 -0.0010840074392035604 -0.0012182033387944102
-0.1598788946866989 -0.1598788946866989 -0.1598788946866989 -0.1598788946866989 -0.32995566725730896 -0.1598788946866989 -0.11911923438310623 -0.16107091307640076 -0.1598788946866989 -0.11911923438310623 -0.11911923438310623 -0.22426174581050873 -0.11911923438310623 -0.10697481781244278 -0.2037186622619629 -0.11911923438310623 -0.15655846893787384 -0.15089713037014008 -0.15100987255573273 -0.10697481781244278 -0.10697481781244278 -0.1251295506954193 -0.08890655636787415 -0.07932685315608978 -0.02686384879052639 -0.010030184872448444 -0.004571062512695789 -0.002116741146892309 -0.0024467066396027803 -0.0032515961211174726 -0.002891838550567627 -0.0020132253412157297 -0.0017597872065380216 -0.0010840074392035604 -0.0017385059036314487 -0.0017342789797112346 -0.0016122423112392426 -0.0013616342330351472 -0.0010840074392035604 -0.0012182033387944102
-0.1598788946866989 -0.1598788946866989 -0.1598788946866989 -0.1598788946866989 -0.22426174581050873 -0.1598788946866989 -0.11911923438310623 -0.16107091307640076 -0.1598788946866989 -0.11911923438310623 -0.11911923438310623 -0.2360001802444458 -0.11911923438310623 -0.10697481781244278 -0.2037186622619629 -0.11911923438310623 -0.15655846893787384 -0.15089713037014008 -0.15100987255573273 -0.10697481781244278 -0.10697481781244278 -0.1251295506954193 -0.08890655636787415 -0.07932685315608978 -0.02686384879052639 -0.010030184872448444 -0.004571062512695789 -0.002116741146892309 -0.0024467066396027803 -0.0032515961211174726 -0.002891838550567627 -0.0020132253412157297 -0.0017597872065380216 -0.0010840074392035604 -0.0017385059036314487 -0.0017342789797112346 -0.0016122423112392426 -0.0013616342330351472 -0.0010840074392035604 -0.0012182033387944102
-0.11911923438310623 -0.11911923438310623 -0.11911923438310623 -0.11911923438310623 -0.11911923438310623 -0.11911923438310623 -0.16688087582588196 -0.11911923438310623 -0.11911923438310623 -0.16688087582588196 -0.16688087582588196 -0.11911923438310623 -0.16688087582588196 -0.10697481781244278 -0.11911923438310623 -0.17596115171909332 -0.11911923438310623 -0.11911923438310623 -0.11911923438310623 -0.10697481781244278 -0.10697481781244278 -0.11911923438310623 -0.08890655636787415 -0.07932685315608978 -0.02686384879052639 -0.010030184872448444 -0.004571062512695789 -0.002116741146892309 -0.0024467066396027803 -0.0032515961211174726 -0.002891838550567627 -0.0020132253412157297 -0.0017597872065380216 -0.0010840074392035604 -0.0017385059036314487 -0.0017342789797112346 -0.0016122423112392426 -0.0013616342330351472 -0.0010840074392035604 -0.0012182033387944102
-0.1598788946866989 -0.1598788946866989 -0.1598788946866989 -0.1598788946866989 -0.16107091307640076 -0.1598788946866989 -0.11911923438310623 -0.28485366702079773 -0.1598788946866989 -0.11911923438310623 -0.11911923438310623 -0.16107091307640076 -0.11911923438310623 -0.10697481781244278 -0.16107091307640076 -0.11911923438310623 -0.15655846893787384 -0.15089713037014008 -0.15100987255573273 -0.10697481781244278 -0.10697481781244278 -0.1251295506954193 -0.08890655636787415 -0.07932685315608978 -0.02686384879052639 -0.010030184872448444 -0.004571062512695789 -0.002116741146892309 -0.0024467066396027803 -0.0032515961211174726 -0.002891838550567627 -0.0020132253412157297 -0.0017597872065380216 -0.0010840074392035604 -0.0017385059036314487 -0.0017342789797112346 -0.0016122423112392426 -0.0013616342330351472 -0.0010840074392035604 -0.0012182033387944102
-0.11911923438310623 -0.11911923438310623 -0.11911923438310623 -0.11911923438310623 -0.11911923438310623 -0.11911923438310623 -0.17724540829658508 -0.11911923438310623 -0.11911923438310623 -0.2394893914461136 -0.2433082014322281 -0.11911923438310623 -0.21164563298225403 -0.10697481781244278 -0.11911923438310623 -0.16688087582588196 -0.11911923438310623 -0.11911923438310623 -0.11911923438310623 -0.10697481781244278 -0.10697481781244278 -0.11911923438310623 -0.08890655636787415 -0.07932685315608978 -0.02686384879052639 -0.010030184872448444 -0.004571062512695789 -0.002116741146892309 -0.0024467066396027803 -0.0032515961211174726 -0.002891838550567627 -0.0020132253412157297 -0.0017597872065380216 -0.0010840074392035604 -0.0017385059036314487 -0.0017342789797112346 -0.0016122423112392426 -0.0013616342330351472 -0.0010840074392035604 -0.0012182033387944102
-0.1598788946866989 -0.1598788946866989 -0.1598788946866989 -0.1598788946866989 -0.16107091307640076 -0.1598788946866989 -0.11911923438310623 -0.28485366702079773 -0.1598788946866989 -0.11911923438310623 -0.11911923438310623 -0.16107091307640076 -0.11911923438310623 -0.10697481781244278 -0.16107091307640076 -0.11911923438310623 -0.15655846893787384 -0.15089713037014008 -0.15100987255573273 -0.10697481781244278 -0.10697481781244278 -0.1251295506954193 -0.08890655636787415 -0.07932685315608978 -0.02686384879052639 -0.010030184872448444 -0.004571062512695789 -0.002116741146892309 -0.0024467066396027803 -0.0032515961211174726 -0.002891838550567627 -0.0020132253412157297 -0.0017597872065380216 -0.0010840074392035604 -0.0017385059036314487 -0.0017342789797112346 -0.0016122423112392426 -0.0013616342330351472 -0.0010840074392035604 -0.0012182033387944102
-0.11911923438310623 -0.11911923438310623 -0.11911923438310623 -0.11911923438310623 -0.11911923438310623 -0.11911923438310623 -0.17724540829658508 -0.11911923438310623 -0.11911923438310623 -0.21164563298225403 -0.21164563298225403 -0.11911923438310623 -0.23170404136180878 -0.10697481781244278 -0.11911923438310623 -0.16688087582588196 -0.11911923438310623 -0.11911923438310623 -0.11911923438310623 -0.10697481781244278 -0.10697481781244278 -0.11911923438310623 -0.08890655636787415 -0.07932685315608978 -0.02686384879052639 -0.010030184872448444 -0.004571062512695789 -0.002116741146892309 -0.0024467066396027803 -0.0032515961211174726 -0.002891838550567627 -0.0020132253412157297 -0.0017597872065380216 -0.0010840074392035604 -0.0017385059036314487 -0.0017342789797112346 -0.0016122423112392426 -0.0013616342330351472 -0.0010840074392035604 -0.0012182033387944102
-0.07932685315608978 -0.07932685315608978 -0.07932685315608978 -0.07932685315608978 -0.07932685315608978 -0.07932685315608978 -0.07932685315608978 -0.07932685315608978 -0.07932685315608978 -0.07932685315608978 -0.07932685315608978 -0.07932685315608978 -0.07932685315608978 -0.07932685315608978 -0.07932685315608978 -0.07932685315608978 -0.07932685315608978 -0.07932685315608978 -0.07932685315608978 -0.07932685315608978 -0.07932685315608978 -0.07932685315608978 -0.07932685315608978 -0.07932685315608978 -0.02686384879052639 -0.010030184872448444 -0.004571062512695789 -0.002116741146892309 -0.0024467066396027803 -0.0032515961211174726 -0.002891838550567627 -0.0020132253412157297 -0.0017597872065380216 -0.0010840074392035604 -0.0017385059036314487 -0.0017342789797112346 -0.0016122423112392426 -0.0013616342330351472 -0.0010840074392035604 -0.0012182033387944102
-0.1598788946866989 -0.1598788946866989 -0.1598788946866989 -0.1598788946866989 -0.2037186622619629 -0.1598788946866989 -0.11911923438310623 -0.16107091307640076 -0.1598788946866989 -0.11911923438310623 -0.11911923438310623 -0.2037186622619629 -0.11911923438310623 -0.10697481781244278 -0.2037186622619629 -0.11911923438310623 -0.15655846893787384 -0.15089713037014008 -0.15100987255573273 -0.10697481781244278 -0.10697481781244278 -0.1251295506954193 -0.08890655636787415 -0.07932685315608978 -0.02686384879052639 -0.010030184872448444 -0.004571062512695789 -0.002116741146892309 -0.0024467066396027803 -0.0032515961211174726 -0.002891838550567627 -0.0020132253412157297 -0.0017597872065380216 -0.0010840074392035604 -0.0017385059036314487 -0.0017342789797112346 -0.0016122423112392426 -0.0013616342330351472 -0.0010840074392035604 -0.0012182033387944102
-0.15655846893787384 -0.15655846893787384 -0.15655846893787384 -0.15655846893787384 -0.15655846893787384 -0.15655846893787384 -0.11911923438310623 -0.15655846893787384 -0.15655846893787384 -0.11911923438310623 -0.11911923438310623 -0.15655846893787384 -0.11911923438310623 -0.10697481781244278 -0.15655846893787384 -0.11911923438310623 -0.15655846893787384 -0.15089713037014008 -0.15100987255573273 -0.10697481781244278 -0.10697481781244278 -0.1251295506954193 -0.08890655636787415 -0.07932685315608978 -0.02686384879052639 -0.010030184872448444 -0.004571062512695789 -0.002116741146892309 -0.0024467066396027803 -0.0032515961211174726 -0.002891838550567627 -0.0020132253412157297 -0.0017597872065380216 -0.0010840074392035604 -0.0017385059036314487 -0.0017342789797112346 -0.0016122423112392426 -0.0013616342330351472 -0.0010840074392035604 -0.0012182033387944102
-0.1598788946866989 -0.1598788946866989 -0.1598788946866989 -0.1598788946866989 -0.2037186622619629 -0.1598788946866989 -0.11911923438310623 -0.16107091307640076 -0.1598788946866989 -0.11911923438310623 -0.11911923438310623 -0.2037186622619629 -0.11911923438310623 -0.10697481781244278 -0.21318696439266205 -0.11911923438310623 -0.15655846893787384 -0.15089713037014008 -0.15100987255573273 -0.10697481781244278 -0.10697481781244278 -0.1251295506954193 -0.08890655636787415 -0.07932685315608978 -0.02686384879052639 -0.010030184872448444 -0.004571062512695789 -0.002116741146892309 -0.0024467066396027803 -0.0032515961211174726 -0.002891838550567627 -0.0020132253412157297 -0.0017597872065380216 -0.0010840074392035604 -0.0017385059036314487 -0.0017342789797112346 -0.0016122423112392426 -0.0013616342330351472 -0.0010840074392035604 -0.0012182033387944102
-0.15089713037014008 -0.15089713037014008 -0.15089713037014008 -0.15089713037014008 -0.15089713037014008 -0.15089713037014008 -0.11911923438310623 -0.15089713037014008 -0.15089713037014008 -0.11911923438310623 -0.11911923438310623 -0.15089713037014008 -0.11911923438310623 -0.10697481781244278 -0.15089713037014008 -0.11911923438310623 -0.15089713037014008 -0.15089713037014008 -0.15089713037014008 -0.10697481781244278 -0.10697481781244278 -0.1251295506954193 -0.08890655636787415 -0.07932685315608978 -0.02686384879052639 -0.010030184872448444 -0.004571062512695789 -0.002116741146892309 -0.0024467066396027803 -0.0032515961211174726 -0.002891838550567627 -0.0020132253412157297 -0.0017597872065380216 -0.0010840074392035604 -0.0017385059036314487 -0.0017342789797112346 -0.0016122423112392426 -0.0013616342330351472 -0.0010840074392035604 -0.0012182033387944102
-0.08890655636787415 -0.08890655636787415 -0.08890655636787415 -0.08890655636787415 -0.08890655636787415 -0.08890655636787415 -0.08890655636787415 -0.08890655636787415 -0.08890655636787415 -0.08890655636787415 -0.08890655636787415 -0.08890655636787415 -0.08890655636787415 -0.08890655636787415 -0.08890655636787415 -0.08890655636787415 -0.08890655636787415 -0.08890655636787415 -0.08890655636787415 -0.08890655636787415 -0.08890655636787415 -0.08890655636787415 -0.09958900511264801 -0.07932685315608978 -0.02686384879052639 -0.010030184872448444 -0.004571062512695789 -0.002116741146892309 -0.0024467066396027803 -0.0032515961211174726 -0.002891838550567627 -0.0020132253412157297 -0.0017597872065380216 -0.0010840074392035604 -0.0017385059036314487 -0.0017342789797112346 -0.0016122423112392426 -0.0013616342330351472 -0.0010840074392035604 -0.0012182033387944102
-0.010030184872448444 -0.010030184872448444 -0.010030184872448444 -0.010030184872448444 -0.010030184872448444 -0.010030184872448444 -0.010030184872448444 -0.010030184872448444 -0.010030184872448444 -0.010030184872448444 -0.010030184872448444 -0.010030184872448444 -0.010030184872448444 -0.010030184872448444 -0.010030184872448444 -0.010030184872448444 -0.010030184872448444 -0.010030184872448444 -0.010030184872448444 -0.010030184872448444 -0.010030184872448444 -0.010030184872448444 -0.010030184872448444 -0.010030184872448444 -0.010030184872448444 -0.010030184872448444 -0.004571062512695789 -0.002116741146892309 -0.0024467066396027803 -0.0032515961211174726 -0.002891838550567627 -0.0020132253412157297 -0.0017597872065380216 -0.0010840074392035604 -0.0017385059036314487 -0.0017342789797112346 -0.0016122423112392426 -0.0013616342330351472 -0.0010840074392035604 -0.0012182033387944102
-0.15655846893787384 -0.15655846893787384 -0.15655846893787384 -0.15655846893787384 -0.15655846893787384 -0.15655846893787384 -0.11911923438310623 -0.15655846893787384 -0.15655846893787384 -0.11911923438310623 -0.11911923438310623 -0.15655846893787384 -0.11911923438310623 -0.10697481781244278 -0.15655846893787384 -0.11911923438310623 -0.15655846893787384 -0.15089713037014008 -0.15100987255573273 -0.10697481781244278 -0.10697481781244278 -0.1251295506954193 -0.08890655636787415 -0.07932685315608978 -0.02686384879052639 -0.010030184872448444 -0.004571062512695789 -0.002116741146892309 -0.0024467066396027803 -0.0032515961211174726 -0.002891838550567627 -0.0020132253412157297 -0.0017597872065380216 -0.0010840074392035604 -0.0017385059036314487 -0.0017342789797112346 -0.0016122423112392426 -0.0013616342330351472 -0.0010840074392035604 -0.0012182033387944102
-0.15089713037014008 -0.15089713037014008 -0.15089713037014008 -0.15089713037014008 -0.15089713037014008 -0.15089713037014008 -0.11911923438310623 -0.15089713037014008 -0.15089713037014008 -0.11911923438310623 -0.11911923438310623 -0.15089713037014008 -0.11911923438310623 -0.10697481781244278 -0.15089713037014008 -0.11911923438310623 -0.15089713037014008 -0.15089713037014008 -0.15089713037014008 -0.10697481781244278 -0.10697481781244278 -0.1251295506954193 -0.08890655636787415 -0.07932685315608978 -0.02686384879052639 -0.010030184872448444 -0.004571062512695789 -0.002116741146892309 -0.0024467066396027803 -0.0032515961211174726 -0.002891838550567627 -0.0020132253412157297 -0.0017597872065380216 -0.0010840074392035604 -0.0017385059036314487 -0.0017342789797112346 -0.0016122423112392426 -0.0013616342330351472 -0.0010840074392035604 -0.0012182033387944102
-0.10697481781244278 -0.10697481781244278 -0.10697481781244278 -0.10697481781244278 -0.10697481781244278 -0.10697481781244278 -0.10697481781244278 -0.10697481781244278 -0.10697481781244278 -0.10697481781244278 -0.10697481781244278 -0.10697481781244278 -0.10697481781244278 -0.17950142920017242 -0.10697481781244278 -0.10697481781244278 -0.10697481781244278 -0.10697481781244278 -0.10697481781244278 -0.12649397552013397 -0.12649397552013397 -0.10697481781244278 -0.08890655636787415 -0.07932685315608978 -0.02686384879052639 -0.010030184872448444 -0.004571062512695789 -0.002116741146892309 -0.0024467066396027803 -0.0032515961211174726 -0.002891838550567627 -0.0020132253412157297 -0.0017597872065380216 -0.0010840074392035604 -0.0017385059036314487 -0.0017342789797112346 -0.0016122423112392426 -0.0013616342330351472 -0.0010840074392035604 -0.0012182033387944102
-0.1598788946866989 -0.1598788946866989 -0.1598788946866989 -0.1598788946866989 -0.17884650826454163 -0.1598788946866989 -0.11911923438310623 -0.16107091307640076 -0.1598788946866989 -0.11911923438310623 -0.11911923438310623 -0.17884650826454163 -0.11911923438310623 -0.10697481781244278 -0.17884650826454163 -0.11911923438310623 -0.15655846893787384 -0.15089713037014008 -0.15100987255573273 -0.10697481781244278 -0.10697481781244278 -0.1251295506954193 -0.08890655636787415 -0.07932685315608978 -0.02686384879052639 -0.010030184872448444 -0.004571062512695789 -0.002116741146892309 -0.0024467066396027803 -0.0032515961211174726 -0.002891838550567627 -0.0020132253412157297 -0.0017597872065380216 -0.0010840074392035604 -0.0017385059036314487 -0.0017342789797112346 -0.0016122423112392426 -0.0013616342330351472 -0.0010840074392035604 -0.0012182033387944102
-0.10697481781244278 -0.10697481781244278 -0.10697481781244278 -0.10697481781244278 -0.10697481781244278 -0.10697481781244278 -0.10697481781244278 -0.10697481781244278 -0.10697481781244278 -0.10697481781244278 -0.10697481781244278 -0.10697481781244278 -0.10697481781244278 -0.17866407334804535 -0.10697481781244278 -0.10697481781244278 -0.10697481781244278 -0.10697481781244278 -0.10697481781244278 -0.12649397552013397 -0.12649397552013397 -0.10697481781244278 -0.08890655636787415 -0.07932685315608978 -0.02686384879052639 -0.010030184872448444 -0.004571062512695789 -0.002116741146892309 -0.0024467066396027803 -0.0032515961211174726 -0.002891838550567627 -0.0020132253412157297 -0.0017597872065380216 -0.0010840074392035604 -0.0017385059036314487 -0.0017342789797112346 -0.0016122423112392426 -0.0013616342330351472 -0.0010840074392035604 -0.0012182033387944102
-0.10697481781244278 -0.10697481781244278 -0.10697481781244278 -0.10697481781244278 -0.10697481781244278 -0.10697481781244278 -0.10697481781244278 -0.10697481781244278 -0.10697481781244278 -0.10697481781244278 -0.10697481781244278 -0.10697481781244278 -0.10697481781244278 -0.10697481781244278 -0.10697481781244278 -0.10697481781244278 -0.10697481781244278 -0.10697481781244278 -0.10697481781244278 -0.10697481781244278 -0.10697481781244278 -0.10697481781244278 -0.08890655636787415 -0.07932685315608978 -0.02686384879052639 -0.010030184872448444 -0.004571062512695789 -0.002116741146892309 -0.0024467066396027803 -0.0032515961211174726 -0.002891838550567627 -0.0020132253412157297 -0.0017597872065380216 -0.0010840074392035604 -0.0017385059036314487 -0.0017342789797112346 -0.0016122423112392426 -0.0013616342330351472 -0.0010840074392035604 -0.0012182033387944102
-0.07932685315608978 -0.07932685315608978 -0.07932685315608978 -0.07932685315608978 -0.07932685315608978 -0.07932685315608978 -0.07932685315608978 -0.07932685315608978 -0.07932685315608978 -0.07932685315608978 -0.07932685315608978 -0.07932685315608978 -0.07932685315608978 -0.07932685315608978 -0.07932685315608978 -0.07932685315608978 -0.07932685315608978 -0.07932685315608978 -0.07932685315608978 -0.07932685315608978 -0.07932685315608978 -0.07932685315608978 -0.07932685315608978 -0.07932685315608978 -0.02686384879052639 -0.010030184872448444 -0.004571062512695789 -0.002116741146892309 -0.0024467066396027803 -0.0032515961211174726 -0.002891838550567627 -0.0020132253412157297 -0.0017597872065380216 -0.0010840074392035604 -0.0017385059036314487 -0.0017342789797112346 -0.0016122423112392426 -0.0013616342330351472 -0.0010840074392035604 -0.0012182033387944102
-0.09443574398756027 -0.09443574398756027 -0.09443574398756027 -0.09443574398756027 -0.09443574398756027 -0.09443574398756027 -0.09443574398756027 -0.09443574398756027 -0.09443574398756027 -0.09443574398756027 -0.09443574398756027 -0.09443574398756027 -0.09443574398756027 -0.09443574398756027 -0.09443574398756027 -0.09443574398756027 -0.09443574398756027 -0.09443574398756027 -0.09443574398756027 -0.09443574398756027 -0.09443574398756027 -0.09443574398756027 -0.08890655636787415 -0.07932685315608978 -0.02686384879052639 -0.010030184872448444 -0.004571062512695789 -0.002116741146892309 -0.0024467066396027803 -0.0032515961211174726 -0.002891838550567627 -0.0020132253412157297 -0.0017597872065380216 -0.0010840074392035604 -0.0017385059036314487 -0.0017342789797112346 -0.0016122423112392426 -0.0013616342330351472 -0.0010840074392035604 -0.0012182033387944102
-0.09327024966478348 -0.09327024966478348 -0.09327024966478348 -0.09327024966478348 -0.09327024966478348 -0.09327024966478348 -0.09327024966478348 -0.09327024966478348 -0.09327024966478348 -0.09327024966478348 -0.09327024966478348 -0.09327024966478348 -0.09327024966478348 -0.09327024966478348 -0.09327024966478348 -0.09327024966478348 -0.09327024966478348 -0.09327024966478348 -0.09327024966478348 -0.09327024966478348 -0.09327024966478348 -0.09327024966478348 -0.08890655636787415 -0.07932685315608978 -0.02686384879052639 -0.010030184872448444 -0.004571062512695789 -0.002116741146892309 -0.0024467066396027803 -0.0032515961211174726 -0.002891838550567627 -0.0020132253412157297 -0.0017597872065380216 -0.0010840074392035604 -0.0017385059036314487 -0.0017342789797112346 -0.0016122423112392426 -0.0013616342330351472 -0.0010840074392035604 -0.0012182033387944102
-0.02686384879052639 -0.02686384879052639 -0.02686384879052639 -0.02686384879052639 -0.02686384879052639 -0.02686384879052639 -0.02686384879052639 -0.02686384879052639 -0.02686384879052639 -0.02686384879052639 -0.02686384879052639 -0.02686384879052639 -0.02686384879052639 -0.02686384879052639 -0.02686384879052639 -0.02686384879052639 -0.02686384879052639 -0.02686384879052639 -0.02686384879052639 -0.02686384879052639 -0.02686384879052639 -0.02686384879052639 -0.02686384879052639 -0.02686384879052639 -0.02686384879052639 -0.010030184872448444 -0.004571062512695789 -0.002116741146892309 -0.0024467066396027803 -0.0032515961211174726 -0.002891838550567627 -0.0020132253412157297 -0.0017597872065380216 -0.0010840074392035604 -0.0017385059036314487 -0.0017342789797112346 -0.0016122423112392426 -0.0013616342330351472 -0.0010840074392035604 -0.0012182033387944102
-0.010030184872448444 -0.010030184872448444 -0.010030184872448444 -0.010030184872448444 -0.010030184872448444 -0.010030184872448444 -0.010030184872448444 -0.010030184872448444 -0.010030184872448444 -0.010030184872448444 -0.010030184872448444 -0.010030184872448444 -0.010030184872448444 -0.010030184872448444 -0.010030184872448444 -0.010030184872448444 -0.010030184872448444 -0.010030184872448444 -0.010030184872448444 -0.010030184872448444 -0.010030184872448444 -0.010030184872448444 -0.010030184872448444 -0.010030184872448444 -0.010030184872448444 -0.011334528215229511 -0.004571062512695789 -0.002116741146892309 -0.0024467066396027803 -0.0032515961211174726 -0.002891838550567627 -0.0020132253412157297 -0.0017597872065380216 -0.0010840074392035604 -0.0017385059036314487 -0.0017342789797112346 -0.0016122423112392426 -0.0013616342330351472 -0.0010840074392035604 -0.0012182033387944102
-0.0030503857415169477 -0.0030503857415169477 -0.0030503857415169477 -0.0030503857415169477 -0.0030503857415169477 -0.0030503857415169477 -0.0030503857415169477 -0.0030503857415169477 -0.0030503857415169477 -0.0030503857415169477 -0.0030503857415169477 -0.0030503857415169477 -0.0030503857415169477 -0.0030503857415169477 -0.0030503857415169477 -0.0030503857415169477 -0.0030503857415169477 -0.0030503857415169477 -0.0030503857415169477 -0.0030503857415169477 -0.0030503857415169477 -0.0030503857415169477 -0.0030503857415169477 -0.0030503857415169477 -0.0030503857415169477 -0.0030503857415169477 -0.0030503857415169477 -0.002116741146892309 -0.0024467066396027803 -0.0030503857415169477 -0.002891838550567627 -0.0020132253412157297 -0.0017597872065380216 -0.0010840074392035604 -0.0017385059036314487 -0.0017342789797112346 -0.0016122423112392426 -0.0013616342330351472 -0.0010840074392035604 -0.0012182033387944102
-0.0024467066396027803 -0.0024467066396027803 -0.0024467066396027803 -0.0024467066396027803 -0.0024467066396027803 -0.0024467066396027803 -0.0024467066396027803 -0.0024467066396027803 -0.0024467066396027803 -0.0024467066396027803 -0.0024467066396027803 -0.0024467066396027803 -0.0024467066396027803 -0.0024467066396027803 -0.0024467066396027803 -0.0024467066396027803 -0.0024467066396027803 -0.0024467066396027803 -0.0024467066396027803 -0.0024467066396027803 -0.0024467066396027803 -0.0024467066396027803 -0.0024467066396027803 -0.0024467066396027803 -0.0024467066396027803 -0.0024467066396027803 -0.0024467066396027803 -0.002116741146892309 -0.003002873854711652 -0.0024467066396027803 -0.0024467066396027803 -0.0020132253412157297 -0.0017597872065380216 -0.0010840074392035604 -0.0017385059036314487 -0.0017342789797112346 -0.0016122423112392426 -0.0013616342330351472 -0.0010840074392035604 -0.0012182033387944102
-0.0020055174827575684 -0.0020055174827575684 -0.0020055174827575684 -0.0020055174827575684 -0.0020055174827575684 -0.0020055174827575684 -0.0020055174827575684 -0.0020055174827575684 -0.0020055174827575684 -0.0020055174827575684 -0.0020055174827575684 -0.0020055174827575684 -0.0020055174827575684 -0.0020055174827575684 -0.0020055174827575684 -0.0020055174827575684 -0.0020055174827575684 -0.0020055174827575684 -0.0020055174827575684 -0.0020055174827575684 -0.0020055174827575684 -0.0020055174827575684 -0.0020055174827575684 -0.0020055174827575684 -0.0020055174827575684 -0.0020055174827575684 -0.0020055174827575684 -0.0020055174827575684 -0.0020055174827575684 -0.0020055174827575684 -0.0020055174827575684 -0.0020055174827575684 -0.0017597872065380216 -0.0010840074392035604 -0.0017385059036314487 -0.0017342789797112346 -0.0016122423112392426 -0.0013616342330351472 -0.0010840074392035604 -0.0012182033387944102
-0.0012844307348132133 -0.0012844307348132133 -0.0012844307348132133 -0.0012844307348132133 -0.0012844307348132133 -0.0012844307348132133 -0.0012844307348132133 -0.0012844307348132133 -0.0012844307348132133 -0.0012844307348132133 -0.0012844307348132133 -0.0012844307348132133 -0.0012844307348132133 -0.0012844307348132133 -0.0012844307348132133 -0.0012844307348132133 -0.0012844307348132133 -0.0012844307348132133 -0.0012844307348132133 -0.0012844307348132133 -0.0012844307348132133 -0.0012844307348132133 -0.0012844307348132133 -0.0012844307348132133 -0.0012844307348132133 -0.0012844307348132133 -0.0012844307348132133 -0.0012844307348132133 -0.0012844307348132133 -0.0012844307348132133 -0.0012844307348132133 -0.0012844307348132133 -0.0012844307348132133 -0.0010840074392035604 -0.0012844307348132133 -0.0012844307348132133 -0.0012844307348132133 -0.0012844307348132133 -0.0010840074392035604 -0.0012182033387944102
-0.001263063633814454 -0.001263063633814454 -0.001263063633814454 -0.001263063633814454 -0.001263063633814454 -0.001263063633814454 -0.001263063633814454 -0.001263063633814454 -0.001263063633814454 -0.001263063633814454 -0.001263063633814454 -0.001263063633814454 -0.001263063633814454 -0.001263063633814454 -0.001263063633814454 -0.001263063633814454 -0.001263063633814454 -0.001263063633814454 -0.001263063633814454 -0.001263063633814454 -0.001263063633814454 -0.001263063633814454 -0.001263063633814454 -0.001263063633814454 -0.001263063633814454 -0.001263063633814454 -0.001263063633814454 -0.001263063633814454 -0.001263063633814454 -0.001263063633814454 -0.001263063633814454 -0.001263063633814454 -0.001263063633814454 -0.0010840074392035604 -0.001263063633814454 -0.001263063633814454 -0.001263063633814454 -0.001263063633814454 -0.0010840074392035604 -0.0012182033387944102
-0.001152997137978673 -0.001152997137978673 -0.001152997137978673 -0.001152997137978673 -0.001152997137978673 -0.001152997137978673 -0.001152997137978673 -0.001152997137978673 -0.001152997137978673 -0.001152997137978673 -0.001152997137978673 -0.001152997137978673 -0.001152997137978673 -0.001152997137978673 -0.001152997137978673 -0.001152997137978673 -0.001152997137978673 -0.001152997137978673 -0.001152997137978673 -0.001152997137978673 -0.001152997137978673 -0.001152997137978673 -0.001152997137978673 -0.001152997137978673 -0.001152997137978673 -0.001152997137978673 -0.001152997137978673 -0.001152997137978673 -0.001152997137978673 -0.001152997137978673 -0.001152997137978673 -0.001152997137978673 -0.001152997137978673 -0.0010840074392035604 -0.001152997137978673 -0.001152997137978673 -0.001152997137978673 -0.001152997137978673 -0.0010840074392035604 -0.001152997137978673
-0.0011325725354254246 -0.0011325725354254246 -0.0011325725354254246 -0.0011325725354254246 -0.0011325725354254246 -0.0011325725354254246 -0.0011325725354254246 -0.0011325725354254246 -0.0011325725354254246 -0.0011325725354254246 -0.0011325725354254246 -0.0011325725354254246 -0.0011325725354254246 -0.0011325725354254246 -0.0011325725354254246 -0.0011325725354254246 -0.0011325725354254246 -0.0011325725354254246 -0.0011325725354254246 -0.0011325725354254246 -0.0011325725354254246 -0.0011325725354254246 -0.0011325725354254246 -0.0011325725354254246 -0.0011325725354254246 -0.0011325725354254246 -0.0011325725354254246 -0.0011325725354254246 -0.0011325725354254246 -0.0011325725354254246 -0.0011325725354254246 -0.0011325725354254246 -0.0011325725354254246 -0.0010840074392035604 -0.0011325725354254246 -0.0011325725354254246 -0.0011325725354254246 -0.0011325725354254246 -0.0010840074392035604 -0.0011325725354254246
-0.0011140882270410657 -0.0011140882270410657 -0.0011140882270410657 -0.0011140882270410657 -0.0011140882270410657 -0.0011140882270410657 -0.0011140882270410657 -0.0011140882270410657 -0.0011140882270410657 -0.0011140882270410657 -0.0011140882270410657 -0.0011140882270410657 -0.0011140882270410657 -0.0011140882270410657 -0.0011140882270410657 -0.0011140882270410657 -0.0011140882270410657 -0.0011140882270410657 -0.0011140882270410657 -0.0011140882270410657 -0.0011140882270410657 -0.0011140882270410657 -0.0011140882270410657 -0.0011140882270410657 -0.0011140882270410657 -0.0011140882270410657 -0.0011140882270410657 -0.0011140882270410657 -0.0011140882270410657 -0.0011140882270410657 -0.0011140882270410657 -0.0011140882270410657 -0.0011140882270410657 -0.0010840074392035604 -0.0011140882270410657 -0.0011140882270410657 -0.0011140882270410657 -0.0011140882270410657 -0.0010840074392035604 -0.0011140882270410657
-0.0011011005844920874 -0.0011011005844920874 -0.0011011005844920874 -0.0011011005844920874 -0.0011011005844920874 -0.0011011005844920874 -0.0011011005844920874 -0.0011011005844920874 -0.0011011005844920874 -0.0011011005844920874 -0.0011011005844920874 -0.0011011005844920874 -0.0011011005844920874 -0.0011011005844920874 -0.0011011005844920874 -0.0011011005844920874 -0.0011011005844920874 -0.0011011005844920874 -0.0011011005844920874 -0.0011011005844920874 -0.0011011005844920874 -0.0011011005844920874 -0.0011011005844920874 -0.0011011005844920874 -0.0011011005844920874 -0.0011011005844920874 -0.0011011005844920874 -0.0011011005844920874 -0.0011011005844920874 -0.0011011005844920874 -0.0011011005844920874 -0.0011011005844920874 -0.0011011005844920874 -0.0010840074392035604 -0.0011011005844920874 -0.0011011005844920874 -0.0011011005844920874 -0.0011011005844920874 -0.0010840074392035604 -0.0011011005844920874
-0.0010723596205934882 -0.0010723596205934882 -0.0010723596205934882 -0.0010723596205934882 -0.0010723596205934882 -0.0010723596205934882 -0.0010723596205934882 -0.0010723596205934882 -0.0010723596205934882 -0.0010723596205934882 -0.0010723596205934882 -0.0010723596205934882 -0.0010723596205934882 -0.0010723596205934882 -0.0010723596205934882 -0.0010723596205934882 -0.0010723596205934882 -0.0010723596205934882 -0.0010723596205934882 -0.0010723596205934882 -0.0010723596205934882 -0.0010723596205934882 -0.0010723596205934882 -0.0010723596205934882 -0.0010723596205934882 -0.0010723596205934882 -0.0010723596205934882 -0.0010723596205934882 -0.0010723596205934882 -0.0010723596205934882 -0.0010723596205934882 -0.0010723596205934882 -0.0010723596205934882 -0.0010723596205934882 -0.0010723596205934882 -0.0010723596205934882 -0.0010723596205934882 -0.0010723596205934882 -0.0010723596205934882 -0.0010723596205934882
-0.0007883887737989426 -0.0007883887737989426 -0.0007883887737989426 -0.0007883887737989426 -0.0007883887737989426 -0.0007883887737989426 -0.0007883887737989426 -0.0007883887737989426 -0.0007883887737989426 -0.0007883887737989426 -0.0007883887737989426 -0.0007883887737989426 -0.0007883887737989426 -0.0007883887737989426 -0.0007883887737989426 -0.0007883887737989426 -0.0007883887737989426 -0.0007883887737989426 -0.0007883887737989426 -0.0007883887737989426 -0.0007883887737989426 -0.0007883887737989426 -0.0007883887737989426 -0.0007883887737989426 -0.0007883887737989426 -0.0007883887737989426 -0.0007883887737989426 -0.0007883887737989426 -0.0007883887737989426 -0.0007883887737989426 -0.0007883887737989426 -0.0007883887737989426 -0.0007883887737989426 -0.0007883887737989426 -0.0007883887737989426 -0.0007883887737989426 -0.0007883887737989426 -0.0007883887737989426 -0.0007883887737989426 -0.0007883887737989426
-0.000782817485742271 -0.000782817485742271 -0.000782817485742271 -0.000782817485742271 -0.000782817485742271 -0.000782817485742271 -0.000782817485742271 -0.000782817485742271 -0.000782817485742271 -0.000782817485742271 -0.000782817485742271 -0.000782817485742271 -0.000782817485742271 -0.000782817485742271 -0.000782817485742271 -0.000782817485742271 -0.000782817485742271 -0.000782817485742271 -0.000782817485742271 -0.000782817485742271 -0.000782817485742271 -0.000782817485742271 -0.000782817485742271 -0.000782817485742271 -0.000782817485742271 -0.000782817485742271 -0.000782817485742271 -0.000782817485742271 -0.000782817485742271 -0.000782817485742271 -0.000782817485742271 -0.000782817485742271 -0.000782817485742271 -0.000782817485742271 -0.000782817485742271 -0.000782817485742271 -0.000782817485742271 -0.000782817485742271 -0.000782817485742271 -0.000782817485742271
-0.0007333061657845974 -0.0007333061657845974 -0.0007333061657845974 -0.0007333061657845974 -0.0007333061657845974 -0.0007333061657845974 -0.0007333061657845974 -0.0007333061657845974 -0.0007333061657845974 -0.0007333061657845974 -0.0007333061657845974 -0.0007333061657845974 -0.0007333061657845974 -0.0007333061657845974 -0.0007333061657845974 -0.0007333061657845974 -0.0007333061657845974 -0.0007333061657845974 -0.0007333061657845974 -0.0007333061657845974 -0.0007333061657845974 -0.0007333061657845974 -0.0007333061657845974 -0.0007333061657845974 -0.0007333061657845974 -0.0007333061657845974 -0.0007333061657845974 -0.0007333061657845974 -0.0007333061657845974 -0.0007333061657845974 -0.0007333061657845974 -0.0007333061657845974 -0.0007333061657845974 -0.0007333061657845974 -0.0007333061657845974 -0.0007333061657845974 -0.0007333061657845974 -0.0007333061657845974 -0.0007333061657845974 -0.0007333061657845974