-0.41082775592803955 -0.41082775592803955 -0.41082775592803955 -0.15014219284057617 -0.15014219284057617 -0.23135621845722198 -0.11140314489603043 -0.2673846483230591 -0.2673846483230591 -0.23135621845722198 -0.27162888646125793 -0.15014219284057617 -0.15014219284057617 -0.15014219284057617 -0.11140314489603043 -0.15014219284057617 -0.15014219284057617 -0.11574030667543411 -0.11140314489603043 -0.11140314489603043 -0.11140314489603043 -0.11140314489603043 -0.14827632904052734 -0.11140314489603043 -0.12295447289943695 -0.11440322548151016 -0.10330824553966522 -0.08327828347682953 -0.07100258767604828 -0.057324305176734924 -0.0021115578711032867 -0.004927592817693949 -0.0036565272603183985 -0.0036451583728194237 -0.002990358741953969 -0.0020504905842244625 -0.001073810737580061 -0.00173016800545156 -0.0014935905346646905 -0.0014501441037282348 -0.0002810426813084632
-0.5556856393814087 -0.41082775592803955 -0.41082775592803955 -0.15014219284057617 -0.15014219284057617 -0.23135621845722198 -0.11140314489603043 -0.2673846483230591 -0.2673846483230591 -0.23135621845722198 -0.27162888646125793 -0.15014219284057617 -0.15014219284057617 -0.15014219284057617 -0.11140314489603043 -0.15014219284057617 -0.15014219284057617 -0.11574030667543411 -0.11140314489603043 -0.11140314489603043 -0.11140314489603043 -0.11140314489603043 -0.14827632904052734 -0.11140314489603043 -0.12295447289943695 -0.11440322548151016 -0.10330824553966522 -0.08327828347682953 -0.07100258767604828 -0.057324305176734924 -0.0021115578711032867 -0.004927592817693949 -0.0036565272603183985 -0.0036451583728194237 -0.002990358741953969 -0.0020504905842244625 -0.001073810737580061 -0.00173016800545156 -0.0014935905346646905 -0.0014501441037282348 -0.0002810426813084632
-0.41082775592803955 -0.47807836532592773 -0.47807836532592773 -0.15014219284057617 -0.15014219284057617 -0.23135621845722198 -0.11140314489603043 -0.2673846483230591 -0.2673846483230591 -0.23135621845722198 -0.27162888646125793 -0.15014219284057617 -0.15014219284057617 -0.15014219284057617 -0.11140314489603043 -0.15014219284057617 -0.15014219284057617 -0.11574030667543411 -0.11140314489603043 -0.11140314489603043 -0.11140314489603043 -0.11140314489603043 -0.14827632904052734 -0.11140314489603043 -0.12295447289943695 -0.11440322548151016 -0.10330824553966522 -0.08327828347682953 -0.07100258767604828 -0.057324305176734924 -0.0021115578711032867 -0.004927592817693949 -0.0036565272603183985 -0.0036451583728194237 -0.002990358741953969 -0.0020504905842244625 -0.001073810737580061 -0.00173016800545156 -0.0014935905346646905 -0.0014501441037282348 -0.0002810426813084632
-0.41082775592803955 -0.47807836532592773 -0.47807836532592773 -0.15014219284057617 -0.15014219284057617 -0.23135621845722198 -0.11140314489603043 -0.2673846483230591 -0.2673846483230591 -0.23135621845722198 -0.27162888646125793 -0.15014219284057617 -0.15014219284057617 -0.15014219284057617 -0.11140314489603043 -0.15014219284057617 -0.15014219284057617 -0.11574030667543411 -0.11140314489603043 -0.11140314489603043 -0.11140314489603043 -0.11140314489603043 -0.14827632904052734 -0.11140314489603043 -0.12295447289943695 -0.11440322548151016 -0.10330824553966522 -0.08327828347682953 -0.07100258767604828 -0.057324305176734924 -0.0021115578711032867 -0.004927592817693949 -0.0036565272603183985 -0.0036451583728194237 -0.002990358741953969 -0.0020504905842244625 -0.001073810737580061 -0.00173016800545156 -0.0014935905346646905 -0.0014501441037282348 -0.0002810426813084632
-0.23135621845722198 -0.23135621845722198 -0.23135621845722198 -0.15014219284057617 -0.15014219284057617 -0.23135621845722198 -0.11140314489603043 -0.23135621845722198 -0.23135621845722198 -0.23135621845722198 -0.23135621845722198 -0.15014219284057617 -0.15014219284057617 -0.15014219284057617 -0.11140314489603043 -0.15014219284057617 -0.15014219284057617 -0.11574030667543411 -0.11140314489603043 -0.11140314489603043 -0.11140314489603043 -0.11140314489603043 -0.14827632904052734 -0.11140314489603043 -0.12295447289943695 -0.11440322548151016 -0.10330824553966522 -0.08327828347682953 -0.07100258767604828 -0.057324305176734924 -0.0021115578711032867 -0.004927592817693949 -0.0036565272603183985 -0.0036451583728194237 -0.002990358741953969 -0.0020504905842244625 -0.001073810737580061 -0.00173016800545156 -0.0014935905346646905 -0.0014501441037282348 -0.0002810426813084632
-0.11140314489603043 -0.11140314489603043 -0.11140314489603043 -0.11140314489603043 -0.11140314489603043 -0.11140314489603043 -0.2997679114341736 -0.11140314489603043 -0.11140314489603043 -0.11140314489603043 -0.11140314489603043 -0.11140314489603043 -0.11140314489603043 -0.11140314489603043 -0.20339733362197876 -0.11140314489603043 -0.11140314489603043 -0.11140314489603043 -0.15963749587535858 -0.11870801448822021 -0.15963749587535858 -0.1634272187948227 -0.11140314489603043 -0.13456568121910095 -0.11140314489603043 -0.11140314489603043 -0.10330824553966522 -0.08327828347682953 -0.07100258767604828 -0.057324305176734924 -0.0021115578711032867 -0.004927592817693949 -0.0036565272603183985 -0.0036451583728194237 -0.002990358741953969 -0.0020504905842244625 -0.001073810737580061 -0.00173016800545156 -0.0014935905346646905 -0.0014501441037282348 -0.0002810426813084632
-0.11140314489603043 -0.11140314489603043 -0.11140314489603043 -0.11140314489603043 -0.11140314489603043 -0.11140314489603043 -0.2997679114341736 -0.11140314489603043 -0.11140314489603043 -0.11140314489603043 -0.11140314489603043 -0.11140314489603043 -0.11140314489603043 -0.11140314489603043 -0.20339733362197876 -0.11140314489603043 -0.11140314489603043 -0.11140314489603043 -0.15963749587535858 -0.11870801448822021 -0.15963749587535858 -0.1634272187948227 -0.11140314489603043 -0.13456568121910095 -0.11140314489603043 -0.11140314489603043 -0.10330824553966522 -0.08327828347682953 -0.07100258767604828 -0.057324305176734924 -0.0021115578711032867 -0.004927592817693949 -0.0036565272603183985 -0.0036451583728194237 -0.002990358741953969 -0.0020504905842244625 -0.001073810737580061 -0.00173016800545156 -0.0014935905346646905 -0.0014501441037282348 -0.0002810426813084632
-0.15014219284057617 -0.15014219284057617 -0.15014219284057617 -0.30705809593200684 -0.30705809593200684 -0.15014219284057617 -0.11140314489603043 -0.15014219284057617 -0.15014219284057617 -0.15014219284057617 -0.15014219284057617 -0.1707010269165039 -0.1707010269165039 -0.21553868055343628 -0.11140314489603043 -0.1707010269165039 -0.1707010269165039 -0.11574030667543411 -0.11140314489603043 -0.11140314489603043 -0.11140314489603043 -0.11140314489603043 -0.14827632904052734 -0.11140314489603043 -0.12295447289943695 -0.11440322548151016 -0.10330824553966522 -0.08327828347682953 -0.07100258767604828 -0.057324305176734924 -0.0021115578711032867 -0.004927592817693949 -0.0036565272603183985 -0.0036451583728194237 -0.002990358741953969 -0.0020504905842244625 -0.001073810737580061 -0.00173016800545156 -0.0014935905346646905 -0.0014501441037282348 -0.0002810426813084632
-0.15014219284057617 -0.15014219284057617 -0.15014219284057617 -0.30705809593200684 -0.30705809593200684 -0.15014219284057617 -0.11140314489603043 -0.15014219284057617 -0.15014219284057617 -0.15014219284057617 -0.15014219284057617 -0.1707010269165039 -0.1707010269165039 -0.21553868055343628 -0.11140314489603043 -0.1707010269165039 -0.1707010269165039 -0.11574030667543411 -0.11140314489603043 -0.11140314489603043 -0.11140314489603043 -0.11140314489603043 -0.14827632904052734 -0.11140314489603043 -0.12295447289943695 -0.11440322548151016 -0.10330824553966522 -0.08327828347682953 -0.07100258767604828 -0.057324305176734924 -0.0021115578711032867 -0.004927592817693949 -0.0036565272603183985 -0.0036451583728194237 -0.002990358741953969 -0.0020504905842244625 -0.001073810737580061 -0.00173016800545156 -0.0014935905346646905 -0.0014501441037282348 -0.0002810426813084632
-0.15014219284057617 -0.15014219284057617 -0.15014219284057617 -0.30705809593200684 -0.30705809593200684 -0.15014219284057617 -0.11140314489603043 -0.15014219284057617 -0.15014219284057617 -0.15014219284057617 -0.15014219284057617 -0.1707010269165039 -0.1707010269165039 -0.21553868055343628 -0.11140314489603043 -0.1707010269165039 -0.1707010269165039 -0.11574030667543411 -0.11140314489603043 -0.11140314489603043 -0.11140314489603043 -0.11140314489603043 -0.14827632904052734 -0.11140314489603043 -0.12295447289943695 -0.11440322548151016 -0.10330824553966522 -0.08327828347682953 -0.07100258767604828 -0.057324305176734924 -0.0021115578711032867 -0.004927592817693949 -0.0036565272603183985 -0.0036451583728194237 -0.002990358741953969 -0.0020504905842244625 -0.001073810737580061 -0.00173016800545156 -0.0014935905346646905 -0.0014501441037282348 -0.0002810426813084632
-0.15014219284057617 -0.15014219284057617 -0.15014219284057617 -0.30705809593200684 -0.30705809593200684 -0.15014219284057617 -0.11140314489603043 -0.15014219284057617 -0.15014219284057617 -0.15014219284057617 -0.15014219284057617 -0.1707010269165039 -0.1707010269165039 -0.21553868055343628 -0.11140314489603043 -0.1707010269165039 -0.1707010269165039 -0.11574030667543411 -0.11140314489603043 -0.11140314489603043 -0.11140314489603043 -0.11140314489603043 -0.14827632904052734 -0.11140314489603043 -0.12295447289943695 -0.11440322548151016 -0.10330824553966522 -0.08327828347682953 -0.07100258767604828 -0.057324305176734924 -0.0021115578711032867 -0.004927592817693949 -0.0036565272603183985 -0.0036451583728194237 -0.002990358741953969 -0.0020504905842244625 -0.001073810737580061 -0.00173016800545156 -0.0014935905346646905 -0.0014501441037282348 -0.0002810426813084632
-0.15014219284057617 -0.15014219284057617 -0.15014219284057617 -0.30705809593200684 -0.30705809593200684 -0.15014219284057617 -0.11140314489603043 -0.15014219284057617 -0.15014219284057617 -0.15014219284057617 -0.15014219284057617 -0.1707010269165039 -0.1707010269165039 -0.21553868055343628 -0.11140314489603043 -0.1707010269165039 -0.1707010269165039 -0.11574030667543411 -0.11140314489603043 -0.11140314489603043 -0.11140314489603043 -0.11140314489603043 -0.14827632904052734 -0.11140314489603043 -0.12295447289943695 -0.11440322548151016 -0.10330824553966522 -0.08327828347682953 -0.07100258767604828 -0.057324305176734924 -0.0021115578711032867 -0.004927592817693949 -0.0036565272603183985 -0.0036451583728194237 -0.002990358741953969 -0.0020504905842244625 -0.001073810737580061 -0.00173016800545156 -0.0014935905346646905 -0.0014501441037282348 -0.0002810426813084632
-0.27162888646125793 -0.27162888646125793 -0.27162888646125793 -0.15014219284057617 -0.15014219284057617 -0.23135621845722198 -0.11140314489603043 -0.2673846483230591 -0.2673846483230591 -0.23135621845722198 -0.28055116534233093 -0.15014219284057617 -0.15014219284057617 -0.15014219284057617 -0.11140314489603043 -0.15014219284057617 -0.15014219284057617 -0.11574030667543411 -0.11140314489603043 -0.11140314489603043 -0.11140314489603043 -0.11140314489603043 -0.14827632904052734 -0.11140314489603043 -0.12295447289943695 -0.11440322548151016 -0.10330824553966522 -0.08327828347682953 -0.07100258767604828 -0.057324305176734924 -0.0021115578711032867 -0.004927592817693949 -0.0036565272603183985 -0.0036451583728194237 -0.002990358741953969 -0.0020504905842244625 -0.001073810737580061 -0.00173016800545156 -0.0014935905346646905 -0.0014501441037282348 -0.0002810426813084632
-0.23135621845722198 -0.23135621845722198 -0.23135621845722198 -0.15014219284057617 -0.15014219284057617 -0.2869264483451843 -0.11140314489603043 -0.23135621845722198 -0.23135621845722198 -0.2734315097332001 -0.23135621845722198 -0.15014219284057617 -0.15014219284057617 -0.15014219284057617 -0.11140314489603043 -0.15014219284057617 -0.15014219284057617 -0.11574030667543411 -0.11140314489603043 -0.11140314489603043 -0.11140314489603043 -0.11140314489603043 -0.14827632904052734 -0.11140314489603043 -0.12295447289943695 -0.11440322548151016 -0.10330824553966522 -0.08327828347682953 -0.07100258767604828 -0.057324305176734924 -0.0021115578711032867 -0.004927592817693949 -0.0036565272603183985 -0.0036451583728194237 -0.002990358741953969 -0.0020504905842244625 -0.001073810737580061 -0.00173016800545156 -0.0014935905346646905 -0.0014501441037282348 -0.0002810426813084632
-0.11140314489603043 -0.11140314489603043 -0.11140314489603043 -0.11140314489603043 -0.11140314489603043 -0.11140314489603043 -0.20339733362197876 -0.11140314489603043 -0.11140314489603043 -0.11140314489603043 -0.11140314489603043 -0.11140314489603043 -0.11140314489603043 -0.11140314489603043 -0.22692687809467316 -0.11140314489603043 -0.11140314489603043 -0.11140314489603043 -0.15963749587535858 -0.11870801448822021 -0.15963749587535858 -0.1634272187948227 -0.11140314489603043 -0.13456568121910095 -0.11140314489603043 -0.11140314489603043 -0.10330824553966522 -0.08327828347682953 -0.07100258767604828 -0.057324305176734924 -0.0021115578711032867 -0.004927592817693949 -0.0036565272603183985 -0.0036451583728194237 -0.002990358741953969 -0.0020504905842244625 -0.001073810737580061 -0.00173016800545156 -0.0014935905346646905 -0.0014501441037282348 -0.0002810426813084632
-0.23135621845722198 -0.23135621845722198 -0.23135621845722198 -0.15014219284057617 -0.15014219284057617 -0.27173084020614624 -0.11140314489603043 -0.23135621845722198 -0.23135621845722198 -0.27173084020614624 -0.23135621845722198 -0.15014219284057617 -0.15014219284057617 -0.15014219284057617 -0.11140314489603043 -0.15014219284057617 -0.15014219284057617 -0.11574030667543411 -0.11140314489603043 -0.11140314489603043 -0.11140314489603043 -0.11140314489603043 -0.14827632904052734 -0.11140314489603043 -0.12295447289943695 -0.11440322548151016 -0.10330824553966522 -0.08327828347682953 -0.07100258767604828 -0.057324305176734924 -0.0021115578711032867 -0.004927592817693949 -0.0036565272603183985 -0.0036451583728194237 -0.002990358741953969 -0.0020504905842244625 -0.001073810737580061 -0.00173016800545156 -0.0014935905346646905 -0.0014501441037282348 -0.0002810426813084632
-0.11140314489603043 -0.11140314489603043 -0.11140314489603043 -0.11140314489603043 -0.11140314489603043 -0.11140314489603043 -0.13456568121910095 -0.11140314489603043 -0.11140314489603043 -0.11140314489603043 -0.11140314489603043 -0.11140314489603043 -0.11140314489603043 -0.11140314489603043 -0.13456568121910095 -0.11140314489603043 -0.11140314489603043 -0.11140314489603043 -0.13456568121910095 -0.11870801448822021 -0.13456568121910095 -0.13456568121910095 -0.11140314489603043 -0.15005972981452942 -0.11140314489603043 -0.11140314489603043 -0.10330824553966522 -0.08327828347682953 -0.07100258767604828 -0.057324305176734924 -0.0021115578711032867 -0.004927592817693949 -0.0036565272603183985 -0.0036451583728194237 -0.002990358741953969 -0.0020504905842244625 -0.001073810737580061 -0.00173016800545156 -0.0014935905346646905 -0.0014501441037282348 -0.0002810426813084632
-0.15014219284057617 -0.15014219284057617 -0.15014219284057617 -0.1707010269165039 -0.1707010269165039 -0.15014219284057617 -0.11140314489603043 -0.15014219284057617 -0.15014219284057617 -0.15014219284057617 -0.15014219284057617 -0.2053440511226654 -0.2426358461380005 -0.1707010269165039 -0.11140314489603043 -0.21133172512054443 -0.21133172512054443 -0.11574030667543411 -0.11140314489603043 -0.11140314489603043 -0.11140314489603043 -0.11140314489603043 -0.14827632904052734 -0.11140314489603043 -0.12295447289943695 -0.11440322548151016 -0.10330824553966522 -0.08327828347682953 -0.07100258767604828 -0.057324305176734924 -0.0021115578711032867 -0.004927592817693949 -0.0036565272603183985 -0.0036451583728194237 -0.002990358741953969 -0.0020504905842244625 -0.001073810737580061 -0.00173016800545156 -0.0014935905346646905 -0.0014501441037282348 -0.0002810426813084632
-0.15014219284057617 -0.15014219284057617 -0.15014219284057617 -0.21553868055343628 -0.21553868055343628 -0.15014219284057617 -0.11140314489603043 -0.15014219284057617 -0.15014219284057617 -0.15014219284057617 -0.15014219284057617 -0.1707010269165039 -0.1707010269165039 -0.2330417037010193 -0.11140314489603043 -0.1707010269165039 -0.1707010269165039 -0.11574030667543411 -0.11140314489603043 -0.11140314489603043 -0.11140314489603043 -0.11140314489603043 -0.14827632904052734 -0.11140314489603043 -0.12295447289943695 -0.11440322548151016 -0.10330824553966522 -0.08327828347682953 -0.07100258767604828 -0.057324305176734924 -0.0021115578711032867 -0.004927592817693949 -0.0036565272603183985 -0.0036451583728194237 -0.002990358741953969 -0.0020504905842244625 -0.001073810737580061 -0.00173016800545156 -0.0014935905346646905 -0.0014501441037282348 -0.0002810426813084632
-0.15014219284057617 -0.15014219284057617 -0.15014219284057617 -0.1707010269165039 -0.1707010269165039 -0.15014219284057617 -0.11140314489603043 -0.15014219284057617 -0.15014219284057617 -0.15014219284057617 -0.15014219284057617 -0.21625451743602753 -0.2053440511226654 -0.1707010269165039 -0.11140314489603043 -0.2053440511226654 -0.2053440511226654 -0.11574030667543411 -0.11140314489603043 -0.11140314489603043 -0.11140314489603043 -0.11140314489603043 -0.14827632904052734 -0.11140314489603043 -0.12295447289943695 -0.11440322548151016 -0.10330824553966522 -0.08327828347682953 -0.07100258767604828 -0.057324305176734924 -0.0021115578711032867 -0.004927592817693949 -0.0036565272603183985 -0.0036451583728194237 -0.002990358741953969 -0.0020504905842244625 -0.001073810737580061 -0.00173016800545156 -0.0014935905346646905 -0.0014501441037282348 -0.0002810426813084632
-0.11140314489603043 -0.11140314489603043 -0.11140314489603043 -0.11140314489603043 -0.11140314489603043 -0.11140314489603043 -0.15963749587535858 -0.11140314489603043 -0.11140314489603043 -0.11140314489603043 -0.11140314489603043 -0.11140314489603043 -0.11140314489603043 -0.11140314489603043 -0.15963749587535858 -0.11140314489603043 -0.11140314489603043 -0.11140314489603043 -0.16490817070007324 -0.11870801448822021 -0.16529521346092224 -0.15963749587535858 -0.11140314489603043 -0.13456568121910095 -0.11140314489603043 -0.11140314489603043 -0.10330824553966522 -0.08327828347682953 -0.07100258767604828 -0.057324305176734924 -0.0021115578711032867 -0.004927592817693949 -0.0036565272603183985 -0.0036451583728194237 -0.002990358741953969 -0.0020504905842244625 -0.001073810737580061 -0.00173016800545156 -0.0014935905346646905 -0.0014501441037282348 -0.0002810426813084632
-0.11574030667543411 -0.11574030667543411 -0.11574030667543411 -0.11574030667543411 -0.11574030667543411 -0.11574030667543411 -0.11140314489603043 -0.11574030667543411 -0.11574030667543411 -0.11574030667543411 -0.11574030667543411 -0.11574030667543411 -0.11574030667543411 -0.11574030667543411 -0.11140314489603043 -0.11574030667543411 -0.11574030667543411 -0.1883522868156433 -0.11140314489603043 -0.11140314489603043 -0.11140314489603043 -0.11140314489603043 -0.11574030667543411 -0.11140314489603043 -0.11574030667543411 -0.11440322548151016 -0.10330824553966522 -0.08327828347682953 -0.07100258767604828 -0.057324305176734924 -0.0021115578711032867 -0.004927592817693949 -0.0036565272603183985 -0.0036451583728194237 -0.002990358741953969 -0.0020504905842244625 -0.001073810737580061 -0.00173016800545156 -0.0014935905346646905 -0.0014501441037282348 -0.0002810426813084632
-0.11574030667543411 -0.11574030667543411 -0.11574030667543411 -0.11574030667543411 -0.11574030667543411 -0.11574030667543411 -0.11140314489603043 -0.11574030667543411 -0.11574030667543411 -0.11574030667543411 -0.11574030667543411 -0.11574030667543411 -0.11574030667543411 -0.11574030667543411 -0.11140314489603043 -0.11574030667543411 -0.11574030667543411 -0.1883522868156433 -0.11140314489603043 -0.11140314489603043 -0.11140314489603043 -0.11140314489603043 -0.11574030667543411 -0.11140314489603043 -0.11574030667543411 -0.11440322548151016 -0.10330824553966522 -0.08327828347682953 -0.07100258767604828 -0.057324305176734924 -0.0021115578711032867 -0.004927592817693949 -0.0036565272603183985 -0.0036451583728194237 -0.002990358741953969 -0.0020504905842244625 -0.001073810737580061 -0.00173016800545156 -0.0014935905346646905 -0.0014501441037282348 -0.0002810426813084632
-0.11140314489603043 -0.11140314489603043 -0.11140314489603043 -0.11140314489603043 -0.11140314489603043 -0.11140314489603043 -0.11140314489603043 -0.11140314489603043 -0.11140314489603043 -0.11140314489603043 -0.11140314489603043 -0.11140314489603043 -0.11140314489603043 -0.11140314489603043 -0.11140314489603043 -0.11140314489603043 -0.11140314489603043 -0.11140314489603043 -0.11140314489603043 -0.11140314489603043 -0.11140314489603043 -0.11140314489603043 -0.11140314489603043 -0.11140314489603043 -0.11140314489603043 -0.11140314489603043 -0.10330824553966522 -0.08327828347682953 -0.07100258767604828 -0.057324305176734924 -0.0021115578711032867 -0.004927592817693949 -0.0036565272603183985 -0.0036451583728194237 -0.002990358741953969 -0.0020504905842244625 -0.001073810737580061 -0.00173016800545156 -0.0014935905346646905 -0.0014501441037282348 -0.0002810426813084632
-0.12295447289943695 -0.12295447289943695 -0.12295447289943695 -0.12295447289943695 -0.12295447289943695 -0.12295447289943695 -0.11140314489603043 -0.12295447289943695 -0.12295447289943695 -0.12295447289943695 -0.12295447289943695 -0.12295447289943695 -0.12295447289943695 -0.12295447289943695 -0.11140314489603043 -0.12295447289943695 -0.12295447289943695 -0.11574030667543411 -0.11140314489603043 -0.11140314489603043 -0.11140314489603043 -0.11140314489603043 -0.12295447289943695 -0.11140314489603043 -0.13264356553554535 -0.11440322548151016 -0.10330824553966522 -0.08327828347682953 -0.07100258767604828 -0.057324305176734924 -0.0021115578711032867 -0.004927592817693949 -0.0036565272603183985 -0.0036451583728194237 -0.002990358741953969 -0.0020504905842244625 -0.001073810737580061 -0.00173016800545156 -0.0014935905346646905 -0.0014501441037282348 -0.0002810426813084632
-0.11140314489603043 -0.11140314489603043 -0.11140314489603043 -0.11140314489603043 -0.11140314489603043 -0.11140314489603043 -0.11870801448822021 -0.11140314489603043 -0.11140314489603043 -0.11140314489603043 -0.11140314489603043 -0.11140314489603043 -0.11140314489603043 -0.11140314489603043 -0.11870801448822021 -0.11140314489603043 -0.11140314489603043 -0.11140314489603043 -0.11870801448822021 -0.13632632791996002 -0.11870801448822021 -0.11870801448822021 -0.11140314489603043 -0.11870801448822021 -0.11140314489603043 -0.11140314489603043 -0.10330824553966522 -0.08327828347682953 -0.07100258767604828 -0.057324305176734924 -0.0021115578711032867 -0.004927592817693949 -0.0036565272603183985 -0.0036451583728194237 -0.002990358741953969 -0.0020504905842244625 -0.001073810737580061 -0.00173016800545156 -0.0014935905346646905 -0.0014501441037282348 -0.0002810426813084632
-0.10087157040834427 -0.10087157040834427 -0.10087157040834427 -0.10087157040834427 -0.10087157040834427 -0.10087157040834427 -0.10087157040834427 -0.10087157040834427 -0.10087157040834427 -0.10087157040834427 -0.10087157040834427 -0.10087157040834427 -0.10087157040834427 -0.10087157040834427 -0.10087157040834427 -0.10087157040834427 -0.10087157040834427 -0.10087157040834427 -0.10087157040834427 -0.10087157040834427 -0.10087157040834427 -0.10087157040834427 -0.10087157040834427 -0.10087157040834427 -0.10087157040834427 -0.10087157040834427 -0.10087157040834427 -0.08327828347682953 -0.07100258767604828 -0.057324305176734924 -0.0021115578711032867 -0.004927592817693949 -0.0036565272603183985 -0.0036451583728194237 -0.002990358741953969 -0.0020504905842244625 -0.001073810737580061 -0.00173016800545156 -0.0014935905346646905 -0.0014501441037282348 -0.0002810426813084632
-0.09616377204656601 -0.09616377204656601 -0.09616377204656601 -0.09616377204656601 -0.09616377204656601 -0.09616377204656601 -0.09616377204656601 -0.09616377204656601 -0.09616377204656601 -0.09616377204656601 -0.09616377204656601 -0.09616377204656601 -0.09616377204656601 -0.09616377204656601 -0.09616377204656601 -0.09616377204656601 -0.09616377204656601 -0.09616377204656601 -0.09616377204656601 -0.09616377204656601 -0.09616377204656601 -0.09616377204656601 -0.09616377204656601 -0.09616377204656601 -0.09616377204656601 -0.09616377204656601 -0.09616377204656601 -0.08327828347682953 -0.07100258767604828 -0.057324305176734924 -0.0021115578711032867 -0.004927592817693949 -0.0036565272603183985 -0.0036451583728194237 -0.002990358741953969 -0.0020504905842244625 -0.001073810737580061 -0.00173016800545156 -0.0014935905346646905 -0.0014501441037282348 -0.0002810426813084632
-0.07462990283966064 -0.07462990283966064 -0.07462990283966064 -0.07462990283966064 -0.07462990283966064 -0.07462990283966064 -0.07462990283966064 -0.07462990283966064 -0.07462990283966064 -0.07462990283966064 -0.07462990283966064 -0.07462990283966064 -0.07462990283966064 -0.07462990283966064 -0.07462990283966064 -0.07462990283966064 -0.07462990283966064 -0.07462990283966064 -0.07462990283966064 -0.07462990283966064 -0.07462990283966064 -0.07462990283966064 -0.07462990283966064 -0.07462990283966064 -0.07462990283966064 -0.07462990283966064 -0.07462990283966064 -0.07462990283966064 -0.07100258767604828 -0.057324305176734924 -0.0021115578711032867 -0.004927592817693949 -0.0036565272603183985 -0.0036451583728194237 -0.002990358741953969 -0.0020504905842244625 -0.001073810737580061 -0.00173016800545156 -0.0014935905346646905 -0.0014501441037282348 -0.0002810426813084632
-0.004927592817693949 -0.004927592817693949 -0.004927592817693949 -0.004927592817693949 -0.004927592817693949 -0.004927592817693949 -0.004927592817693949 -0.004927592817693949 -0.004927592817693949 -0.004927592817693949 -0.004927592817693949 -0.004927592817693949 -0.004927592817693949 -0.004927592817693949 -0.004927592817693949 -0.004927592817693949 -0.004927592817693949 -0.004927592817693949 -0.004927592817693949 -0.004927592817693949 -0.004927592817693949 -0.004927592817693949 -0.004927592817693949 -0.004927592817693949 -0.004927592817693949 -0.004927592817693949 -0.004927592817693949 -0.004927592817693949 -0.004927592817693949 -0.004927592817693949 -0.0021115578711032867 -0.004927592817693949 -0.0036565272603183985 -0.0036451583728194237 -0.002990358741953969 -0.0020504905842244625 -0.001073810737580061 -0.00173016800545156 -0.0014935905346646905 -0.0014501441037282348 -0.0002810426813084632
-0.04951196536421776 -0.04951196536421776 -0.04951196536421776 -0.04951196536421776 -0.04951196536421776 -0.04951196536421776 -0.04951196536421776 -0.04951196536421776 -0.04951196536421776 -0.04951196536421776 -0.04951196536421776 -0.04951196536421776 -0.04951196536421776 -0.04951196536421776 -0.04951196536421776 -0.04951196536421776 -0.04951196536421776 -0.04951196536421776 -0.04951196536421776 -0.04951196536421776 -0.04951196536421776 -0.04951196536421776 -0.04951196536421776 -0.04951196536421776 -0.04951196536421776 -0.04951196536421776 -0.04951196536421776 -0.04951196536421776 -0.04951196536421776 -0.04951196536421776 -0.0021115578711032867 -0.004927592817693949 -0.0036565272603183985 -0.0036451583728194237 -0.002990358741953969 -0.0020504905842244625 -0.001073810737580061 -0.00173016800545156 -0.0014935905346646905 -0.0014501441037282348 -0.0002810426813084632
-0.004614503122866154 -0.004614503122866154 -0.004614503122866154 -0.004614503122866154 -0.004614503122866154 -0.004614503122866154 -0.004614503122866154 -0.004614503122866154 -0.004614503122866154 -0.004614503122866154 -0.004614503122866154 -0.004614503122866154 -0.004614503122866154 -0.004614503122866154 -0.004614503122866154 -0.004614503122866154 -0.004614503122866154 -0.004614503122866154 -0.004614503122866154 -0.004614503122866154 -0.004614503122866154 -0.004614503122866154 -0.004614503122866154 -0.004614503122866154 -0.004614503122866154 -0.004614503122866154 -0.004614503122866154 -0.004614503122866154 -0.004614503122866154 -0.004614503122866154 -0.0021115578711032867 -0.004614503122866154 -0.0036565272603183985 -0.0036451583728194237 -0.002990358741953969 -0.0020504905842244625 -0.001073810737580061 -0.00173016800545156 -0.0014935905346646905 -0.0014501441037282348 -0.0002810426813084632
-0.002817036584019661 -0.002817036584019661 -0.002817036584019661 -0.002817036584019661 -0.002817036584019661 -0.002817036584019661 -0.002817036584019661 -0.002817036584019661 -0.002817036584019661 -0.002817036584019661 -0.002817036584019661 -0.002817036584019661 -0.002817036584019661 -0.002817036584019661 -0.002817036584019661 -0.002817036584019661 -0.002817036584019661 -0.002817036584019661 -0.002817036584019661 -0.002817036584019661 -0.002817036584019661 -0.002817036584019661 -0.002817036584019661 -0.002817036584019661 -0.002817036584019661 -0.002817036584019661 -0.002817036584019661 -0.002817036584019661 -0.002817036584019661 -0.002817036584019661 -0.0021115578711032867 -0.002817036584019661 -0.002817036584019661 -0.002817036584019661 -0.002817036584019661 -0.0020504905842244625 -0.001073810737580061 -0.00173016800545156 -0.0014935905346646905 -0.0014501441037282348 -0.0002810426813084632
-0.0021115578711032867 -0.0021115578711032867 -0.0021115578711032867 -0.0021115578711032867 -0.0021115578711032867 -0.0021115578711032867 -0.0021115578711032867 -0.0021115578711032867 -0.0021115578711032867 -0.0021115578711032867 -0.0021115578711032867 -0.0021115578711032867 -0.0021115578711032867 -0.0021115578711032867 -0.0021115578711032867 -0.0021115578711032867 -0.0021115578711032867 -0.0021115578711032867 -0.0021115578711032867 -0.0021115578711032867 -0.0021115578711032867 -0.0021115578711032867 -0.0021115578711032867 -0.0021115578711032867 -0.0021115578711032867 -0.0021115578711032867 -0.0021115578711032867 -0.0021115578711032867 -0.0021115578711032867 -0.0021115578711032867 -0.0025496550370007753 -0.0021115578711032867 -0.0021115578711032867 -0.0021115578711032867 -0.0021115578711032867 -0.0020504905842244625 -0.001073810737580061 -0.00173016800545156 -0.0014935905346646905 -0.0014501441037282348 -0.0002810426813084632
-0.0019288401817902923 -0.0019288401817902923 -0.0019288401817902923 -0.0019288401817902923 -0.0019288401817902923 -0.0019288401817902923 -0.0019288401817902923 -0.0019288401817902923 -0.0019288401817902923 -0.0019288401817902923 -0.0019288401817902923 -0.0019288401817902923 -0.0019288401817902923 -0.0019288401817902923 -0.0019288401817902923 -0.0019288401817902923 -0.0019288401817902923 -0.0019288401817902923 -0.0019288401817902923 -0.0019288401817902923 -0.0019288401817902923 -0.0019288401817902923 -0.0019288401817902923 -0.0019288401817902923 -0.0019288401817902923 -0.0019288401817902923 -0.0019288401817902923 -0.0019288401817902923 -0.0019288401817902923 -0.0019288401817902923 -0.0019288401817902923 -0.0019288401817902923 -0.0019288401817902923 -0.0019288401817902923 -0.0019288401817902923 -0.0019288401817902923 -0.001073810737580061 -0.00173016800545156 -0.0014935905346646905 -0.0014501441037282348 -0.0002810426813084632
-0.0018991358811035752 -0.0018991358811035752 -0.0018991358811035752 -0.0018991358811035752 -0.0018991358811035752 -0.0018991358811035752 -0.0018991358811035752 -0.0018991358811035752 -0.0018991358811035752 -0.0018991358811035752 -0.0018991358811035752 -0.0018991358811035752 -0.0018991358811035752 -0.0018991358811035752 -0.0018991358811035752 -0.0018991358811035752 -0.0018991358811035752 -0.0018991358811035752 -0.0018991358811035752 -0.0018991358811035752 -0.0018991358811035752 -0.0018991358811035752 -0.0018991358811035752 -0.0018991358811035752 -0.0018991358811035752 -0.0018991358811035752 -0.0018991358811035752 -0.0018991358811035752 -0.0018991358811035752 -0.0018991358811035752 -0.0018991358811035752 -0.0018991358811035752 -0.0018991358811035752 -0.0018991358811035752 -0.0018991358811035752 -0.0018991358811035752 -0.001073810737580061 -0.00173016800545156 -0.0014935905346646905 -0.0014501441037282348 -0.0002810426813084632
-0.0016798160504549742 -0.0016798160504549742 -0.0016798160504549742 -0.0016798160504549742 -0.0016798160504549742 -0.0016798160504549742 -0.0016798160504549742 -0.0016798160504549742 -0.0016798160504549742 -0.0016798160504549742 -0.0016798160504549742 -0.0016798160504549742 -0.0016798160504549742 -0.0016798160504549742 -0.0016798160504549742 -0.0016798160504549742 -0.0016798160504549742 -0.0016798160504549742 -0.0016798160504549742 -0.0016798160504549742 -0.0016798160504549742 -0.0016798160504549742 -0.0016798160504549742 -0.0016798160504549742 -0.0016798160504549742 -0.0016798160504549742 -0.0016798160504549742 -0.0016798160504549742 -0.0016798160504549742 -0.0016798160504549742 -0.0016798160504549742 -0.0016798160504549742 -0.0016798160504549742 -0.0016798160504549742 -0.0016798160504549742 -0.0016798160504549742 -0.001073810737580061 -0.0016798160504549742 -0.0014935905346646905 -0.0014501441037282348 -0.0002810426813084632
-0.0015304737025871873 -0.0015304737025871873 -0.0015304737025871873 -0.0015304737025871873 -0.0015304737025871873 -0.0015304737025871873 -0.0015304737025871873 -0.0015304737025871873 -0.0015304737025871873 -0.0015304737025871873 -0.0015304737025871873 -0.0015304737025871873 -0.0015304737025871873 -0.0015304737025871873 -0.0015304737025871873 -0.0015304737025871873 -0.0015304737025871873 -0.0015304737025871873 -0.0015304737025871873 -0.0015304737025871873 -0.0015304737025871873 -0.0015304737025871873 -0.0015304737025871873 -0.0015304737025871873 -0.0015304737025871873 -0.0015304737025871873 -0.0015304737025871873 -0.0015304737025871873 -0.0015304737025871873 -0.0015304737025871873 -0.0015304737025871873 -0.0015304737025871873 -0.0015304737025871873 -0.0015304737025871873 -0.0015304737025871873 -0.0015304737025871873 -0.001073810737580061 -0.0015304737025871873 -0.0014935905346646905 -0.0014501441037282348 -0.0002810426813084632
-0.0014283540658652782 -0.0014283540658652782 -0.0014283540658652782 -0.0014283540658652782 -0.0014283540658652782 -0.0014283540658652782 -0.0014283540658652782 -0.0014283540658652782 -0.0014283540658652782 -0.0014283540658652782 -0.0014283540658652782 -0.0014283540658652782 -0.0014283540658652782 -0.0014283540658652782 -0.0014283540658652782 -0.0014283540658652782 -0.0014283540658652782 -0.0014283540658652782 -0.0014283540658652782 -0.0014283540658652782 -0.0014283540658652782 -0.0014283540658652782 -0.0014283540658652782 -0.0014283540658652782 -0.0014283540658652782 -0.0014283540658652782 -0.0014283540658652782 -0.0014283540658652782 -0.0014283540658652782 -0.0014283540658652782 -0.0014283540658652782 -0.0014283540658652782 -0.0014283540658652782 -0.0014283540658652782 -0.0014283540658652782 -0.0014283540658652782 -0.001073810737580061 -0.0014283540658652782 -0.0014283540658652782 -0.0014283540658652782 -0.0002810426813084632
-0.001073810737580061 -0.001073810737580061 -0.001073810737580061 -0.001073810737580061 -0.001073810737580061 -0.001073810737580061 -0.001073810737580061 -0.001073810737580061 -0.001073810737580061 -0.001073810737580061 -0.001073810737580061 -0.001073810737580061 -0.001073810737580061 -0.001073810737580061 -0.001073810737580061 -0.001073810737580061 -0.001073810737580061 -0.001073810737580061 -0.001073810737580061 -0.001073810737580061 -0.001073810737580061 -0.001073810737580061 -0.001073810737580061 -0.001073810737580061 -0.001073810737580061 -0.001073810737580061 -0.001073810737580061 -0.001073810737580061 -0.001073810737580061 -0.001073810737580061 -0.001073810737580061 -0.001073810737580061 -0.001073810737580061 -0.001073810737580061 -0.001073810737580061 -0.001073810737580061 -0.001073810737580061 -0.001073810737580061 -0.001073810737580061 -0.001073810737580061 -0.0002810426813084632
-0.001073810737580061 -0.001073810737580061 -0.001073810737580061 -0.001073810737580061 -0.001073810737580061 -0.001073810737580061 -0.001073810737580061 -0.001073810737580061 -0.001073810737580061 -0.001073810737580061 -0.001073810737580061 -0.001073810737580061 -0.001073810737580061 -0.001073810737580061 -0.001073810737580061 -0.001073810737580061 -0.001073810737580061 -0.001073810737580061 -0.001073810737580061 -0.001073810737580061 -0.001073810737580061 -0.001073810737580061 -0.001073810737580061 -0.001073810737580061 -0.001073810737580061 -0.001073810737580061 -0.001073810737580061 -0.001073810737580061 -0.001073810737580061 -0.001073810737580061 -0.001073810737580061 -0.001073810737580061 -0.001073810737580061 -0.001073810737580061 -0.001073810737580061 -0.001073810737580061 -0.0011666553327813745 -0.001073810737580061 -0.001073810737580061 -0.001073810737580061 -0.0002810426813084632
-0.0011269166134297848 -0.0011269166134297848 -0.0011269166134297848 -0.0011269166134297848 -0.0011269166134297848 -0.0011269166134297848 -0.0011269166134297848 -0.0011269166134297848 -0.0011269166134297848 -0.0011269166134297848 -0.0011269166134297848 -0.0011269166134297848 -0.0011269166134297848 -0.0011269166134297848 -0.0011269166134297848 -0.0011269166134297848 -0.0011269166134297848 -0.0011269166134297848 -0.0011269166134297848 -0.0011269166134297848 -0.0011269166134297848 -0.0011269166134297848 -0.0011269166134297848 -0.0011269166134297848 -0.0011269166134297848 -0.0011269166134297848 -0.0011269166134297848 -0.0011269166134297848 -0.0011269166134297848 -0.0011269166134297848 -0.0011269166134297848 -0.0011269166134297848 -0.0011269166134297848 -0.0011269166134297848 -0.0011269166134297848 -0.0011269166134297848 -0.001073810737580061 -0.0011269166134297848 -0.0011269166134297848 -0.0011269166134297848 -0.0002810426813084632
-0.0002810426813084632 -0.0002810426813084632 -0.0002810426813084632 -0.0002810426813084632 -0.0002810426813084632 -0.0002810426813084632 -0.0002810426813084632 -0.0002810426813084632 -0.0002810426813084632 -0.0002810426813084632 -0.0002810426813084632 -0.0002810426813084632 -0.0002810426813084632 -0.0002810426813084632 -0.0002810426813084632 -0.0002810426813084632 -0.0002810426813084632 -0.0002810426813084632 -0.0002810426813084632 -0.0002810426813084632 -0.0002810426813084632 -0.0002810426813084632 -0.0002810426813084632 -0.0002810426813084632 -0.0002810426813084632 -0.0002810426813084632 -0.0002810426813084632 -0.0002810426813084632 -0.0002810426813084632 -0.0002810426813084632 -0.0002810426813084632 -0.0002810426813084632 -0.0002810426813084632 -0.0002810426813084632 -0.0002810426813084632 -0.0002810426813084632 -0.0002810426813084632 -0.0002810426813084632 -0.0002810426813084632 -0.0002810426813084632 -0.0002810426813084632
-0.0010173635091632605 -0.0010173635091632605 -0.0010173635091632605 -0.0010173635091632605 -0.0010173635091632605 -0.0010173635091632605 -0.0010173635091632605 -0.0010173635091632605 -0.0010173635091632605 -0.0010173635091632605 -0.0010173635091632605 -0.0010173635091632605 -0.0010173635091632605 -0.0010173635091632605 -0.0010173635091632605 -0.0010173635091632605 -0.0010173635091632605 -0.0010173635091632605 -0.0010173635091632605 -0.0010173635091632605 -0.0010173635091632605 -0.0010173635091632605 -0.0010173635091632605 -0.0010173635091632605 -0.0010173635091632605 -0.0010173635091632605 -0.0010173635091632605 -0.0010173635091632605 -0.0010173635091632605 -0.0010173635091632605 -0.0010173635091632605 -0.0010173635091632605 -0.0010173635091632605 -0.0010173635091632605 -0.0010173635091632605 -0.0010173635091632605 -0.0010173635091632605 -0.0010173635091632605 -0.0010173635091632605 -0.0010173635091632605 -0.0002810426813084632
-0.0002810426813084632 -0.0002810426813084632 -0.0002810426813084632 -0.0002810426813084632 -0.0002810426813084632 -0.0002810426813084632 -0.0002810426813084632 -0.0002810426813084632 -0.0002810426813084632 -0.0002810426813084632 -0.0002810426813084632 -0.0002810426813084632 -0.0002810426813084632 -0.0002810426813084632 -0.0002810426813084632 -0.0002810426813084632 -0.0002810426813084632 -0.0002810426813084632 -0.0002810426813084632 -0.0002810426813084632 -0.0002810426813084632 -0.0002810426813084632 -0.0002810426813084632 -0.0002810426813084632 -0.0002810426813084632 -0.0002810426813084632 -0.0002810426813084632 -0.0002810426813084632 -0.0002810426813084632 -0.0002810426813084632 -0.0002810426813084632 -0.0002810426813084632 -0.0002810426813084632 -0.0002810426813084632 -0.0002810426813084632 -0.0002810426813084632 -0.0002810426813084632 -0.0002810426813084632 -0.0002810426813084632 -0.0002810426813084632 -0.00032089839805848897
-0.0002810426813084632 -0.0002810426813084632 -0.0002810426813084632 -0.0002810426813084632 -0.0002810426813084632 -0.0002810426813084632 -0.0002810426813084632 -0.0002810426813084632 -0.0002810426813084632 -0.0002810426813084632 -0.0002810426813084632 -0.0002810426813084632 -0.0002810426813084632 -0.0002810426813084632 -0.0002810426813084632 -0.0002810426813084632 -0.0002810426813084632 -0.0002810426813084632 -0.0002810426813084632 -0.0002810426813084632 -0.0002810426813084632 -0.0002810426813084632 -0.0002810426813084632 -0.0002810426813084632 -0.0002810426813084632 -0.0002810426813084632 -0.0002810426813084632 -0.0002810426813084632 -0.0002810426813084632 -0.0002810426813084632 -0.0002810426813084632 -0.0002810426813084632 -0.0002810426813084632 -0.0002810426813084632 -0.0002810426813084632 -0.0002810426813084632 -0.0002810426813084632 -0.0002810426813084632 -0.0002810426813084632 -0.0002810426813084632 -0.0002810426813084632
-0.0007566274143755436 -0.0007566274143755436 -0.0007566274143755436 -0.0007566274143755436 -0.0007566274143755436 -0.0007566274143755436 -0.0007566274143755436 -0.0007566274143755436 -0.0007566274143755436 -0.0007566274143755436 -0.0007566274143755436 -0.0007566274143755436 -0.0007566274143755436 -0.0007566274143755436 -0.0007566274143755436 -0.0007566274143755436 -0.0007566274143755436 -0.0007566274143755436 -0.0007566274143755436 -0.0007566274143755436 -0.0007566274143755436 -0.0007566274143755436 -0.0007566274143755436 -0.0007566274143755436 -0.0007566274143755436 -0.0007566274143755436 -0.0007566274143755436 -0.0007566274143755436 -0.0007566274143755436 -0.0007566274143755436 -0.0007566274143755436 -0.0007566274143755436 -0.0007566274143755436 -0.0007566274143755436 -0.0007566274143755436 -0.0007566274143755436 -0.0007566274143755436 -0.0007566274143755436 -0.0007566274143755436 -0.0007566274143755436 -0.0002810426813084632