-0.5795699954032898 -0.4164305627346039 -0.4164305627346039 -0.13870640099048615 -0.11909510940313339 -0.11909510940313339 -0.24309398233890533 -0.24309398233890533 -0.13870640099048615 -0.2878563404083252 -0.13870640099048615 -0.11909510940313339 -0.11909510940313339 -0.11909510940313339 -0.13870640099048615 -0.13870640099048615 -0.13870640099048615 -0.11909510940313339 -0.13870640099048615 -0.11909510940313339 -0.11909510940313339 -0.137908473610878 -0.17015136778354645 -0.11909510940313339 -0.1490073800086975 -0.11909510940313339 -0.13909131288528442 -0.09469714760780334 -0.0958484560251236 -0.097232885658741 -0.06503166258335114 -0.01744312047958374 -0.003064436838030815 -0.004268617369234562 -0.0026078352238982916 -0.0032423590309917927 -0.003440634813159704 -0.0025670339819043875 -0.002427223604172468 -0.0023635639809072018 -0.0020986662711948156 -0.0014561560237780213 -0.0014561560237780213 -0.0014561560237780213 -0.0011018209625035524 -0.0011018209625035524 -0.0009636748000048101 -0.00025940098566934466
-0.4164305627346039 -0.4164305627346039 -0.4164305627346039 -0.13870640099048615 -0.11909510940313339 -0.11909510940313339 -0.24309398233890533 -0.24309398233890533 -0.13870640099048615 -0.2878563404083252 -0.13870640099048615 -0.11909510940313339 -0.11909510940313339 -0.11909510940313339 -0.13870640099048615 -0.13870640099048615 -0.13870640099048615 -0.11909510940313339 -0.13870640099048615 -0.11909510940313339 -0.11909510940313339 -0.137908473610878 -0.17015136778354645 -0.11909510940313339 -0.1490073800086975 -0.11909510940313339 -0.13909131288528442 -0.09469714760780334 -0.0958484560251236 -0.097232885658741 -0.06503166258335114 -0.01744312047958374 -0.003064436838030815 -0.004268617369234562 -0.0026078352238982916 -0.0032423590309917927 -0.003440634813159704 -0.0025670339819043875 -0.002427223604172468 -0.0023635639809072018 -0.0020986662711948156 -0.0014561560237780213 -0.0014561560237780213 -0.0014561560237780213 -0.0011018209625035524 -0.0011018209625035524 -0.0009636748000048101 -0.00025940098566934466
-0.4164305627346039 -0.4649922549724579 -0.4649922549724579 -0.13870640099048615 -0.11909510940313339 -0.11909510940313339 -0.24309398233890533 -0.24309398233890533 -0.13870640099048615 -0.2878563404083252 -0.13870640099048615 -0.11909510940313339 -0.11909510940313339 -0.11909510940313339 -0.13870640099048615 -0.13870640099048615 -0.13870640099048615 -0.11909510940313339 -0.13870640099048615 -0.11909510940313339 -0.11909510940313339 -0.137908473610878 -0.17015136778354645 -0.11909510940313339 -0.1490073800086975 -0.11909510940313339 -0.13909131288528442 -0.09469714760780334 -0.0958484560251236 -0.097232885658741 -0.06503166258335114 -0.01744312047958374 -0.003064436838030815 -0.004268617369234562 -0.0026078352238982916 -0.0032423590309917927 -0.003440634813159704 -0.0025670339819043875 -0.002427223604172468 -0.0023635639809072018 -0.0020986662711948156 -0.0014561560237780213 -0.0014561560237780213 -0.0014561560237780213 -0.0011018209625035524 -0.0011018209625035524 -0.0009636748000048101 -0.00025940098566934466
-0.4164305627346039 -0.4649922549724579 -0.4649922549724579 -0.13870640099048615 -0.11909510940313339 -0.11909510940313339 -0.24309398233890533 -0.24309398233890533 -0.13870640099048615 -0.2878563404083252 -0.13870640099048615 -0.11909510940313339 -0.11909510940313339 -0.11909510940313339 -0.13870640099048615 -0.13870640099048615 -0.13870640099048615 -0.11909510940313339 -0.13870640099048615 -0.11909510940313339 -0.11909510940313339 -0.137908473610878 -0.17015136778354645 -0.11909510940313339 -0.1490073800086975 -0.11909510940313339 -0.13909131288528442 -0.09469714760780334 -0.0958484560251236 -0.097232885658741 -0.06503166258335114 -0.01744312047958374 -0.003064436838030815 -0.004268617369234562 -0.0026078352238982916 -0.0032423590309917927 -0.003440634813159704 -0.0025670339819043875 -0.002427223604172468 -0.0023635639809072018 -0.0020986662711948156 -0.0014561560237780213 -0.0014561560237780213 -0.0014561560237780213 -0.0011018209625035524 -0.0011018209625035524 -0.0009636748000048101 -0.00025940098566934466
-0.13870640099048615 -0.13870640099048615 -0.13870640099048615 -0.32995566725730896 -0.11909510940313339 -0.11909510940313339 -0.13870640099048615 -0.13870640099048615 -0.26747098565101624 -0.13870640099048615 -0.24362193048000336 -0.11909510940313339 -0.11909510940313339 -0.11909510940313339 -0.24362193048000336 -0.20147503912448883 -0.17976684868335724 -0.11909510940313339 -0.1996425837278366 -0.11909510940313339 -0.11909510940313339 -0.137908473610878 -0.13870640099048615 -0.11909510940313339 -0.13870640099048615 -0.11909510940313339 -0.13870640099048615 -0.09469714760780334 -0.0958484560251236 -0.097232885658741 -0.06503166258335114 -0.01744312047958374 -0.003064436838030815 -0.004268617369234562 -0.0026078352238982916 -0.0032423590309917927 -0.003440634813159704 -0.0025670339819043875 -0.002427223604172468 -0.0023635639809072018 -0.0020986662711948156 -0.0014561560237780213 -0.0014561560237780213 -0.0014561560237780213 -0.0011018209625035524 -0.0011018209625035524 -0.0009636748000048101 -0.00025940098566934466
-0.1490073800086975 -0.1490073800086975 -0.1490073800086975 -0.13870640099048615 -0.11909510940313339 -0.11909510940313339 -0.1490073800086975 -0.1490073800086975 -0.13870640099048615 -0.1490073800086975 -0.13870640099048615 -0.11909510940313339 -0.11909510940313339 -0.11909510940313339 -0.13870640099048615 -0.13870640099048615 -0.13870640099048615 -0.11909510940313339 -0.13870640099048615 -0.11909510940313339 -0.11909510940313339 -0.137908473610878 -0.1490073800086975 -0.11909510940313339 -0.1490073800086975 -0.11909510940313339 -0.13909131288528442 -0.09469714760780334 -0.0958484560251236 -0.097232885658741 -0.06503166258335114 -0.01744312047958374 -0.003064436838030815 -0.004268617369234562 -0.0026078352238982916 -0.0032423590309917927 -0.003440634813159704 -0.0025670339819043875 -0.002427223604172468 -0.0023635639809072018 -0.0020986662711948156 -0.0014561560237780213 -0.0014561560237780213 -0.0014561560237780213 -0.0011018209625035524 -0.0011018209625035524 -0.0009636748000048101 -0.00025940098566934466
-0.11909510940313339 -0.11909510940313339 -0.11909510940313339 -0.11909510940313339 -0.2933199405670166 -0.2933199405670166 -0.11909510940313339 -0.11909510940313339 -0.11909510940313339 -0.11909510940313339 -0.11909510940313339 -0.25980862975120544 -0.2757350504398346 -0.27559393644332886 -0.11909510940313339 -0.11909510940313339 -0.11909510940313339 -0.15420587360858917 -0.11909510940313339 -0.15420587360858917 -0.18569016456604004 -0.11909510940313339 -0.11909510940313339 -0.12625432014465332 -0.11909510940313339 -0.1347985863685608 -0.11909510940313339 -0.09469714760780334 -0.0958484560251236 -0.097232885658741 -0.06503166258335114 -0.01744312047958374 -0.003064436838030815 -0.004268617369234562 -0.0026078352238982916 -0.0032423590309917927 -0.003440634813159704 -0.0025670339819043875 -0.002427223604172468 -0.0023635639809072018 -0.0020986662711948156 -0.0014561560237780213 -0.0014561560237780213 -0.0014561560237780213 -0.0011018209625035524 -0.0011018209625035524 -0.0009636748000048101 -0.00025940098566934466
-0.24309398233890533 -0.24309398233890533 -0.24309398233890533 -0.13870640099048615 -0.11909510940313339 -0.11909510940313339 -0.28485366702079773 -0.26135507225990295 -0.13870640099048615 -0.24309398233890533 -0.13870640099048615 -0.11909510940313339 -0.11909510940313339 -0.11909510940313339 -0.13870640099048615 -0.13870640099048615 -0.13870640099048615 -0.11909510940313339 -0.13870640099048615 -0.11909510940313339 -0.11909510940313339 -0.137908473610878 -0.17015136778354645 -0.11909510940313339 -0.1490073800086975 -0.11909510940313339 -0.13909131288528442 -0.09469714760780334 -0.0958484560251236 -0.097232885658741 -0.06503166258335114 -0.01744312047958374 -0.003064436838030815 -0.004268617369234562 -0.0026078352238982916 -0.0032423590309917927 -0.003440634813159704 -0.0025670339819043875 -0.002427223604172468 -0.0023635639809072018 -0.0020986662711948156 -0.0014561560237780213 -0.0014561560237780213 -0.0014561560237780213 -0.0011018209625035524 -0.0011018209625035524 -0.0009636748000048101 -0.00025940098566934466
-0.137908473610878 -0.137908473610878 -0.137908473610878 -0.137908473610878 -0.11909510940313339 -0.11909510940313339 -0.137908473610878 -0.137908473610878 -0.137908473610878 -0.137908473610878 -0.137908473610878 -0.11909510940313339 -0.11909510940313339 -0.11909510940313339 -0.137908473610878 -0.137908473610878 -0.137908473610878 -0.11909510940313339 -0.137908473610878 -0.11909510940313339 -0.11909510940313339 -0.137908473610878 -0.137908473610878 -0.11909510940313339 -0.137908473610878 -0.11909510940313339 -0.137908473610878 -0.09469714760780334 -0.0958484560251236 -0.097232885658741 -0.06503166258335114 -0.01744312047958374 -0.003064436838030815 -0.004268617369234562 -0.0026078352238982916 -0.0032423590309917927 -0.003440634813159704 -0.0025670339819043875 -0.002427223604172468 -0.0023635639809072018 -0.0020986662711948156 -0.0014561560237780213 -0.0014561560237780213 -0.0014561560237780213 -0.0011018209625035524 -0.0011018209625035524 -0.0009636748000048101 -0.00025940098566934466
-0.11909510940313339 -0.11909510940313339 -0.11909510940313339 -0.11909510940313339 -0.15420587360858917 -0.15420587360858917 -0.11909510940313339 -0.11909510940313339 -0.11909510940313339 -0.11909510940313339 -0.11909510940313339 -0.15420587360858917 -0.15420587360858917 -0.15420587360858917 -0.11909510940313339 -0.11909510940313339 -0.11909510940313339 -0.1890641152858734 -0.11909510940313339 -0.1890641152858734 -0.15420587360858917 -0.11909510940313339 -0.11909510940313339 -0.12625432014465332 -0.11909510940313339 -0.1347985863685608 -0.11909510940313339 -0.09469714760780334 -0.0958484560251236 -0.097232885658741 -0.06503166258335114 -0.01744312047958374 -0.003064436838030815 -0.004268617369234562 -0.0026078352238982916 -0.0032423590309917927 -0.003440634813159704 -0.0025670339819043875 -0.002427223604172468 -0.0023635639809072018 -0.0020986662711948156 -0.0014561560237780213 -0.0014561560237780213 -0.0014561560237780213 -0.0011018209625035524 -0.0011018209625035524 -0.0009636748000048101 -0.00025940098566934466
-0.11909510940313339 -0.11909510940313339 -0.11909510940313339 -0.11909510940313339 -0.15420587360858917 -0.15420587360858917 -0.11909510940313339 -0.11909510940313339 -0.11909510940313339 -0.11909510940313339 -0.11909510940313339 -0.15420587360858917 -0.15420587360858917 -0.15420587360858917 -0.11909510940313339 -0.11909510940313339 -0.11909510940313339 -0.2226572036743164 -0.11909510940313339 -0.1890641152858734 -0.15420587360858917 -0.11909510940313339 -0.11909510940313339 -0.12625432014465332 -0.11909510940313339 -0.1347985863685608 -0.11909510940313339 -0.09469714760780334 -0.0958484560251236 -0.097232885658741 -0.06503166258335114 -0.01744312047958374 -0.003064436838030815 -0.004268617369234562 -0.0026078352238982916 -0.0032423590309917927 -0.003440634813159704 -0.0025670339819043875 -0.002427223604172468 -0.0023635639809072018 -0.0020986662711948156 -0.0014561560237780213 -0.0014561560237780213 -0.0014561560237780213 -0.0011018209625035524 -0.0011018209625035524 -0.0009636748000048101 -0.00025940098566934466
-0.13870640099048615 -0.13870640099048615 -0.13870640099048615 -0.2360001802444458 -0.11909510940313339 -0.11909510940313339 -0.13870640099048615 -0.13870640099048615 -0.2360001802444458 -0.13870640099048615 -0.2360001802444458 -0.11909510940313339 -0.11909510940313339 -0.11909510940313339 -0.2360001802444458 -0.20147503912448883 -0.17976684868335724 -0.11909510940313339 -0.1996425837278366 -0.11909510940313339 -0.11909510940313339 -0.137908473610878 -0.13870640099048615 -0.11909510940313339 -0.13870640099048615 -0.11909510940313339 -0.13870640099048615 -0.09469714760780334 -0.0958484560251236 -0.097232885658741 -0.06503166258335114 -0.01744312047958374 -0.003064436838030815 -0.004268617369234562 -0.0026078352238982916 -0.0032423590309917927 -0.003440634813159704 -0.0025670339819043875 -0.002427223604172468 -0.0023635639809072018 -0.0020986662711948156 -0.0014561560237780213 -0.0014561560237780213 -0.0014561560237780213 -0.0011018209625035524 -0.0011018209625035524 -0.0009636748000048101 -0.00025940098566934466
-0.11909510940313339 -0.11909510940313339 -0.11909510940313339 -0.11909510940313339 -0.15420587360858917 -0.15420587360858917 -0.11909510940313339 -0.11909510940313339 -0.11909510940313339 -0.11909510940313339 -0.11909510940313339 -0.15420587360858917 -0.15420587360858917 -0.15420587360858917 -0.11909510940313339 -0.11909510940313339 -0.11909510940313339 -0.1890641152858734 -0.11909510940313339 -0.20645968616008759 -0.15420587360858917 -0.11909510940313339 -0.11909510940313339 -0.12625432014465332 -0.11909510940313339 -0.1347985863685608 -0.11909510940313339 -0.09469714760780334 -0.0958484560251236 -0.097232885658741 -0.06503166258335114 -0.01744312047958374 -0.003064436838030815 -0.004268617369234562 -0.0026078352238982916 -0.0032423590309917927 -0.003440634813159704 -0.0025670339819043875 -0.002427223604172468 -0.0023635639809072018 -0.0020986662711948156 -0.0014561560237780213 -0.0014561560237780213 -0.0014561560237780213 -0.0011018209625035524 -0.0011018209625035524 -0.0009636748000048101 -0.00025940098566934466
-0.09469714760780334 -0.09469714760780334 -0.09469714760780334 -0.09469714760780334 -0.09469714760780334 -0.09469714760780334 -0.09469714760780334 -0.09469714760780334 -0.09469714760780334 -0.09469714760780334 -0.09469714760780334 -0.09469714760780334 -0.09469714760780334 -0.09469714760780334 -0.09469714760780334 -0.09469714760780334 -0.09469714760780334 -0.09469714760780334 -0.09469714760780334 -0.09469714760780334 -0.09469714760780334 -0.09469714760780334 -0.09469714760780334 -0.09469714760780334 -0.09469714760780334 -0.09469714760780334 -0.09469714760780334 -0.1318504363298416 -0.09469714760780334 -0.09469714760780334 -0.06503166258335114 -0.01744312047958374 -0.003064436838030815 -0.004268617369234562 -0.0026078352238982916 -0.0032423590309917927 -0.003440634813159704 -0.0025670339819043875 -0.002427223604172468 -0.0023635639809072018 -0.0020986662711948156 -0.0014561560237780213 -0.0014561560237780213 -0.0014561560237780213 -0.0011018209625035524 -0.0011018209625035524 -0.0009636748000048101 -0.00025940098566934466
-0.13870640099048615 -0.13870640099048615 -0.13870640099048615 -0.20147503912448883 -0.11909510940313339 -0.11909510940313339 -0.13870640099048615 -0.13870640099048615 -0.20147503912448883 -0.13870640099048615 -0.20147503912448883 -0.11909510940313339 -0.11909510940313339 -0.11909510940313339 -0.20147503912448883 -0.21318696439266205 -0.17976684868335724 -0.11909510940313339 -0.1996425837278366 -0.11909510940313339 -0.11909510940313339 -0.137908473610878 -0.13870640099048615 -0.11909510940313339 -0.13870640099048615 -0.11909510940313339 -0.13870640099048615 -0.09469714760780334 -0.0958484560251236 -0.097232885658741 -0.06503166258335114 -0.01744312047958374 -0.003064436838030815 -0.004268617369234562 -0.0026078352238982916 -0.0032423590309917927 -0.003440634813159704 -0.0025670339819043875 -0.002427223604172468 -0.0023635639809072018 -0.0020986662711948156 -0.0014561560237780213 -0.0014561560237780213 -0.0014561560237780213 -0.0011018209625035524 -0.0011018209625035524 -0.0009636748000048101 -0.00025940098566934466
-0.11909510940313339 -0.11909510940313339 -0.11909510940313339 -0.11909510940313339 -0.17596115171909332 -0.17596115171909332 -0.11909510940313339 -0.11909510940313339 -0.11909510940313339 -0.11909510940313339 -0.11909510940313339 -0.17596115171909332 -0.17596115171909332 -0.17596115171909332 -0.11909510940313339 -0.11909510940313339 -0.11909510940313339 -0.15420587360858917 -0.11909510940313339 -0.15420587360858917 -0.17596115171909332 -0.11909510940313339 -0.11909510940313339 -0.12625432014465332 -0.11909510940313339 -0.1347985863685608 -0.11909510940313339 -0.09469714760780334 -0.0958484560251236 -0.097232885658741 -0.06503166258335114 -0.01744312047958374 -0.003064436838030815 -0.004268617369234562 -0.0026078352238982916 -0.0032423590309917927 -0.003440634813159704 -0.0025670339819043875 -0.002427223604172468 -0.0023635639809072018 -0.0020986662711948156 -0.0014561560237780213 -0.0014561560237780213 -0.0014561560237780213 -0.0011018209625035524 -0.0011018209625035524 -0.0009636748000048101 -0.00025940098566934466
-0.13870640099048615 -0.13870640099048615 -0.13870640099048615 -0.1661660373210907 -0.11909510940313339 -0.11909510940313339 -0.13870640099048615 -0.13870640099048615 -0.1661660373210907 -0.13870640099048615 -0.1661660373210907 -0.11909510940313339 -0.11909510940313339 -0.11909510940313339 -0.1661660373210907 -0.1661660373210907 -0.1661660373210907 -0.11909510940313339 -0.1661660373210907 -0.11909510940313339 -0.11909510940313339 -0.137908473610878 -0.13870640099048615 -0.11909510940313339 -0.13870640099048615 -0.11909510940313339 -0.13870640099048615 -0.09469714760780334 -0.0958484560251236 -0.097232885658741 -0.06503166258335114 -0.01744312047958374 -0.003064436838030815 -0.004268617369234562 -0.0026078352238982916 -0.0032423590309917927 -0.003440634813159704 -0.0025670339819043875 -0.002427223604172468 -0.0023635639809072018 -0.0020986662711948156 -0.0014561560237780213 -0.0014561560237780213 -0.0014561560237780213 -0.0011018209625035524 -0.0011018209625035524 -0.0009636748000048101 -0.00025940098566934466
-0.15391583740711212 -0.15391583740711212 -0.15391583740711212 -0.13870640099048615 -0.11909510940313339 -0.11909510940313339 -0.15391583740711212 -0.15391583740711212 -0.13870640099048615 -0.15391583740711212 -0.13870640099048615 -0.11909510940313339 -0.11909510940313339 -0.11909510940313339 -0.13870640099048615 -0.13870640099048615 -0.13870640099048615 -0.11909510940313339 -0.13870640099048615 -0.11909510940313339 -0.11909510940313339 -0.137908473610878 -0.15391583740711212 -0.11909510940313339 -0.1490073800086975 -0.11909510940313339 -0.13909131288528442 -0.09469714760780334 -0.0958484560251236 -0.097232885658741 -0.06503166258335114 -0.01744312047958374 -0.003064436838030815 -0.004268617369234562 -0.0026078352238982916 -0.0032423590309917927 -0.003440634813159704 -0.0025670339819043875 -0.002427223604172468 -0.0023635639809072018 -0.0020986662711948156 -0.0014561560237780213 -0.0014561560237780213 -0.0014561560237780213 -0.0011018209625035524 -0.0011018209625035524 -0.0009636748000048101 -0.00025940098566934466
-0.15255209803581238 -0.15255209803581238 -0.15255209803581238 -0.13870640099048615 -0.11909510940313339 -0.11909510940313339 -0.15255209803581238 -0.15255209803581238 -0.13870640099048615 -0.15255209803581238 -0.13870640099048615 -0.11909510940313339 -0.11909510940313339 -0.11909510940313339 -0.13870640099048615 -0.13870640099048615 -0.13870640099048615 -0.11909510940313339 -0.13870640099048615 -0.11909510940313339 -0.11909510940313339 -0.137908473610878 -0.15255209803581238 -0.11909510940313339 -0.1490073800086975 -0.11909510940313339 -0.13909131288528442 -0.09469714760780334 -0.0958484560251236 -0.097232885658741 -0.06503166258335114 -0.01744312047958374 -0.003064436838030815 -0.004268617369234562 -0.0026078352238982916 -0.0032423590309917927 -0.003440634813159704 -0.0025670339819043875 -0.002427223604172468 -0.0023635639809072018 -0.0020986662711948156 -0.0014561560237780213 -0.0014561560237780213 -0.0014561560237780213 -0.0011018209625035524 -0.0011018209625035524 -0.0009636748000048101 -0.00025940098566934466
-0.09469714760780334 -0.09469714760780334 -0.09469714760780334 -0.09469714760780334 -0.09469714760780334 -0.09469714760780334 -0.09469714760780334 -0.09469714760780334 -0.09469714760780334 -0.09469714760780334 -0.09469714760780334 -0.09469714760780334 -0.09469714760780334 -0.09469714760780334 -0.09469714760780334 -0.09469714760780334 -0.09469714760780334 -0.09469714760780334 -0.09469714760780334 -0.09469714760780334 -0.09469714760780334 -0.09469714760780334 -0.09469714760780334 -0.09469714760780334 -0.09469714760780334 -0.09469714760780334 -0.09469714760780334 -0.09469714760780334 -0.09469714760780334 -0.09469714760780334 -0.06503166258335114 -0.01744312047958374 -0.003064436838030815 -0.004268617369234562 -0.0026078352238982916 -0.0032423590309917927 -0.003440634813159704 -0.0025670339819043875 -0.002427223604172468 -0.0023635639809072018 -0.0020986662711948156 -0.0014561560237780213 -0.0014561560237780213 -0.0014561560237780213 -0.0011018209625035524 -0.0011018209625035524 -0.0009636748000048101 -0.00025940098566934466
-0.06503166258335114 -0.06503166258335114 -0.06503166258335114 -0.06503166258335114 -0.06503166258335114 -0.06503166258335114 -0.06503166258335114 -0.06503166258335114 -0.06503166258335114 -0.06503166258335114 -0.06503166258335114 -0.06503166258335114 -0.06503166258335114 -0.06503166258335114 -0.06503166258335114 -0.06503166258335114 -0.06503166258335114 -0.06503166258335114 -0.06503166258335114 -0.06503166258335114 -0.06503166258335114 -0.06503166258335114 -0.06503166258335114 -0.06503166258335114 -0.06503166258335114 -0.06503166258335114 -0.06503166258335114 -0.06503166258335114 -0.06503166258335114 -0.06503166258335114 -0.06503166258335114 -0.01744312047958374 -0.003064436838030815 -0.004268617369234562 -0.0026078352238982916 -0.0032423590309917927 -0.003440634813159704 -0.0025670339819043875 -0.002427223604172468 -0.0023635639809072018 -0.0020986662711948156 -0.0014561560237780213 -0.0014561560237780213 -0.0014561560237780213 -0.0011018209625035524 -0.0011018209625035524 -0.0009636748000048101 -0.00025940098566934466
-0.12991060316562653 -0.12991060316562653 -0.12991060316562653 -0.12991060316562653 -0.11909510940313339 -0.11909510940313339 -0.12991060316562653 -0.12991060316562653 -0.12991060316562653 -0.12991060316562653 -0.12991060316562653 -0.11909510940313339 -0.11909510940313339 -0.11909510940313339 -0.12991060316562653 -0.12991060316562653 -0.12991060316562653 -0.11909510940313339 -0.12991060316562653 -0.11909510940313339 -0.11909510940313339 -0.12991060316562653 -0.12991060316562653 -0.11909510940313339 -0.12991060316562653 -0.11909510940313339 -0.12991060316562653 -0.09469714760780334 -0.0958484560251236 -0.097232885658741 -0.06503166258335114 -0.01744312047958374 -0.003064436838030815 -0.004268617369234562 -0.0026078352238982916 -0.0032423590309917927 -0.003440634813159704 -0.0025670339819043875 -0.002427223604172468 -0.0023635639809072018 -0.0020986662711948156 -0.0014561560237780213 -0.0014561560237780213 -0.0014561560237780213 -0.0011018209625035524 -0.0011018209625035524 -0.0009636748000048101 -0.00025940098566934466
-0.09958900511264801 -0.09958900511264801 -0.09958900511264801 -0.09958900511264801 -0.09958900511264801 -0.09958900511264801 -0.09958900511264801 -0.09958900511264801 -0.09958900511264801 -0.09958900511264801 -0.09958900511264801 -0.09958900511264801 -0.09958900511264801 -0.09958900511264801 -0.09958900511264801 -0.09958900511264801 -0.09958900511264801 -0.09958900511264801 -0.09958900511264801 -0.09958900511264801 -0.09958900511264801 -0.09958900511264801 -0.09958900511264801 -0.09958900511264801 -0.09958900511264801 -0.09958900511264801 -0.09958900511264801 -0.09469714760780334 -0.0958484560251236 -0.097232885658741 -0.06503166258335114 -0.01744312047958374 -0.003064436838030815 -0.004268617369234562 -0.0026078352238982916 -0.0032423590309917927 -0.003440634813159704 -0.0025670339819043875 -0.002427223604172468 -0.0023635639809072018 -0.0020986662711948156 -0.0014561560237780213 -0.0014561560237780213 -0.0014561560237780213 -0.0011018209625035524 -0.0011018209625035524 -0.0009636748000048101 -0.00025940098566934466
-0.0800086185336113 -0.0800086185336113 -0.0800086185336113 -0.0800086185336113 -0.0800086185336113 -0.0800086185336113 -0.0800086185336113 -0.0800086185336113 -0.0800086185336113 -0.0800086185336113 -0.0800086185336113 -0.0800086185336113 -0.0800086185336113 -0.0800086185336113 -0.0800086185336113 -0.0800086185336113 -0.0800086185336113 -0.0800086185336113 -0.0800086185336113 -0.0800086185336113 -0.0800086185336113 -0.0800086185336113 -0.0800086185336113 -0.0800086185336113 -0.0800086185336113 -0.0800086185336113 -0.0800086185336113 -0.0800086185336113 -0.0800086185336113 -0.0800086185336113 -0.06503166258335114 -0.01744312047958374 -0.003064436838030815 -0.004268617369234562 -0.0026078352238982916 -0.0032423590309917927 -0.003440634813159704 -0.0025670339819043875 -0.002427223604172468 -0.0023635639809072018 -0.0020986662711948156 -0.0014561560237780213 -0.0014561560237780213 -0.0014561560237780213 -0.0011018209625035524 -0.0011018209625035524 -0.0009636748000048101 -0.00025940098566934466
-0.02853822149336338 -0.02853822149336338 -0.02853822149336338 -0.02853822149336338 -0.02853822149336338 -0.02853822149336338 -0.02853822149336338 -0.02853822149336338 -0.02853822149336338 -0.02853822149336338 -0.02853822149336338 -0.02853822149336338 -0.02853822149336338 -0.02853822149336338 -0.02853822149336338 -0.02853822149336338 -0.02853822149336338 -0.02853822149336338 -0.02853822149336338 -0.02853822149336338 -0.02853822149336338 -0.02853822149336338 -0.02853822149336338 -0.02853822149336338 -0.02853822149336338 -0.02853822149336338 -0.02853822149336338 -0.02853822149336338 -0.02853822149336338 -0.02853822149336338 -0.02853822149336338 -0.01744312047958374 -0.003064436838030815 -0.004268617369234562 -0.0026078352238982916 -0.0032423590309917927 -0.003440634813159704 -0.0025670339819043875 -0.002427223604172468 -0.0023635639809072018 -0.0020986662711948156 -0.0014561560237780213 -0.0014561560237780213 -0.0014561560237780213 -0.0011018209625035524 -0.0011018209625035524 -0.0009636748000048101 -0.00025940098566934466
-0.011334528215229511 -0.011334528215229511 -0.011334528215229511 -0.011334528215229511 -0.011334528215229511 -0.011334528215229511 -0.011334528215229511 -0.011334528215229511 -0.011334528215229511 -0.011334528215229511 -0.011334528215229511 -0.011334528215229511 -0.011334528215229511 -0.011334528215229511 -0.011334528215229511 -0.011334528215229511 -0.011334528215229511 -0.011334528215229511 -0.011334528215229511 -0.011334528215229511 -0.011334528215229511 -0.011334528215229511 -0.011334528215229511 -0.011334528215229511 -0.011334528215229511 -0.011334528215229511 -0.011334528215229511 -0.011334528215229511 -0.011334528215229511 -0.011334528215229511 -0.011334528215229511 -0.011334528215229511 -0.003064436838030815 -0.004268617369234562 -0.0026078352238982916 -0.0032423590309917927 -0.003440634813159704 -0.0025670339819043875 -0.002427223604172468 -0.0023635639809072018 -0.0020986662711948156 -0.0014561560237780213 -0.0014561560237780213 -0.0014561560237780213 -0.0011018209625035524 -0.0011018209625035524 -0.0009636748000048101 -0.00025940098566934466
-0.004268617369234562 -0.004268617369234562 -0.004268617369234562 -0.004268617369234562 -0.004268617369234562 -0.004268617369234562 -0.004268617369234562 -0.004268617369234562 -0.004268617369234562 -0.004268617369234562 -0.004268617369234562 -0.004268617369234562 -0.004268617369234562 -0.004268617369234562 -0.004268617369234562 -0.004268617369234562 -0.004268617369234562 -0.004268617369234562 -0.004268617369234562 -0.004268617369234562 -0.004268617369234562 -0.004268617369234562 -0.004268617369234562 -0.004268617369234562 -0.004268617369234562 -0.004268617369234562 -0.004268617369234562 -0.004268617369234562 -0.004268617369234562 -0.004268617369234562 -0.004268617369234562 -0.004268617369234562 -0.003064436838030815 -0.004270800389349461 -0.0026078352238982916 -0.0032423590309917927 -0.003440634813159704 -0.0025670339819043875 -0.002427223604172468 -0.0023635639809072018 -0.0020986662711948156 -0.0014561560237780213 -0.0014561560237780213 -0.0014561560237780213 -0.0011018209625035524 -0.0011018209625035524 -0.0009636748000048101 -0.00025940098566934466
-0.003064436838030815 -0.003064436838030815 -0.003064436838030815 -0.003064436838030815 -0.003064436838030815 -0.003064436838030815 -0.003064436838030815 -0.003064436838030815 -0.003064436838030815 -0.003064436838030815 -0.003064436838030815 -0.003064436838030815 -0.003064436838030815 -0.003064436838030815 -0.003064436838030815 -0.003064436838030815 -0.003064436838030815 -0.003064436838030815 -0.003064436838030815 -0.003064436838030815 -0.003064436838030815 -0.003064436838030815 -0.003064436838030815 -0.003064436838030815 -0.003064436838030815 -0.003064436838030815 -0.003064436838030815 -0.003064436838030815 -0.003064436838030815 -0.003064436838030815 -0.003064436838030815 -0.003064436838030815 -0.004449634347110987 -0.003064436838030815 -0.0026078352238982916 -0.003064436838030815 -0.003064436838030815 -0.0025670339819043875 -0.002427223604172468 -0.0023635639809072018 -0.0020986662711948156 -0.0014561560237780213 -0.0014561560237780213 -0.0014561560237780213 -0.0011018209625035524 -0.0011018209625035524 -0.0009636748000048101 -0.00025940098566934466
-0.0026078352238982916 -0.0026078352238982916 -0.0026078352238982916 -0.0026078352238982916 -0.0026078352238982916 -0.0026078352238982916 -0.0026078352238982916 -0.0026078352238982916 -0.0026078352238982916 -0.0026078352238982916 -0.0026078352238982916 -0.0026078352238982916 -0.0026078352238982916 -0.0026078352238982916 -0.0026078352238982916 -0.0026078352238982916 -0.0026078352238982916 -0.0026078352238982916 -0.0026078352238982916 -0.0026078352238982916 -0.0026078352238982916 -0.0026078352238982916 -0.0026078352238982916 -0.0026078352238982916 -0.0026078352238982916 -0.0026078352238982916 -0.0026078352238982916 -0.0026078352238982916 -0.0026078352238982916 -0.0026078352238982916 -0.0026078352238982916 -0.0026078352238982916 -0.0026078352238982916 -0.0026078352238982916 -0.004005875904113054 -0.0026078352238982916 -0.0026078352238982916 -0.0025670339819043875 -0.002427223604172468 -0.0023635639809072018 -0.0020986662711948156 -0.0014561560237780213 -0.0014561560237780213 -0.0014561560237780213 -0.0011018209625035524 -0.0011018209625035524 -0.0009636748000048101 -0.00025940098566934466
-0.003064436838030815 -0.003064436838030815 -0.003064436838030815 -0.003064436838030815 -0.003064436838030815 -0.003064436838030815 -0.003064436838030815 -0.003064436838030815 -0.003064436838030815 -0.003064436838030815 -0.003064436838030815 -0.003064436838030815 -0.003064436838030815 -0.003064436838030815 -0.003064436838030815 -0.003064436838030815 -0.003064436838030815 -0.003064436838030815 -0.003064436838030815 -0.003064436838030815 -0.003064436838030815 -0.003064436838030815 -0.003064436838030815 -0.003064436838030815 -0.003064436838030815 -0.003064436838030815 -0.003064436838030815 -0.003064436838030815 -0.003064436838030815 -0.003064436838030815 -0.003064436838030815 -0.003064436838030815 -0.003064436838030815 -0.003064436838030815 -0.0026078352238982916 -0.003064436838030815 -0.003064436838030815 -0.0025670339819043875 -0.002427223604172468 -0.0023635639809072018 -0.0020986662711948156 -0.0014561560237780213 -0.0014561560237780213 -0.0014561560237780213 -0.0011018209625035524 -0.0011018209625035524 -0.0009636748000048101 -0.00025940098566934466
-0.0030572356190532446 -0.0030572356190532446 -0.0030572356190532446 -0.0030572356190532446 -0.0030572356190532446 -0.0030572356190532446 -0.0030572356190532446 -0.0030572356190532446 -0.0030572356190532446 -0.0030572356190532446 -0.0030572356190532446 -0.0030572356190532446 -0.0030572356190532446 -0.0030572356190532446 -0.0030572356190532446 -0.0030572356190532446 -0.0030572356190532446 -0.0030572356190532446 -0.0030572356190532446 -0.0030572356190532446 -0.0030572356190532446 -0.0030572356190532446 -0.0030572356190532446 -0.0030572356190532446 -0.0030572356190532446 -0.0030572356190532446 -0.0030572356190532446 -0.0030572356190532446 -0.0030572356190532446 -0.0030572356190532446 -0.0030572356190532446 -0.0030572356190532446 -0.0030572356190532446 -0.0030572356190532446 -0.0026078352238982916 -0.0030572356190532446 -0.0030572356190532446 -0.0025670339819043875 -0.002427223604172468 -0.0023635639809072018 -0.0020986662711948156 -0.0014561560237780213 -0.0014561560237780213 -0.0014561560237780213 -0.0011018209625035524 -0.0011018209625035524 -0.0009636748000048101 -0.00025940098566934466
-0.0025670339819043875 -0.0025670339819043875 -0.0025670339819043875 -0.0025670339819043875 -0.0025670339819043875 -0.0025670339819043875 -0.0025670339819043875 -0.0025670339819043875 -0.0025670339819043875 -0.0025670339819043875 -0.0025670339819043875 -0.0025670339819043875 -0.0025670339819043875 -0.0025670339819043875 -0.0025670339819043875 -0.0025670339819043875 -0.0025670339819043875 -0.0025670339819043875 -0.0025670339819043875 -0.0025670339819043875 -0.0025670339819043875 -0.0025670339819043875 -0.0025670339819043875 -0.0025670339819043875 -0.0025670339819043875 -0.0025670339819043875 -0.0025670339819043875 -0.0025670339819043875 -0.0025670339819043875 -0.0025670339819043875 -0.0025670339819043875 -0.0025670339819043875 -0.0025670339819043875 -0.0025670339819043875 -0.0025670339819043875 -0.0025670339819043875 -0.0025670339819043875 -0.002590784104540944 -0.002427223604172468 -0.0023635639809072018 -0.0020986662711948156 -0.0014561560237780213 -0.0014561560237780213 -0.0014561560237780213 -0.0011018209625035524 -0.0011018209625035524 -0.0009636748000048101 -0.00025940098566934466
-0.0020032464526593685 -0.0020032464526593685 -0.0020032464526593685 -0.0020032464526593685 -0.0020032464526593685 -0.0020032464526593685 -0.0020032464526593685 -0.0020032464526593685 -0.0020032464526593685 -0.0020032464526593685 -0.0020032464526593685 -0.0020032464526593685 -0.0020032464526593685 -0.0020032464526593685 -0.0020032464526593685 -0.0020032464526593685 -0.0020032464526593685 -0.0020032464526593685 -0.0020032464526593685 -0.0020032464526593685 -0.0020032464526593685 -0.0020032464526593685 -0.0020032464526593685 -0.0020032464526593685 -0.0020032464526593685 -0.0020032464526593685 -0.0020032464526593685 -0.0020032464526593685 -0.0020032464526593685 -0.0020032464526593685 -0.0020032464526593685 -0.0020032464526593685 -0.0020032464526593685 -0.0020032464526593685 -0.0020032464526593685 -0.0020032464526593685 -0.0020032464526593685 -0.0020032464526593685 -0.0020032464526593685 -0.0020032464526593685 -0.0020032464526593685 -0.0014561560237780213 -0.0014561560237780213 -0.0014561560237780213 -0.0011018209625035524 -0.0011018209625035524 -0.0009636748000048101 -0.00025940098566934466
-0.0014561560237780213 -0.0014561560237780213 -0.0014561560237780213 -0.0014561560237780213 -0.0014561560237780213 -0.0014561560237780213 -0.0014561560237780213 -0.0014561560237780213 -0.0014561560237780213 -0.0014561560237780213 -0.0014561560237780213 -0.0014561560237780213 -0.0014561560237780213 -0.0014561560237780213 -0.0014561560237780213 -0.0014561560237780213 -0.0014561560237780213 -0.0014561560237780213 -0.0014561560237780213 -0.0014561560237780213 -0.0014561560237780213 -0.0014561560237780213 -0.0014561560237780213 -0.0014561560237780213 -0.0014561560237780213 -0.0014561560237780213 -0.0014561560237780213 -0.0014561560237780213 -0.0014561560237780213 -0.0014561560237780213 -0.0014561560237780213 -0.0014561560237780213 -0.0014561560237780213 -0.0014561560237780213 -0.0014561560237780213 -0.0014561560237780213 -0.0014561560237780213 -0.0014561560237780213 -0.0014561560237780213 -0.0014561560237780213 -0.0014561560237780213 -0.0019074664451181889 -0.0019074664451181889 -0.0015889059286564589 -0.0011018209625035524 -0.0011018209625035524 -0.0009636748000048101 -0.00025940098566934466
-0.0009636748000048101 -0.0009636748000048101 -0.0009636748000048101 -0.0009636748000048101 -0.0009636748000048101 -0.0009636748000048101 -0.0009636748000048101 -0.0009636748000048101 -0.0009636748000048101 -0.0009636748000048101 -0.0009636748000048101 -0.0009636748000048101 -0.0009636748000048101 -0.0009636748000048101 -0.0009636748000048101 -0.0009636748000048101 -0.0009636748000048101 -0.0009636748000048101 -0.0009636748000048101 -0.0009636748000048101 -0.0009636748000048101 -0.0009636748000048101 -0.0009636748000048101 -0.0009636748000048101 -0.0009636748000048101 -0.0009636748000048101 -0.0009636748000048101 -0.0009636748000048101 -0.0009636748000048101 -0.0009636748000048101 -0.0009636748000048101 -0.0009636748000048101 -0.0009636748000048101 -0.0009636748000048101 -0.0009636748000048101 -0.0009636748000048101 -0.0009636748000048101 -0.0009636748000048101 -0.0009636748000048101 -0.0009636748000048101 -0.0009636748000048101 -0.0009636748000048101 -0.0009636748000048101 -0.0009636748000048101 -0.0009636748000048101 -0.0009636748000048101 -0.0009636748000048101 -0.00025940098566934466
-0.0009636748000048101 -0.0009636748000048101 -0.0009636748000048101 -0.0009636748000048101 -0.0009636748000048101 -0.0009636748000048101 -0.0009636748000048101 -0.0009636748000048101 -0.0009636748000048101 -0.0009636748000048101 -0.0009636748000048101 -0.0009636748000048101 -0.0009636748000048101 -0.0009636748000048101 -0.0009636748000048101 -0.0009636748000048101 -0.0009636748000048101 -0.0009636748000048101 -0.0009636748000048101 -0.0009636748000048101 -0.0009636748000048101 -0.0009636748000048101 -0.0009636748000048101 -0.0009636748000048101 -0.0009636748000048101 -0.0009636748000048101 -0.0009636748000048101 -0.0009636748000048101 -0.0009636748000048101 -0.0009636748000048101 -0.0009636748000048101 -0.0009636748000048101 -0.0009636748000048101 -0.0009636748000048101 -0.0009636748000048101 -0.0009636748000048101 -0.0009636748000048101 -0.0009636748000048101 -0.0009636748000048101 -0.0009636748000048101 -0.0009636748000048101 -0.0009636748000048101 -0.0009636748000048101 -0.0009636748000048101 -0.0009636748000048101 -0.0009636748000048101 -0.0009636748000048101 -0.00025940098566934466
-0.0011018209625035524 -0.0011018209625035524 -0.0011018209625035524 -0.0011018209625035524 -0.0011018209625035524 -0.0011018209625035524 -0.0011018209625035524 -0.0011018209625035524 -0.0011018209625035524 -0.0011018209625035524 -0.0011018209625035524 -0.0011018209625035524 -0.0011018209625035524 -0.0011018209625035524 -0.0011018209625035524 -0.0011018209625035524 -0.0011018209625035524 -0.0011018209625035524 -0.0011018209625035524 -0.0011018209625035524 -0.0011018209625035524 -0.0011018209625035524 -0.0011018209625035524 -0.0011018209625035524 -0.0011018209625035524 -0.0011018209625035524 -0.0011018209625035524 -0.0011018209625035524 -0.0011018209625035524 -0.0011018209625035524 -0.0011018209625035524 -0.0011018209625035524 -0.0011018209625035524 -0.0011018209625035524 -0.0011018209625035524 -0.0011018209625035524 -0.0011018209625035524 -0.0011018209625035524 -0.0011018209625035524 -0.0011018209625035524 -0.0011018209625035524 -0.0011018209625035524 -0.0011018209625035524 -0.0011018209625035524 -0.0012635678285732865 -0.001122305286116898 -0.0009636748000048101 -0.00025940098566934466
-0.0009636748000048101 -0.0009636748000048101 -0.0009636748000048101 -0.0009636748000048101 -0.0009636748000048101 -0.0009636748000048101 -0.0009636748000048101 -0.0009636748000048101 -0.0009636748000048101 -0.0009636748000048101 -0.0009636748000048101 -0.0009636748000048101 -0.0009636748000048101 -0.0009636748000048101 -0.0009636748000048101 -0.0009636748000048101 -0.0009636748000048101 -0.0009636748000048101 -0.0009636748000048101 -0.0009636748000048101 -0.0009636748000048101 -0.0009636748000048101 -0.0009636748000048101 -0.0009636748000048101 -0.0009636748000048101 -0.0009636748000048101 -0.0009636748000048101 -0.0009636748000048101 -0.0009636748000048101 -0.0009636748000048101 -0.0009636748000048101 -0.0009636748000048101 -0.0009636748000048101 -0.0009636748000048101 -0.0009636748000048101 -0.0009636748000048101 -0.0009636748000048101 -0.0009636748000048101 -0.0009636748000048101 -0.0009636748000048101 -0.0009636748000048101 -0.0009636748000048101 -0.0009636748000048101 -0.0009636748000048101 -0.0009636748000048101 -0.0009636748000048101 -0.0010003636125475168 -0.00025940098566934466
-0.001355901942588389 -0.001355901942588389 -0.001355901942588389 -0.001355901942588389 -0.001355901942588389 -0.001355901942588389 -0.001355901942588389 -0.001355901942588389 -0.001355901942588389 -0.001355901942588389 -0.001355901942588389 -0.001355901942588389 -0.001355901942588389 -0.001355901942588389 -0.001355901942588389 -0.001355901942588389 -0.001355901942588389 -0.001355901942588389 -0.001355901942588389 -0.001355901942588389 -0.001355901942588389 -0.001355901942588389 -0.001355901942588389 -0.001355901942588389 -0.001355901942588389 -0.001355901942588389 -0.001355901942588389 -0.001355901942588389 -0.001355901942588389 -0.001355901942588389 -0.001355901942588389 -0.001355901942588389 -0.001355901942588389 -0.001355901942588389 -0.001355901942588389 -0.001355901942588389 -0.001355901942588389 -0.001355901942588389 -0.001355901942588389 -0.001355901942588389 -0.001355901942588389 -0.001355901942588389 -0.001355901942588389 -0.001355901942588389 -0.0011018209625035524 -0.0011018209625035524 -0.0009636748000048101 -0.00025940098566934466
-0.0009636748000048101 -0.0009636748000048101 -0.0009636748000048101 -0.0009636748000048101 -0.0009636748000048101 -0.0009636748000048101 -0.0009636748000048101 -0.0009636748000048101 -0.0009636748000048101 -0.0009636748000048101 -0.0009636748000048101 -0.0009636748000048101 -0.0009636748000048101 -0.0009636748000048101 -0.0009636748000048101 -0.0009636748000048101 -0.0009636748000048101 -0.0009636748000048101 -0.0009636748000048101 -0.0009636748000048101 -0.0009636748000048101 -0.0009636748000048101 -0.0009636748000048101 -0.0009636748000048101 -0.0009636748000048101 -0.0009636748000048101 -0.0009636748000048101 -0.0009636748000048101 -0.0009636748000048101 -0.0009636748000048101 -0.0009636748000048101 -0.0009636748000048101 -0.0009636748000048101 -0.0009636748000048101 -0.0009636748000048101 -0.0009636748000048101 -0.0009636748000048101 -0.0009636748000048101 -0.0009636748000048101 -0.0009636748000048101 -0.0009636748000048101 -0.0009636748000048101 -0.0009636748000048101 -0.0009636748000048101 -0.0009636748000048101 -0.0009636748000048101 -0.0009636748000048101 -0.00025940098566934466