-0.6296316385269165 -0.4164305627346039 -0.4164305627346039 -0.13870640099048615 -0.11909510940313339 -0.11909510940313339 -0.24309398233890533 -0.24309398233890533 -0.13870640099048615 -0.2878563404083252 -0.13870640099048615 -0.11909510940313339 -0.11909510940313339 -0.11909510940313339 -0.13870640099048615 -0.13870640099048615 -0.13870640099048615 -0.11909510940313339 -0.13870640099048615 -0.11909510940313339 -0.11909510940313339 -0.137908473610878 -0.17015136778354645 -0.11909510940313339 -0.1490073800086975 -0.11909510940313339 -0.13909131288528442 -0.09469714760780334 -0.0958484560251236 -0.097232885658741 -0.06503166258335114 -0.01744312047958374 -0.003064436838030815 -0.004268617369234562 -0.0026078352238982916 -0.0032423590309917927 -0.003440634813159704 -0.0025670339819043875 -0.002427223604172468 -0.0023635639809072018 -0.0020986662711948156 -0.0014561560237780213 -0.0014561560237780213 -0.0014561560237780213 -0.0011018209625035524 -0.0011018209625035524 -0.0009636748000048101 -0.00025940098566934466
-0.4164305627346039 -0.52729731798172 -0.4649922549724579 -0.13870640099048615 -0.11909510940313339 -0.11909510940313339 -0.24309398233890533 -0.24309398233890533 -0.13870640099048615 -0.2878563404083252 -0.13870640099048615 -0.11909510940313339 -0.11909510940313339 -0.11909510940313339 -0.13870640099048615 -0.13870640099048615 -0.13870640099048615 -0.11909510940313339 -0.13870640099048615 -0.11909510940313339 -0.11909510940313339 -0.137908473610878 -0.17015136778354645 -0.11909510940313339 -0.1490073800086975 -0.11909510940313339 -0.13909131288528442 -0.09469714760780334 -0.0958484560251236 -0.097232885658741 -0.06503166258335114 -0.01744312047958374 -0.003064436838030815 -0.004268617369234562 -0.0026078352238982916 -0.0032423590309917927 -0.003440634813159704 -0.0025670339819043875 -0.002427223604172468 -0.0023635639809072018 -0.0020986662711948156 -0.0014561560237780213 -0.0014561560237780213 -0.0014561560237780213 -0.0011018209625035524 -0.0011018209625035524 -0.0009636748000048101 -0.00025940098566934466
-0.4164305627346039 -0.4649922549724579 -0.4649922549724579 -0.13870640099048615 -0.11909510940313339 -0.11909510940313339 -0.24309398233890533 -0.24309398233890533 -0.13870640099048615 -0.2878563404083252 -0.13870640099048615 -0.11909510940313339 -0.11909510940313339 -0.11909510940313339 -0.13870640099048615 -0.13870640099048615 -0.13870640099048615 -0.11909510940313339 -0.13870640099048615 -0.11909510940313339 -0.11909510940313339 -0.137908473610878 -0.17015136778354645 -0.11909510940313339 -0.1490073800086975 -0.11909510940313339 -0.13909131288528442 -0.09469714760780334 -0.0958484560251236 -0.097232885658741 -0.06503166258335114 -0.01744312047958374 -0.003064436838030815 -0.004268617369234562 -0.0026078352238982916 -0.0032423590309917927 -0.003440634813159704 -0.0025670339819043875 -0.002427223604172468 -0.0023635639809072018 -0.0020986662711948156 -0.0014561560237780213 -0.0014561560237780213 -0.0014561560237780213 -0.0011018209625035524 -0.0011018209625035524 -0.0009636748000048101 -0.00025940098566934466
-0.11909510940313339 -0.11909510940313339 -0.11909510940313339 -0.11909510940313339 -0.30899786949157715 -0.30899786949157715 -0.11909510940313339 -0.11909510940313339 -0.11909510940313339 -0.11909510940313339 -0.11909510940313339 -0.25980862975120544 -0.2757350504398346 -0.27559393644332886 -0.11909510940313339 -0.11909510940313339 -0.11909510940313339 -0.15420587360858917 -0.11909510940313339 -0.15420587360858917 -0.18569016456604004 -0.11909510940313339 -0.11909510940313339 -0.12625432014465332 -0.11909510940313339 -0.1347985863685608 -0.11909510940313339 -0.09469714760780334 -0.0958484560251236 -0.097232885658741 -0.06503166258335114 -0.01744312047958374 -0.003064436838030815 -0.004268617369234562 -0.0026078352238982916 -0.0032423590309917927 -0.003440634813159704 -0.0025670339819043875 -0.002427223604172468 -0.0023635639809072018 -0.0020986662711948156 -0.0014561560237780213 -0.0014561560237780213 -0.0014561560237780213 -0.0011018209625035524 -0.0011018209625035524 -0.0009636748000048101 -0.00025940098566934466
-0.11909510940313339 -0.11909510940313339 -0.11909510940313339 -0.11909510940313339 -0.3077261447906494 -0.3077261447906494 -0.11909510940313339 -0.11909510940313339 -0.11909510940313339 -0.11909510940313339 -0.11909510940313339 -0.25980862975120544 -0.2757350504398346 -0.27559393644332886 -0.11909510940313339 -0.11909510940313339 -0.11909510940313339 -0.15420587360858917 -0.11909510940313339 -0.15420587360858917 -0.18569016456604004 -0.11909510940313339 -0.11909510940313339 -0.12625432014465332 -0.11909510940313339 -0.1347985863685608 -0.11909510940313339 -0.09469714760780334 -0.0958484560251236 -0.097232885658741 -0.06503166258335114 -0.01744312047958374 -0.003064436838030815 -0.004268617369234562 -0.0026078352238982916 -0.0032423590309917927 -0.003440634813159704 -0.0025670339819043875 -0.002427223604172468 -0.0023635639809072018 -0.0020986662711948156 -0.0014561560237780213 -0.0014561560237780213 -0.0014561560237780213 -0.0011018209625035524 -0.0011018209625035524 -0.0009636748000048101 -0.00025940098566934466
-0.24309398233890533 -0.24309398233890533 -0.24309398233890533 -0.13870640099048615 -0.11909510940313339 -0.11909510940313339 -0.30066800117492676 -0.26135507225990295 -0.13870640099048615 -0.24309398233890533 -0.13870640099048615 -0.11909510940313339 -0.11909510940313339 -0.11909510940313339 -0.13870640099048615 -0.13870640099048615 -0.13870640099048615 -0.11909510940313339 -0.13870640099048615 -0.11909510940313339 -0.11909510940313339 -0.137908473610878 -0.17015136778354645 -0.11909510940313339 -0.1490073800086975 -0.11909510940313339 -0.13909131288528442 -0.09469714760780334 -0.0958484560251236 -0.097232885658741 -0.06503166258335114 -0.01744312047958374 -0.003064436838030815 -0.004268617369234562 -0.0026078352238982916 -0.0032423590309917927 -0.003440634813159704 -0.0025670339819043875 -0.002427223604172468 -0.0023635639809072018 -0.0020986662711948156 -0.0014561560237780213 -0.0014561560237780213 -0.0014561560237780213 -0.0011018209625035524 -0.0011018209625035524 -0.0009636748000048101 -0.00025940098566934466
-0.13870640099048615 -0.13870640099048615 -0.13870640099048615 -0.2997679114341736 -0.11909510940313339 -0.11909510940313339 -0.13870640099048615 -0.13870640099048615 -0.26747098565101624 -0.13870640099048615 -0.24362193048000336 -0.11909510940313339 -0.11909510940313339 -0.11909510940313339 -0.24362193048000336 -0.20147503912448883 -0.17976684868335724 -0.11909510940313339 -0.1996425837278366 -0.11909510940313339 -0.11909510940313339 -0.137908473610878 -0.13870640099048615 -0.11909510940313339 -0.13870640099048615 -0.11909510940313339 -0.13870640099048615 -0.09469714760780334 -0.0958484560251236 -0.097232885658741 -0.06503166258335114 -0.01744312047958374 -0.003064436838030815 -0.004268617369234562 -0.0026078352238982916 -0.0032423590309917927 -0.003440634813159704 -0.0025670339819043875 -0.002427223604172468 -0.0023635639809072018 -0.0020986662711948156 -0.0014561560237780213 -0.0014561560237780213 -0.0014561560237780213 -0.0011018209625035524 -0.0011018209625035524 -0.0009636748000048101 -0.00025940098566934466
-0.2878563404083252 -0.2878563404083252 -0.2878563404083252 -0.13870640099048615 -0.11909510940313339 -0.11909510940313339 -0.24309398233890533 -0.24309398233890533 -0.13870640099048615 -0.2878563404083252 -0.13870640099048615 -0.11909510940313339 -0.11909510940313339 -0.11909510940313339 -0.13870640099048615 -0.13870640099048615 -0.13870640099048615 -0.11909510940313339 -0.13870640099048615 -0.11909510940313339 -0.11909510940313339 -0.137908473610878 -0.17015136778354645 -0.11909510940313339 -0.1490073800086975 -0.11909510940313339 -0.13909131288528442 -0.09469714760780334 -0.0958484560251236 -0.097232885658741 -0.06503166258335114 -0.01744312047958374 -0.003064436838030815 -0.004268617369234562 -0.0026078352238982916 -0.0032423590309917927 -0.003440634813159704 -0.0025670339819043875 -0.002427223604172468 -0.0023635639809072018 -0.0020986662711948156 -0.0014561560237780213 -0.0014561560237780213 -0.0014561560237780213 -0.0011018209625035524 -0.0011018209625035524 -0.0009636748000048101 -0.00025940098566934466
-0.2878563404083252 -0.2878563404083252 -0.2878563404083252 -0.13870640099048615 -0.11909510940313339 -0.11909510940313339 -0.24309398233890533 -0.24309398233890533 -0.13870640099048615 -0.29103976488113403 -0.13870640099048615 -0.11909510940313339 -0.11909510940313339 -0.11909510940313339 -0.13870640099048615 -0.13870640099048615 -0.13870640099048615 -0.11909510940313339 -0.13870640099048615 -0.11909510940313339 -0.11909510940313339 -0.137908473610878 -0.17015136778354645 -0.11909510940313339 -0.1490073800086975 -0.11909510940313339 -0.13909131288528442 -0.09469714760780334 -0.0958484560251236 -0.097232885658741 -0.06503166258335114 -0.01744312047958374 -0.003064436838030815 -0.004268617369234562 -0.0026078352238982916 -0.0032423590309917927 -0.003440634813159704 -0.0025670339819043875 -0.002427223604172468 -0.0023635639809072018 -0.0020986662711948156 -0.0014561560237780213 -0.0014561560237780213 -0.0014561560237780213 -0.0011018209625035524 -0.0011018209625035524 -0.0009636748000048101 -0.00025940098566934466
-0.24309398233890533 -0.24309398233890533 -0.24309398233890533 -0.13870640099048615 -0.11909510940313339 -0.11909510940313339 -0.26135507225990295 -0.28523412346839905 -0.13870640099048615 -0.24309398233890533 -0.13870640099048615 -0.11909510940313339 -0.11909510940313339 -0.11909510940313339 -0.13870640099048615 -0.13870640099048615 -0.13870640099048615 -0.11909510940313339 -0.13870640099048615 -0.11909510940313339 -0.11909510940313339 -0.137908473610878 -0.17015136778354645 -0.11909510940313339 -0.1490073800086975 -0.11909510940313339 -0.13909131288528442 -0.09469714760780334 -0.0958484560251236 -0.097232885658741 -0.06503166258335114 -0.01744312047958374 -0.003064436838030815 -0.004268617369234562 -0.0026078352238982916 -0.0032423590309917927 -0.003440634813159704 -0.0025670339819043875 -0.002427223604172468 -0.0023635639809072018 -0.0020986662711948156 -0.0014561560237780213 -0.0014561560237780213 -0.0014561560237780213 -0.0011018209625035524 -0.0011018209625035524 -0.0009636748000048101 -0.00025940098566934466
-0.137908473610878 -0.137908473610878 -0.137908473610878 -0.137908473610878 -0.11909510940313339 -0.11909510940313339 -0.137908473610878 -0.137908473610878 -0.137908473610878 -0.137908473610878 -0.137908473610878 -0.11909510940313339 -0.11909510940313339 -0.11909510940313339 -0.137908473610878 -0.137908473610878 -0.137908473610878 -0.11909510940313339 -0.137908473610878 -0.11909510940313339 -0.11909510940313339 -0.137908473610878 -0.137908473610878 -0.11909510940313339 -0.137908473610878 -0.11909510940313339 -0.137908473610878 -0.09469714760780334 -0.0958484560251236 -0.097232885658741 -0.06503166258335114 -0.01744312047958374 -0.003064436838030815 -0.004268617369234562 -0.0026078352238982916 -0.0032423590309917927 -0.003440634813159704 -0.0025670339819043875 -0.002427223604172468 -0.0023635639809072018 -0.0020986662711948156 -0.0014561560237780213 -0.0014561560237780213 -0.0014561560237780213 -0.0011018209625035524 -0.0011018209625035524 -0.0009636748000048101 -0.00025940098566934466
-0.11909510940313339 -0.11909510940313339 -0.11909510940313339 -0.11909510940313339 -0.15420587360858917 -0.15420587360858917 -0.11909510940313339 -0.11909510940313339 -0.11909510940313339 -0.11909510940313339 -0.11909510940313339 -0.15420587360858917 -0.15420587360858917 -0.15420587360858917 -0.11909510940313339 -0.11909510940313339 -0.11909510940313339 -0.2226572036743164 -0.11909510940313339 -0.1890641152858734 -0.15420587360858917 -0.11909510940313339 -0.11909510940313339 -0.12625432014465332 -0.11909510940313339 -0.1347985863685608 -0.11909510940313339 -0.09469714760780334 -0.0958484560251236 -0.097232885658741 -0.06503166258335114 -0.01744312047958374 -0.003064436838030815 -0.004268617369234562 -0.0026078352238982916 -0.0032423590309917927 -0.003440634813159704 -0.0025670339819043875 -0.002427223604172468 -0.0023635639809072018 -0.0020986662711948156 -0.0014561560237780213 -0.0014561560237780213 -0.0014561560237780213 -0.0011018209625035524 -0.0011018209625035524 -0.0009636748000048101 -0.00025940098566934466
-0.11909510940313339 -0.11909510940313339 -0.11909510940313339 -0.11909510940313339 -0.15420587360858917 -0.15420587360858917 -0.11909510940313339 -0.11909510940313339 -0.11909510940313339 -0.11909510940313339 -0.11909510940313339 -0.15420587360858917 -0.15420587360858917 -0.15420587360858917 -0.11909510940313339 -0.11909510940313339 -0.11909510940313339 -0.1890641152858734 -0.11909510940313339 -0.20645968616008759 -0.15420587360858917 -0.11909510940313339 -0.11909510940313339 -0.12625432014465332 -0.11909510940313339 -0.1347985863685608 -0.11909510940313339 -0.09469714760780334 -0.0958484560251236 -0.097232885658741 -0.06503166258335114 -0.01744312047958374 -0.003064436838030815 -0.004268617369234562 -0.0026078352238982916 -0.0032423590309917927 -0.003440634813159704 -0.0025670339819043875 -0.002427223604172468 -0.0023635639809072018 -0.0020986662711948156 -0.0014561560237780213 -0.0014561560237780213 -0.0014561560237780213 -0.0011018209625035524 -0.0011018209625035524 -0.0009636748000048101 -0.00025940098566934466
-0.11909510940313339 -0.11909510940313339 -0.11909510940313339 -0.11909510940313339 -0.2353917360305786 -0.2353917360305786 -0.11909510940313339 -0.11909510940313339 -0.11909510940313339 -0.11909510940313339 -0.11909510940313339 -0.2353917360305786 -0.2353917360305786 -0.2353917360305786 -0.11909510940313339 -0.11909510940313339 -0.11909510940313339 -0.15420587360858917 -0.11909510940313339 -0.15420587360858917 -0.18569016456604004 -0.11909510940313339 -0.11909510940313339 -0.12625432014465332 -0.11909510940313339 -0.1347985863685608 -0.11909510940313339 -0.09469714760780334 -0.0958484560251236 -0.097232885658741 -0.06503166258335114 -0.01744312047958374 -0.003064436838030815 -0.004268617369234562 -0.0026078352238982916 -0.0032423590309917927 -0.003440634813159704 -0.0025670339819043875 -0.002427223604172468 -0.0023635639809072018 -0.0020986662711948156 -0.0014561560237780213 -0.0014561560237780213 -0.0014561560237780213 -0.0011018209625035524 -0.0011018209625035524 -0.0009636748000048101 -0.00025940098566934466
-0.13870640099048615 -0.13870640099048615 -0.13870640099048615 -0.22692687809467316 -0.11909510940313339 -0.11909510940313339 -0.13870640099048615 -0.13870640099048615 -0.22692687809467316 -0.13870640099048615 -0.22692687809467316 -0.11909510940313339 -0.11909510940313339 -0.11909510940313339 -0.22692687809467316 -0.20147503912448883 -0.17976684868335724 -0.11909510940313339 -0.1996425837278366 -0.11909510940313339 -0.11909510940313339 -0.137908473610878 -0.13870640099048615 -0.11909510940313339 -0.13870640099048615 -0.11909510940313339 -0.13870640099048615 -0.09469714760780334 -0.0958484560251236 -0.097232885658741 -0.06503166258335114 -0.01744312047958374 -0.003064436838030815 -0.004268617369234562 -0.0026078352238982916 -0.0032423590309917927 -0.003440634813159704 -0.0025670339819043875 -0.002427223604172468 -0.0023635639809072018 -0.0020986662711948156 -0.0014561560237780213 -0.0014561560237780213 -0.0014561560237780213 -0.0011018209625035524 -0.0011018209625035524 -0.0009636748000048101 -0.00025940098566934466
-0.11909510940313339 -0.11909510940313339 -0.11909510940313339 -0.11909510940313339 -0.15420587360858917 -0.15420587360858917 -0.11909510940313339 -0.11909510940313339 -0.11909510940313339 -0.11909510940313339 -0.11909510940313339 -0.15420587360858917 -0.15420587360858917 -0.15420587360858917 -0.11909510940313339 -0.11909510940313339 -0.11909510940313339 -0.15420587360858917 -0.11909510940313339 -0.15420587360858917 -0.15420587360858917 -0.11909510940313339 -0.11909510940313339 -0.12625432014465332 -0.11909510940313339 -0.1347985863685608 -0.11909510940313339 -0.09469714760780334 -0.0958484560251236 -0.097232885658741 -0.06503166258335114 -0.01744312047958374 -0.003064436838030815 -0.004268617369234562 -0.0026078352238982916 -0.0032423590309917927 -0.003440634813159704 -0.0025670339819043875 -0.002427223604172468 -0.0023635639809072018 -0.0020986662711948156 -0.0014561560237780213 -0.0014561560237780213 -0.0014561560237780213 -0.0011018209625035524 -0.0011018209625035524 -0.0009636748000048101 -0.00025940098566934466
-0.11909510940313339 -0.11909510940313339 -0.11909510940313339 -0.11909510940313339 -0.15420587360858917 -0.15420587360858917 -0.11909510940313339 -0.11909510940313339 -0.11909510940313339 -0.11909510940313339 -0.11909510940313339 -0.15420587360858917 -0.15420587360858917 -0.15420587360858917 -0.11909510940313339 -0.11909510940313339 -0.11909510940313339 -0.15420587360858917 -0.11909510940313339 -0.15420587360858917 -0.15420587360858917 -0.11909510940313339 -0.11909510940313339 -0.12625432014465332 -0.11909510940313339 -0.1347985863685608 -0.11909510940313339 -0.09469714760780334 -0.0958484560251236 -0.097232885658741 -0.06503166258335114 -0.01744312047958374 -0.003064436838030815 -0.004268617369234562 -0.0026078352238982916 -0.0032423590309917927 -0.003440634813159704 -0.0025670339819043875 -0.002427223604172468 -0.0023635639809072018 -0.0020986662711948156 -0.0014561560237780213 -0.0014561560237780213 -0.0014561560237780213 -0.0011018209625035524 -0.0011018209625035524 -0.0009636748000048101 -0.00025940098566934466
-0.09469714760780334 -0.09469714760780334 -0.09469714760780334 -0.09469714760780334 -0.09469714760780334 -0.09469714760780334 -0.09469714760780334 -0.09469714760780334 -0.09469714760780334 -0.09469714760780334 -0.09469714760780334 -0.09469714760780334 -0.09469714760780334 -0.09469714760780334 -0.09469714760780334 -0.09469714760780334 -0.09469714760780334 -0.09469714760780334 -0.09469714760780334 -0.09469714760780334 -0.09469714760780334 -0.09469714760780334 -0.09469714760780334 -0.09469714760780334 -0.09469714760780334 -0.09469714760780334 -0.09469714760780334 -0.1318504363298416 -0.09469714760780334 -0.09469714760780334 -0.06503166258335114 -0.01744312047958374 -0.003064436838030815 -0.004268617369234562 -0.0026078352238982916 -0.0032423590309917927 -0.003440634813159704 -0.0025670339819043875 -0.002427223604172468 -0.0023635639809072018 -0.0020986662711948156 -0.0014561560237780213 -0.0014561560237780213 -0.0014561560237780213 -0.0011018209625035524 -0.0011018209625035524 -0.0009636748000048101 -0.00025940098566934466
-0.13870640099048615 -0.13870640099048615 -0.13870640099048615 -0.18440662324428558 -0.11909510940313339 -0.11909510940313339 -0.13870640099048615 -0.13870640099048615 -0.18440662324428558 -0.13870640099048615 -0.18440662324428558 -0.11909510940313339 -0.11909510940313339 -0.11909510940313339 -0.18440662324428558 -0.18440662324428558 -0.17976684868335724 -0.11909510940313339 -0.18440662324428558 -0.11909510940313339 -0.11909510940313339 -0.137908473610878 -0.13870640099048615 -0.11909510940313339 -0.13870640099048615 -0.11909510940313339 -0.13870640099048615 -0.09469714760780334 -0.0958484560251236 -0.097232885658741 -0.06503166258335114 -0.01744312047958374 -0.003064436838030815 -0.004268617369234562 -0.0026078352238982916 -0.0032423590309917927 -0.003440634813159704 -0.0025670339819043875 -0.002427223604172468 -0.0023635639809072018 -0.0020986662711948156 -0.0014561560237780213 -0.0014561560237780213 -0.0014561560237780213 -0.0011018209625035524 -0.0011018209625035524 -0.0009636748000048101 -0.00025940098566934466
-0.13870640099048615 -0.13870640099048615 -0.13870640099048615 -0.16848623752593994 -0.11909510940313339 -0.11909510940313339 -0.13870640099048615 -0.13870640099048615 -0.16848623752593994 -0.13870640099048615 -0.16848623752593994 -0.11909510940313339 -0.11909510940313339 -0.11909510940313339 -0.16848623752593994 -0.16848623752593994 -0.16848623752593994 -0.11909510940313339 -0.16848623752593994 -0.11909510940313339 -0.11909510940313339 -0.137908473610878 -0.13870640099048615 -0.11909510940313339 -0.13870640099048615 -0.11909510940313339 -0.13870640099048615 -0.09469714760780334 -0.0958484560251236 -0.097232885658741 -0.06503166258335114 -0.01744312047958374 -0.003064436838030815 -0.004268617369234562 -0.0026078352238982916 -0.0032423590309917927 -0.003440634813159704 -0.0025670339819043875 -0.002427223604172468 -0.0023635639809072018 -0.0020986662711948156 -0.0014561560237780213 -0.0014561560237780213 -0.0014561560237780213 -0.0011018209625035524 -0.0011018209625035524 -0.0009636748000048101 -0.00025940098566934466
-0.13870640099048615 -0.13870640099048615 -0.13870640099048615 -0.16529521346092224 -0.11909510940313339 -0.11909510940313339 -0.13870640099048615 -0.13870640099048615 -0.16529521346092224 -0.13870640099048615 -0.16529521346092224 -0.11909510940313339 -0.11909510940313339 -0.11909510940313339 -0.16529521346092224 -0.16529521346092224 -0.16529521346092224 -0.11909510940313339 -0.16529521346092224 -0.11909510940313339 -0.11909510940313339 -0.137908473610878 -0.13870640099048615 -0.11909510940313339 -0.13870640099048615 -0.11909510940313339 -0.13870640099048615 -0.09469714760780334 -0.0958484560251236 -0.097232885658741 -0.06503166258335114 -0.01744312047958374 -0.003064436838030815 -0.004268617369234562 -0.0026078352238982916 -0.0032423590309917927 -0.003440634813159704 -0.0025670339819043875 -0.002427223604172468 -0.0023635639809072018 -0.0020986662711948156 -0.0014561560237780213 -0.0014561560237780213 -0.0014561560237780213 -0.0011018209625035524 -0.0011018209625035524 -0.0009636748000048101 -0.00025940098566934466
-0.13870640099048615 -0.13870640099048615 -0.13870640099048615 -0.16494475305080414 -0.11909510940313339 -0.11909510940313339 -0.13870640099048615 -0.13870640099048615 -0.16494475305080414 -0.13870640099048615 -0.16494475305080414 -0.11909510940313339 -0.11909510940313339 -0.11909510940313339 -0.16494475305080414 -0.16494475305080414 -0.16494475305080414 -0.11909510940313339 -0.16494475305080414 -0.11909510940313339 -0.11909510940313339 -0.137908473610878 -0.13870640099048615 -0.11909510940313339 -0.13870640099048615 -0.11909510940313339 -0.13870640099048615 -0.09469714760780334 -0.0958484560251236 -0.097232885658741 -0.06503166258335114 -0.01744312047958374 -0.003064436838030815 -0.004268617369234562 -0.0026078352238982916 -0.0032423590309917927 -0.003440634813159704 -0.0025670339819043875 -0.002427223604172468 -0.0023635639809072018 -0.0020986662711948156 -0.0014561560237780213 -0.0014561560237780213 -0.0014561560237780213 -0.0011018209625035524 -0.0011018209625035524 -0.0009636748000048101 -0.00025940098566934466
-0.1490073800086975 -0.1490073800086975 -0.1490073800086975 -0.13870640099048615 -0.11909510940313339 -0.11909510940313339 -0.1490073800086975 -0.1490073800086975 -0.13870640099048615 -0.1490073800086975 -0.13870640099048615 -0.11909510940313339 -0.11909510940313339 -0.11909510940313339 -0.13870640099048615 -0.13870640099048615 -0.13870640099048615 -0.11909510940313339 -0.13870640099048615 -0.11909510940313339 -0.11909510940313339 -0.137908473610878 -0.1490073800086975 -0.11909510940313339 -0.14962300658226013 -0.11909510940313339 -0.13909131288528442 -0.09469714760780334 -0.0958484560251236 -0.097232885658741 -0.06503166258335114 -0.01744312047958374 -0.003064436838030815 -0.004268617369234562 -0.0026078352238982916 -0.0032423590309917927 -0.003440634813159704 -0.0025670339819043875 -0.002427223604172468 -0.0023635639809072018 -0.0020986662711948156 -0.0014561560237780213 -0.0014561560237780213 -0.0014561560237780213 -0.0011018209625035524 -0.0011018209625035524 -0.0009636748000048101 -0.00025940098566934466
-0.13870640099048615 -0.13870640099048615 -0.13870640099048615 -0.15005972981452942 -0.11909510940313339 -0.11909510940313339 -0.13870640099048615 -0.13870640099048615 -0.15005972981452942 -0.13870640099048615 -0.15005972981452942 -0.11909510940313339 -0.11909510940313339 -0.11909510940313339 -0.15005972981452942 -0.15005972981452942 -0.15005972981452942 -0.11909510940313339 -0.15005972981452942 -0.11909510940313339 -0.11909510940313339 -0.137908473610878 -0.13870640099048615 -0.11909510940313339 -0.13870640099048615 -0.11909510940313339 -0.13870640099048615 -0.09469714760780334 -0.0958484560251236 -0.097232885658741 -0.06503166258335114 -0.01744312047958374 -0.003064436838030815 -0.004268617369234562 -0.0026078352238982916 -0.0032423590309917927 -0.003440634813159704 -0.0025670339819043875 -0.002427223604172468 -0.0023635639809072018 -0.0020986662711948156 -0.0014561560237780213 -0.0014561560237780213 -0.0014561560237780213 -0.0011018209625035524 -0.0011018209625035524 -0.0009636748000048101 -0.00025940098566934466
-0.11909510940313339 -0.11909510940313339 -0.11909510940313339 -0.11909510940313339 -0.13264356553554535 -0.13264356553554535 -0.11909510940313339 -0.11909510940313339 -0.11909510940313339 -0.11909510940313339 -0.11909510940313339 -0.13264356553554535 -0.13264356553554535 -0.13264356553554535 -0.11909510940313339 -0.11909510940313339 -0.11909510940313339 -0.13264356553554535 -0.11909510940313339 -0.13264356553554535 -0.13264356553554535 -0.11909510940313339 -0.11909510940313339 -0.12625432014465332 -0.11909510940313339 -0.13264356553554535 -0.11909510940313339 -0.09469714760780334 -0.0958484560251236 -0.097232885658741 -0.06503166258335114 -0.01744312047958374 -0.003064436838030815 -0.004268617369234562 -0.0026078352238982916 -0.0032423590309917927 -0.003440634813159704 -0.0025670339819043875 -0.002427223604172468 -0.0023635639809072018 -0.0020986662711948156 -0.0014561560237780213 -0.0014561560237780213 -0.0014561560237780213 -0.0011018209625035524 -0.0011018209625035524 -0.0009636748000048101 -0.00025940098566934466
-0.09469714760780334 -0.09469714760780334 -0.09469714760780334 -0.09469714760780334 -0.09469714760780334 -0.09469714760780334 -0.09469714760780334 -0.09469714760780334 -0.09469714760780334 -0.09469714760780334 -0.09469714760780334 -0.09469714760780334 -0.09469714760780334 -0.09469714760780334 -0.09469714760780334 -0.09469714760780334 -0.09469714760780334 -0.09469714760780334 -0.09469714760780334 -0.09469714760780334 -0.09469714760780334 -0.09469714760780334 -0.09469714760780334 -0.09469714760780334 -0.09469714760780334 -0.09469714760780334 -0.09469714760780334 -0.09469714760780334 -0.09469714760780334 -0.09469714760780334 -0.06503166258335114 -0.01744312047958374 -0.003064436838030815 -0.004268617369234562 -0.0026078352238982916 -0.0032423590309917927 -0.003440634813159704 -0.0025670339819043875 -0.002427223604172468 -0.0023635639809072018 -0.0020986662711948156 -0.0014561560237780213 -0.0014561560237780213 -0.0014561560237780213 -0.0011018209625035524 -0.0011018209625035524 -0.0009636748000048101 -0.00025940098566934466
-0.10504858195781708 -0.10504858195781708 -0.10504858195781708 -0.10504858195781708 -0.10504858195781708 -0.10504858195781708 -0.10504858195781708 -0.10504858195781708 -0.10504858195781708 -0.10504858195781708 -0.10504858195781708 -0.10504858195781708 -0.10504858195781708 -0.10504858195781708 -0.10504858195781708 -0.10504858195781708 -0.10504858195781708 -0.10504858195781708 -0.10504858195781708 -0.10504858195781708 -0.10504858195781708 -0.10504858195781708 -0.10504858195781708 -0.10504858195781708 -0.10504858195781708 -0.10504858195781708 -0.10504858195781708 -0.09469714760780334 -0.0958484560251236 -0.097232885658741 -0.06503166258335114 -0.01744312047958374 -0.003064436838030815 -0.004268617369234562 -0.0026078352238982916 -0.0032423590309917927 -0.003440634813159704 -0.0025670339819043875 -0.002427223604172468 -0.0023635639809072018 -0.0020986662711948156 -0.0014561560237780213 -0.0014561560237780213 -0.0014561560237780213 -0.0011018209625035524 -0.0011018209625035524 -0.0009636748000048101 -0.00025940098566934466
-0.10362999886274338 -0.10362999886274338 -0.10362999886274338 -0.10362999886274338 -0.10362999886274338 -0.10362999886274338 -0.10362999886274338 -0.10362999886274338 -0.10362999886274338 -0.10362999886274338 -0.10362999886274338 -0.10362999886274338 -0.10362999886274338 -0.10362999886274338 -0.10362999886274338 -0.10362999886274338 -0.10362999886274338 -0.10362999886274338 -0.10362999886274338 -0.10362999886274338 -0.10362999886274338 -0.10362999886274338 -0.10362999886274338 -0.10362999886274338 -0.10362999886274338 -0.10362999886274338 -0.10362999886274338 -0.09469714760780334 -0.0958484560251236 -0.097232885658741 -0.06503166258335114 -0.01744312047958374 -0.003064436838030815 -0.004268617369234562 -0.0026078352238982916 -0.0032423590309917927 -0.003440634813159704 -0.0025670339819043875 -0.002427223604172468 -0.0023635639809072018 -0.0020986662711948156 -0.0014561560237780213 -0.0014561560237780213 -0.0014561560237780213 -0.0011018209625035524 -0.0011018209625035524 -0.0009636748000048101 -0.00025940098566934466
-0.07414674013853073 -0.07414674013853073 -0.07414674013853073 -0.07414674013853073 -0.07414674013853073 -0.07414674013853073 -0.07414674013853073 -0.07414674013853073 -0.07414674013853073 -0.07414674013853073 -0.07414674013853073 -0.07414674013853073 -0.07414674013853073 -0.07414674013853073 -0.07414674013853073 -0.07414674013853073 -0.07414674013853073 -0.07414674013853073 -0.07414674013853073 -0.07414674013853073 -0.07414674013853073 -0.07414674013853073 -0.07414674013853073 -0.07414674013853073 -0.07414674013853073 -0.07414674013853073 -0.07414674013853073 -0.07414674013853073 -0.07414674013853073 -0.07414674013853073 -0.06503166258335114 -0.01744312047958374 -0.003064436838030815 -0.004268617369234562 -0.0026078352238982916 -0.0032423590309917927 -0.003440634813159704 -0.0025670339819043875 -0.002427223604172468 -0.0023635639809072018 -0.0020986662711948156 -0.0014561560237780213 -0.0014561560237780213 -0.0014561560237780213 -0.0011018209625035524 -0.0011018209625035524 -0.0009636748000048101 -0.00025940098566934466
-0.06844377517700195 -0.06844377517700195 -0.06844377517700195 -0.06844377517700195 -0.06844377517700195 -0.06844377517700195 -0.06844377517700195 -0.06844377517700195 -0.06844377517700195 -0.06844377517700195 -0.06844377517700195 -0.06844377517700195 -0.06844377517700195 -0.06844377517700195 -0.06844377517700195 -0.06844377517700195 -0.06844377517700195 -0.06844377517700195 -0.06844377517700195 -0.06844377517700195 -0.06844377517700195 -0.06844377517700195 -0.06844377517700195 -0.06844377517700195 -0.06844377517700195 -0.06844377517700195 -0.06844377517700195 -0.06844377517700195 -0.06844377517700195 -0.06844377517700195 -0.06503166258335114 -0.01744312047958374 -0.003064436838030815 -0.004268617369234562 -0.0026078352238982916 -0.0032423590309917927 -0.003440634813159704 -0.0025670339819043875 -0.002427223604172468 -0.0023635639809072018 -0.0020986662711948156 -0.0014561560237780213 -0.0014561560237780213 -0.0014561560237780213 -0.0011018209625035524 -0.0011018209625035524 -0.0009636748000048101 -0.00025940098566934466
-0.003064436838030815 -0.003064436838030815 -0.003064436838030815 -0.003064436838030815 -0.003064436838030815 -0.003064436838030815 -0.003064436838030815 -0.003064436838030815 -0.003064436838030815 -0.003064436838030815 -0.003064436838030815 -0.003064436838030815 -0.003064436838030815 -0.003064436838030815 -0.003064436838030815 -0.003064436838030815 -0.003064436838030815 -0.003064436838030815 -0.003064436838030815 -0.003064436838030815 -0.003064436838030815 -0.003064436838030815 -0.003064436838030815 -0.003064436838030815 -0.003064436838030815 -0.003064436838030815 -0.003064436838030815 -0.003064436838030815 -0.003064436838030815 -0.003064436838030815 -0.003064436838030815 -0.003064436838030815 -0.0052572512067854404 -0.003064436838030815 -0.0026078352238982916 -0.003064436838030815 -0.003064436838030815 -0.0025670339819043875 -0.002427223604172468 -0.0023635639809072018 -0.0020986662711948156 -0.0014561560237780213 -0.0014561560237780213 -0.0014561560237780213 -0.0011018209625035524 -0.0011018209625035524 -0.0009636748000048101 -0.00025940098566934466
-0.004268617369234562 -0.004268617369234562 -0.004268617369234562 -0.004268617369234562 -0.004268617369234562 -0.004268617369234562 -0.004268617369234562 -0.004268617369234562 -0.004268617369234562 -0.004268617369234562 -0.004268617369234562 -0.004268617369234562 -0.004268617369234562 -0.004268617369234562 -0.004268617369234562 -0.004268617369234562 -0.004268617369234562 -0.004268617369234562 -0.004268617369234562 -0.004268617369234562 -0.004268617369234562 -0.004268617369234562 -0.004268617369234562 -0.004268617369234562 -0.004268617369234562 -0.004268617369234562 -0.004268617369234562 -0.004268617369234562 -0.004268617369234562 -0.004268617369234562 -0.004268617369234562 -0.004268617369234562 -0.003064436838030815 -0.004270800389349461 -0.0026078352238982916 -0.0032423590309917927 -0.003440634813159704 -0.0025670339819043875 -0.002427223604172468 -0.0023635639809072018 -0.0020986662711948156 -0.0014561560237780213 -0.0014561560237780213 -0.0014561560237780213 -0.0011018209625035524 -0.0011018209625035524 -0.0009636748000048101 -0.00025940098566934466
-0.0026078352238982916 -0.0026078352238982916 -0.0026078352238982916 -0.0026078352238982916 -0.0026078352238982916 -0.0026078352238982916 -0.0026078352238982916 -0.0026078352238982916 -0.0026078352238982916 -0.0026078352238982916 -0.0026078352238982916 -0.0026078352238982916 -0.0026078352238982916 -0.0026078352238982916 -0.0026078352238982916 -0.0026078352238982916 -0.0026078352238982916 -0.0026078352238982916 -0.0026078352238982916 -0.0026078352238982916 -0.0026078352238982916 -0.0026078352238982916 -0.0026078352238982916 -0.0026078352238982916 -0.0026078352238982916 -0.0026078352238982916 -0.0026078352238982916 -0.0026078352238982916 -0.0026078352238982916 -0.0026078352238982916 -0.0026078352238982916 -0.0026078352238982916 -0.0026078352238982916 -0.0026078352238982916 -0.004095420707017183 -0.0026078352238982916 -0.0026078352238982916 -0.0025670339819043875 -0.002427223604172468 -0.0023635639809072018 -0.0020986662711948156 -0.0014561560237780213 -0.0014561560237780213 -0.0014561560237780213 -0.0011018209625035524 -0.0011018209625035524 -0.0009636748000048101 -0.00025940098566934466
-0.003064436838030815 -0.003064436838030815 -0.003064436838030815 -0.003064436838030815 -0.003064436838030815 -0.003064436838030815 -0.003064436838030815 -0.003064436838030815 -0.003064436838030815 -0.003064436838030815 -0.003064436838030815 -0.003064436838030815 -0.003064436838030815 -0.003064436838030815 -0.003064436838030815 -0.003064436838030815 -0.003064436838030815 -0.003064436838030815 -0.003064436838030815 -0.003064436838030815 -0.003064436838030815 -0.003064436838030815 -0.003064436838030815 -0.003064436838030815 -0.003064436838030815 -0.003064436838030815 -0.003064436838030815 -0.003064436838030815 -0.003064436838030815 -0.003064436838030815 -0.003064436838030815 -0.003064436838030815 -0.003064436838030815 -0.003064436838030815 -0.0026078352238982916 -0.003064436838030815 -0.003064436838030815 -0.0025670339819043875 -0.002427223604172468 -0.0023635639809072018 -0.0020986662711948156 -0.0014561560237780213 -0.0014561560237780213 -0.0014561560237780213 -0.0011018209625035524 -0.0011018209625035524 -0.0009636748000048101 -0.00025940098566934466
-0.003064436838030815 -0.003064436838030815 -0.003064436838030815 -0.003064436838030815 -0.003064436838030815 -0.003064436838030815 -0.003064436838030815 -0.003064436838030815 -0.003064436838030815 -0.003064436838030815 -0.003064436838030815 -0.003064436838030815 -0.003064436838030815 -0.003064436838030815 -0.003064436838030815 -0.003064436838030815 -0.003064436838030815 -0.003064436838030815 -0.003064436838030815 -0.003064436838030815 -0.003064436838030815 -0.003064436838030815 -0.003064436838030815 -0.003064436838030815 -0.003064436838030815 -0.003064436838030815 -0.003064436838030815 -0.003064436838030815 -0.003064436838030815 -0.003064436838030815 -0.003064436838030815 -0.003064436838030815 -0.003064436838030815 -0.003064436838030815 -0.0026078352238982916 -0.003064436838030815 -0.003064436838030815 -0.0025670339819043875 -0.002427223604172468 -0.0023635639809072018 -0.0020986662711948156 -0.0014561560237780213 -0.0014561560237780213 -0.0014561560237780213 -0.0011018209625035524 -0.0011018209625035524 -0.0009636748000048101 -0.00025940098566934466
-0.0024812661577016115 -0.0024812661577016115 -0.0024812661577016115 -0.0024812661577016115 -0.0024812661577016115 -0.0024812661577016115 -0.0024812661577016115 -0.0024812661577016115 -0.0024812661577016115 -0.0024812661577016115 -0.0024812661577016115 -0.0024812661577016115 -0.0024812661577016115 -0.0024812661577016115 -0.0024812661577016115 -0.0024812661577016115 -0.0024812661577016115 -0.0024812661577016115 -0.0024812661577016115 -0.0024812661577016115 -0.0024812661577016115 -0.0024812661577016115 -0.0024812661577016115 -0.0024812661577016115 -0.0024812661577016115 -0.0024812661577016115 -0.0024812661577016115 -0.0024812661577016115 -0.0024812661577016115 -0.0024812661577016115 -0.0024812661577016115 -0.0024812661577016115 -0.0024812661577016115 -0.0024812661577016115 -0.0024812661577016115 -0.0024812661577016115 -0.0024812661577016115 -0.0024812661577016115 -0.002427223604172468 -0.0023635639809072018 -0.0020986662711948156 -0.0014561560237780213 -0.0014561560237780213 -0.0014561560237780213 -0.0011018209625035524 -0.0011018209625035524 -0.0009636748000048101 -0.00025940098566934466
-0.0014561560237780213 -0.0014561560237780213 -0.0014561560237780213 -0.0014561560237780213 -0.0014561560237780213 -0.0014561560237780213 -0.0014561560237780213 -0.0014561560237780213 -0.0014561560237780213 -0.0014561560237780213 -0.0014561560237780213 -0.0014561560237780213 -0.0014561560237780213 -0.0014561560237780213 -0.0014561560237780213 -0.0014561560237780213 -0.0014561560237780213 -0.0014561560237780213 -0.0014561560237780213 -0.0014561560237780213 -0.0014561560237780213 -0.0014561560237780213 -0.0014561560237780213 -0.0014561560237780213 -0.0014561560237780213 -0.0014561560237780213 -0.0014561560237780213 -0.0014561560237780213 -0.0014561560237780213 -0.0014561560237780213 -0.0014561560237780213 -0.0014561560237780213 -0.0014561560237780213 -0.0014561560237780213 -0.0014561560237780213 -0.0014561560237780213 -0.0014561560237780213 -0.0014561560237780213 -0.0014561560237780213 -0.0014561560237780213 -0.0014561560237780213 -0.0020966886077076197 -0.002099212259054184 -0.0015889059286564589 -0.0011018209625035524 -0.0011018209625035524 -0.0009636748000048101 -0.00025940098566934466
-0.002002311171963811 -0.002002311171963811 -0.002002311171963811 -0.002002311171963811 -0.002002311171963811 -0.002002311171963811 -0.002002311171963811 -0.002002311171963811 -0.002002311171963811 -0.002002311171963811 -0.002002311171963811 -0.002002311171963811 -0.002002311171963811 -0.002002311171963811 -0.002002311171963811 -0.002002311171963811 -0.002002311171963811 -0.002002311171963811 -0.002002311171963811 -0.002002311171963811 -0.002002311171963811 -0.002002311171963811 -0.002002311171963811 -0.002002311171963811 -0.002002311171963811 -0.002002311171963811 -0.002002311171963811 -0.002002311171963811 -0.002002311171963811 -0.002002311171963811 -0.002002311171963811 -0.002002311171963811 -0.002002311171963811 -0.002002311171963811 -0.002002311171963811 -0.002002311171963811 -0.002002311171963811 -0.002002311171963811 -0.002002311171963811 -0.002002311171963811 -0.002002311171963811 -0.0014561560237780213 -0.0014561560237780213 -0.0014561560237780213 -0.0011018209625035524 -0.0011018209625035524 -0.0009636748000048101 -0.00025940098566934466
-0.0014561560237780213 -0.0014561560237780213 -0.0014561560237780213 -0.0014561560237780213 -0.0014561560237780213 -0.0014561560237780213 -0.0014561560237780213 -0.0014561560237780213 -0.0014561560237780213 -0.0014561560237780213 -0.0014561560237780213 -0.0014561560237780213 -0.0014561560237780213 -0.0014561560237780213 -0.0014561560237780213 -0.0014561560237780213 -0.0014561560237780213 -0.0014561560237780213 -0.0014561560237780213 -0.0014561560237780213 -0.0014561560237780213 -0.0014561560237780213 -0.0014561560237780213 -0.0014561560237780213 -0.0014561560237780213 -0.0014561560237780213 -0.0014561560237780213 -0.0014561560237780213 -0.0014561560237780213 -0.0014561560237780213 -0.0014561560237780213 -0.0014561560237780213 -0.0014561560237780213 -0.0014561560237780213 -0.0014561560237780213 -0.0014561560237780213 -0.0014561560237780213 -0.0014561560237780213 -0.0014561560237780213 -0.0014561560237780213 -0.0014561560237780213 -0.0014561560237780213 -0.0014561560237780213 -0.0014561560237780213 -0.0011018209625035524 -0.0011018209625035524 -0.0009636748000048101 -0.00025940098566934466
-0.0014561560237780213 -0.0014561560237780213 -0.0014561560237780213 -0.0014561560237780213 -0.0014561560237780213 -0.0014561560237780213 -0.0014561560237780213 -0.0014561560237780213 -0.0014561560237780213 -0.0014561560237780213 -0.0014561560237780213 -0.0014561560237780213 -0.0014561560237780213 -0.0014561560237780213 -0.0014561560237780213 -0.0014561560237780213 -0.0014561560237780213 -0.0014561560237780213 -0.0014561560237780213 -0.0014561560237780213 -0.0014561560237780213 -0.0014561560237780213 -0.0014561560237780213 -0.0014561560237780213 -0.0014561560237780213 -0.0014561560237780213 -0.0014561560237780213 -0.0014561560237780213 -0.0014561560237780213 -0.0014561560237780213 -0.0014561560237780213 -0.0014561560237780213 -0.0014561560237780213 -0.0014561560237780213 -0.0014561560237780213 -0.0014561560237780213 -0.0014561560237780213 -0.0014561560237780213 -0.0014561560237780213 -0.0014561560237780213 -0.0014561560237780213 -0.0015142576303333044 -0.0015142576303333044 -0.0015142576303333044 -0.0011018209625035524 -0.0011018209625035524 -0.0009636748000048101 -0.00025940098566934466
-0.00032089839805848897 -0.00032089839805848897 -0.00032089839805848897 -0.00032089839805848897 -0.00032089839805848897 -0.00032089839805848897 -0.00032089839805848897 -0.00032089839805848897 -0.00032089839805848897 -0.00032089839805848897 -0.00032089839805848897 -0.00032089839805848897 -0.00032089839805848897 -0.00032089839805848897 -0.00032089839805848897 -0.00032089839805848897 -0.00032089839805848897 -0.00032089839805848897 -0.00032089839805848897 -0.00032089839805848897 -0.00032089839805848897 -0.00032089839805848897 -0.00032089839805848897 -0.00032089839805848897 -0.00032089839805848897 -0.00032089839805848897 -0.00032089839805848897 -0.00032089839805848897 -0.00032089839805848897 -0.00032089839805848897 -0.00032089839805848897 -0.00032089839805848897 -0.00032089839805848897 -0.00032089839805848897 -0.00032089839805848897 -0.00032089839805848897 -0.00032089839805848897 -0.00032089839805848897 -0.00032089839805848897 -0.00032089839805848897 -0.00032089839805848897 -0.00032089839805848897 -0.00032089839805848897 -0.00032089839805848897 -0.00032089839805848897 -0.00032089839805848897 -0.00032089839805848897 -0.00025940098566934466