15
0 -0.6613038182258606 147.986572265625 56.56565475463867 0
1 -0.5664968490600586 136.91275024414062 42.42424392700195 1
2 -0.5397888422012329 150.0 81.81818389892578 2
3 -0.5370664000511169 139.93289184570312 37.37373733520508 3
4 -0.4265546202659607 0.0 30.303030014038086 7
5 -0.40621188282966614 6.040268421173096 58.58585739135742 8
6 -0.3992580473423004 84.56375885009766 86.86869049072266 9
7 -0.3010554015636444 28.18791961669922 45.45454406738281 10
8 -0.30035901069641113 15.10067081451416 14.141413688659668 11
9 -0.24006681144237518 92.61744689941406 30.303030014038086 14
10 -0.2334882616996765 86.57717895507812 31.31313133239746 15
11 -0.22338610887527466 82.55033874511719 32.3232307434082 16
12 -0.17471781373023987 33.22147750854492 18.18181800842285 20
13 -0.08015865832567215 58.38926315307617 20.2020206451416 25
14 -0.06708177924156189 73.48992919921875 24.24242401123047 26
14
15 -0.5305863618850708 142.95301818847656 46.46464538574219 0 1 4
16 -0.4859009385108948 139.93289184570312 39.39393997192383 3 15 5
17 -0.4487744867801666 150.0 70.70706939697266 2 16 6
18 -0.2786061763763428 18.120805740356445 50.50505065917969 5 7 12
19 -0.2674996554851532 14.09395980834961 17.171716690063477 4 8 13
20 -0.21999715268611908 92.61744689941406 32.3232307434082 9 10 17
21 -0.21992141008377075 0.0 46.46464538574219 18 19 18
22 -0.19414184987545013 84.56375885009766 33.33333206176758 11 20 19
23 -0.16407279670238495 103.69127655029297 39.39393997192383 17 22 21
24 -0.16296309232711792 85.57047271728516 39.39393997192383 6 23 22
25 -0.1615695357322693 50.3355712890625 45.45454406738281 21 24 23
26 -0.1592637151479721 30.20134162902832 17.171716690063477 12 25 24
27 -0.05474575236439705 76.51007080078125 27.272727966308594 26 14 27
28 -0.052085526287555695 61.40939712524414 20.2020206451416 13 27 28