19
0 -0.6296316385269165 148.9932861328125 97.97979736328125 0
1 -0.540635883808136 148.9932861328125 67.67676544189453 1
2 -0.30899786949157715 1.0067113637924194 25.252525329589844 3
3 -0.3013837933540344 76.51007080078125 67.67676544189453 4
4 -0.2997679114341736 81.54362487792969 32.3232307434082 5
5 -0.2991556227207184 117.78523254394531 96.96969604492188 6
6 -0.28523412346839905 87.58389282226562 84.8484878540039 7
7 -0.26465466618537903 5.033556938171387 58.58585739135742 10
8 -0.2426358461380005 22.14765167236328 40.4040412902832 11
9 -0.2353917360305786 15.10067081451416 14.141413688659668 12
10 -0.22692687809467316 92.61744689941406 30.303030014038086 14
11 -0.22202779352664948 31.208053588867188 49.49494934082031 15
12 -0.1883522868156433 39.26174545288086 71.71717071533203 20
13 -0.18440662324428558 73.48992919921875 24.24242401123047 21
14 -0.16848623752593994 58.38926315307617 20.2020206451416 23
15 -0.15005972981452942 109.7315444946289 33.33333206176758 26
16 -0.13072046637535095 55.3691291809082 81.81818389892578 28
17 -0.10362999886274338 49.328857421875 22.22222137451172 33
18 -0.06844377517700195 43.28858947753906 22.22222137451172 35
18
19 -0.41082775592803955 139.93289184570312 80.8080825805664 0 1 2
20 -0.2734315097332001 82.55033874511719 78.78787994384766 3 6 8
21 -0.2673846483230591 126.84563446044922 100.0 19 5 9
22 -0.23135621845722198 110.7382583618164 89.89898681640625 20 21 13
23 -0.21553868055343628 14.09395980834961 15.151515007019043 2 9 16
24 -0.21133172512054443 29.194631576538086 48.48484802246094 8 11 17
25 -0.2053440511226654 15.10067081451416 51.51515197753906 7 24 18
26 -0.20339733362197876 92.61744689941406 31.31313133239746 4 10 19
27 -0.1707010269165039 25.16778564453125 27.272727966308594 23 25 22
28 -0.15963749587535858 76.51007080078125 27.272727966308594 26 13 24
29 -0.15014219284057617 45.3020133972168 47.47474670410156 22 27 25
30 -0.13456568121910095 107.71812438964844 34.34343338012695 28 15 27
31 -0.11870801448822021 61.40939712524414 21.212121963500977 14 30 29
32 -0.11574030667543411 32.21476364135742 62.62626266479492 12 29 30
33 -0.11440322548151016 50.3355712890625 79.79798126220703 16 32 31
34 -0.11140314489603043 79.53020477294922 41.41414260864258 31 33 32
35 -0.08327828347682953 50.3355712890625 21.212121963500977 34 17 34
36 -0.057324305176734924 46.30872344970703 22.22222137451172 35 18 36