57
0 -0.9589810967445374 150.0 67.67676544189453 0
1 -0.8671109676361084 147.986572265625 74.74747467041016 1
2 -0.7687152624130249 122.81879425048828 66.66666412353516 3
3 -0.6453858613967896 137.91946411132812 47.47474670410156 4
4 -0.6370405554771423 131.8791961669922 49.49494934082031 6
5 -0.4893331825733185 19.127517700195312 60.60606002807617 9
6 -0.45451098680496216 140.93959045410156 37.37373733520508 10
7 -0.44853922724723816 82.55033874511719 62.62626266479492 11
8 -0.3860190510749817 92.61744689941406 30.303030014038086 12
9 -0.36758431792259216 4.026845455169678 34.34343338012695 13
10 -0.3672652840614319 3.020134210586548 35.35353469848633 14
11 -0.36511915922164917 12.080536842346191 26.26262664794922 16
12 -0.3651027977466583 11.07382583618164 27.272727966308594 17
13 -0.3648120164871216 90.6040267944336 32.3232307434082 18
14 -0.3646562993526459 5.033556938171387 32.3232307434082 19
15 -0.36453893780708313 36.24161148071289 44.44444274902344 21
16 -0.3640880882740021 9.060402870178223 28.282827377319336 22
17 -0.3630775213241577 6.040268421173096 31.31313133239746 25
18 -0.3627285957336426 8.053690910339355 29.29292869567871 27
19 -0.3623577952384949 7.046979904174805 30.303030014038086 29
20 -0.35369980335235596 21.140939712524414 24.24242401123047 34
21 -0.3515942394733429 98.65771484375 93.93939208984375 36
22 -0.3470469117164612 147.986572265625 39.39393997192383 37
23 -0.309731125831604 104.69798278808594 34.34343338012695 42
24 -0.29700276255607605 112.75167846679688 97.97979736328125 44
25 -0.2929580807685852 82.55033874511719 32.3232307434082 45
26 -0.262359619140625 87.58389282226562 39.39393997192383 48
27 -0.25667616724967957 65.43624114990234 45.45454406738281 52
28 -0.21639859676361084 62.416107177734375 81.81818389892578 54
29 -0.2037632316350937 57.38254928588867 33.33333206176758 55
30 -0.202580988407135 56.37583923339844 34.34343338012695 56
31 -0.20205511152744293 58.38926315307617 32.3232307434082 58
32 -0.2016717493534088 53.35570526123047 38.38383865356445 59
33 -0.20097264647483826 54.3624153137207 36.3636360168457 62
34 -0.19809110462665558 15.10067081451416 14.141413688659668 65
35 -0.19707633554935455 57.38254928588867 74.74747467041016 66
36 -0.17747198045253754 34.228187561035156 70.70706939697266 71
37 -0.15730397403240204 5.033556938171387 60.60606002807617 73
38 -0.15147267282009125 58.38926315307617 20.2020206451416 75
39 -0.14718672633171082 69.46308898925781 84.8484878540039 76
40 -0.1305205523967743 80.53691101074219 88.88888549804688 78
41 -0.12128473818302155 73.48992919921875 24.24242401123047 79
42 -0.11683231592178345 63.42281723022461 19.191919326782227 81
43 -0.11238750070333481 69.46308898925781 21.212121963500977 82
44 -0.10641420632600784 66.44295501708984 20.2020206451416 83
45 -0.10415442287921906 75.50335693359375 25.252525329589844 84
46 -0.09934818744659424 77.51677703857422 27.272727966308594 88
47 -0.05085587128996849 50.3355712890625 22.22222137451172 93
48 -0.028714803978800774 14.09395980834961 63.6363639831543 95
49 -0.026321642100811005 21.140939712524414 65.65656280517578 97
50 -0.010621215216815472 40.268455505371094 79.79798126220703 98
51 -0.00535994116216898 2.013422727584839 64.6464614868164 100
52 -0.004777716938406229 9.060402870178223 65.65656280517578 101
53 -0.004221034701913595 6.040268421173096 65.65656280517578 104
54 -0.0009202681831084192 13.087247848510742 10.1010103225708 107
55 -0.0009020885918289423 8.053690910339355 11.11111068725586 108
56 -0.0008342996588908136 16.10738182067871 10.1010103225708 110
56
57 -0.8638789057731628 147.986572265625 73.73737335205078 0 1 2
58 -0.6404568552970886 141.94630432128906 48.48484802246094 57 3 5
59 -0.6362527012825012 131.8791961669922 50.50505065917969 2 4 7
60 -0.6350709795951843 133.8926239013672 49.49494934082031 58 59 8
61 -0.3667479455471039 4.026845455169678 35.35353469848633 9 10 15
62 -0.3645454943180084 5.033556938171387 33.33333206176758 61 14 20
63 -0.36395248770713806 11.07382583618164 26.26262664794922 11 12 23
64 -0.3632228970527649 10.067113876342773 28.282827377319336 16 63 24
65 -0.36299464106559753 92.61744689941406 31.31313133239746 8 13 26
66 -0.3623991012573242 5.033556938171387 31.31313133239746 62 17 28
67 -0.3620823621749878 6.040268421173096 30.303030014038086 66 19 30
68 -0.362013041973114 8.053690910339355 28.282827377319336 64 18 31
69 -0.36181849241256714 7.046979904174805 29.29292869567871 67 68 32
70 -0.3600141108036041 3.020134210586548 40.4040412902832 5 69 33
71 -0.35240671038627625 19.127517700195312 24.24242401123047 70 20 35
72 -0.34493231773376465 95.63758087158203 89.89898681640625 7 21 38
73 -0.3441419005393982 146.9798583984375 40.4040412902832 60 22 39
74 -0.3355730175971985 140.93959045410156 39.39393997192383 6 73 40
75 -0.31801655888557434 30.20134162902832 33.33333206176758 15 71 41
76 -0.3083564043045044 103.69127655029297 34.34343338012695 65 23 43
77 -0.287693589925766 109.7315444946289 95.9595947265625 72 24 46
78 -0.2825038433074951 83.55704498291016 33.33333206176758 76 25 47
79 -0.26215147972106934 87.58389282226562 40.4040412902832 77 26 49
80 -0.2617712616920471 88.59060668945312 39.39393997192383 78 79 50
81 -0.2589944899082184 111.74496459960938 88.88888549804688 74 80 51
82 -0.2531321942806244 67.44966125488281 46.46464538574219 81 27 53
83 -0.20247095823287964 56.37583923339844 33.33333206176758 29 30 57
84 -0.2016604095697403 52.34899139404297 38.38383865356445 75 32 60
85 -0.2015601247549057 58.38926315307617 33.33333206176758 83 31 61
86 -0.20009534060955048 54.3624153137207 35.35353469848633 85 33 63
87 -0.19955682754516602 54.3624153137207 37.37373733520508 84 86 64
88 -0.19481955468654633 60.40268325805664 34.34343338012695 82 87 67
89 -0.18857388198375702 60.40268325805664 77.77777862548828 28 35 68
90 -0.1862582564353943 50.3355712890625 69.69696807861328 88 89 69
91 -0.18008463084697723 15.10067081451416 15.151515007019043 34 90 70
92 -0.17117738723754883 34.228187561035156 69.69696807861328 91 36 72
93 -0.15383552014827728 6.040268421173096 60.60606002807617 92 37 74
94 -0.14305870234966278 68.45637512207031 83.83838653564453 93 39 77
95 -0.11791287362575531 81.54362487792969 88.88888549804688 94 40 80
96 -0.10338091850280762 67.44966125488281 20.2020206451416 43 44 85
97 -0.10304685682058334 65.43624114990234 20.2020206451416 42 96 86
98 -0.10005168616771698 74.49664306640625 25.252525329589844 41 45 87
99 -0.09621162712574005 76.51007080078125 26.26262664794922 98 46 89
100 -0.09510494768619537 60.40268325805664 19.191919326782227 38 97 90
101 -0.09370826929807663 70.46979522705078 22.22222137451172 99 100 91
102 -0.09342502057552338 78.52349090576172 28.282827377319336 95 101 92
103 -0.04985010623931885 51.342281341552734 22.22222137451172 102 47 94
104 -0.028149684891104698 13.087247848510742 63.6363639831543 103 48 96
105 -0.009064682759344578 21.140939712524414 64.6464614868164 104 49 99
106 -0.004658920224756002 9.060402870178223 64.6464614868164 105 52 102
107 -0.00456634908914566 1.0067113637924194 63.6363639831543 51 106 103
108 -0.004213373176753521 6.040268421173096 64.6464614868164 107 53 105
109 -0.004114058334380388 40.268455505371094 77.77777862548828 50 108 106
110 -0.0008422641549259424 8.053690910339355 12.121212005615234 109 55 109
111 -0.000789176148828119 17.114093780517578 10.1010103225708 110 56 111
112 -0.0007127703865990043 10.067113876342773 11.11111068725586 54 111 112
