39
0 -0.7090579867362976 148.9932861328125 59.5959587097168 0
1 -0.5712319612503052 138.92617797851562 44.44444274902344 1
2 -0.545497477054596 139.93289184570312 37.37373733520508 2
3 -0.49677950143814087 120.80536651611328 60.60606002807617 5
4 -0.4815588593482971 123.82550048828125 51.51515197753906 6
5 -0.48136961460113525 124.83221435546875 49.49494934082031 8
6 -0.4498273432254791 6.040268421173096 57.57575607299805 11
7 -0.4161570370197296 150.0 82.82828521728516 12
8 -0.4048507511615753 85.57047271728516 86.86869049072266 14
9 -0.3216857314109802 0.0 33.33333206176758 15
10 -0.31961295008659363 28.18791961669922 46.46464538574219 16
11 -0.30921468138694763 78.52349090576172 59.5959587097168 17
12 -0.2568877637386322 121.81208038330078 100.0 20
13 -0.25279858708381653 82.55033874511719 32.3232307434082 21
14 -0.25268423557281494 86.57717895507812 31.31313133239746 22
15 -0.251110702753067 88.59060668945312 32.3232307434082 24
16 -0.24898019433021545 92.61744689941406 30.303030014038086 26
17 -0.20325231552124023 62.416107177734375 37.37373733520508 30
18 -0.18944048881530762 52.34899139404297 35.35353469848633 33
19 -0.14317761361598969 46.30872344970703 66.66666412353516 37
20 -0.14090657234191895 43.28858947753906 65.65656280517578 39
21 -0.11578278243541718 15.10067081451416 14.141413688659668 41
22 -0.03581899777054787 78.52349090576172 27.272727966308594 43
23 -0.027669548988342285 75.50335693359375 25.252525329589844 45
24 -0.026680486276745796 40.268455505371094 79.79798126220703 47
25 -0.020261822268366814 56.37583923339844 84.8484878540039 49
26 -0.019772179424762726 58.38926315307617 84.8484878540039 50
27 -0.011903726495802402 21.140939712524414 65.65656280517578 53
28 -0.010645153932273388 43.28858947753906 82.82828521728516 54
29 -0.005506837274879217 2.013422727584839 64.6464614868164 56
30 -0.0048507521860301495 68.45637512207031 20.2020206451416 58
31 -0.004593424499034882 9.060402870178223 65.65656280517578 60
32 -0.0038778625894337893 11.07382583618164 66.66666412353516 62
33 -0.003433086210861802 70.46979522705078 21.212121963500977 65
34 -0.0030595543794333935 20.134227752685547 68.6868667602539 67
35 -0.002326847054064274 25.16778564453125 68.6868667602539 69
36 -0.0016790005611255765 34.228187561035156 74.74747467041016 71
37 -0.0014981060521677136 30.20134162902832 72.7272720336914 72
38 -0.0012740357778966427 8.053690910339355 11.11111068725586 75
38
39 -0.5346801280975342 143.95973205566406 47.47474670410156 0 1 3
40 -0.5048165917396545 139.93289184570312 39.39393997192383 2 39 4
41 -0.48145395517349243 122.81879425048828 51.51515197753906 3 4 7
42 -0.4812100827693939 125.83892822265625 49.49494934082031 40 5 9
43 -0.4804876744747162 124.83221435546875 50.50505065917969 41 42 10
44 -0.41605517268180847 150.0 81.81818389892578 43 7 13
45 -0.30277109146118164 78.52349090576172 69.69696807861328 8 11 18
46 -0.2930620312690735 21.140939712524414 52.52525329589844 6 10 19
47 -0.25229334831237793 119.79866027832031 96.96969604492188 45 12 23
48 -0.2505480647087097 87.58389282226562 32.3232307434082 14 15 25
49 -0.23248109221458435 92.61744689941406 31.31313133239746 48 16 27
50 -0.23167838156223297 0.0 46.46464538574219 9 46 28
51 -0.22389622032642365 84.56375885009766 33.33333206176758 13 49 29
52 -0.19422070682048798 104.69798278808594 39.39393997192383 44 51 31
53 -0.19353912770748138 86.57717895507812 40.4040412902832 47 52 32
54 -0.18906523287296295 50.3355712890625 35.35353469848633 50 18 34
55 -0.1889672577381134 54.3624153137207 36.3636360168457 17 54 35
56 -0.1778102070093155 52.34899139404297 45.45454406738281 53 55 36
57 -0.14266444742679596 49.328857421875 66.66666412353516 56 19 38
58 -0.14056967198848724 44.29530334472656 66.66666412353516 57 20 40
59 -0.10900036990642548 14.09395980834961 15.151515007019043 58 21 42
60 -0.035541098564863205 78.52349090576172 28.282827377319336 59 22 44
61 -0.02736268937587738 76.51007080078125 26.26262664794922 60 23 46
62 -0.02235371433198452 40.268455505371094 78.78787994384766 61 24 48
63 -0.019393440335989 57.38254928588867 84.8484878540039 25 26 51
64 -0.017530076205730438 58.38926315307617 82.82828521728516 62 63 52
65 -0.010385345667600632 43.28858947753906 81.81818389892578 64 28 55
66 -0.005099428351968527 1.0067113637924194 63.6363639831543 65 29 57
67 -0.004611325450241566 21.140939712524414 64.6464614868164 27 66 59
68 -0.004362544044852257 9.060402870178223 64.6464614868164 67 31 61
69 -0.0038409049157053232 67.44966125488281 21.212121963500977 30 68 63
70 -0.0037704743444919586 11.07382583618164 65.65656280517578 32 69 64
71 -0.0031596627086400986 70.46979522705078 22.22222137451172 70 33 66
72 -0.0027066206093877554 20.134227752685547 67.67676544189453 71 34 68
73 -0.0020830328576266766 25.16778564453125 67.67676544189453 72 35 70
74 -0.0013653947971761227 33.22147750854492 72.7272720336914 73 36 73
75 -0.0013042058562859893 32.21476364135742 72.7272720336914 37 74 74
76 -0.0011908754240721464 8.053690910339355 12.121212005615234 75 38 76
