54
0 -0.9570872783660889 148.9932861328125 91.919189453125 0
1 -0.7603706121444702 148.9932861328125 60.60606002807617 1
2 -0.7236966490745544 150.0 74.74747467041016 2
3 -0.6733892560005188 126.84563446044922 57.57575607299805 5
4 -0.6717488169670105 127.85234832763672 56.56565475463867 6
5 -0.579725444316864 23.154361724853516 61.61616134643555 9
6 -0.5701448321342468 10.067113876342773 51.51515197753906 10
7 -0.5485117435455322 6.040268421173096 43.43434524536133 11
8 -0.5264613032341003 73.48992919921875 51.51515197753906 14
9 -0.524380087852478 74.49664306640625 49.49494934082031 15
10 -0.5212407112121582 7.046979904174805 32.3232307434082 16
11 -0.5155626535415649 75.50335693359375 47.47474670410156 19
12 -0.4965039789676666 12.080536842346191 26.26262664794922 21
13 -0.49591735005378723 19.127517700195312 23.232322692871094 23
14 -0.4940243065357208 16.10738182067871 24.24242401123047 24
15 -0.4855741560459137 89.5973129272461 76.7676773071289 27
16 -0.484975129365921 88.59060668945312 74.74747467041016 28
17 -0.45135119557380676 48.322147369384766 47.47474670410156 30
18 -0.44962766766548157 36.24161148071289 70.70706939697266 31
19 -0.43146586418151855 110.7382583618164 34.34343338012695 33
20 -0.3995881974697113 112.75167846679688 35.35353469848633 35
21 -0.3513878285884857 92.61744689941406 30.303030014038086 37
22 -0.33232372999191284 86.57717895507812 31.31313133239746 39
23 -0.3189346492290497 15.10067081451416 14.141413688659668 40
24 -0.31562238931655884 88.59060668945312 32.3232307434082 41
25 -0.30731505155563354 98.65771484375 30.303030014038086 44
26 -0.26078084111213684 82.55033874511719 32.3232307434082 48
27 -0.25013619661331177 140.93959045410156 40.4040412902832 50
28 -0.2119288593530655 64.42952728271484 33.33333206176758 54
29 -0.21032585203647614 29.194631576538086 45.45454406738281 56
30 -0.20754721760749817 58.38926315307617 37.37373733520508 58
31 -0.20576727390289307 58.38926315307617 81.81818389892578 59
32 -0.16096055507659912 83.55704498291016 88.88888549804688 63
33 -0.14614719152450562 146.9798583984375 38.38383865356445 65
34 -0.14530998468399048 63.42281723022461 39.39393997192383 66
35 -0.13224907219409943 70.46979522705078 85.85858917236328 68
36 -0.12551744282245636 80.53691101074219 30.303030014038086 70
37 -0.12483774870634079 126.84563446044922 33.33333206176758 71
38 -0.12265844643115997 2.013422727584839 60.60606002807617 73
39 -0.11352257430553436 88.59060668945312 92.92929077148438 76
40 -0.10353954136371613 131.8791961669922 35.35353469848633 78
41 -0.09927888214588165 119.79866027832031 100.0 79
42 -0.0981038436293602 116.77852630615234 98.98989868164062 80
43 -0.09137385338544846 73.48992919921875 24.24242401123047 82
44 -0.07705168426036835 49.328857421875 22.22222137451172 85
45 -0.04552236571907997 58.38926315307617 20.2020206451416 89
46 -0.02542715147137642 62.416107177734375 19.191919326782227 91
47 -0.0191765408962965 21.140939712524414 65.65656280517578 93
48 -0.0068481359630823135 148.9932861328125 37.37373733520508 95
49 -0.004976586904376745 35.23489761352539 76.7676773071289 97
50 -0.004587351344525814 37.248321533203125 77.77777862548828 98
51 -0.0036947589833289385 0.0 64.6464614868164 101
52 -0.003003573277965188 9.060402870178223 65.65656280517578 103
53 -0.0027000263798981905 11.07382583618164 66.66666412353516 104
53
54 -0.7203348875045776 150.0 78.78787994384766 0 2 3
55 -0.6798351407051086 148.9932861328125 66.66666412353516 1 54 4
56 -0.6714404225349426 126.84563446044922 56.56565475463867 3 4 7
57 -0.6298206448554993 139.93289184570312 53.53535461425781 55 56 8
58 -0.5482537746429443 6.040268421173096 44.44444274902344 6 7 12
59 -0.5437706112861633 17.114093780517578 57.57575607299805 5 58 13
60 -0.5206459760665894 74.49664306640625 50.50505065917969 8 9 17
61 -0.5204638242721558 6.040268421173096 33.33333206176758 59 10 18
62 -0.5148152709007263 74.49664306640625 47.47474670410156 60 11 20
63 -0.49632498621940613 11.07382583618164 26.26262664794922 61 12 22
64 -0.4931371510028839 17.114093780517578 24.24242401123047 13 14 25
65 -0.4919455945491791 14.09395980834961 24.24242401123047 63 64 26
66 -0.48387160897254944 88.59060668945312 75.75757598876953 15 16 29
67 -0.4345303475856781 35.23489761352539 68.6868667602539 65 18 32
68 -0.4095553755760193 79.53020477294922 55.55555725097656 62 66 34
69 -0.39788195490837097 111.74496459960938 35.35353469848633 19 20 36
70 -0.34038233757019043 43.28858947753906 35.35353469848633 17 67 38
71 -0.31393396854400635 87.58389282226562 32.3232307434082 22 24 42
72 -0.30975255370140076 91.6107406616211 32.3232307434082 21 71 43
73 -0.2887742519378662 96.64429473876953 32.3232307434082 72 25 45
74 -0.28871145844459534 102.68456268310547 32.3232307434082 69 73 46
75 -0.2827458679676056 15.10067081451416 15.151515007019043 70 23 47
76 -0.25108444690704346 87.58389282226562 36.3636360168457 68 74 49
77 -0.2460235208272934 84.56375885009766 32.3232307434082 26 76 51
78 -0.2330384999513626 139.93289184570312 41.41414260864258 57 27 52
79 -0.21726883947849274 107.71812438964844 83.83838653564453 77 78 53
80 -0.21044869720935822 65.43624114990234 32.3232307434082 79 28 55
81 -0.20980650186538696 28.18791961669922 45.45454406738281 75 29 57
82 -0.20420247316360474 57.38254928588867 37.37373733520508 81 30 60
83 -0.18461525440216064 54.3624153137207 82.82828521728516 31 82 61
84 -0.17860160768032074 60.40268325805664 34.34343338012695 80 83 62
85 -0.15359586477279663 82.55033874511719 86.86869049072266 84 32 64
86 -0.14487579464912415 63.42281723022461 38.38383865356445 85 34 67
87 -0.12886017560958862 145.97315979003906 38.38383865356445 33 86 69
88 -0.12479296326637268 126.84563446044922 34.34343338012695 87 37 72
89 -0.11704449355602264 5.033556938171387 59.5959587097168 88 38 74
90 -0.11701732873916626 80.53691101074219 31.31313133239746 36 89 75
91 -0.11252821981906891 88.59060668945312 91.919189453125 90 39 77
92 -0.09510256350040436 130.8724822998047 35.35353469848633 91 40 81
93 -0.08774567395448685 114.76509857177734 97.97979736328125 42 92 83
94 -0.0850248709321022 117.78523254394531 100.0 41 93 84
95 -0.07558922469615936 74.49664306640625 85.85858917236328 35 94 86
96 -0.07433773577213287 48.322147369384766 22.22222137451172 44 95 87
97 -0.06801596283912659 69.46308898925781 24.24242401123047 43 96 88
98 -0.027046598494052887 57.38254928588867 22.22222137451172 97 45 90
99 -0.024953069165349007 62.416107177734375 20.2020206451416 98 46 92
100 -0.007874731905758381 21.140939712524414 64.6464614868164 99 47 94
101 -0.0056272163055837154 148.9932861328125 38.38383865356445 100 48 96
102 -0.004523318260908127 35.23489761352539 75.75757598876953 101 49 99
103 -0.004405412822961807 37.248321533203125 76.7676773071289 50 102 100
104 -0.0033600199967622757 0.0 63.6363639831543 103 51 102
105 -0.0024929693900048733 9.060402870178223 64.6464614868164 104 52 105
106 -0.002291406039148569 10.067113876342773 65.65656280517578 53 105 106
