47
0 -0.5566901564598083 150.0 77.77777862548828 0
1 -0.5556856393814087 148.9932861328125 95.9595947265625 1
2 -0.5219770669937134 141.94630432128906 60.60606002807617 2
3 -0.5212392210960388 142.95301818847656 59.5959587097168 3
4 -0.3963709771633148 121.81208038330078 53.53535461425781 7
5 -0.3596164286136627 81.54362487792969 32.3232307434082 8
6 -0.34933850169181824 85.57047271728516 34.34343338012695 10
7 -0.3356591761112213 1.0067113637924194 28.282827377319336 12
8 -0.3355735242366791 0.0 29.29292869567871 13
9 -0.33490511775016785 2.013422727584839 26.26262664794922 14
10 -0.3338298499584198 3.020134210586548 25.252525329589844 17
11 -0.3283228576183319 6.040268421173096 23.232322692871094 19
12 -0.29417937994003296 137.91946411132812 40.4040412902832 21
13 -0.2869264483451843 74.49664306640625 65.65656280517578 23
14 -0.28491273522377014 92.61744689941406 30.303030014038086 24
15 -0.27173084020614624 86.57717895507812 82.82828521728516 26
16 -0.27108871936798096 109.7315444946289 34.34343338012695 27
17 -0.2555549442768097 27.18120765686035 44.44444274902344 30
18 -0.2330417037010193 15.10067081451416 14.141413688659668 31
19 -0.21625451743602753 5.033556938171387 56.56565475463867 33
20 -0.1986081302165985 75.50335693359375 25.252525329589844 35
21 -0.19796359539031982 37.248321533203125 69.69696807861328 36
22 -0.1977408230304718 39.26174545288086 70.70706939697266 37
23 -0.15765830874443054 148.9932861328125 39.39393997192383 43
24 -0.15556135773658752 33.22147750854492 18.18181800842285 44
25 -0.13632632791996002 58.38926315307617 20.2020206451416 47
26 -0.10087157040834427 54.3624153137207 82.82828521728516 51
27 -0.09616377204656601 60.40268325805664 82.82828521728516 52
28 -0.07462990283966064 49.328857421875 22.22222137451172 55
29 -0.07372438907623291 122.81879425048828 33.33333206176758 56
30 -0.04951196536421776 126.84563446044922 33.33333206176758 59
31 -0.004614503122866154 73.48992919921875 87.8787841796875 61
32 -0.002817036584019661 0.0 64.6464614868164 63
33 -0.0025496550370007753 21.140939712524414 65.65656280517578 65
34 -0.0019288401817902923 9.060402870178223 65.65656280517578 66
35 -0.0018991358811035752 5.033556938171387 64.6464614868164 67
36 -0.0016798160504549742 11.07382583618164 66.66666412353516 70
37 -0.0015304737025871873 20.134227752685547 68.6868667602539 71
38 -0.0014283540658652782 148.9932861328125 37.37373733520508 73
39 -0.001167216571047902 8.053690910339355 11.11111068725586 75
40 -0.0011666553327813745 35.23489761352539 76.7676773071289 76
41 -0.0011269166134297848 25.16778564453125 68.6868667602539 77
42 -0.0010177057702094316 5.033556938171387 13.13131332397461 78
43 -0.0010173635091632605 6.040268421173096 12.121212005615234 79
44 -0.0009796078084036708 11.07382583618164 10.1010103225708 82
45 -0.0009013345115818083 4.026845455169678 14.141413688659668 85
46 -0.0007566274143755436 29.194631576538086 72.7272720336914 89
46
47 -0.5206067562103271 142.95301818847656 60.60606002807617 2 3 4
48 -0.5135712027549744 148.9932861328125 88.88888549804688 0 1 5
49 -0.45049214363098145 147.986572265625 64.6464614868164 47 48 6
50 -0.3516891598701477 125.83892822265625 62.62626266479492 49 4 9
51 -0.3438546359539032 83.55704498291016 34.34343338012695 5 6 11
52 -0.33473971486091614 2.013422727584839 27.272727966308594 7 9 15
53 -0.3343238830566406 0.0 28.282827377319336 8 52 16
54 -0.33351394534111023 3.020134210586548 26.26262664794922 53 10 18
55 -0.3278619945049286 5.033556938171387 23.232322692871094 54 11 20
56 -0.2925999164581299 139.93289184570312 41.41414260864258 50 12 22
57 -0.27516552805900574 92.61744689941406 31.31313133239746 51 14 25
58 -0.26893842220306396 82.55033874511719 78.78787994384766 13 15 28
59 -0.2563033401966095 103.69127655029297 34.34343338012695 57 16 29
60 -0.22697097063064575 15.10067081451416 15.151515007019043 55 18 32
61 -0.20522645115852356 11.07382583618164 50.50505065917969 17 19 34
62 -0.1973884403705597 38.255035400390625 70.70706939697266 21 22 38
63 -0.19003649055957794 27.18120765686035 30.303030014038086 60 61 39
64 -0.18854258954524994 76.51007080078125 28.282827377319336 59 20 40
65 -0.18790216743946075 110.7382583618164 43.43434524536133 56 64 41
66 -0.1829623579978943 81.54362487792969 45.45454406738281 58 65 42
67 -0.1553960144519806 33.22147750854492 19.191919326782227 63 24 45
68 -0.14319483935832977 148.9932861328125 41.41414260864258 66 23 46
69 -0.1275186538696289 49.328857421875 44.44444274902344 67 68 48
70 -0.12359347194433212 60.40268325805664 21.212121963500977 25 69 49
71 -0.11387056112289429 33.22147750854492 60.60606002807617 62 70 50
72 -0.09026852995157242 58.38926315307617 81.81818389892578 26 27 53
73 -0.08638069033622742 49.328857421875 80.8080825805664 71 72 54
74 -0.07324295490980148 121.81208038330078 34.34343338012695 73 29 57
75 -0.0688323900103569 51.342281341552734 22.22222137451172 28 74 58
76 -0.04665679857134819 125.83892822265625 33.33333206176758 75 30 60
77 -0.004573935642838478 72.48322296142578 86.86869049072266 76 31 62
78 -0.0026207820046693087 0.0 63.6363639831543 77 32 64
79 -0.0018743579275906086 6.040268421173096 64.6464614868164 78 35 68
80 -0.0018653590232133865 7.046979904174805 65.65656280517578 34 79 69
81 -0.0014714781427755952 11.07382583618164 65.65656280517578 80 36 72
82 -0.0011911147739738226 20.134227752685547 64.6464614868164 33 81 74
83 -0.0010115758050233126 24.161073684692383 68.6868667602539 37 41 80
84 -0.0009918218711391091 15.10067081451416 69.69696807861328 82 83 81
85 -0.0009517124854028225 7.046979904174805 12.121212005615234 43 84 83
86 -0.0009426274336874485 6.040268421173096 13.13131332397461 42 85 84
87 -0.0008998595294542611 8.053690910339355 12.121212005615234 39 86 86
88 -0.0008839037618599832 10.067113876342773 11.11111068725586 44 87 87
89 -0.0007633605855517089 5.033556938171387 14.141413688659668 45 88 88
90 -0.000735043897293508 147.986572265625 37.37373733520508 38 89 90
91 -0.0006738962256349623 34.228187561035156 73.73737335205078 40 90 91
92 -0.0005858420627191663 31.208053588867188 73.73737335205078 46 91 92
