44
0 -0.8105283379554749 150.0 63.6363639831543 0
1 -0.6361806392669678 136.91275024414062 45.45454406738281 1
2 -0.6080069541931152 119.79866027832031 62.62626266479492 2
3 -0.5827341675758362 125.83892822265625 51.51515197753906 4
4 -0.5220178365707397 139.93289184570312 37.37373733520508 7
5 -0.4624785780906677 88.59060668945312 87.8787841796875 9
6 -0.4315861165523529 97.65100860595703 92.92929077148438 10
7 -0.40052148699760437 12.080536842346191 58.58585739135742 12
8 -0.39947324991226196 8.053690910339355 57.57575607299805 13
9 -0.39277809858322144 88.59060668945312 33.33333206176758 15
10 -0.3912236988544464 147.986572265625 39.39393997192383 16
11 -0.3597078323364258 111.74496459960938 95.9595947265625 18
12 -0.35963159799575806 31.208053588867188 46.46464538574219 19
13 -0.3582318425178528 79.53020477294922 56.56565475463867 20
14 -0.3054013252258301 3.020134210586548 33.33333206176758 23
15 -0.30441537499427795 2.013422727584839 35.35353469848633 24
16 -0.3039133846759796 4.026845455169678 32.3232307434082 26
17 -0.2841779291629791 9.060402870178223 26.26262664794922 29
18 -0.28210216760635376 11.07382583618164 25.252525329589844 32
19 -0.2588525414466858 128.8590545654297 100.0 34
20 -0.22929535806179047 148.9932861328125 100.0 38
21 -0.13801051676273346 69.46308898925781 84.8484878540039 41
22 -0.11975529789924622 15.10067081451416 14.141413688659668 43
23 -0.09806552529335022 63.42281723022461 83.83838653564453 45
24 -0.09373216331005096 75.50335693359375 25.252525329589844 47
25 -0.0853637233376503 120.80536651611328 33.33333206176758 49
26 -0.06873224675655365 67.44966125488281 21.212121963500977 51
27 -0.06348293274641037 62.416107177734375 19.191919326782227 53
28 -0.06339956820011139 60.40268325805664 83.83838653564453 54
29 -0.06233195215463638 43.28858947753906 22.22222137451172 56
30 -0.05986380577087402 58.38926315307617 20.2020206451416 58
31 -0.04388311505317688 56.37583923339844 83.83838653564453 61
32 -0.04353869706392288 54.3624153137207 84.8484878540039 62
33 -0.03985840827226639 48.322147369384766 84.8484878540039 65
34 -0.03316054865717888 43.28858947753906 80.8080825805664 67
35 -0.03192748501896858 41.275169372558594 77.77777862548828 68
36 -0.031462162733078 34.228187561035156 70.70706939697266 69
37 -0.0253803338855505 40.268455505371094 78.78787994384766 73
38 -0.014210824854671955 21.140939712524414 65.65656280517578 75
39 -0.0032970283646136522 0.0 64.6464614868164 77
40 -0.000985178747214377 33.22147750854492 76.7676773071289 79
41 -0.0008634392870590091 30.20134162902832 72.7272720336914 81
42 -0.0003723319969139993 8.053690910339355 11.11111068725586 83
43 -0.00027816317742690444 5.033556938171387 13.13131332397461 85
43
44 -0.5938486456871033 143.95973205566406 48.48484802246094 0 1 3
45 -0.5822571516036987 125.83892822265625 50.50505065917969 44 3 5
46 -0.580757200717926 124.83221435546875 51.51515197753906 2 45 6
47 -0.4895090162754059 139.93289184570312 39.39393997192383 46 4 8
48 -0.43085116147994995 96.64429473876953 91.919189453125 5 6 11
49 -0.3983027935028076 10.067113876342773 57.57575607299805 7 8 14
50 -0.38460052013397217 146.9798583984375 40.4040412902832 47 10 17
51 -0.3580780327320099 110.7382583618164 95.9595947265625 48 11 21
52 -0.3149811923503876 81.54362487792969 72.7272720336914 13 51 22
53 -0.30435916781425476 2.013422727584839 34.34343338012695 14 15 25
54 -0.30327078700065613 3.020134210586548 32.3232307434082 53 16 27
55 -0.29767927527427673 21.140939712524414 53.53535461425781 49 12 28
56 -0.2840903699398041 9.060402870178223 27.272727966308594 54 17 30
57 -0.28335458040237427 1.0067113637924194 44.44444274902344 55 56 31
58 -0.28177571296691895 10.067113876342773 25.252525329589844 57 18 33
59 -0.2573789954185486 106.71141052246094 42.42424392700195 9 50 35
60 -0.2520134449005127 123.82550048828125 100.0 52 19 36
61 -0.23392406105995178 84.56375885009766 41.41414260864258 59 60 37
62 -0.2252841740846634 148.9932861328125 96.96969604492188 61 20 39
63 -0.16856719553470612 59.395973205566406 38.38383865356445 58 62 40
64 -0.13302743434906006 69.46308898925781 83.83838653564453 63 21 42
65 -0.1142430379986763 15.10067081451416 15.151515007019043 64 22 44
66 -0.09400077164173126 63.42281723022461 82.82828521728516 65 23 46
67 -0.09021394699811935 75.50335693359375 26.26262664794922 66 24 48
68 -0.0711551159620285 119.79866027832031 33.33333206176758 67 25 50
69 -0.06821050494909286 68.45637512207031 22.22222137451172 68 26 52
70 -0.0624476857483387 60.40268325805664 82.82828521728516 69 28 55
71 -0.062208931893110275 44.29530334472656 23.232322692871094 70 29 57
72 -0.05950472876429558 64.42952728271484 20.2020206451416 27 71 59
73 -0.04935332387685776 60.40268325805664 20.2020206451416 30 72 60
74 -0.04226274788379669 57.38254928588867 83.83838653564453 73 31 63
75 -0.04077873378992081 55.3691291809082 84.8484878540039 32 74 64
76 -0.036103036254644394 50.3355712890625 84.8484878540039 75 33 66
77 -0.0287892185151577 42.28187942504883 78.78787994384766 34 35 70
78 -0.028324037790298462 45.3020133972168 82.82828521728516 76 77 71
79 -0.026725415140390396 33.22147750854492 69.69696807861328 36 78 72
80 -0.02264440804719925 40.268455505371094 77.77777862548828 79 37 74
81 -0.005367745645344257 21.140939712524414 64.6464614868164 80 38 76
82 -0.003245469881221652 1.0067113637924194 63.6363639831543 81 39 78
83 -0.0009619990596547723 34.228187561035156 75.75757598876953 82 40 80
84 -0.0008308114483952522 30.20134162902832 71.71717071533203 83 41 82
85 -0.00033600424649193883 9.060402870178223 11.11111068725586 84 42 84
86 -0.0002664094208739698 6.040268421173096 13.13131332397461 85 43 86
