53
0 -0.8477005362510681 150.0 68.6868667602539 0
1 -0.7978137731552124 123.82550048828125 63.6363639831543 1
2 -0.7187901139259338 147.986572265625 82.82828521728516 2
3 -0.567322313785553 17.114093780517578 58.58585739135742 5
4 -0.5663708448410034 19.127517700195312 59.5959587097168 6
5 -0.5618403553962708 22.14765167236328 60.60606002807617 8
6 -0.46890777349472046 7.046979904174805 30.303030014038086 10
7 -0.4681849181652069 6.040268421173096 31.31313133239746 11
8 -0.4679221212863922 8.053690910339355 29.29292869567871 12
9 -0.4661603569984436 9.060402870178223 28.282827377319336 14
10 -0.46563583612442017 5.033556938171387 33.33333206176758 15
11 -0.4644462764263153 10.067113876342773 27.272727966308594 19
12 -0.4620504081249237 11.07382583618164 26.26262664794922 21
13 -0.4587457478046417 13.087247848510742 25.252525329589844 23
14 -0.4120849072933197 92.61744689941406 30.303030014038086 26
15 -0.408912718296051 69.46308898925781 84.8484878540039 27
16 -0.40627962350845337 82.55033874511719 61.61616134643555 28
17 -0.39592620730400085 90.6040267944336 32.3232307434082 29
18 -0.37477225065231323 109.7315444946289 34.34343338012695 31
19 -0.36333706974983215 63.42281723022461 82.82828521728516 32
20 -0.34696969389915466 68.45637512207031 48.48484802246094 34
21 -0.3445611000061035 42.28187942504883 46.46464538574219 35
22 -0.33666297793388367 46.30872344970703 50.50505065917969 36
23 -0.31943392753601074 82.55033874511719 32.3232307434082 39
24 -0.31634122133255005 60.40268325805664 83.83838653564453 40
25 -0.25208717584609985 15.10067081451416 14.141413688659668 45
26 -0.23760069906711578 62.416107177734375 33.33333206176758 47
27 -0.23615214228630066 63.42281723022461 32.3232307434082 48
28 -0.232072114944458 53.35570526123047 71.71717071533203 51
29 -0.19099196791648865 55.3691291809082 83.83838653564453 56
30 -0.15650802850723267 53.35570526123047 84.8484878540039 59
31 -0.09769696742296219 55.3691291809082 28.282827377319336 61
32 -0.09384474158287048 54.3624153137207 29.29292869567871 62
33 -0.09211678057909012 56.37583923339844 27.272727966308594 64
34 -0.0814199298620224 58.38926315307617 26.26262664794922 67
35 -0.07515091449022293 126.84563446044922 33.33333206176758 69
36 -0.07378347963094711 61.40939712524414 25.252525329589844 70
37 -0.06570110470056534 62.416107177734375 19.191919326782227 73
38 -0.06045101583003998 58.38926315307617 20.2020206451416 74
39 -0.05850956216454506 72.48322296142578 24.24242401123047 75
40 -0.05003288388252258 78.52349090576172 27.272727966308594 77
41 -0.04865218326449394 130.8724822998047 35.35353469848633 79
42 -0.04531519487500191 54.3624153137207 20.2020206451416 81
43 -0.042815860360860825 75.50335693359375 25.252525329589844 82
44 -0.024517687037587166 40.268455505371094 79.79798126220703 87
45 -0.016145268455147743 21.140939712524414 65.65656280517578 89
46 -0.0017911980394273996 11.07382583618164 66.66666412353516 91
47 -0.0017764318035915494 0.0 64.6464614868164 92
48 -0.001471515977755189 9.060402870178223 65.65656280517578 94
49 -0.0007887934916652739 8.053690910339355 11.11111068725586 97
50 -0.0007703096489422023 5.033556938171387 13.13131332397461 98
51 -0.0007125184056349099 11.07382583618164 10.1010103225708 100
52 -0.0006804578006267548 4.026845455169678 14.141413688659668 102
52
53 -0.6967071890830994 148.9932861328125 80.8080825805664 0 2 3
54 -0.6528249979019165 142.95301818847656 51.51515197753906 1 53 4
55 -0.5638153553009033 18.120805740356445 59.5959587097168 3 4 7
56 -0.56099534034729 21.140939712524414 60.60606002807617 55 5 9
57 -0.4662489593029022 7.046979904174805 31.31313133239746 6 7 13
58 -0.46539735794067383 7.046979904174805 29.29292869567871 8 57 16
59 -0.4646720588207245 8.053690910339355 28.282827377319336 9 58 17
60 -0.4646081328392029 5.033556938171387 32.3232307434082 10 59 18
61 -0.4622352123260498 9.060402870178223 27.272727966308594 60 11 20
62 -0.46064844727516174 11.07382583618164 27.272727966308594 61 12 22
63 -0.45724591612815857 12.080536842346191 25.252525329589844 62 13 24
64 -0.4184073209762573 3.020134210586548 44.44444274902344 56 63 25
65 -0.3855436146259308 92.61744689941406 31.31313133239746 14 17 30
66 -0.3567482531070709 66.44295501708984 82.82828521728516 15 19 33
67 -0.3343602120876312 39.26174545288086 41.41414260864258 64 21 37
68 -0.3315899968147278 44.29530334472656 49.49494934082031 22 67 38
69 -0.3117484450340271 102.68456268310547 33.33333206176758 65 18 41
70 -0.31027618050575256 60.40268325805664 82.82828521728516 66 24 42
71 -0.3090195655822754 83.55704498291016 32.3232307434082 23 69 43
72 -0.2940935492515564 73.48992919921875 49.49494934082031 16 20 44
73 -0.24503260850906372 85.57047271728516 40.4040412902832 71 72 46
74 -0.23562099039554596 16.10738182067871 15.151515007019043 68 25 49
75 -0.2350391298532486 63.42281723022461 33.33333206176758 26 27 50
76 -0.22408916056156158 106.71141052246094 86.86869049072266 54 73 52
77 -0.2123057246208191 57.38254928588867 74.74747467041016 70 28 53
78 -0.20856285095214844 68.45637512207031 32.3232307434082 75 76 54
79 -0.20571306347846985 48.322147369384766 67.67676544189453 74 77 55
80 -0.18983423709869385 56.37583923339844 83.83838653564453 79 29 57
81 -0.16292919218540192 54.3624153137207 40.4040412902832 78 80 58
82 -0.155852273106575 53.35570526123047 83.83838653564453 81 30 60
83 -0.0925554558634758 54.3624153137207 28.282827377319336 31 32 63
84 -0.09172462671995163 55.3691291809082 30.303030014038086 82 83 65
85 -0.08639372140169144 55.3691291809082 27.272727966308594 33 84 66
86 -0.0805484876036644 58.38926315307617 27.272727966308594 85 34 68
87 -0.07107242941856384 61.40939712524414 26.26262664794922 86 36 71
88 -0.0696137547492981 126.84563446044922 34.34343338012695 35 87 72
89 -0.05499880388379097 59.395973205566406 20.2020206451416 37 38 76
90 -0.048824623227119446 72.48322296142578 26.26262664794922 88 39 78
91 -0.047383494675159454 129.8657684326172 35.35353469848633 90 41 80
92 -0.0423712432384491 55.3691291809082 20.2020206451416 89 42 83
93 -0.04035237058997154 79.53020477294922 28.282827377319336 40 91 84
94 -0.03957798704504967 74.49664306640625 25.252525329589844 43 93 85
95 -0.03296481817960739 51.342281341552734 22.22222137451172 92 94 86
96 -0.017673084512352943 41.275169372558594 78.78787994384766 95 44 88
97 -0.009293464943766594 21.140939712524414 64.6464614868164 96 45 90
98 -0.0016205960419028997 12.080536842346191 66.66666412353516 97 46 93
99 -0.0014713199343532324 0.0 63.6363639831543 47 98 95
100 -0.0014155721291899681 9.060402870178223 64.6464614868164 48 99 96
101 -0.000720153737347573 6.040268421173096 13.13131332397461 100 50 99
102 -0.0007059267954900861 8.053690910339355 12.121212005615234 49 101 101
103 -0.0006394173833541572 10.067113876342773 11.11111068725586 51 102 103
104 -0.0006160400807857513 5.033556938171387 14.141413688659668 52 103 104
