41
0 -0.6296316385269165 148.9932861328125 97.97979736328125 0
1 -0.540635883808136 148.9932861328125 67.67676544189453 1
2 -0.4813940227031708 144.96644592285156 60.60606002807617 2
3 -0.30899786949157715 1.0067113637924194 25.252525329589844 5
4 -0.3077261447906494 0.0 26.26262664794922 6
5 -0.3013837933540344 76.51007080078125 67.67676544189453 8
6 -0.2997679114341736 81.54362487792969 32.3232307434082 9
7 -0.2991556227207184 117.78523254394531 96.96969604492188 10
8 -0.2972439229488373 119.79866027832031 97.97979736328125 11
9 -0.28523412346839905 87.58389282226562 84.8484878540039 13
10 -0.28055116534233093 138.92617797851562 40.4040412902832 14
11 -0.26465466618537903 5.033556938171387 58.58585739135742 18
12 -0.2426358461380005 22.14765167236328 40.4040412902832 19
13 -0.2353917360305786 15.10067081451416 14.141413688659668 20
14 -0.22692687809467316 92.61744689941406 30.303030014038086 22
15 -0.22202779352664948 31.208053588867188 49.49494934082031 23
16 -0.22136190533638 30.20134162902832 50.50505065917969 24
17 -0.1883522868156433 39.26174545288086 71.71717071533203 30
18 -0.18440662324428558 73.48992919921875 24.24242401123047 31
19 -0.16848623752593994 58.38926315307617 20.2020206451416 33
20 -0.16529521346092224 75.50335693359375 25.252525329589844 34
21 -0.16494475305080414 77.51677703857422 27.272727966308594 35
22 -0.15131965279579163 65.43624114990234 36.3636360168457 39
23 -0.15005972981452942 109.7315444946289 33.33333206176758 41
24 -0.13264356553554535 33.22147750854492 18.18181800842285 44
25 -0.13072046637535095 55.3691291809082 81.81818389892578 45
26 -0.10504858195781708 112.75167846679688 34.34343338012695 51
27 -0.10362999886274338 49.328857421875 22.22222137451172 52
28 -0.07414674013853073 40.268455505371094 21.212121963500977 55
29 -0.06844377517700195 43.28858947753906 22.22222137451172 57
30 -0.006719053722918034 21.140939712524414 65.65656280517578 59
31 -0.005291888490319252 0.0 64.6464614868164 60
32 -0.0048660533502697945 148.9932861328125 37.37373733520508 62
33 -0.003860123222693801 9.060402870178223 65.65656280517578 63
34 -0.003271251218393445 11.07382583618164 66.66666412353516 66
35 -0.0024812661577016115 20.134227752685547 68.6868667602539 68
36 -0.0021935561671853065 35.23489761352539 76.7676773071289 69
37 -0.002002311171963811 25.16778564453125 68.6868667602539 72
38 -0.0015697585185989738 28.18791961669922 70.70706939697266 74
39 -0.0015142576303333044 29.194631576538086 72.7272720336914 75
40 -0.00032089839805848897 10.067113876342773 10.1010103225708 79
40
41 -0.47807836532592773 145.97315979003906 61.61616134643555 1 2 3
42 -0.41082775592803955 139.93289184570312 80.8080825805664 0 41 4
43 -0.30705809593200684 1.0067113637924194 26.26262664794922 3 4 7
44 -0.2970276474952698 118.79194641113281 97.97979736328125 7 8 12
45 -0.2734315097332001 82.55033874511719 78.78787994384766 5 9 15
46 -0.27162888646125793 141.94630432128906 42.42424392700195 42 10 16
47 -0.2673846483230591 124.83221435546875 96.96969604492188 44 46 17
48 -0.23135621845722198 110.7382583618164 89.89898681640625 45 47 21
49 -0.21996909379959106 30.20134162902832 49.49494934082031 15 16 25
50 -0.21553868055343628 14.09395980834961 15.151515007019043 43 13 26
51 -0.21133172512054443 29.194631576538086 48.48484802246094 12 49 27
52 -0.2053440511226654 15.10067081451416 51.51515197753906 11 51 28
53 -0.20339733362197876 92.61744689941406 31.31313133239746 6 14 29
54 -0.1707010269165039 25.16778564453125 27.272727966308594 50 52 32
55 -0.16490817070007324 74.49664306640625 25.252525329589844 18 20 36
56 -0.1634272187948227 77.51677703857422 28.282827377319336 53 21 37
57 -0.15963749587535858 76.51007080078125 27.272727966308594 55 56 38
58 -0.15014219284057617 45.3020133972168 47.47474670410156 48 54 40
59 -0.14827632904052734 63.42281723022461 37.37373733520508 22 58 42
60 -0.13456568121910095 107.71812438964844 34.34343338012695 57 23 43
61 -0.12295447289943695 31.208053588867188 18.18181800842285 59 24 46
62 -0.11870801448822021 61.40939712524414 21.212121963500977 19 60 47
63 -0.11574030667543411 32.21476364135742 62.62626266479492 17 61 48
64 -0.11440322548151016 50.3355712890625 79.79798126220703 25 63 49
65 -0.11140314489603043 79.53020477294922 41.41414260864258 62 64 50
66 -0.10330824553966522 111.74496459960938 34.34343338012695 65 26 53
67 -0.08327828347682953 50.3355712890625 21.212121963500977 27 66 54
68 -0.07100258767604828 39.26174545288086 21.212121963500977 67 28 56
69 -0.057324305176734924 46.30872344970703 22.22222137451172 68 29 58
70 -0.004927592817693949 1.0067113637924194 63.6363639831543 69 31 61
71 -0.0036565272603183985 147.986572265625 37.37373733520508 70 32 64
72 -0.0036451583728194237 7.046979904174805 65.65656280517578 33 71 65
73 -0.002990358741953969 11.07382583618164 65.65656280517578 72 34 67
74 -0.0021115578711032867 21.140939712524414 64.6464614868164 30 73 70
75 -0.0020504905842244625 21.140939712524414 67.67676544189453 35 74 71
76 -0.00173016800545156 24.161073684692383 68.6868667602539 75 37 73
77 -0.0014935905346646905 28.18791961669922 69.69696807861328 76 38 76
78 -0.0014501441037282348 29.194631576538086 71.71717071533203 39 77 77
79 -0.001073810737580061 31.208053588867188 73.73737335205078 36 78 78
80 -0.0002810426813084632 12.080536842346191 11.11111068725586 79 40 80
