48
0 -0.6567639112472534 148.9932861328125 100.0 0
1 -0.52729731798172 148.9932861328125 63.6363639831543 1
2 -0.4656822681427002 144.96644592285156 55.55555725097656 2
3 -0.40918171405792236 81.54362487792969 32.3232307434082 5
4 -0.31714963912963867 1.0067113637924194 26.26262664794922 6
5 -0.3159102201461792 2.013422727584839 25.252525329589844 7
6 -0.30066800117492676 73.48992919921875 63.6363639831543 9
7 -0.2923862040042877 84.56375885009766 84.8484878540039 10
8 -0.29114797711372375 92.61744689941406 30.303030014038086 11
9 -0.29103976488113403 120.80536651611328 97.97979736328125 12
10 -0.28741198778152466 73.48992919921875 24.24242401123047 14
11 -0.28642702102661133 15.10067081451416 14.141413688659668 15
12 -0.27680912613868713 12.080536842346191 19.191919326782227 16
13 -0.2759076654911041 13.087247848510742 18.18181800842285 17
14 -0.25160935521125793 75.50335693359375 25.252525329589844 23
15 -0.2512240707874298 109.7315444946289 33.33333206176758 24
16 -0.23302502930164337 58.38926315307617 20.2020206451416 28
17 -0.2226572036743164 5.033556938171387 57.57575607299805 29
18 -0.20893804728984833 112.75167846679688 34.34343338012695 30
19 -0.20645968616008759 24.161073684692383 44.44444274902344 31
20 -0.19477467238903046 33.22147750854492 18.18181800842285 34
21 -0.18234120309352875 49.328857421875 22.22222137451172 37
22 -0.17526650428771973 148.9932861328125 39.39393997192383 39
23 -0.15304984152317047 43.28858947753906 22.22222137451172 42
24 -0.14962300658226013 65.43624114990234 36.3636360168457 43
25 -0.13998518884181976 40.268455505371094 21.212121963500977 45
26 -0.13923507928848267 139.93289184570312 40.4040412902832 46
27 -0.1318504363298416 39.26174545288086 71.71717071533203 51
28 -0.10226161777973175 69.46308898925781 84.8484878540039 54
29 -0.09917137026786804 121.81208038330078 33.33333206176758 55
30 -0.07352732867002487 126.84563446044922 33.33333206176758 59
31 -0.02099633403122425 40.268455505371094 79.79798126220703 61
32 -0.0052572512067854404 21.140939712524414 65.65656280517578 63
33 -0.004270800389349461 0.0 64.6464614868164 64
34 -0.004095420707017183 148.9932861328125 37.37373733520508 66
35 -0.003476206911727786 8.053690910339355 65.65656280517578 67
36 -0.0034637541975826025 5.033556938171387 63.6363639831543 68
37 -0.002694382332265377 20.134227752685547 68.6868667602539 72
38 -0.0024585872888565063 18.120805740356445 68.6868667602539 75
39 -0.0023659139405936003 23.154361724853516 68.6868667602539 77
40 -0.002277260646224022 25.16778564453125 68.6868667602539 79
41 -0.0020996173843741417 33.22147750854492 76.7676773071289 80
42 -0.002099212259054184 35.23489761352539 76.7676773071289 81
43 -0.0017466580029577017 30.20134162902832 72.7272720336914 84
44 -0.0012635678285732865 8.053690910339355 11.11111068725586 87
45 -0.0011443827534094453 10.067113876342773 10.1010103225708 88
46 -0.0010003636125475168 5.033556938171387 13.13131332397461 91
47 -0.0004603234410751611 37.248321533203125 17.171716690063477 93
47
48 -0.4649922549724579 145.97315979003906 57.57575607299805 1 2 3
49 -0.4164305627346039 138.92617797851562 74.74747467041016 0 48 4
50 -0.31530776619911194 1.0067113637924194 25.252525329589844 4 5 8
51 -0.2878563404083252 122.81879425048828 96.96969604492188 49 9 13
52 -0.2757350504398346 10.067113876342773 19.191919326782227 50 12 18
53 -0.27559393644332886 13.087247848510742 19.191919326782227 13 52 19
54 -0.26747098565101624 92.61744689941406 31.31313133239746 3 8 20
55 -0.26135507225990295 79.53020477294922 75.75757598876953 6 7 21
56 -0.25980862975120544 15.10067081451416 15.151515007019043 11 53 22
57 -0.25040584802627563 74.49664306640625 25.252525329589844 10 14 25
58 -0.24362193048000336 76.51007080078125 27.272727966308594 54 57 26
59 -0.24309398233890533 103.69127655029297 90.90908813476562 51 55 27
60 -0.20147503912448883 103.69127655029297 33.33333206176758 15 58 32
61 -0.1996425837278366 112.75167846679688 35.35353469848633 18 60 33
62 -0.1890641152858734 17.114093780517578 52.52525329589844 17 19 35
63 -0.18569016456604004 31.208053588867188 19.191919326782227 56 20 36
64 -0.17976684868335724 62.416107177734375 21.212121963500977 16 61 38
65 -0.17015136778354645 148.9932861328125 40.4040412902832 59 22 40
66 -0.15420587360858917 2.013422727584839 47.47474670410156 62 63 41
67 -0.1490073800086975 65.43624114990234 37.37373733520508 65 24 44
68 -0.13909131288528442 140.93959045410156 40.4040412902832 67 26 47
69 -0.13870640099048615 82.55033874511719 43.43434524536133 64 68 48
70 -0.137908473610878 52.34899139404297 22.22222137451172 21 69 49
71 -0.1347985863685608 40.268455505371094 22.22222137451172 66 25 50
72 -0.12625432014465332 41.275169372558594 22.22222137451172 23 71 52
73 -0.11909510940313339 45.3020133972168 23.232322692871094 70 72 53
74 -0.097232885658741 121.81208038330078 34.34343338012695 73 29 56
75 -0.0958484560251236 70.46979522705078 83.83838653564453 28 74 57
76 -0.09469714760780334 50.3355712890625 77.77777862548828 27 75 58
77 -0.06503166258335114 125.83892822265625 33.33333206176758 76 30 60
78 -0.01744312047958374 40.268455505371094 78.78787994384766 77 31 62
79 -0.004268617369234562 0.0 63.6363639831543 78 33 65
80 -0.003440634813159704 6.040268421173096 63.6363639831543 79 36 69
81 -0.0032423590309917927 8.053690910339355 64.6464614868164 35 80 70
82 -0.003064436838030815 20.134227752685547 65.65656280517578 32 81 71
83 -0.0026078352238982916 147.986572265625 37.37373733520508 34 82 73
84 -0.0025670339819043875 19.127517700195312 67.67676544189453 37 83 74
85 -0.002427223604172468 19.127517700195312 68.6868667602539 84 38 76
86 -0.0023635639809072018 22.14765167236328 68.6868667602539 85 39 78
87 -0.0020986662711948156 26.174495697021484 67.67676544189453 86 40 82
88 -0.0020966886077076197 34.228187561035156 76.7676773071289 41 42 83
89 -0.0015889059286564589 32.21476364135742 73.73737335205078 88 43 85
90 -0.0014561560237780213 32.21476364135742 71.71717071533203 87 89 86
91 -0.001122305286116898 9.060402870178223 10.1010103225708 44 45 89
92 -0.0011018209625035524 7.046979904174805 11.11111068725586 90 91 90
93 -0.0009636748000048101 6.040268421173096 13.13131332397461 92 46 92
94 -0.00025940098566934466 37.248321533203125 18.18181800842285 93 47 94
