40
0 -0.5795699954032898 148.9932861328125 98.98989868164062 0
1 -0.5051929950714111 148.9932861328125 71.71717071533203 1
2 -0.4930618107318878 142.95301818847656 59.5959587097168 2
3 -0.49245837330818176 141.94630432128906 60.60606002807617 3
4 -0.32995566725730896 81.54362487792969 32.3232307434082 7
5 -0.31698793172836304 124.83221435546875 55.55555725097656 8
6 -0.2933199405670166 2.013422727584839 26.26262664794922 10
7 -0.28485366702079773 76.51007080078125 66.66666412353516 11
8 -0.27545616030693054 138.92617797851562 40.4040412902832 12
9 -0.2433800846338272 4.026845455169678 60.60606002807617 14
10 -0.2433082014322281 5.033556938171387 57.57575607299805 15
11 -0.2360001802444458 92.61744689941406 30.303030014038086 17
12 -0.23170404136180878 25.16778564453125 44.44444274902344 18
13 -0.21329692006111145 38.255035400390625 70.70706939697266 20
14 -0.21318696439266205 109.7315444946289 33.33333206176758 21
15 -0.17596115171909332 15.10067081451416 14.141413688659668 25
16 -0.1661660373210907 75.50335693359375 25.252525329589844 27
17 -0.15391583740711212 115.77181243896484 98.98989868164062 31
18 -0.15255209803581238 113.75839233398438 97.97979736328125 32
19 -0.14647376537322998 54.3624153137207 82.82828521728516 35
20 -0.14435197412967682 60.40268325805664 82.82828521728516 36
21 -0.12991060316562653 148.9932861328125 39.39393997192383 38
22 -0.09958900511264801 58.38926315307617 20.2020206451416 43
23 -0.0800086185336113 69.46308898925781 84.8484878540039 45
24 -0.02853822149336338 121.81208038330078 33.33333206176758 47
25 -0.011334528215229511 124.83221435546875 32.3232307434082 49
26 -0.004828606732189655 0.0 64.6464614868164 51
27 -0.004449634347110987 21.140939712524414 65.65656280517578 53
28 -0.004005875904113054 148.9932861328125 37.37373733520508 54
29 -0.003464384702965617 9.060402870178223 65.65656280517578 55
30 -0.0030572356190532446 11.07382583618164 66.66666412353516 57
31 -0.002590784104540944 20.134227752685547 68.6868667602539 59
32 -0.0020032464526593685 25.16778564453125 68.6868667602539 63
33 -0.0019074664451181889 35.23489761352539 76.7676773071289 64
34 -0.0017876335186883807 12.080536842346191 11.11111068725586 65
35 -0.0017664264887571335 16.10738182067871 10.1010103225708 66
36 -0.00171227368991822 8.053690910339355 11.11111068725586 70
37 -0.0014281074982136488 5.033556938171387 13.13131332397461 72
38 -0.001355901942588389 29.194631576538086 72.7272720336914 74
39 -0.0013012466952204704 4.026845455169678 14.141413688659668 75
39
40 -0.4923819899559021 142.95301818847656 60.60606002807617 2 3 4
41 -0.44359949231147766 146.9798583984375 62.62626266479492 1 40 5
42 -0.4238879382610321 143.95973205566406 82.82828521728516 0 41 6
43 -0.3097178339958191 126.84563446044922 59.5959587097168 42 5 9
44 -0.2695648670196533 140.93959045410156 42.42424392700195 43 8 13
45 -0.2394893914461136 5.033556938171387 59.5959587097168 9 10 16
46 -0.22426174581050873 92.61744689941406 31.31313133239746 4 11 19
47 -0.21164563298225403 15.10067081451416 49.49494934082031 45 12 22
48 -0.2037186622619629 106.71141052246094 35.35353469848633 46 14 23
49 -0.17724540829658508 25.16778564453125 28.282827377319336 6 47 24
50 -0.16688087582588196 15.10067081451416 15.151515007019043 49 15 26
51 -0.16107091307640076 81.54362487792969 44.44444274902344 7 48 28
52 -0.1598788946866989 111.74496459960938 43.43434524536133 44 51 29
53 -0.15655846893787384 75.50335693359375 27.272727966308594 16 52 30
54 -0.15100987255573273 113.75839233398438 96.96969604492188 53 18 33
55 -0.15089713037014008 114.76509857177734 97.97979736328125 17 54 34
56 -0.1384722739458084 58.38926315307617 81.81818389892578 19 20 37
57 -0.12649397552013397 51.342281341552734 80.8080825805664 13 56 39
58 -0.1251295506954193 148.9932861328125 41.41414260864258 55 21 40
59 -0.11911923438310623 47.31543731689453 45.45454406738281 50 58 41
60 -0.10697481781244278 34.228187561035156 60.60606002807617 57 59 42
61 -0.08890655636787415 60.40268325805664 21.212121963500977 60 22 44
62 -0.07932685315608978 68.45637512207031 84.8484878540039 61 23 46
63 -0.02686384879052639 120.80536651611328 33.33333206176758 62 24 48
64 -0.010030184872448444 123.82550048828125 32.3232307434082 63 25 50
65 -0.004571062512695789 0.0 63.6363639831543 64 26 52
66 -0.0032515961211174726 7.046979904174805 65.65656280517578 65 29 56
67 -0.002891838550567627 11.07382583618164 65.65656280517578 66 30 58
68 -0.0024467066396027803 147.986572265625 37.37373733520508 28 67 60
69 -0.002116741146892309 19.127517700195312 64.6464614868164 27 68 61
70 -0.0020132253412157297 17.114093780517578 66.66666412353516 31 69 62
71 -0.0017597872065380216 24.161073684692383 68.6868667602539 70 32 67
72 -0.0017385059036314487 14.09395980834961 11.11111068725586 34 71 68
73 -0.0017342789797112346 17.114093780517578 10.1010103225708 35 72 69
74 -0.0016122423112392426 9.060402870178223 11.11111068725586 73 36 71
75 -0.0013616342330351472 6.040268421173096 13.13131332397461 74 37 73
76 -0.0012182033387944102 5.033556938171387 14.141413688659668 75 39 76
77 -0.0011371708242222667 32.21476364135742 73.73737335205078 33 38 77
78 -0.0010840074392035604 38.255035400390625 77.77777862548828 76 77 78
