83
0 -0.9950031763589461 0.5 1.3507795333862305 0
1 -0.9696258376886465 0.010067113675177097 1.1102449893951416 1
2 -0.7795327318278225 0.043624162673950195 0.6158128976821899 2
3 -0.7403185956285578 0.03691275045275688 0.602449893951416 3
4 -0.7180144724154465 0.03691275045275688 0.5556792616844177 5
5 -0.712535452904748 -0.02348993346095085 0.42204898595809937 6
6 -0.7068758810712638 -0.016778523102402687 0.4153674840927124 7
7 -0.7057691116871464 -0.030201341956853867 0.4287305176258087 8
8 -0.6974783659469852 -0.08389262109994888 0.7761692404747009 9
9 -0.6929246073107677 0.05033557116985321 0.5489977598190308 10
10 -0.6899912456139263 -0.010067113675177097 0.40868598222732544 11
11 -0.6839118872874015 0.057046979665756226 0.5556792616844177 15
12 -0.6789131480417184 -0.003355704713612795 0.37527838349342346 17
13 -0.6777738539534901 -0.003355704713612795 0.3886414170265198 18
14 -0.6674414069717876 -0.003355704713612795 0.3552338480949402 22
15 -0.6659285495346919 -0.06375838816165924 0.7962138056755066 23
16 -0.6638933993450249 -0.057046979665756226 0.7895323038101196 24
17 -0.6515530758120132 -0.03691275045275688 0.7895323038101196 27
18 -0.6511354931502672 -0.003355704713612795 0.288418710231781 28
19 -0.6300649842969683 0.003355704713612795 0.2416481077671051 32
20 -0.624379332887095 0.003355704713612795 0.7895323038101196 33
21 -0.6044153710993317 0.15100671350955963 1.7115813493728638 35
22 -0.591226571381003 0.05033557116985321 1.4510022401809692 38
23 -0.5605051504500954 -0.15771812200546265 0.929844081401825 39
24 -0.5484198002315978 -0.003355704713612795 0.1481069028377533 40
25 -0.5414279518204512 -0.07718120515346527 1.2037861347198486 42
26 -0.5198299039003771 -0.21812079846858978 1.1636971235275269 44
27 -0.5121618079352755 0.11744966357946396 1.3173719644546509 45
28 -0.49435803897116204 0.02348993346095085 1.3775055408477783 46
29 -0.4843236858077007 0.2785235047340393 1.8652560710906982 47
30 -0.4778517818455799 0.2718120813369751 1.8786191940307617 49
31 -0.47495659376306104 -0.14429530501365662 1.0167038440704346 51
32 -0.4590502675151988 0.057046979665756226 1.3173719644546509 52
33 -0.45660274938157086 -0.003355704713612795 1.304008960723877 54
34 -0.44801142968012336 0.29865771532058716 1.4977728128433228 56
35 -0.44573339396790984 0.010067113675177097 0.4755011200904846 58
36 -0.4444185452901537 0.02348993346095085 0.4821826219558716 60
37 -0.43618814097383624 0.12416107207536697 1.8118040561676025 63
38 -0.426180895405451 0.19798657298088074 1.5579065084457397 65
39 -0.4255179766812776 0.15100671350955963 1.798440933227539 66
40 -0.4015939695606551 -0.29865771532058716 1.150334119796753 70
41 -0.3975488310563652 -0.29194632172584534 1.1837416887283325 71
42 -0.3886781439447339 -0.016778523102402687 0.8897550106048584 75
43 -0.38559964927874996 0.03691275045275688 -0.09910912811756134 78
44 -0.3846068635568173 -0.03691275045275688 -0.09910912811756134 79
45 -0.37598093290113627 0.05033557116985321 -0.11247216165065765 80
46 -0.37437180043985013 -0.05033557116985321 -0.11247216165065765 81
47 -0.3666850833368909 0.057046979665756226 -0.12583519518375397 83
48 -0.3647590824414092 -0.057046979665756226 -0.12583519518375397 84
49 -0.362481744685893 0.02348993346095085 -0.09242761880159378 85
50 -0.3615766356710014 -0.02348993346095085 -0.09242761880159378 86
51 -0.35114116652287164 -0.1778523474931717 1.0567928552627563 91
52 -0.3259438969588966 0.06375838816165924 -0.1391982138156891 96
53 -0.3235588226912882 -0.06375838816165924 -0.1391982138156891 97
54 -0.31898963918981976 -0.08389262109994888 1.3775055408477783 99
55 -0.3188373846759866 -0.0906040295958519 1.38418710231781 100
56 -0.30336940624002334 -0.37919461727142334 1.1236079931259155 104
57 -0.3033560270776602 -0.38590604066848755 1.1369709968566895 105
58 -0.2982029263756931 0.1845637559890747 0.7227171659469604 107
59 -0.29642100398536003 0.19127516448497772 0.7293986678123474 108
60 -0.29066056005880053 -0.3120805323123932 1.2572382688522339 112
61 -0.2906149510758182 -0.30536913871765137 1.2706013917922974 113
62 -0.28470416450226727 0.016778523102402687 -0.08574610203504562 119
63 -0.28034332967312836 -0.13087248802185059 1.4242761135101318 121
64 -0.2794804736476434 0.057046979665756226 -0.17260579764842987 123
65 -0.2774122590922447 -0.057046979665756226 -0.17260579764842987 124
66 -0.2438681042204958 -0.5 1.1570155620574951 126
67 -0.2161345675632288 0.5 1.858574628829956 132
68 -0.20671604454089523 0.043624162673950195 1.9788419008255005 134
69 -0.20621040865418042 0.03691275045275688 1.9654788970947266 135
70 -0.19941852624156414 -0.05033557116985321 -0.19265033304691315 137
71 -0.18447428635369426 0.14429530501365662 1.0167038440704346 139
72 -0.17163848959646488 0.224832221865654 1.217149257659912 142
73 -0.1656505735727472 -0.043624162673950195 -0.1993318498134613 144
74 -0.13082006515151082 -0.03691275045275688 -0.20601336658000946 147
75 -0.12633809922129474 0.24496644735336304 1.1169265508651733 148
76 -0.12615364208411153 0.21812079846858978 1.1169265508651733 149
77 -0.12302382940428407 0.2651006579399109 1.1236079931259155 152
78 -0.12257153373874849 0.08389262109994888 0.769487738609314 153
79 -0.12184022001019766 0.0906040295958519 0.7761692404747009 155
80 -0.1206895849842973 -0.224832221865654 0.8496659398078918 157
81 -0.05746618524749809 -0.5 2.5 161
82 -0.02717592608868493 -0.231543630361557 0.762806236743927 163
82
83 -0.7196396355829754 0.03691275045275688 0.609131395816803 2 3 4
84 -0.6898940297398247 -0.02348993346095085 0.4287305176258087 5 7 12
85 -0.6885152895358112 0.043624162673950195 0.5489977598190308 4 9 13
86 -0.6861997347152502 0.03691275045275688 0.5757238268852234 83 85 14
87 -0.6825469374288788 0.057046979665756226 0.5489977598190308 86 11 16
88 -0.6743409717253509 -0.003355704713612795 0.3819599151611328 12 13 19
89 -0.6736282432790922 -0.016778523102402687 0.42204898595809937 6 84 20
90 -0.67310730364012 -0.003355704713612795 0.3953229486942291 10 88 21
91 -0.6635175497863374 -0.06375838816165924 0.7895323038101196 15 16 25
92 -0.6578180255549028 -0.07046979665756226 0.7962138056755066 8 91 26
93 -0.647207704951703 -0.043624162673950195 0.7895323038101196 92 17 29
94 -0.6445464767370507 -0.003355704713612795 0.36191537976264954 90 14 30
95 -0.6421676980663586 -0.016778523102402687 0.40868598222732544 89 94 31
96 -0.6189594897806361 -0.003355704713612795 0.3017817437648773 18 95 34
97 -0.5994389227698435 -0.010067113675177097 0.7828508019447327 93 20 36
98 -0.5992268468478303 0.003355704713612795 0.26837417483329773 19 96 37
99 -0.5475291161470517 -0.003355704713612795 0.15478841960430145 98 24 41
100 -0.5399056865970319 -0.06375838816165924 1.1971046924591064 1 25 43
101 -0.4815109782575649 0.030201341956853867 1.3908685445785522 22 28 48
102 -0.4772765381354728 0.2785235047340393 1.8786191940307617 29 30 50
103 -0.45720861912228095 0.05033557116985321 1.3307349681854248 101 32 53
104 -0.4521073055166712 0.010067113675177097 1.3173719644546509 103 33 55
105 -0.44749484072126644 0.07718120515346527 1.3106904029846191 27 104 57
106 -0.445171254201494 -0.016778523102402687 1.2906458377838135 100 105 59
107 -0.4411400515195849 -0.15100671350955963 0.9832962155342102 23 31 61
108 -0.43852103299444106 0.016778523102402687 0.4821826219558716 35 36 62
109 -0.42732676991163354 -0.010067113675177097 0.46881958842277527 99 108 64
110 -0.4233176574659001 0.15771812200546265 1.798440933227539 21 39 67
111 -0.4230285398467149 0.14429530501365662 1.798440933227539 37 110 68
112 -0.40409727619084646 0.15771812200546265 1.4910913705825806 106 38 69
113 -0.39488993762891256 -0.29194632172584534 1.1770601272583008 40 41 72
114 -0.394603098810469 -0.29194632172584534 1.1904231309890747 26 113 73
115 -0.39235134029193647 -0.15771812200546265 1.2037861347198486 112 114 74
116 -0.38673259739634386 0.19127516448497772 1.5979955196380615 111 115 76
117 -0.3863676719122517 0.043624162673950195 0.4955456554889679 87 109 77
118 -0.3677243641989992 -0.016778523102402687 0.8763920068740845 97 42 82
119 -0.3558795156165988 0.02348993346095085 0.6893095970153809 117 118 87
120 -0.3557423128614503 0.003355704713612795 0.923162579536438 116 119 88
121 -0.35328814825879123 0.030201341956853867 -0.09242761880159378 43 49 89
122 -0.3522117689187038 0.2651006579399109 1.7850779294967651 102 120 90
123 -0.35089372087957243 -0.1778523474931717 1.0501114130020142 107 51 92
124 -0.3507657356253753 0.057046979665756226 -0.11915367841720581 45 47 93
125 -0.350407385607331 -0.1845637559890747 1.0567928552627563 122 123 94
126 -0.33524898771587786 0.2651006579399109 1.5445433855056763 34 125 95
127 -0.31981253081600375 -0.05033557116985321 -0.1057906448841095 44 46 98
128 -0.3185123947345148 -0.08389262109994888 1.38418710231781 54 55 101
129 -0.3149934888246324 -0.06375838816165924 -0.13251669704914093 48 53 102
130 -0.3148577804135864 -0.06375838816165924 1.3775055408477783 126 128 103
131 -0.3028538460570601 -0.37919461727142334 1.1302895545959473 56 57 106
132 -0.29493780397670233 -0.030201341956853867 -0.09910912811756134 50 127 109
133 -0.2926243693043831 0.19127516448497772 0.7227171659469604 58 59 110
134 -0.29203692454632907 -0.3590604066848755 1.1102449893951416 130 131 111
135 -0.29040298971621753 -0.057046979665756226 -0.11247216165065765 129 132 114
136 -0.290237586897297 -0.3120805323123932 1.2639198303222656 60 61 115
137 -0.2902066369429713 -0.29865771532058716 1.2772828340530396 134 136 116
138 -0.28665130381825893 0.06375838816165924 -0.12583519518375397 124 52 117
139 -0.28494166849617086 0.043624162673950195 -0.1057906448841095 121 138 118
140 -0.2809434851263196 0.02348993346095085 -0.08574610203504562 139 62 120
141 -0.27952290920467493 -0.13087248802185059 1.4175946712493896 137 63 122
142 -0.2711864527821387 0.06375838816165924 -0.1659242808818817 140 64 125
143 -0.24022785292640936 -0.47315436601638794 1.1570155620574951 141 66 127
144 -0.23510983290412885 -0.06375838816165924 -0.17260579764842987 135 65 128
145 -0.2245480301637914 0.010067113675177097 -0.07906458526849747 142 143 129
146 -0.22342821854096095 -0.010067113675177097 -0.07906458526849747 144 145 130
147 -0.2177637747225713 0.39261746406555176 1.4844098091125488 0 146 131
148 -0.21587461783285436 0.47315436601638794 1.858574628829956 147 67 133
149 -0.2059823287029127 0.03691275045275688 1.9721603393554688 68 69 136
150 -0.19776729942677662 0.057046979665756226 1.9654788970947266 148 149 138
151 -0.18096220237023794 0.12416107207536697 1.0167038440704346 150 71 140
152 -0.17280201305150794 -0.05033557116985321 -0.185968816280365 70 151 141
153 -0.16741488250379133 0.21140938997268677 1.2238306999206543 152 72 143
154 -0.14993138674861997 0.12416107207536697 0.6692650318145752 133 153 145
155 -0.145028804335905 -0.05033557116985321 -0.1993318498134613 73 154 146
156 -0.12612372111225595 0.21140938997268677 1.1169265508651733 155 76 150
157 -0.12553457010367758 0.231543630361557 1.1169265508651733 75 156 151
158 -0.1222884477783321 0.25838926434516907 1.1236079931259155 157 77 154
159 -0.1216836643265091 0.0906040295958519 0.769487738609314 78 79 156
160 -0.12055504440355107 -0.043624162673950195 -0.20601336658000946 74 158 158
161 -0.11929299781766617 -0.224832221865654 0.8563474416732788 80 160 159
162 -0.10223209822050298 0.07718120515346527 0.769487738609314 159 161 160
163 -0.0568981177598637 -0.37919461727142334 2.5 162 81 162
164 -0.026595894370853232 -0.231543630361557 0.75612473487854 163 82 164
