86
0 -0.8615989553898362 -0.12416107207536697 1.076837420463562 0
1 -0.855710101719368 -0.10402684658765793 1.0835189819335938 1
2 -0.79779604849233 -0.08389262109994888 1.170378565788269 3
3 -0.7908390949812258 0.5 1.063474416732788 4
4 -0.7891557565332011 0.016778523102402687 0.5089086890220642 5
5 -0.7593561747866746 0.02348993346095085 0.5222716927528381 6
6 -0.7204180027198157 0.010067113675177097 0.4621380865573883 9
7 -0.7138376057275352 -0.07046979665756226 1.3307349681854248 10
8 -0.7134351368296241 0.003355704713612795 0.448775053024292 11
9 -0.7121650405274363 -0.03691275045275688 0.6759465336799622 12
10 -0.7091455186698112 0.003355704713612795 0.7227171659469604 13
11 -0.7064200169629098 -0.003355704713612795 0.4153674840927124 14
12 -0.6871255674339203 -0.057046979665756226 1.564587950706482 17
13 -0.6724420195431545 0.003355704713612795 0.3552338480949402 18
14 -0.6706634560926755 -0.003355704713612795 0.28173720836639404 20
15 -0.6482920854368944 -0.21140938997268677 1.2639198303222656 22
16 -0.6397466781554078 -0.003355704713612795 0.20155902206897736 23
17 -0.6397139279731456 -0.003355704713612795 0.3218262791633606 24
18 -0.6254605271351125 -0.13087248802185059 1.2104676961898804 28
19 -0.6239931457619987 -0.15771812200546265 1.24387526512146 29
20 -0.61326008280353 -0.08389262109994888 1.5445433855056763 32
21 -0.5987502486499071 -0.15771812200546265 1.4977728128433228 35
22 -0.5807942556474802 -0.1375838965177536 1.324053406715393 37
23 -0.5764071119887181 0.25838926434516907 1.9120267629623413 39
24 -0.5551230202705408 0.1778523474931717 1.8318485021591187 41
25 -0.5534011580070195 0.14429530501365662 0.7962138056755066 42
26 -0.5499602798066054 0.15771812200546265 1.8385300636291504 43
27 -0.5450823105527233 0.20469798147678375 1.5244989395141602 45
28 -0.5366706438002269 0.14429530501365662 1.8452116250991821 46
29 -0.5013157701841713 -0.030201341956853867 0.5155901908874512 50
30 -0.49031311369971425 0.11744966357946396 1.858574628829956 51
31 -0.48584849591481566 0.003355704713612795 0.916481077671051 54
32 -0.4518714826215349 0.1845637559890747 1.5913140773773193 55
33 -0.3958105367526932 0.3322147727012634 1.4910913705825806 58
34 -0.3920333319797089 0.03691275045275688 -0.09910912811756134 59
35 -0.3916954176776493 -0.03691275045275688 -0.09910912811756134 60
36 -0.38743062904902603 0.05033557116985321 -0.11247216165065765 61
37 -0.3862503776379623 -0.05033557116985321 -0.11247216165065765 62
38 -0.3861216924058012 0.43959730863571167 1.38418710231781 63
39 -0.3806006151585723 0.057046979665756226 -0.12583519518375397 65
40 -0.3789115932596846 -0.057046979665756226 -0.12583519518375397 66
41 -0.3646886355776641 -0.02348993346095085 -0.09242761880159378 67
42 -0.36432244930274527 0.02348993346095085 -0.09242761880159378 69
43 -0.36371759628773714 0.030201341956853867 0.5757238268852234 70
44 -0.35318976432502325 -0.02348993346095085 1.6514476537704468 77
45 -0.3491782679507379 -0.016778523102402687 1.644766092300415 78
46 -0.3432004653971293 0.06375838816165924 -0.1391982138156891 81
47 -0.3409166984645077 -0.06375838816165924 -0.1391982138156891 82
48 -0.3295618767851881 -0.37919461727142334 1.2572382688522339 86
49 -0.32047397970882907 0.39261746406555176 1.0367482900619507 87
50 -0.32014570966115324 0.3993288576602936 1.0233852863311768 88
51 -0.31942666428797695 0.19127516448497772 0.9031180143356323 91
52 -0.31781716119221276 0.1845637559890747 0.8964365124702454 93
53 -0.31385581214514646 0.48657718300819397 1.9253897666931152 95
54 -0.31272540021535916 0.4932885766029358 1.9053452014923096 96
55 -0.3116160294093239 0.057046979665756226 1.24387526512146 98
56 -0.3115519914835503 -0.43959730863571167 1.2238306999206543 99
57 -0.3103366699986744 0.05033557116985321 1.2706013917922974 100
58 -0.30494890937517993 0.05033557116985321 1.8986636400222778 103
59 -0.304260158463089 0.06375838816165924 1.230512261390686 105
60 -0.2971152992373053 0.057046979665756226 -0.17260579764842987 109
61 -0.2947329244351214 -0.057046979665756226 -0.17260579764842987 112
62 -0.27905332569283176 0.043624162673950195 1.9053452014923096 118
63 -0.2779188064688854 -0.003355704713612795 1.2839643955230713 120
64 -0.277273101149695 0.003355704713612795 1.2906458377838135 121
65 -0.2751391529956079 0.010067113675177097 1.2973273992538452 123
66 -0.26617281339684673 0.016778523102402687 1.324053406715393 127
67 -0.24556125671226187 0.0906040295958519 1.1302895545959473 130
68 -0.21478874259740371 -0.05033557116985321 -0.19265033304691315 135
69 -0.19042641491538218 -0.3322147727012634 1.090200424194336 136
70 -0.18947628467050698 0.030201341956853867 1.9922049045562744 138
71 -0.18901119780826772 0.15771812200546265 1.2371938228607178 139
72 -0.18631844927072624 -0.3255033493041992 1.0835189819335938 141
73 -0.18610453755240605 0.043624162673950195 2.01224946975708 142
74 -0.18548109095828424 -0.07718120515346527 0.5155901908874512 143
75 -0.178493168644408 -0.043624162673950195 -0.1993318498134613 149
76 -0.1419345010378413 -0.03691275045275688 -0.20601336658000946 151
77 -0.13246240318486907 -0.05033557116985321 2.0590200424194336 153
78 -0.1311138167754949 -0.03691275045275688 2.0790646076202393 154
79 -0.13058403705837454 -0.030201341956853867 2.0924277305603027 155
80 -0.12988775935315358 -0.057046979665756226 2.04565691947937 157
81 -0.12034433540880737 0.09731543809175491 2.159242868423462 160
82 -0.11698027489532296 -0.010067113675177097 2.038975477218628 162
83 -0.10747766979556604 -0.003355704713612795 2.5 165
84 -0.10504328525469568 -0.33892616629600525 1.5111358165740967 167
85 -0.07163623740071559 -0.5 2.5 169
85
86 -0.8425857966754977 -0.11073825508356094 1.076837420463562 0 1 2
87 -0.7569062250669731 -0.09731543809175491 1.1570155620574951 86 2 7
88 -0.7544599268307713 0.016778523102402687 0.5222716927528381 4 5 8
89 -0.6955621504782902 0.010067113675177097 0.4755011200904846 88 6 15
90 -0.6888716031633171 0.003355704713612795 0.45545658469200134 8 89 16
91 -0.6724381351613598 -0.003355704713612795 0.4354120194911957 11 90 19
92 -0.6558841237038742 0.003355704713612795 0.37527838349342346 13 91 21
93 -0.6379020927234808 -0.003355704713612795 0.32850778102874756 92 17 25
94 -0.6322214243098236 -0.003355704713612795 0.3084632456302643 14 93 26
95 -0.6282589517217102 -0.003355704713612795 0.22160355746746063 16 94 27
96 -0.6237451487951154 -0.12416107207536697 1.2104676961898804 87 18 30
97 -0.6179122137483688 -0.14429530501365662 1.230512261390686 19 96 31
98 -0.6112454069093931 -0.07718120515346527 1.537861943244934 12 20 33
99 -0.6050077963549284 -0.17114093899726868 1.2505568265914917 15 97 34
100 -0.5897864367712554 -0.11073825508356094 1.2906458377838135 7 99 36
101 -0.5806711383426205 -0.1375838965177536 1.3173719644546509 100 22 38
102 -0.570990196633844 -0.016778523102402687 0.7026726007461548 9 10 40
103 -0.5475666192306192 0.16442953050136566 1.8318485021591187 24 26 44
104 -0.5322287422953156 0.14429530501365662 1.8385300636291504 103 28 47
105 -0.5308503398837926 0.231543630361557 1.8318485021591187 23 104 48
106 -0.5240042879410942 -0.11073825508356094 1.5178173780441284 98 21 49
107 -0.4891930226405385 -0.11073825508356094 1.4242761135101318 101 106 52
108 -0.48808194958036594 0.12416107207536697 1.858574628829956 105 30 53
109 -0.44039550984751613 0.20469798147678375 1.5779509544372559 27 32 56
110 -0.4018304693102546 -0.003355704713612795 0.5089086890220642 95 29 57
111 -0.3836687970737428 -0.010067113675177097 0.9899777173995972 107 31 64
112 -0.3645333882931614 0.057046979665756226 -0.11915367841720581 36 39 68
113 -0.3628812308832233 0.003355704713612795 0.8429844379425049 102 111 71
114 -0.3619336794464529 0.07718120515346527 0.8095768094062805 25 113 72
115 -0.3592397942063657 0.21812079846858978 1.6848552227020264 108 109 73
116 -0.35836070795682223 0.030201341956853867 -0.09242761880159378 34 42 74
117 -0.3560722711044733 0.03691275045275688 0.5690423250198364 110 43 75
118 -0.3542967205340528 0.29865771532058716 1.5178173780441284 33 115 76
119 -0.3485010976300343 -0.016778523102402687 1.6514476537704468 44 45 79
120 -0.34746531225836746 -0.030201341956853867 1.6380846500396729 114 119 80
121 -0.33994240002106674 0.0906040295958519 1.4576836824417114 118 120 83
122 -0.3323626669269851 -0.06375838816165924 -0.13251669704914093 40 47 84
123 -0.33148180926943926 -0.043624162673950195 -0.09910912811756134 35 37 85
124 -0.3198388050664268 0.016778523102402687 0.602449893951416 117 121 89
125 -0.31978741394477883 0.39261746406555176 1.0300668478012085 49 50 90
126 -0.3192915261572375 0.4127516746520996 1.0100222826004028 3 125 92
127 -0.3175076299734209 0.19127516448497772 0.8964365124702454 51 52 94
128 -0.31205492316895933 0.48657718300819397 1.9120267629623413 53 54 97
129 -0.309614038473173 0.05033557116985321 1.2639198303222656 55 57 101
130 -0.306493365545422 -0.057046979665756226 -0.11247216165065765 122 123 102
131 -0.3046260869792102 0.06375838816165924 -0.12583519518375397 112 46 104
132 -0.30406623782096154 0.06375838816165924 1.2371938228607178 129 59 106
133 -0.3024214747853422 -0.03691275045275688 -0.09242761880159378 41 130 107
134 -0.301733026521692 0.05033557116985321 1.8919821977615356 124 58 108
135 -0.2965636052231407 -0.4194630980491638 1.2371938228607178 48 56 110
136 -0.29631795428217356 0.05033557116985321 1.3173719644546509 132 134 111
137 -0.2933714253799569 -0.33892616629600525 1.304008960723877 135 136 113
138 -0.29168112932908413 0.043624162673950195 -0.1057906448841095 116 131 114
139 -0.29150594983474515 0.1845637559890747 0.8763920068740845 127 137 115
140 -0.2900848512829348 0.06375838816165924 -0.1659242808818817 60 138 116
141 -0.28226749425116104 0.4597315490245819 1.9120267629623413 128 139 117
142 -0.27796130109282513 0.043624162673950195 1.8986636400222778 141 62 119
143 -0.2758428290132793 -0.003355704713612795 1.2772828340530396 142 63 122
144 -0.27510653328593737 0.003355704713612795 1.2839643955230713 64 143 124
145 -0.2687352650535264 0.003355704713612795 1.2973273992538452 65 144 125
146 -0.2682974947347199 0.4127516746520996 1.4643652439117432 38 145 126
147 -0.2660180436000387 0.016778523102402687 1.3307349681854248 146 66 128
148 -0.25461648434858836 -0.06375838816165924 -0.17260579764842987 133 61 129
149 -0.2438289613089408 0.07718120515346527 1.1302895545959473 147 67 131
150 -0.22574011780153888 -0.010067113675177097 -0.07906458526849747 148 149 132
151 -0.22357234384199656 0.010067113675177097 -0.08574610203504562 140 150 133
152 -0.21864838967657121 0.5 1.2505568265914917 126 151 134
153 -0.19031448888163305 -0.33892616629600525 1.090200424194336 152 69 137
154 -0.18656212010531797 0.030201341956853867 1.9788419008255005 153 70 140
155 -0.1854215115443482 -0.07718120515346527 0.5222716927528381 154 74 144
156 -0.185372906320822 0.15100671350955963 1.24387526512146 71 155 145
157 -0.18522771540716582 0.03691275045275688 2.01224946975708 73 156 146
158 -0.1848184837376309 -0.3322147727012634 1.0835189819335938 72 157 147
159 -0.18429608533874 -0.05033557116985321 -0.185968816280365 68 158 148
160 -0.16147123547641096 -0.05033557116985321 -0.1993318498134613 159 75 150
161 -0.13513891882311518 -0.043624162673950195 -0.20601336658000946 160 76 152
162 -0.1301538834893849 -0.03691275045275688 2.0857460498809814 78 79 156
163 -0.12875754017743238 -0.043624162673950195 2.0790646076202393 77 162 158
164 -0.1279029059344877 -0.057046979665756226 2.0523386001586914 80 163 159
165 -0.12022547463080367 0.10402684658765793 2.1726057529449463 161 81 161
166 -0.11191416412049114 -0.003355704713612795 2.0256123542785645 165 82 163
167 -0.11180849889651923 -0.02348993346095085 2.072383165359497 164 166 164
168 -0.10706904724982212 0.030201341956853867 2.5 167 83 166
169 -0.10497473627613492 -0.3322147727012634 1.5111358165740967 168 84 168
170 -0.0712523620304382 -0.37919461727142334 2.5 169 85 170
