108
0 -0.9612446621767703 -0.15771812200546265 1.304008960723877 0
1 -0.7873305271274371 -0.11744966357946396 1.3641425371170044 1
2 -0.7608706598065484 0.010067113675177097 0.5623608231544495 2
3 -0.7572793872041224 0.016778523102402687 0.5556792616844177 4
4 -0.7555217155392758 0.4932885766029358 0.9699332118034363 5
5 -0.7534232176208485 -0.030201341956853867 0.8630289435386658 6
6 -0.735549749327637 -0.02348993346095085 0.6291759610176086 7
7 -0.714213633519336 0.016778523102402687 0.4821826219558716 9
8 -0.713468090620552 0.02348993346095085 0.5356347560882568 10
9 -0.7080922464685666 0.02348993346095085 0.5089086890220642 11
10 -0.7076617803123569 -0.010067113675177097 0.3953229486942291 12
11 -0.6915027061440578 0.010067113675177097 0.45545658469200134 15
12 -0.6869411431273016 -0.003355704713612795 0.34187081456184387 17
13 -0.6829849414389667 -0.003355704713612795 0.3685968816280365 18
14 -0.6797767856235778 0.03691275045275688 0.6425389647483826 20
15 -0.6786370330876106 -0.003355704713612795 0.3218262791633606 21
16 -0.6783509170929634 0.043624162673950195 0.6358574628829956 22
17 -0.6718614903726929 0.2718120813369751 1.9387527704238892 23
18 -0.6715594186631813 0.016778523102402687 0.8830735087394714 24
19 -0.6708108541782184 -0.003355704713612795 0.29510021209716797 26
20 -0.6673517451893353 0.003355704713612795 0.44209355115890503 28
21 -0.6643970645965472 0.2651006579399109 1.9253897666931152 30
22 -0.6631047224390575 -0.010067113675177097 0.6492204666137695 31
23 -0.6611723630412757 -0.003355704713612795 0.2750556766986847 33
24 -0.6586798265670479 -0.003355704713612795 0.4287305176258087 36
25 -0.655326981251727 0.043624162673950195 0.6826280355453491 37
26 -0.6444040515719603 -0.05033557116985321 1.537861943244934 40
27 -0.6375818786902393 0.030201341956853867 0.6759465336799622 42
28 -0.6196419002113023 0.010067113675177097 0.6692650318145752 47
29 -0.6184593135028655 0.003355704713612795 0.6625835299491882 49
30 -0.5993668374141029 0.003355704713612795 0.1948775053024292 53
31 -0.5875393560790524 -0.14429530501365662 1.4376392364501953 56
32 -0.5872523637211198 -0.15100671350955963 1.4309576749801636 57
33 -0.5836575485647018 -0.003355704713612795 1.7115813493728638 59
34 -0.5720503752655787 -0.1778523474931717 1.5979955196380615 61
35 -0.5607277726941404 0.043624162673950195 0.7160356640815735 62
36 -0.5554830000383518 0.010067113675177097 1.7383073568344116 63
37 -0.5474958754148693 0.057046979665756226 0.7427616715431213 65
38 -0.5414285589038994 -0.12416107207536697 1.564587950706482 67
39 -0.5404923862430782 -0.13087248802185059 1.5579065084457397 68
40 -0.5304148374401004 -0.016778523102402687 1.063474416732788 72
41 -0.49959026248002003 -0.2718120813369751 1.3307349681854248 75
42 -0.4975699860140356 -0.34563758969306946 1.3106904029846191 76
43 -0.4789464101548548 0.29194632172584534 1.5979955196380615 78
44 -0.47420561599591216 0.19127516448497772 0.8763920068740845 79
45 -0.46661444437573746 0.1845637559890747 0.8697104454040527 80
46 -0.46467865966689964 0.19798657298088074 0.8830735087394714 82
47 -0.4581471143119943 0.25838926434516907 1.551224946975708 84
48 -0.3954104580114922 0.03691275045275688 -0.09910912811756134 90
49 -0.3941100065566859 -0.03691275045275688 -0.09910912811756134 91
50 -0.39380565592943856 -0.003355704713612795 1.2572382688522339 92
51 -0.39348940910742414 0.05033557116985321 -0.11247216165065765 93
52 -0.39164129134097153 -0.05033557116985321 -0.11247216165065765 95
53 -0.3903038323164659 0.19798657298088074 1.7917594909667969 96
54 -0.3881630630369936 0.057046979665756226 -0.12583519518375397 98
55 -0.3858380311441473 -0.057046979665756226 -0.12583519518375397 100
56 -0.37485337995580215 0.14429530501365662 0.8229398727416992 101
57 -0.36484408899453435 0.02348993346095085 -0.09242761880159378 104
58 -0.36415509779799127 -0.02348993346095085 -0.09242761880159378 105
59 -0.35275228430015976 0.06375838816165924 -0.1391982138156891 109
60 -0.3504171865038358 0.16442953050136566 0.9432071447372437 110
61 -0.350383223602083 0.15771812200546265 0.9365255832672119 111
62 -0.3498929322554733 -0.06375838816165924 -0.1391982138156891 112
63 -0.34630217475288366 -0.25838926434516907 1.2572382688522339 115
64 -0.34543467205537937 -0.23825503885746002 1.24387526512146 116
65 -0.34542870622839766 0.28523489832878113 1.4309576749801636 117
66 -0.3427386545596381 0.19798657298088074 1.0367482900619507 119
67 -0.33719563179560036 0.5 2.01224946975708 122
68 -0.33381140350663296 0.39261746406555176 0.9899777173995972 124
69 -0.3309216797038472 0.3993288576602936 1.003340721130371 125
70 -0.32194403723493625 -0.010067113675177097 1.4510022401809692 127
71 -0.3185801011844015 0.43288591504096985 1.9654788970947266 131
72 -0.3180928919377955 0.42617449164390564 1.9788419008255005 132
73 -0.31759082255204196 0.4194630980491638 1.9855233430862427 134
74 -0.3170731210641971 0.4127516746520996 1.9922049045562744 136
75 -0.31047838492772395 0.4060402810573578 1.2906458377838135 141
76 -0.3068663967091428 -0.4530201256275177 1.2706013917922974 144
77 -0.3065537352236758 0.057046979665756226 -0.17260579764842987 145
78 -0.30617374776277906 -0.4463087320327759 1.2839643955230713 146
79 -0.30388916614153666 -0.057046979665756226 -0.17260579764842987 148
80 -0.29444002104946587 0.4530201256275177 2.1124720573425293 153
81 -0.2924339546198049 0.4463087320327759 2.1191537380218506 155
82 -0.28316644884008313 0.1375838965177536 1.4576836824417114 158
83 -0.28302608852452654 -0.11744966357946396 1.0300668478012085 159
84 -0.273558881433333 0.11073825508356094 1.2839643955230713 160
85 -0.27160283001747537 0.43288591504096985 1.4844098091125488 161
86 -0.2712478875158009 0.15100671350955963 1.4376392364501953 162
87 -0.2665625056149142 0.48657718300819397 1.4576836824417114 166
88 -0.265423319990964 0.3255033493041992 1.4376392364501953 167
89 -0.265355971764778 0.3322147727012634 1.4443206787109375 168
90 -0.25455295247460724 -0.057046979665756226 0.7227171659469604 175
91 -0.24025179731113802 0.21140938997268677 1.3908685445785522 177
92 -0.23868066494128992 0.19798657298088074 1.4042316675186157 178
93 -0.23737377132813267 0.19127516448497772 1.410913109779358 181
94 -0.22326294024281126 -0.05033557116985321 -0.19265033304691315 185
95 -0.21106583954139696 -0.06375838816165924 0.5489977598190308 187
96 -0.1874346030673946 -0.231543630361557 1.0300668478012085 191
97 -0.1858162037782083 -0.043624162673950195 -0.1993318498134613 193
98 -0.14826274835174855 -0.03691275045275688 -0.20601336658000946 195
99 -0.14518030705680104 -0.07046979665756226 2.099109172821045 196
100 -0.1450589222563995 -0.07718120515346527 2.072383165359497 197
101 -0.14299937852915875 -0.06375838816165924 2.1124720573425293 199
102 -0.1392366412306057 -0.057046979665756226 2.1258351802825928 202
103 -0.13834371995128752 -0.05033557116985321 2.132516622543335 203
104 -0.13450544113729898 -0.043624162673950195 2.1391983032226562 206
105 -0.12471603863369453 -0.043624162673950195 2.0523386001586914 208
106 -0.11138411986764132 0.043624162673950195 2.2060134410858154 210
107 -0.08236403264996858 -0.5 2.5 213
107
108 -0.7577853382285931 -0.13087248802185059 1.3507795333862305 0 1 3
109 -0.7170721720450869 0.010067113675177097 0.5556792616844177 2 3 8
110 -0.7065903699390435 0.02348993346095085 0.5423162579536438 109 8 13
111 -0.7045121050530883 0.02348993346095085 0.5222716927528381 9 110 14
112 -0.6901355658063176 0.016778523102402687 0.4955456554889679 7 111 16
113 -0.6811459234726646 0.016778523102402687 0.46881958842277527 11 112 19
114 -0.6711996867140956 0.043624162673950195 0.6425389647483826 14 16 25
115 -0.6698247855806946 -0.003355704713612795 0.3017817437648773 15 19 27
116 -0.6645812740530562 -0.003355704713612795 0.3552338480949402 12 13 29
117 -0.6623574591676873 0.2651006579399109 1.932071328163147 17 21 32
118 -0.6608171369616941 -0.016778523102402687 0.6492204666137695 6 22 34
119 -0.6603331147168835 0.010067113675177097 0.448775053024292 113 20 35
120 -0.6530442672931899 -0.003355704713612795 0.3819599151611328 10 116 38
121 -0.6461118067393115 -0.003355704713612795 0.32850778102874756 115 120 39
122 -0.6435847058143377 -0.003355704713612795 0.8697104454040527 5 18 41
123 -0.6295211201792509 -0.003355704713612795 0.4354120194911957 119 24 43
124 -0.6294195485256237 0.030201341956853867 0.6826280355453491 25 27 44
125 -0.6266342207537379 -0.003355704713612795 0.42204898595809937 121 123 45
126 -0.6242269088092383 -0.003355704713612795 0.28173720836639404 23 125 46
127 -0.6187424844606519 0.016778523102402687 0.6692650318145752 124 28 48
128 -0.6055126792950737 -0.003355704713612795 0.6625835299491882 118 29 50
129 -0.6004592936459917 0.043624162673950195 0.6692650318145752 114 127 51
130 -0.6001317136713896 -0.016778523102402687 0.595768392086029 126 128 52
131 -0.5930172951811848 0.010067113675177097 0.6625835299491882 129 130 54
132 -0.5886835611775963 0.003355704713612795 0.21492205560207367 30 131 55
133 -0.5855727088599372 -0.15100671350955963 1.4376392364501953 31 32 58
134 -0.5749705486822905 -0.15100671350955963 1.4242761135101318 108 133 60
135 -0.554576568901112 0.003355704713612795 1.7383073568344116 33 36 64
136 -0.5417197671146304 0.043624162673950195 0.7026726007461548 132 35 66
137 -0.5396883437827837 -0.12416107207536697 1.5579065084457397 38 39 69
138 -0.5348836159302237 -0.11073825508356094 1.5445433855056763 26 137 70
139 -0.5338528588592198 0.057046979665756226 0.7360801696777344 37 136 71
140 -0.5130057054969486 -0.13087248802185059 1.4844098091125488 134 138 73
141 -0.5086381495609612 -0.14429530501365662 1.564587950706482 34 140 74
142 -0.48954001098291944 -0.2651006579399109 1.3374165296554565 141 41 77
143 -0.4649907918931776 0.19127516448497772 0.8697104454040527 44 45 81
144 -0.4641669953281766 0.19127516448497772 0.8830735087394714 143 46 83
145 -0.4488871901101248 0.2651006579399109 1.5712695121765137 43 47 85
146 -0.4409318743801913 -0.057046979665756226 1.6514476537704468 135 142 86
147 -0.4252877687414557 -0.003355704713612795 0.9766147136688232 122 40 87
148 -0.4151822352831601 -0.3187919557094574 1.3507795333862305 42 146 88
149 -0.40335136551772655 0.05033557116985321 0.7962138056755066 139 147 89
150 -0.39294957829270727 -0.010067113675177097 1.2572382688522339 148 50 94
151 -0.388981885529871 -0.030201341956853867 1.1436525583267212 149 150 97
152 -0.3867259447093159 0.20469798147678375 1.8118040561676025 117 53 99
153 -0.37217450694645626 0.057046979665756226 -0.11915367841720581 51 54 102
154 -0.3712360945700985 0.10402684658765793 1.7850779294967651 151 152 103
155 -0.3611718041771359 0.030201341956853867 -0.09242761880159378 48 57 106
156 -0.3602113824129481 0.14429530501365662 0.8496659398078918 144 56 107
157 -0.35495981383848385 0.11744966357946396 0.8095768094062805 154 156 108
158 -0.34954416118247333 0.15771812200546265 0.9432071447372437 60 61 113
159 -0.3487863543176913 0.15771812200546265 0.929844081401825 157 158 114
160 -0.3437789411737888 -0.224832221865654 1.24387526512146 159 64 118
161 -0.34131655709100195 -0.06375838816165924 -0.13251669704914093 55 62 120
162 -0.3413116827250128 -0.24496644735336304 1.2505568265914917 63 160 121
163 -0.33662836731829526 -0.043624162673950195 -0.09910912811756134 49 52 123
164 -0.3301261887207657 0.3993288576602936 0.9966592192649841 68 69 126
165 -0.3216176052441219 0.2718120813369751 1.4643652439117432 145 65 128
166 -0.3215670188526232 0.231543630361557 1.6982182264328003 162 165 129
167 -0.32127575820291776 -0.010067113675177097 1.4576836824417114 70 166 130
168 -0.3179792397712257 0.42617449164390564 1.9721603393554688 71 72 133
169 -0.3173834815613472 0.42617449164390564 1.9855233430862427 168 73 135
170 -0.3170482981231331 0.4194630980491638 1.9922049045562744 169 74 137
171 -0.3160057818603882 0.3993288576602936 1.9988864660263062 167 170 138
172 -0.3147615050045478 0.06375838816165924 -0.12583519518375397 153 59 139
173 -0.3145964408481509 -0.057046979665756226 -0.11247216165065765 161 163 140
174 -0.31005911634194544 0.4194630980491638 1.0300668478012085 4 164 142
175 -0.30707465778356574 -0.03691275045275688 -0.09242761880159378 58 173 143
176 -0.3061633198471201 -0.4530201256275177 1.2839643955230713 76 78 147
177 -0.30356018076237085 0.47315436601638794 1.9855233430862427 67 171 149
178 -0.3008597136060934 0.1778523474931717 0.9966592192649841 66 177 150
179 -0.3004950961715644 0.06375838816165924 -0.1659242808818817 172 77 151
180 -0.2953357119078002 0.043624162673950195 -0.1057906448841095 155 179 152
181 -0.2934336346587955 0.4530201256275177 2.105790615081787 178 80 154
182 -0.2919174480169343 0.4530201256275177 2.1191537380218506 181 81 156
183 -0.29129636319302193 -0.42617449164390564 1.2906458377838135 176 182 157
184 -0.27081521840282824 0.15100671350955963 1.4443206787109375 82 86 163
185 -0.27025962786486346 0.10402684658765793 1.2639198303222656 183 84 164
186 -0.26743136365534803 -0.11744966357946396 1.0567928552627563 83 185 165
187 -0.2650889036203608 -0.06375838816165924 -0.17260579764842987 175 79 169
188 -0.2645228944666656 0.3322147727012634 1.4376392364501953 88 89 170
189 -0.26346034662391615 0.33892616629600525 1.4443206787109375 186 188 171
190 -0.26019819026193924 0.4530201256275177 1.4376392364501953 75 85 172
191 -0.2601517175332678 0.4597315490245819 1.4510022401809692 87 190 173
192 -0.2561103426662814 0.4060402810573578 1.5111358165740967 189 191 174
193 -0.252449948104398 -0.057046979665756226 0.7293986678123474 192 90 176
194 -0.23854067750179578 0.20469798147678375 1.4042316675186157 91 92 179
195 -0.23800081174500878 0.224832221865654 1.397550106048584 193 194 180
196 -0.2370013856589639 0.19798657298088074 1.410913109779358 195 93 182
197 -0.23626144387808534 0.19127516448497772 1.4175946712493896 184 196 183
198 -0.22567365222699193 -0.010067113675177097 -0.07906458526849747 187 197 184
199 -0.22224561133021567 0.010067113675177097 -0.08574610203504562 180 198 186
200 -0.20353553184483406 0.3120805323123932 1.003340721130371 174 199 188
201 -0.1906430224654926 -0.05033557116985321 -0.185968816280365 94 200 189
202 -0.19048784733284063 -0.057046979665756226 0.5690423250198364 95 201 190
203 -0.18737108117074336 -0.224832221865654 1.0300668478012085 202 96 192
204 -0.1704541647297793 -0.05033557116985321 -0.1993318498134613 203 97 194
205 -0.14309716213307042 -0.043624162673950195 -0.20601336658000946 204 98 198
206 -0.14282061759710904 -0.07718120515346527 2.0857460498809814 99 100 200
207 -0.14232855027836303 -0.07046979665756226 2.105790615081787 101 206 201
208 -0.1382720451743714 -0.057046979665756226 2.1191537380218506 207 102 204
209 -0.1356778042195642 -0.057046979665756226 2.132516622543335 103 208 205
210 -0.13440798117387442 -0.05033557116985321 2.1391983032226562 209 104 207
211 -0.11926121834068643 -0.057046979665756226 2.065701484680176 210 105 209
212 -0.10861209523036916 0.06375838816165924 2.2394208908081055 205 106 211
213 -0.09244232792471796 0.003355704713612795 2.1859688758850098 211 212 212
214 -0.08188623039719899 -0.37919461727142334 2.5 213 107 214
