97
0 -0.912758926997704 0.03691275045275688 0.7962138056755066 0
1 -0.8511338368944121 -0.016778523102402687 0.6425389647483826 1
2 -0.8342164717880189 -0.010067113675177097 0.6358574628829956 2
3 -0.8326795418644716 -0.030201341956853867 1.0835189819335938 3
4 -0.8281506738744082 -0.010067113675177097 1.1302895545959473 4
5 -0.8114373473616889 0.43959730863571167 2.3864142894744873 5
6 -0.8102687620152803 0.02348993346095085 1.5846325159072876 6
7 -0.7869524394847531 -0.010067113675177097 1.4309576749801636 9
8 -0.7746030981075693 -0.003355704713612795 0.6158128976821899 10
9 -0.7697767674641524 0.003355704713612795 0.5623608231544495 11
10 -0.7643819103839478 -0.02348993346095085 1.3307349681854248 13
11 -0.7591665119227263 0.003355704713612795 0.5289532542228699 14
12 -0.7422975390235361 -0.010067113675177097 0.4354120194911957 16
13 -0.7351295001596162 -0.003355704713612795 0.4153674840927124 17
14 -0.7285479995766108 -0.003355704713612795 0.4821826219558716 18
15 -0.7074932942451752 -0.003355704713612795 0.36191537976264954 21
16 -0.697084788432335 -0.010067113675177097 0.32850778102874756 23
17 -0.6889652933873486 0.11073825508356094 1.4844098091125488 24
18 -0.6708882278477807 0.03691275045275688 1.6514476537704468 27
19 -0.6539852292225907 -0.003355704713612795 0.24832962453365326 31
20 -0.6488946162354738 0.016778523102402687 0.6559020280838013 32
21 -0.6354672704525544 -0.003355704713612795 0.20155902206897736 34
22 -0.6265810153940873 -0.003355704713612795 0.2282850742340088 35
23 -0.6209022485660204 -0.09731543809175491 1.8251670598983765 36
24 -0.6198435011156763 0.48657718300819397 0.6425389647483826 37
25 -0.6154448356768912 -0.003355704713612795 0.1614699363708496 38
26 -0.5933797251410584 0.231543630361557 2.165924310684204 44
27 -0.5723349376676214 0.224832221865654 1.5846325159072876 46
28 -0.5607320928508319 0.08389262109994888 2.2060134410858154 47
29 -0.5534948970550094 -0.37919461727142334 1.2706013917922974 48
30 -0.5532200922023979 0.20469798147678375 1.217149257659912 49
31 -0.5408779815425608 0.42617449164390564 1.6982182264328003 50
32 -0.5385568746763455 0.010067113675177097 0.7093541026115417 52
33 -0.5326062086363598 -0.2785235047340393 1.2639198303222656 53
34 -0.5196798355159997 0.16442953050136566 1.5846325159072876 55
35 -0.5172050923481224 0.12416107207536697 2.1726057529449463 57
36 -0.5084260703268503 0.003355704713612795 0.9432071447372437 59
37 -0.49736040238049384 -0.23825503885746002 1.7650333642959595 62
38 -0.4947859179583272 0.17114093899726868 1.3641425371170044 63
39 -0.4926458375219648 0.16442953050136566 1.3708240985870361 64
40 -0.4891596216918282 0.1778523474931717 1.3574609756469727 66
41 -0.4884861791055071 -0.43288591504096985 1.2772828340530396 67
42 -0.4829868186193499 -0.030201341956853867 0.6959910988807678 70
43 -0.4748028249626759 -0.24496644735336304 1.2572382688522339 73
44 -0.4618117429245679 -0.5 1.2772828340530396 76
45 -0.43863432009927755 -0.43959730863571167 1.4977728128433228 80
46 -0.430268653053562 -0.057046979665756226 -0.12583519518375397 82
47 -0.429215844357245 0.057046979665756226 -0.12583519518375397 83
48 -0.42810357325686416 0.37919461727142334 0.6425389647483826 84
49 -0.4270276024258583 0.38590604066848755 0.6291759610176086 85
50 -0.42666160232531014 -0.05033557116985321 -0.11247216165065765 87
51 -0.426441250862236 -0.14429530501365662 1.230512261390686 88
52 -0.4253240689071588 0.05033557116985321 -0.11247216165065765 89
53 -0.41514838839322565 0.5 1.704899787902832 92
54 -0.4121902740008254 -0.03691275045275688 -0.09910912811756134 95
55 -0.4097645884370154 0.03691275045275688 -0.09910912811756134 96
56 -0.4065616026259077 -0.5 1.477728247642517 97
57 -0.40498145488699405 -0.06375838816165924 -0.1391982138156891 98
58 -0.4039151045491396 0.06375838816165924 -0.1391982138156891 99
59 -0.3990684221235994 0.4530201256275177 1.885300636291504 100
60 -0.3735368514164407 -0.030201341956853867 -0.09242761880159378 107
61 -0.3594110366866769 -0.057046979665756226 -0.17260579764842987 112
62 -0.3540130571955052 0.057046979665756226 -0.17260579764842987 113
63 -0.34608605186149577 0.29865771532058716 1.5445433855056763 116
64 -0.34521955380101466 0.30536913871765137 1.5579065084457397 117
65 -0.3117766724764806 0.10402684658765793 1.1102449893951416 124
66 -0.3068575159098889 -0.17114093899726868 2.0256123542785645 125
67 -0.3068449872798744 -0.15771812200546265 2.0322940349578857 126
68 -0.30633155549198854 -0.1778523474931717 2.0189309120178223 128
69 -0.29737419480137833 0.3322147727012634 1.551224946975708 130
70 -0.29409263450136824 -0.07718120515346527 2.065701484680176 132
71 -0.2729899977451609 -0.05033557116985321 -0.19265033304691315 136
72 -0.26150631065795665 0.23825503885746002 1.9253897666931152 139
73 -0.2536658362210876 0.19127516448497772 2.005568027496338 141
74 -0.25268957644095363 -0.0906040295958519 2.4265034198760986 142
75 -0.22951064092283374 -0.043624162673950195 -0.1993318498134613 146
76 -0.19601553035470948 0.12416107207536697 -0.5 149
77 -0.18567445964446466 0.3657718002796173 2.0256123542785645 151
78 -0.1855762379677763 0.3590604066848755 1.9922049045562744 152
79 -0.18540497679414894 0.3657718002796173 1.9988864660263062 153
80 -0.1719844328743243 -0.14429530501365662 -0.5 158
81 -0.17106747512312362 -0.14429530501365662 -0.3730512261390686 159
82 -0.16789478909740813 -0.25167784094810486 -0.5 162
83 -0.16311205072476406 0.3724832236766815 -0.5 164
84 -0.15428174285899332 -0.3523489832878113 1.6380846500396729 166
85 -0.15125775451954315 -0.38590604066848755 1.6581292152404785 168
86 -0.1512564696334927 -0.3724832236766815 1.6514476537704468 169
87 -0.14124357404804938 -0.3724832236766815 1.704899787902832 173
88 -0.10867275158638982 0.14429530501365662 2.5 175
89 -0.1064547974003593 -0.5 2.5 177
90 -0.08813077161999727 0.5 0.9432071447372437 179
91 -0.0759570397272455 0.3523489832878113 1.230512261390686 180
92 -0.06067166577458446 0.3993288576602936 1.150334119796753 182
93 -0.0603110397524619 0.4060402810573578 1.1436525583267212 183
94 -0.05990739239125291 0.5 1.2238306999206543 184
95 -0.046569187093013796 0.43288591504096985 1.1971046924591064 188
96 -0.04650274516262025 0.4463087320327759 1.1904231309890747 189
96
97 -0.8050721330294672 -0.016778523102402687 1.1169265508651733 3 4 7
98 -0.7987436530542856 -0.010067113675177097 0.6425389647483826 1 2 8
99 -0.7658497752573123 -0.003355704713612795 0.6224944591522217 98 8 12
100 -0.7496180870446814 0.003355704713612795 0.5423162579536438 9 11 15
101 -0.7277208785208485 -0.003355704713612795 0.42204898595809937 12 13 19
102 -0.7170337613311579 0.003355704713612795 0.5890868306159973 99 100 20
103 -0.7022281440760485 -0.003355704713612795 0.5022271871566772 14 102 22
104 -0.6847509742933184 -0.003355704713612795 0.3819599151611328 101 15 25
105 -0.6788783550872136 -0.010067113675177097 0.45545658469200134 103 104 26
106 -0.6697463000226186 -0.010067113675177097 1.38418710231781 7 10 28
107 -0.6654299277006461 0.030201341956853867 1.644766092300415 6 18 29
108 -0.6646728463444279 -0.010067113675177097 0.3485523462295532 16 105 30
109 -0.6366046782856764 -0.003355704713612795 0.2750556766986847 108 19 33
110 -0.6143163540961413 0.02348993346095085 1.5044543743133545 106 107 39
111 -0.6105313295505456 -0.003355704713612795 0.23496659100055695 109 22 40
112 -0.6086830067403297 0.07718120515346527 1.5178173780441284 17 110 41
113 -0.5989991731655293 0.003355704713612795 0.6492204666137695 20 111 42
114 -0.5939491198095079 -0.003355704713612795 0.21492205560207367 21 113 43
115 -0.5857231367799619 -0.003355704713612795 0.17483295500278473 25 114 45
116 -0.5393393825900559 -0.016778523102402687 1.2371938228607178 97 112 51
117 -0.5244781881454016 0.016778523102402687 0.7227171659469604 0 32 54
118 -0.5193858792064938 0.16442953050136566 1.5779509544372559 116 34 56
119 -0.5143494652764611 0.11744966357946396 2.1859688758850098 28 35 58
120 -0.5052261642962518 0.1778523474931717 1.5846325159072876 27 118 60
121 -0.5033250202374223 0.1778523474931717 2.1792871952056885 26 119 61
122 -0.4917343694570125 0.17114093899726868 1.3708240985870361 38 39 65
123 -0.48769047459773773 0.1778523474931717 1.3641425371170044 122 40 68
124 -0.4865938646457046 -0.42617449164390564 1.2772828340530396 29 41 69
125 -0.4810890247591541 -0.02348993346095085 0.6959910988807678 117 42 71
126 -0.47719096789632004 0.016778523102402687 0.6959910988807678 115 125 72
127 -0.4674168062829956 -0.010067113675177097 0.9766147136688232 36 120 74
128 -0.46668374458782264 -0.25167784094810486 1.2639198303222656 33 43 75
129 -0.4446813757269676 -0.043624162673950195 1.7316257953643799 23 127 77
130 -0.444093918602788 0.003355704713612795 0.9031180143356323 126 129 78
131 -0.4414900618820481 -0.3255033493041992 1.217149257659912 124 128 79
132 -0.4368061244200766 0.14429530501365662 1.397550106048584 123 130 81
133 -0.42683587013961344 0.38590604066848755 0.6358574628829956 48 49 86
134 -0.424615673119531 -0.12416107207536697 1.2238306999206543 132 51 90
135 -0.4198822737075181 -0.47315436601638794 1.2839643955230713 44 131 91
136 -0.414497842089075 0.48657718300819397 1.704899787902832 31 53 93
137 -0.41280803154570905 0.057046979665756226 -0.11915367841720581 47 52 94
138 -0.3958262643160007 -0.06375838816165924 -0.13251669704914093 46 57 101
139 -0.3945237053541288 -0.5 1.4175946712493896 135 56 102
140 -0.39450871338321275 -0.20469798147678375 1.7717149257659912 37 134 103
141 -0.3899006671287962 -0.17114093899726868 1.2371938228607178 139 140 104
142 -0.3870681790476593 -0.47315436601638794 1.4977728128433228 45 141 105
143 -0.3768073032329246 0.3120805323123932 2.259465456008911 5 121 106
144 -0.36821473726990045 -0.043624162673950195 -0.09910912811756134 50 54 108
145 -0.3679948786381074 0.06375838816165924 -0.12583519518375397 137 58 109
146 -0.36247727338247737 -0.057046979665756226 -0.11247216165065765 138 144 110
147 -0.3611825009736173 0.13087248802185059 1.2505568265914917 30 142 111
148 -0.35313360905464525 0.06375838816165924 -0.1659242808818817 145 62 114
149 -0.34620942430752694 0.43959730863571167 0.5824053287506104 24 133 115
150 -0.34321404288944096 0.29865771532058716 1.551224946975708 63 64 118
151 -0.3426958233058182 0.29194632172584534 1.5445433855056763 147 150 119
152 -0.33547284063822597 -0.03691275045275688 -0.09242761880159378 60 146 120
153 -0.32569286463140185 -0.06375838816165924 -0.17260579764842987 61 152 121
154 -0.3158813431969039 0.5 1.8118040561676025 136 59 122
155 -0.3132697370656484 0.043624162673950195 -0.1057906448841095 55 148 123
156 -0.30661526441523534 -0.16442953050136566 2.0256123542785645 66 67 127
157 -0.3053702402865356 -0.17114093899726868 2.0189309120178223 156 68 129
158 -0.2954912211319098 0.3255033493041992 1.551224946975708 151 69 131
159 -0.2939514528093981 -0.08389262109994888 2.065701484680176 157 70 133
160 -0.2932501326850292 -0.07046979665756226 2.065701484680176 143 159 134
161 -0.28592059511651297 0.10402684658765793 1.150334119796753 65 158 135
162 -0.2677274293920085 -0.11073825508356094 1.9855233430862427 160 161 137
163 -0.26243168892835433 0.3724832236766815 1.5579065084457397 154 162 138
164 -0.2580388130303047 0.231543630361557 1.885300636291504 163 72 140
165 -0.24203169660618193 -0.057046979665756226 -0.19265033304691315 153 71 143
166 -0.2404488369600046 0.21140938997268677 1.9721603393554688 164 73 144
167 -0.23115323117485265 0.016778523102402687 -0.07906458526849747 155 166 145
168 -0.22792673485377757 -0.010067113675177097 -0.07906458526849747 165 167 147
169 -0.22042650718697718 -0.05033557116985321 -0.1993318498134613 75 168 148
170 -0.18680081060525894 0.15771812200546265 0.5623608231544495 149 169 150
171 -0.18528356058641587 0.3523489832878113 1.9922049045562744 170 78 154
172 -0.18505708147873406 0.3590604066848755 1.9988864660263062 79 171 155
173 -0.1834986033585268 0.1375838965177536 -0.2795100212097168 76 172 156
174 -0.18333289222395 0.3724832236766815 2.01224946975708 77 173 157
175 -0.17093701301496791 -0.14429530501365662 -0.39977729320526123 80 81 160
176 -0.17010262685728972 -0.1375838965177536 -0.3262806236743927 174 175 161
177 -0.16644279176195498 -0.19127516448497772 -0.5 176 82 163
178 -0.16292569319560318 0.3187919557094574 -0.5 177 83 165
179 -0.15151217254818247 -0.3322147727012634 1.6314030885696411 178 84 167
180 -0.15076379179363636 -0.3657718002796173 1.6514476537704468 179 86 170
181 -0.15015433761543776 -0.3724832236766815 1.6581292152404785 85 180 171
182 -0.1463197491294116 -0.016778523102402687 2.319599151611328 74 181 172
183 -0.13718176774679253 -0.37919461727142334 1.691536784172058 182 87 174
184 -0.10717164796500567 0.16442953050136566 2.5 183 88 176
185 -0.09834427903086175 -0.38590604066848755 2.2728285789489746 184 89 178
186 -0.062096038318993206 0.3322147727012634 1.2238306999206543 185 91 181
187 -0.05985891475382328 0.3993288576602936 1.1436525583267212 92 93 185
188 -0.05646783131543406 0.4530201256275177 0.8897550106048584 90 186 186
189 -0.0540506367608819 0.3657718002796173 1.170378565788269 187 188 187
190 -0.04648006821899527 0.43959730863571167 1.1971046924591064 95 96 190
191 -0.04639651613525776 0.42617449164390564 1.1971046924591064 189 190 191
192 -0.04316816363657956 0.47986575961112976 1.2505568265914917 94 191 192
