108
0 -0.9054680440241497 -0.057046979665756226 1.3374165296554565 0
1 -0.8746119308120764 -0.05033557116985321 1.3708240985870361 1
2 -0.8299701643642075 0.057046979665756226 1.6581292152404785 3
3 -0.8248114212826243 0.03691275045275688 1.7449889183044434 4
4 -0.812839053207108 0.06375838816165924 1.0100222826004028 5
5 -0.7919791229700037 0.03691275045275688 1.7850779294967651 6
6 -0.7884878829682129 -0.003355704713612795 0.8363028764724731 7
7 -0.7873582452900368 0.030201341956853867 1.0167038440704346 8
8 -0.7438847624538885 0.47986575961112976 2.5 12
9 -0.7266798630112554 -0.016778523102402687 0.46881958842277527 13
10 -0.7213440426272602 -0.02348993346095085 0.4755011200904846 14
11 -0.718064375247919 -0.003355704713612795 0.4020044505596161 15
12 -0.716315256552842 0.016778523102402687 0.5556792616844177 16
13 -0.7140748430381558 -0.07046979665756226 1.551224946975708 17
14 -0.7139518863667355 -0.010067113675177097 0.4621380865573883 18
15 -0.7111744740264266 -0.010067113675177097 0.3485523462295532 19
16 -0.7104465901706393 -0.010067113675177097 0.3819599151611328 20
17 -0.7091298854111346 0.003355704713612795 0.42204898595809937 21
18 -0.7040924035113907 0.010067113675177097 0.5489977598190308 23
19 -0.6908006522227409 0.08389262109994888 1.5579065084457397 24
20 -0.6874209895111153 -0.003355704713612795 0.288418710231781 27
21 -0.6838042947038143 0.030201341956853867 0.7494432330131531 28
22 -0.6780538015115605 -0.003355704713612795 0.448775053024292 30
23 -0.6736135877395865 0.003355704713612795 0.5423162579536438 32
24 -0.6584418478980502 -0.003355704713612795 0.2416481077671051 36
25 -0.6463106917645653 -0.003355704713612795 0.5356347560882568 39
26 -0.6441952453460676 -0.5 1.3775055408477783 41
27 -0.639135295397937 -0.47315436601638794 1.38418710231781 42
28 -0.6270135704462395 -0.010067113675177097 0.5289532542228699 44
29 -0.6178630416658866 -0.1375838965177536 1.9721603393554688 46
30 -0.6040424442141741 0.48657718300819397 0.6158128976821899 48
31 -0.6017555573625897 -0.016778523102402687 0.5222716927528381 49
32 -0.582398966773178 -0.02348993346095085 0.5155901908874512 52
33 -0.5786232525038667 0.1845637559890747 1.324053406715393 54
34 -0.5756144978616394 0.003355704713612795 0.8897550106048584 55
35 -0.5611831966011083 0.47986575961112976 1.8051224946975708 58
36 -0.5596905092873998 0.003355704713612795 1.1436525583267212 59
37 -0.554486873663808 0.13087248802185059 2.312917709350586 61
38 -0.5442144418256042 -0.2651006579399109 1.2572382688522339 64
39 -0.5432169770633325 -0.2718120813369751 1.24387526512146 65
40 -0.5398238232237518 0.42617449164390564 1.5913140773773193 67
41 -0.5394917868094077 0.4194630980491638 1.5979955196380615 68
42 -0.5376739638097429 -0.3590604066848755 1.2505568265914917 69
43 -0.5335514292031845 -0.3523489832878113 1.24387526512146 71
44 -0.5273789073686674 0.016778523102402687 0.916481077671051 73
45 -0.5236049913456254 0.231543630361557 1.6848552227020264 74
46 -0.5012997342240149 -0.010067113675177097 0.609131395816803 77
47 -0.49800844271249134 -0.016778523102402687 0.5824053287506104 78
48 -0.48443673562557354 -0.231543630361557 1.24387526512146 82
49 -0.4802275605246464 0.29865771532058716 2.2461023330688477 84
50 -0.4758805693278038 0.1778523474931717 2.279510021209717 85
51 -0.4718555048144059 -0.20469798147678375 1.24387526512146 88
52 -0.4704588473821374 -0.3993288576602936 1.2639198303222656 90
53 -0.4660818445009321 0.003355704713612795 0.6358574628829956 93
54 -0.4552040589042138 0.231543630361557 2.5 95
55 -0.45166394764185996 -0.003355704713612795 0.6625835299491882 96
56 -0.45066558551392283 0.030201341956853867 0.595768392086029 97
57 -0.44305204545706006 0.38590604066848755 0.6158128976821899 99
58 -0.4430370395187777 -0.2651006579399109 1.8118040561676025 100
59 -0.44281293701689517 -0.2718120813369751 1.8184854984283447 101
60 -0.4287595226477258 -0.057046979665756226 -0.12583519518375397 106
61 -0.4258349747544662 0.057046979665756226 -0.12583519518375397 108
62 -0.42570181116750916 -0.05033557116985321 -0.11247216165065765 109
63 -0.42147313740045994 0.05033557116985321 -0.11247216165065765 110
64 -0.410924601365221 -0.03691275045275688 -0.09910912811756134 112
65 -0.4042951963406073 0.03691275045275688 -0.09910912811756134 114
66 -0.4025017891118332 -0.06375838816165924 -0.1391982138156891 115
67 -0.40176332073031623 0.03691275045275688 0.6959910988807678 116
68 -0.4004368183075634 0.06375838816165924 -0.1391982138156891 117
69 -0.3967893167331916 0.3187919557094574 2.5 118
70 -0.372380233184908 -0.030201341956853867 -0.09242761880159378 124
71 -0.3709232509846098 -0.043624162673950195 0.6425389647483826 125
72 -0.35426041956139315 -0.057046979665756226 -0.17260579764842987 131
73 -0.35348798979355545 -0.05033557116985321 0.6358574628829956 132
74 -0.34755656262909745 0.057046979665756226 -0.17260579764842987 135
75 -0.31214155695095075 -0.1778523474931717 2.1191537380218506 140
76 -0.31123881384907615 -0.16442953050136566 2.1258351802825928 141
77 -0.31067610445320093 -0.19798657298088074 2.105790615081787 143
78 -0.2814886319174715 -0.030201341956853867 2.165924310684204 150
79 -0.2780501486627733 -0.08389262109994888 2.5 153
80 -0.2716143786024441 -0.1845637559890747 1.5178173780441284 154
81 -0.2668211944874484 -0.05033557116985321 -0.19265033304691315 156
82 -0.26079845813980496 0.06375838816165924 0.8496659398078918 157
83 -0.22391538836037514 -0.043624162673950195 -0.1993318498134613 163
84 -0.20539546159554803 -0.1375838965177536 -0.1525612473487854 165
85 -0.20309456479844254 0.11744966357946396 -0.5 166
86 -0.18229079596410133 -0.03691275045275688 -0.20601336658000946 170
87 -0.17659548000857647 -0.14429530501365662 -0.4732739329338074 172
88 -0.17558992705857657 -0.25167784094810486 -0.5 174
89 -0.16571304184491661 0.3120805323123932 1.063474416732788 176
90 -0.1652931938713556 0.30536913871765137 1.0701558589935303 177
91 -0.16430053873520598 0.29865771532058716 1.076837420463562 179
92 -0.16328783173810865 0.29194632172584534 1.0835189819335938 181
93 -0.1484238083410799 0.016778523102402687 2.5 184
94 -0.13527345723250117 -0.5 2.5 186
95 -0.12724186720618957 -0.3993288576602936 1.6380846500396729 189
96 -0.12637324005550074 -0.4060402810573578 1.6314030885696411 190
97 -0.12268200794467034 0.5 0.9899777173995972 192
98 -0.09921419359090171 0.4127516746520996 2.0322940349578857 194
99 -0.05314793749973446 -0.4194630980491638 1.778396487236023 197
100 -0.05187129634874721 -0.4127516746520996 1.7850779294967651 198
101 -0.049041422121678516 -0.4060402810573578 1.7917594909667969 200
102 -0.04181165080132004 0.4932885766029358 1.3106904029846191 202
103 -0.041565312002927755 0.48657718300819397 1.3173719644546509 203
104 -0.04033068619470229 0.47986575961112976 1.3374165296554565 205
105 -0.033911507928141224 -0.4463087320327759 1.7383073568344116 208
106 -0.031366599593870774 0.47315436601638794 2.099109172821045 211
107 -0.004727501406805561 0.5 1.217149257659912 213
107
108 -0.8729997231575801 -0.05033557116985321 1.3641425371170044 0 1 2
109 -0.7817316250233058 0.03691275045275688 1.7717149257659912 3 5 9
110 -0.7727607439528211 0.03691275045275688 1.704899787902832 2 109 10
111 -0.7649922396728339 0.05033557116985321 1.0100222826004028 4 7 11
112 -0.7089279774552325 0.003355704713612795 0.4153674840927124 11 17 22
113 -0.6899680092891793 -0.003355704713612795 0.3953229486942291 16 112 25
114 -0.6882237188247194 -0.016778523102402687 0.4755011200904846 9 10 26
115 -0.6836839091151885 0.016778523102402687 0.5489977598190308 12 18 29
116 -0.6769979277845407 -0.010067113675177097 0.45545658469200134 14 22 31
117 -0.6731139999153645 -0.016778523102402687 0.4621380865573883 114 116 33
118 -0.6727858906535793 -0.010067113675177097 0.3685968816280365 15 113 34
119 -0.6676380327061119 0.003355704713612795 0.44209355115890503 117 118 35
120 -0.6568867251360341 -0.003355704713612795 0.32850778102874756 20 119 37
121 -0.6526960845015732 0.07046979665756226 1.5913140773773193 110 19 38
122 -0.6453408261344615 0.010067113675177097 0.5423162579536438 115 23 40
123 -0.6384430697018207 -0.47986575961112976 1.3775055408477783 26 27 43
124 -0.6195864612643196 -0.003355704713612795 0.5423162579536438 25 122 45
125 -0.6116113332488385 -0.003355704713612795 0.2550111413002014 24 120 47
126 -0.5967963093020694 -0.016778523102402687 1.6113585233688354 13 121 50
127 -0.5959919044981549 -0.010067113675177097 0.5356347560882568 28 124 51
128 -0.5801132093453981 -0.06375838816165924 1.4844098091125488 108 126 53
129 -0.571985978082023 -0.016778523102402687 0.5289532542228699 31 127 56
130 -0.568126034806787 0.003355704713612795 0.8830735087394714 6 34 57
131 -0.5580211394902436 0.03691275045275688 0.7828508019447327 21 130 60
132 -0.5540045622617185 -0.02348993346095085 0.5089086890220642 125 32 62
133 -0.5512430657687283 -0.016778523102402687 0.5155901908874512 129 132 63
134 -0.5417953259085766 -0.2718120813369751 1.2505568265914917 38 39 66
135 -0.5373644725659887 0.42617449164390564 1.5979955196380615 40 41 70
136 -0.5322511782638676 -0.3590604066848755 1.24387526512146 42 43 72
137 -0.5212909093920722 0.02348993346095085 0.9097995758056641 131 44 75
138 -0.5023521700077409 0.016778523102402687 0.9365255832672119 111 137 76
139 -0.49741746920515423 0.010067113675177097 1.1035634279251099 36 138 79
140 -0.4920997726369036 -0.010067113675177097 1.1904231309890747 128 139 80
141 -0.48491219158481524 -0.3187919557094574 1.217149257659912 134 136 81
142 -0.48220523252169883 -0.23825503885746002 1.24387526512146 141 48 83
143 -0.4750318162922011 0.16442953050136566 2.279510021209717 37 50 86
144 -0.47301892908293836 -0.003355704713612795 0.5690423250198364 133 47 87
145 -0.4706439755746761 -0.21140938997268677 1.24387526512146 142 51 89
146 -0.4686932544103909 -0.010067113675177097 0.595768392086029 46 144 91
147 -0.46771039693982036 -0.39261746406555176 1.2639198303222656 145 52 92
148 -0.4584190234342771 0.003355704713612795 0.6291759610176086 146 53 94
149 -0.44988319435804547 0.030201341956853867 0.5890868306159973 148 56 98
150 -0.4428038267177801 -0.2651006579399109 1.8184854984283447 58 59 102
151 -0.44114776996581384 -0.42617449164390564 1.2839643955230713 123 147 103
152 -0.44006304448803996 -0.003355704713612795 0.6492204666137695 55 149 104
153 -0.43078755476491404 -0.1375838965177536 1.217149257659912 140 151 105
154 -0.4269639815696264 0.19127516448497772 1.6046770811080933 45 153 107
155 -0.41897199989951445 0.11073825508356094 1.3173719644546509 33 154 111
156 -0.40953121225936473 0.057046979665756226 -0.11915367841720581 61 63 113
157 -0.3962309228082263 0.03691275045275688 0.7026726007461548 155 67 119
158 -0.3938501127254438 -0.06375838816165924 -0.13251669704914093 60 66 120
159 -0.37964173555132447 0.5 1.6982182264328003 35 135 121
160 -0.3792465840228734 0.24496644735336304 2.259465456008911 49 143 122
161 -0.3742494640628821 -0.07718120515346527 1.87193763256073 29 157 123
162 -0.36905128704578893 -0.03691275045275688 0.6425389647483826 152 71 126
163 -0.3679762173734803 -0.043624162673950195 -0.09910912811756134 62 64 127
164 -0.3655456313114264 0.06375838816165924 -0.12583519518375397 156 68 128
165 -0.36214277997625555 -0.057046979665756226 -0.11247216165065765 158 163 129
166 -0.36116403893693144 0.2785235047340393 2.5 54 69 130
167 -0.34978606364198145 -0.05033557116985321 0.6425389647483826 162 73 133
168 -0.3478157657845959 0.03691275045275688 0.6759465336799622 161 167 134
169 -0.34737701512427543 0.06375838816165924 -0.1659242808818817 164 74 136
170 -0.33754894803563923 0.43959730863571167 0.6759465336799622 30 57 137
171 -0.3354811527992121 -0.03691275045275688 -0.09242761880159378 70 165 138
172 -0.3202034540668203 -0.06375838816165924 -0.17260579764842987 72 171 139
173 -0.3108074852071934 -0.17114093899726868 2.1258351802825928 75 76 142
174 -0.309886856261268 0.043624162673950195 -0.1057906448841095 65 169 144
175 -0.30944512349496206 -0.19798657298088074 2.1124720573425293 173 77 145
176 -0.30465158591214453 -0.1845637559890747 1.7449889183044434 150 168 146
177 -0.29620029661053593 0.3523489832878113 2.353006601333618 8 160 147
178 -0.2910831897350783 -0.19127516448497772 2.0924277305603027 175 176 148
179 -0.28743918845284816 0.3187919557094574 1.5779509544372559 159 178 149
180 -0.28112522574906906 -0.043624162673950195 2.159242868423462 179 78 151
181 -0.2810557040078787 -0.016778523102402687 2.165924310684204 177 180 152
182 -0.27120883402619844 -0.1845637559890747 1.5111358165740967 181 80 155
183 -0.25982577480618435 0.06375838816165924 0.8363028764724731 182 82 158
184 -0.2457238361529283 0.17114093899726868 2.4465479850769043 166 183 159
185 -0.23532284632626882 -0.057046979665756226 -0.19265033304691315 172 81 160
186 -0.22812406892408477 0.016778523102402687 -0.07906458526849747 174 184 161
187 -0.22713002994941628 -0.010067113675177097 -0.07906458526849747 185 186 162
188 -0.21409170335795727 -0.05033557116985321 -0.1993318498134613 187 83 164
189 -0.1995259280529714 -0.12416107207536697 -0.14587973058223724 188 84 167
190 -0.19888506729384528 0.16442953050136566 0.6425389647483826 170 189 168
191 -0.19736164869341716 0.12416107207536697 -0.3262806236743927 85 190 169
192 -0.1821068647573436 -0.043624162673950195 -0.20601336658000946 191 86 171
193 -0.17614167262846486 -0.14429530501365662 -0.4064587950706482 192 87 173
194 -0.1739098427424842 -0.25167784094810486 -0.37973272800445557 193 88 175
195 -0.1647674266250117 0.30536913871765137 1.063474416732788 89 90 178
196 -0.16414947516287992 0.30536913871765137 1.076837420463562 195 91 180
197 -0.16317376275885276 0.29194632172584534 1.076837420463562 196 92 182
198 -0.1627888159462234 0.28523489832878113 1.0835189819335938 194 197 183
199 -0.14576873237876967 -0.07046979665756226 2.2928731441497803 79 198 185
200 -0.13493349044006586 -0.003355704713612795 2.5 93 199 187
201 -0.12960204680651732 -0.3724832236766815 2.353006601333618 94 200 188
202 -0.12603520701564488 -0.3993288576602936 1.6314030885696411 95 96 191
203 -0.12190901523893742 -0.3993288576602936 1.6046770811080933 201 202 193
204 -0.09868027573317253 0.4127516746520996 2.0256123542785645 203 98 195
205 -0.0820882152549233 0.43959730863571167 0.916481077671051 97 204 196
206 -0.05063773459260806 -0.4127516746520996 1.778396487236023 99 100 199
207 -0.04821302606405506 -0.4127516746520996 1.7917594909667969 206 101 201
208 -0.04121991988569256 0.4932885766029358 1.3173719644546509 102 103 204
209 -0.03928866302395971 0.47986575961112976 1.3440979719161987 205 104 206
210 -0.03883199429684344 0.47986575961112976 1.3307349681854248 208 209 207
211 -0.033061647426649285 -0.43959730863571167 1.7383073568344116 207 105 209
212 -0.03281880387148894 -0.43288591504096985 1.7316257953643799 210 211 210
213 -0.027831361676233755 0.46644294261932373 2.0790646076202393 212 106 212
214 -0.004454610170621243 0.4932885766029358 1.2104676961898804 213 107 214
