107
0 -0.9028564290677943 -0.010067113675177097 0.6826280355453491 0
1 -0.9009403481630219 0.030201341956853867 1.1035634279251099 1
2 -0.7940737598317357 0.003355704713612795 1.4510022401809692 2
3 -0.7832668606918974 -0.07046979665756226 1.4910913705825806 3
4 -0.7654250385115652 -0.030201341956853867 1.9721603393554688 4
5 -0.7531522828173122 -0.003355704713612795 1.952115774154663 5
6 -0.741898494304822 -0.003355704713612795 0.9432071447372437 6
7 -0.735425194524316 0.010067113675177097 0.3953229486942291 8
8 -0.7163935663591431 0.010067113675177097 0.4153674840927124 9
9 -0.7131700177062221 -0.016778523102402687 0.9097995758056641 11
10 -0.7109487642021087 0.003355704713612795 0.36191537976264954 12
11 -0.6929370264302637 -0.003355704713612795 0.44209355115890503 14
12 -0.6821900279234646 0.11744966357946396 1.170378565788269 17
13 -0.6798323827207193 -0.003355704713612795 0.3017817437648773 18
14 -0.6636167580864222 -0.003355704713612795 0.2550111413002014 20
15 -0.6627790065180489 -0.3993288576602936 1.3106904029846191 21
16 -0.659553247811184 0.48657718300819397 0.7160356640815735 23
17 -0.6567302400995181 -0.4060402810573578 1.324053406715393 24
18 -0.6549991225802093 -0.010067113675177097 0.769487738609314 26
19 -0.6508368570014135 -0.043624162673950195 0.7360801696777344 27
20 -0.6503046655235593 -0.03691275045275688 0.7427616715431213 28
21 -0.6423970411890215 0.37919461727142334 2.159242868423462 29
22 -0.6411368129969081 -0.016778523102402687 0.762806236743927 30
23 -0.628414667996552 -0.02348993346095085 0.75612473487854 33
24 -0.6168380445789079 0.3187919557094574 2.0857460498809814 37
25 -0.6158507163514884 0.3255033493041992 2.0924277305603027 38
26 -0.583559036044058 -0.5 1.304008960723877 43
27 -0.5703017107973988 0.24496644735336304 1.9253897666931152 45
28 -0.5170190698217383 0.28523489832878113 1.4309576749801636 47
29 -0.5131973448723951 -0.010067113675177097 0.602449893951416 48
30 -0.5013604402854624 0.30536913871765137 1.4175946712493896 50
31 -0.49824939583124095 -0.25167784094810486 1.5712695121765137 52
32 -0.49268397724906043 -0.3590604066848755 1.3440979719161987 53
33 -0.4915228358743104 0.02348993346095085 0.48886415362358093 54
34 -0.482044423342678 0.030201341956853867 0.4621380865573883 55
35 -0.4789641974740788 0.13087248802185059 1.3641425371170044 57
36 -0.47856464957668365 0.02348993346095085 0.46881958842277527 58
37 -0.4742015266477716 -0.2785235047340393 1.304008960723877 60
38 -0.47123649523554184 -0.28523489832878113 1.3173719644546509 61
39 -0.47069975176194806 -0.2718120813369751 1.2839643955230713 62
40 -0.46463389130358973 0.5 2.1726057529449463 66
41 -0.4628175357684387 -0.21812079846858978 1.5913140773773193 67
42 -0.4577856172463637 -0.20469798147678375 1.5779509544372559 69
43 -0.4545292893829166 -0.19798657298088074 1.5712695121765137 74
44 -0.4317192449054082 0.3657718002796173 1.8184854984283447 79
45 -0.4312104565722334 0.19127516448497772 1.5311803817749023 80
46 -0.42961751512187524 0.1845637559890747 1.5244989395141602 81
47 -0.42850187425287667 0.231543630361557 1.4576836824417114 82
48 -0.42012745891706943 0.24496644735336304 1.0367482900619507 85
49 -0.41445840270103984 0.25167784094810486 1.0300668478012085 86
50 -0.4141643410862287 -0.10402684658765793 1.3374165296554565 87
51 -0.4133184265377333 -0.05033557116985321 -0.11247216165065765 89
52 -0.41322664511166474 0.05033557116985321 -0.11247216165065765 90
53 -0.41297991147595364 -0.057046979665756226 -0.12583519518375397 91
54 -0.4129420074373163 0.057046979665756226 -0.12583519518375397 92
55 -0.40646734567650594 -0.14429530501365662 1.3440979719161987 95
56 -0.40549528015516445 -0.03691275045275688 -0.09910912811756134 96
57 -0.4052628959441366 0.03691275045275688 -0.09910912811756134 97
58 -0.40298623239961856 0.003355704713612795 0.5423162579536438 98
59 -0.4017120723472701 0.38590604066848755 0.7026726007461548 99
60 -0.3978106676055332 -0.003355704713612795 0.5489977598190308 103
61 -0.3884371829413546 -0.1845637559890747 1.304008960723877 107
62 -0.3833858122785163 0.06375838816165924 -0.1391982138156891 108
63 -0.3833029548986264 -0.06375838816165924 -0.1391982138156891 109
64 -0.3687811562915142 -0.030201341956853867 -0.09242761880159378 112
65 -0.3620123678465627 0.4194630980491638 1.471046805381775 115
66 -0.3618486095749676 0.4127516746520996 1.4576836824417114 116
67 -0.3464594430973929 0.3590604066848755 1.471046805381775 123
68 -0.34563274466816846 -0.19798657298088074 1.4242761135101318 124
69 -0.3437865387549917 0.3657718002796173 1.4643652439117432 127
70 -0.34263813866369963 0.3523489832878113 1.477728247642517 130
71 -0.337191944943304 -0.057046979665756226 -0.17260579764842987 133
72 -0.33580687580591184 0.057046979665756226 -0.17260579764842987 134
73 -0.31732293364819175 -0.33892616629600525 1.1770601272583008 138
74 -0.31564075842289246 0.231543630361557 1.2104676961898804 140
75 -0.30073785618596716 0.5 2.3997771739959717 145
76 -0.2948397661614595 0.16442953050136566 1.6848552227020264 148
77 -0.2939474152207751 0.15771812200546265 1.6714922189712524 149
78 -0.28982694885240734 0.17114093899726868 1.8051224946975708 152
79 -0.2843779666611732 0.03691275045275688 0.595768392086029 153
80 -0.26760289039515356 -0.231543630361557 1.798440933227539 156
81 -0.26713429992751336 -0.21812079846858978 1.8184854984283447 157
82 -0.2667837484433568 -0.21140938997268677 1.8251670598983765 159
83 -0.2667768529922372 -0.19798657298088074 1.8385300636291504 160
84 -0.2664876309361815 -0.20469798147678375 1.8318485021591187 161
85 -0.2536458182710357 -0.05033557116985321 -0.19265033304691315 166
86 -0.2459181628437386 -0.224832221865654 1.7249443531036377 167
87 -0.2455044941289926 -0.21140938997268677 1.7316257953643799 169
88 -0.2405221477776811 -0.08389262109994888 2.2193763256073 171
89 -0.23197681488312383 0.3657718002796173 2.4532294273376465 172
90 -0.2126788610778143 -0.043624162673950195 -0.1993318498134613 177
91 -0.17252558338451857 0.12416107207536697 -0.5 181
92 -0.1721823634902938 -0.03691275045275688 -0.20601336658000946 182
93 -0.16127510983078297 0.06375838816165924 0.6959910988807678 184
94 -0.16092556938362435 0.010067113675177097 2.373051166534424 185
95 -0.1581662783400088 0.07046979665756226 0.6893095970153809 186
96 -0.15103321407637682 -0.14429530501365662 -0.5 189
97 -0.1499260587589852 -0.13087248802185059 -0.45991089940071106 190
98 -0.1411556360846943 0.37919461727142334 -0.5 195
99 -0.10553812464216007 -0.5 2.5 197
100 -0.09197530344111675 0.34563758969306946 1.090200424194336 199
101 -0.0914570000016979 0.33892616629600525 1.1035634279251099 200
102 -0.08770190388682172 0.3590604066848755 1.0167038440704346 202
103 -0.08595906543310494 0.3523489832878113 0.9966592192649841 203
104 -0.08567999404858427 0.34563758969306946 0.9766147136688232 204
105 -0.07968830107839187 0.4060402810573578 1.0501114130020142 208
106 -0.04598189333700133 0.5 1.1302895545959473 210
106
107 -0.7409248223567935 -0.016778523102402687 1.9587973356246948 4 5 7
108 -0.7145545335211286 0.010067113675177097 0.40868598222732544 7 8 10
109 -0.7099859845439901 -0.016778523102402687 0.916481077671051 6 9 13
110 -0.6926707158398832 -0.003355704713612795 0.4354120194911957 108 11 15
111 -0.6913911286188476 0.003355704713612795 0.37527838349342346 10 110 16
112 -0.679551918166073 -0.03691275045275688 1.471046805381775 2 3 19
113 -0.661272151390321 -0.003355704713612795 0.32850778102874756 111 13 22
114 -0.6551681927648325 -0.4060402810573578 1.3173719644546509 15 17 25
115 -0.6385729947545634 -0.016778523102402687 0.769487738609314 18 22 31
116 -0.6341188629720608 -0.03691275045275688 0.7360801696777344 19 20 32
117 -0.6251555642475655 -0.02348993346095085 0.762806236743927 115 23 34
118 -0.6214913881495221 -0.030201341956853867 0.75612473487854 116 117 35
119 -0.6176367521552966 -0.003355704713612795 0.2750556766986847 14 113 36
120 -0.615428934567152 0.3255033493041992 2.0857460498809814 24 25 39
121 -0.6122571508054561 -0.030201341956853867 0.7293986678123474 0 118 40
122 -0.6087879748658497 0.3590604066848755 2.105790615081787 21 120 41
123 -0.6017758100715532 0.07718120515346527 1.1302895545959473 1 12 42
124 -0.5828241890981954 0.010067113675177097 1.0100222826004028 109 123 44
125 -0.5316497056850479 -0.4530201256275177 1.3106904029846191 114 26 46
126 -0.5068538918429021 -0.016778523102402687 0.609131395816803 121 29 49
127 -0.4990134957361771 0.29865771532058716 1.4175946712493896 28 30 51
128 -0.48102800856115047 -0.3724832236766815 1.3374165296554565 125 32 56
129 -0.4774011925326362 0.02348993346095085 0.4621380865573883 34 36 59
130 -0.47018079236061716 -0.2718120813369751 1.2906458377838135 37 39 63
131 -0.4687664512866055 -0.2785235047340393 1.3106904029846191 38 130 64
132 -0.4663924766734849 0.02348993346095085 0.4755011200904846 33 129 65
133 -0.45927863839169497 -0.3120805323123932 1.3440979719161987 128 131 68
134 -0.45747878960179916 -0.20469798147678375 1.5846325159072876 41 42 70
135 -0.45642998318042854 0.0906040295958519 1.38418710231781 112 35 71
136 -0.45530824803660874 0.47986575961112976 2.165924310684204 122 40 72
137 -0.45493701580959134 -0.23825503885746002 1.5913140773773193 31 134 73
138 -0.45372415887890877 -0.20469798147678375 1.5712695121765137 137 43 75
139 -0.45253679167898564 0.016778523102402687 0.45545658469200134 119 132 76
140 -0.45177369683047214 0.010067113675177097 1.2505568265914917 124 135 77
141 -0.4406062834443337 -0.003355704713612795 0.8162583708763123 126 140 78
142 -0.4269939956038778 0.1845637559890747 1.5311803817749023 45 46 83
143 -0.42630061175498296 0.23825503885746002 1.4576836824417114 127 47 84
144 -0.41384608441323467 0.25167784094810486 1.0367482900619507 48 49 88
145 -0.40804585257469345 -0.0906040295958519 1.3641425371170044 141 50 93
146 -0.4075563460262548 0.19798657298088074 1.4242761135101318 143 145 94
147 -0.4011225909289649 -0.14429530501365662 1.5579065084457397 138 146 100
148 -0.4004357596887059 -0.12416107207536697 1.3440979719161987 55 147 101
149 -0.39955595549143097 0.19127516448497772 1.4910913705825806 142 148 102
150 -0.39696471640675624 0.057046979665756226 -0.11915367841720581 52 54 104
151 -0.3953198531554524 0.003355704713612795 0.5489977598190308 58 60 105
152 -0.38845389732552343 0.28523489832878113 2.005568027496338 27 136 106
153 -0.37461302770290633 -0.06375838816165924 -0.13251669704914093 53 63 110
154 -0.37449732308824646 0.003355704713612795 0.5289532542228699 139 151 111
155 -0.36727172986803136 -0.16442953050136566 1.3440979719161987 149 61 113
156 -0.36261342675090835 -0.224832221865654 1.2706013917922974 133 155 114
157 -0.3592897782478285 0.4127516746520996 1.4643652439117432 65 66 117
158 -0.3564084631794932 -0.043624162673950195 -0.09910912811756134 51 56 118
159 -0.35350854350742145 0.3993288576602936 1.4376392364501953 156 157 119
160 -0.3531429357070757 0.43288591504096985 0.6559020280838013 16 59 120
161 -0.34820510064449456 -0.003355704713612795 0.5623608231544495 154 159 121
162 -0.3470145191642073 0.06375838816165924 -0.12583519518375397 150 62 122
163 -0.3450461941239237 -0.19127516448497772 1.4242761135101318 161 68 125
164 -0.3444323441851032 -0.057046979665756226 -0.11247216165065765 153 158 126
165 -0.3437552419526429 0.3590604066848755 1.4643652439117432 67 69 128
166 -0.34370279409198634 0.12416107207536697 1.9788419008255005 107 152 129
167 -0.34254885079030306 0.3523489832878113 1.471046805381775 165 70 131
168 -0.3407480597407193 0.3657718002796173 1.4510022401809692 163 167 132
169 -0.3325859619907955 0.06375838816165924 -0.1659242808818817 162 72 135
170 -0.32501492025492384 -0.03691275045275688 -0.09242761880159378 64 164 136
171 -0.32138285840123076 0.1845637559890747 1.0367482900619507 144 168 137
172 -0.31726946358897357 -0.3322147727012634 1.1770601272583008 171 73 139
173 -0.3097505100373713 0.3187919557094574 1.8786191940307617 44 166 141
174 -0.3068440004700645 0.043624162673950195 -0.1057906448841095 57 169 142
175 -0.301933913253224 -0.06375838816165924 -0.17260579764842987 71 170 143
176 -0.30081507163199683 -0.030201341956853867 1.7383073568344116 172 173 144
177 -0.3006842562196282 0.5 2.3930957317352295 176 75 146
178 -0.2982198822470917 0.21812079846858978 1.1837416887283325 74 177 147
179 -0.2939296613938797 0.15771812200546265 1.6648106575012207 178 77 150
180 -0.2939199901566018 0.15771812200546265 1.6781736612319946 76 179 151
181 -0.28196947886867557 0.1845637559890747 1.8251670598983765 180 78 154
182 -0.27715967150559945 0.03691275045275688 0.5824053287506104 79 181 155
183 -0.2667950392527788 -0.21812079846858978 1.8118040561676025 80 81 158
184 -0.26614842440909026 -0.21812079846858978 1.8251670598983765 183 82 162
185 -0.26608665639399354 -0.19127516448497772 1.8385300636291504 182 83 163
186 -0.26584289623859236 -0.21140938997268677 1.8318485021591187 84 184 164
187 -0.2654247181178903 -0.19798657298088074 1.8318485021591187 185 186 165
188 -0.24586173368406258 -0.21812079846858978 1.718262791633606 187 86 168
189 -0.24541108786674604 -0.20469798147678375 1.7316257953643799 188 87 170
190 -0.23093757607330573 0.39261746406555176 2.439866304397583 189 89 173
191 -0.22736153281851018 -0.010067113675177097 -0.07906458526849747 175 190 174
192 -0.2263842036506563 0.016778523102402687 -0.07906458526849747 174 191 175
193 -0.22090296888232583 -0.057046979665756226 -0.19265033304691315 85 192 176
194 -0.20166298059068932 -0.05033557116985321 -0.1993318498134613 193 90 178
195 -0.18564252061927516 0.21140938997268677 0.7828508019447327 160 194 179
196 -0.17653724512913108 -0.030201341956853867 2.1191537380218506 88 195 180
197 -0.17121110784555274 -0.043624162673950195 -0.20601336658000946 196 92 183
198 -0.15798418235264314 0.07046979665756226 0.6959910988807678 93 95 187
199 -0.15504364634549625 -0.003355704713612795 2.3596882820129395 197 94 188
200 -0.1495211866996305 -0.1375838965177536 -0.4732739329338074 96 97 191
201 -0.1491337429988009 0.19127516448497772 -0.3129175901412964 91 199 192
202 -0.14863594575488256 0.06375838816165924 0.6759465336799622 198 201 193
203 -0.1444540315950841 -0.19127516448497772 -0.36636972427368164 200 202 194
204 -0.1404648365241943 0.3187919557094574 -0.5 203 98 196
205 -0.10452246947905046 -0.37919461727142334 2.5 204 99 198
206 -0.09141389627260588 0.33892616629600525 1.0968819856643677 100 101 201
207 -0.09141389627260586 0.33892616629600525 1.0968819856643677 205 206 201
208 -0.08530196358188792 0.3523489832878113 1.003340721130371 102 103 205
209 -0.08523252492820958 0.33892616629600525 0.9766147136688232 207 104 206
210 -0.08456607331910931 0.34563758969306946 0.9832962155342102 208 209 207
211 -0.06033955019202001 0.37919461727142334 1.0567928552627563 210 105 209
212 -0.041684742660770414 0.4932885766029358 1.150334119796753 211 106 211
