94
0 -0.9552992895179929 -0.043624162673950195 0.6425389647483826 0
1 -0.9274336157115185 -0.03691275045275688 0.6358574628829956 1
2 -0.9239619944552155 -0.05033557116985321 0.6492204666137695 2
3 -0.7932141110532245 0.02348993346095085 0.8563474416732788 5
4 -0.7795718131021785 0.043624162673950195 0.8830735087394714 6
5 -0.7301080565891456 0.5 1.4844098091125488 8
6 -0.7008603827148948 0.010067113675177097 0.4354120194911957 9
7 -0.6908049677373825 0.003355704713612795 0.4020044505596161 10
8 -0.6847891555495497 0.016778523102402687 0.448775053024292 11
9 -0.6843699898692703 0.003355704713612795 0.3819599151611328 12
10 -0.672916737957179 0.02348993346095085 0.45545658469200134 14
11 -0.6630997696183014 -0.003355704713612795 0.3218262791633606 17
12 -0.6576762165603001 0.030201341956853867 0.4621380865573883 18
13 -0.6450586427037108 -0.003355704713612795 0.24832962453365326 19
14 -0.6325089028013334 -0.02348993346095085 0.9097995758056641 22
15 -0.606272561976641 -0.057046979665756226 0.916481077671051 26
16 -0.5957047250445355 0.11073825508356094 1.6581292152404785 27
17 -0.5773305168397698 -0.016778523102402687 1.2572382688522339 29
18 -0.5766414464884063 -0.010067113675177097 1.2505568265914917 30
19 -0.5742974077387021 -0.21140938997268677 1.150334119796753 32
20 -0.5282954142073281 -0.12416107207536697 1.1770601272583008 33
21 -0.5281409415310303 -0.11744966357946396 1.170378565788269 34
22 -0.5272832624882969 -0.010067113675177097 1.217149257659912 36
23 -0.5261459322490366 0.003355704713612795 1.2104676961898804 38
24 -0.5222175699750596 0.010067113675177097 1.2037861347198486 40
25 -0.521049635151085 0.043624162673950195 1.1904231309890747 42
26 -0.5199222303519887 0.030201341956853867 1.1971046924591064 43
27 -0.5062736878204624 0.003355704713612795 0.6893095970153809 46
28 -0.5015744278376337 0.17114093899726868 1.4309576749801636 47
29 -0.4974111060769119 0.12416107207536697 1.7449889183044434 49
30 -0.49092978818377897 -0.08389262109994888 1.0968819856643677 51
31 -0.47974296655392057 0.3120805323123932 1.7383073568344116 55
32 -0.4734448347757798 0.39261746406555176 1.5311803817749023 57
33 -0.44944150232213287 0.12416107207536697 1.230512261390686 58
34 -0.4306641005045783 -0.057046979665756226 0.7093541026115417 59
35 -0.4301261631415177 -0.003355704713612795 1.3440979719161987 61
36 -0.4151119620364436 0.13087248802185059 1.2772828340530396 64
37 -0.41066111296348157 -0.010067113675177097 0.7227171659469604 66
38 -0.40341078347753834 0.02348993346095085 1.4042316675186157 68
39 -0.40051560620808807 0.07718120515346527 1.471046805381775 71
40 -0.39793997431362677 0.057046979665756226 1.4576836824417114 74
41 -0.3969894300529554 0.043624162673950195 1.4510022401809692 76
42 -0.3944341321717997 0.11744966357946396 1.3106904029846191 79
43 -0.38921112832160026 0.02348993346095085 0.7494432330131531 80
44 -0.3848039497056876 0.03691275045275688 -0.09910912811756134 83
45 -0.3830042864035303 -0.28523489832878113 1.1169265508651733 84
46 -0.3825153921390218 -0.03691275045275688 -0.09910912811756134 85
47 -0.38078916190789136 -0.2785235047340393 1.1035634279251099 86
48 -0.3752823504745499 -0.14429530501365662 1.2973273992538452 88
49 -0.37334863984519456 0.05033557116985321 -0.11247216165065765 91
50 -0.3706912981724754 -0.05033557116985321 -0.11247216165065765 93
51 -0.36631638309845993 0.030201341956853867 0.5089086890220642 94
52 -0.36417024605692766 0.02348993346095085 -0.09242761880159378 95
53 -0.3627520264337972 0.057046979665756226 -0.12583519518375397 96
54 -0.36219630971282524 -0.02348993346095085 -0.09242761880159378 97
55 -0.3598918704150468 -0.057046979665756226 -0.12583519518375397 98
56 -0.3380084656869657 -0.15100671350955963 0.8563474416732788 104
57 -0.3367491746382975 -0.1778523474931717 0.8162583708763123 105
58 -0.33025219125491306 -0.224832221865654 0.9632516503334045 106
59 -0.31978641091384813 0.06375838816165924 -0.1391982138156891 107
60 -0.3164261226135387 -0.06375838816165924 -0.1391982138156891 108
61 -0.3137451493053959 0.21812079846858978 1.8452116250991821 109
62 -0.30845675287124635 0.25167784094810486 1.8184854984283447 113
63 -0.2856922463457654 0.016778523102402687 -0.08574610203504562 118
64 -0.28544613807900854 -0.33892616629600525 1.1169265508651733 119
65 -0.28430569608979667 -0.3322147727012634 1.1035634279251099 120
66 -0.2738997419344147 0.057046979665756226 -0.17260579764842987 127
67 -0.27076893109819616 -0.057046979665756226 -0.17260579764842987 128
68 -0.2706788987732023 0.15100671350955963 1.1035634279251099 129
69 -0.2553718669543194 0.15771812200546265 1.0968819856643677 132
70 -0.25183440401913265 0.1845637559890747 0.6759465336799622 134
71 -0.240192362862126 0.16442953050136566 1.090200424194336 136
72 -0.2255863339620232 0.17114093899726868 1.0835189819335938 139
73 -0.19226147144294253 -0.05033557116985321 -0.19265033304691315 144
74 -0.17058047383464273 0.5 1.8118040561676025 145
75 -0.1687881876570261 0.25838926434516907 1.2104676961898804 147
76 -0.16853352143739245 0.2651006579399109 1.217149257659912 148
77 -0.15901414378681974 -0.043624162673950195 -0.1993318498134613 152
78 -0.14014103319690552 0.25838926434516907 1.9187082052230835 153
79 -0.13440944645154956 0.28523489832878113 1.1302895545959473 156
80 -0.13405383824552888 0.2785235047340393 1.1236079931259155 157
81 -0.13319238691963664 0.2651006579399109 1.1169265508651733 159
82 -0.1314177371141355 0.3120805323123932 1.1570155620574951 161
83 -0.12963116451761203 0.3187919557094574 1.1770601272583008 164
84 -0.12491351319684428 -0.03691275045275688 -0.20601336658000946 166
85 -0.12211320550177031 0.21140938997268677 0.6224944591522217 167
86 -0.11859223112599165 -0.19798657298088074 0.6625835299491882 168
87 -0.11765728032912749 -0.1778523474931717 0.6692650318145752 170
88 -0.10895447173504265 -0.21140938997268677 0.769487738609314 175
89 -0.10810627007887284 -0.21812079846858978 0.7761692404747009 176
90 -0.10749777295425411 -0.224832221865654 0.7895323038101196 177
91 -0.0933818513977053 0.14429530501365662 0.7093541026115417 181
92 -0.0302349228089525 -0.24496644735336304 0.75612473487854 183
93 -0.030106630536856086 -0.23825503885746002 0.7427616715431213 184
93
94 -0.9208769748116976 -0.043624162673950195 0.6492204666137695 0 2 3
95 -0.8944638439412759 -0.043624162673950195 0.6358574628829956 1 94 4
96 -0.7518552229457458 0.03691275045275688 0.8763920068740845 3 4 7
97 -0.6786889166513386 0.003355704713612795 0.3886414170265198 7 9 13
98 -0.668475121847556 0.016778523102402687 0.44209355115890503 6 8 15
99 -0.6663451882868208 0.003355704713612795 0.4153674840927124 97 98 16
100 -0.6424375132360401 0.030201341956853867 0.45545658469200134 10 12 20
101 -0.6341150021670152 0.02348993346095085 0.448775053024292 99 100 21
102 -0.618613558435758 -0.003355704713612795 0.2750556766986847 11 13 23
103 -0.6174231114648278 -0.003355704713612795 0.916481077671051 96 14 24
104 -0.6144990705313582 0.003355704713612795 0.3351893126964569 101 102 25
105 -0.586606713428565 -0.043624162673950195 0.916481077671051 103 15 28
106 -0.5766119577690787 -0.016778523102402687 1.2505568265914917 17 18 31
107 -0.5276198206408533 -0.11744966357946396 1.1770601272583008 20 21 35
108 -0.5262141491720254 -0.016778523102402687 1.2238306999206543 106 22 37
109 -0.5251048183730701 -0.003355704713612795 1.2104676961898804 108 23 39
110 -0.5211492220739868 0.010067113675177097 1.2104676961898804 109 24 41
111 -0.5180628733688324 0.02348993346095085 1.1971046924591064 110 26 44
112 -0.5176882497916825 0.03691275045275688 1.1971046924591064 25 111 45
113 -0.5005755552017193 -0.003355704713612795 0.6893095970153809 95 27 48
114 -0.49590136715810823 0.13087248802185059 1.7449889183044434 16 29 50
115 -0.4889687719851215 -0.07718120515346527 1.0835189819335938 105 30 52
116 -0.4875167672475906 -0.0906040295958519 1.1102449893951416 107 115 53
117 -0.4813638309162791 -0.07046979665756226 1.1971046924591064 112 116 54
118 -0.47367998877292994 -0.16442953050136566 1.1971046924591064 19 117 56
119 -0.43060689229585053 -0.057046979665756226 0.7026726007461548 113 34 60
120 -0.42910390701954004 -0.010067113675177097 1.3374165296554565 118 35 62
121 -0.4212713173003296 0.43959730863571167 1.5445433855056763 5 32 63
122 -0.41469930138579464 0.12416107207536697 1.2706013917922974 33 36 65
123 -0.40953441448426087 -0.016778523102402687 0.7160356640815735 119 37 67
124 -0.40318134633137653 0.02348993346095085 1.397550106048584 120 38 69
125 -0.4021000983989584 0.09731543809175491 1.2037861347198486 122 124 70
126 -0.4002769968669388 0.08389262109994888 1.471046805381775 28 39 72
127 -0.39871915560138627 0.15771812200546265 1.5311803817749023 114 126 73
128 -0.3978497973211428 0.06375838816165924 1.4643652439117432 127 40 75
129 -0.39630889194007524 0.05033557116985321 1.4510022401809692 128 41 77
130 -0.39611957579623713 0.043624162673950195 1.4443206787109375 125 129 78
131 -0.3882125381967552 0.016778523102402687 0.7494432330131531 123 43 81
132 -0.3849799277007823 0.12416107207536697 1.2973273992538452 130 42 82
133 -0.37549421057753 0.010067113675177097 0.75612473487854 131 132 87
134 -0.3744890960393686 -0.2785235047340393 1.1102449893951416 45 47 89
135 -0.37372239648288885 -0.28523489832878113 1.1570155620574951 133 134 90
136 -0.3710109682844346 -0.1375838965177536 1.2839643955230713 48 135 92
137 -0.3525639817954666 0.2718120813369751 1.644766092300415 31 136 99
138 -0.3522488899542703 0.030201341956853867 -0.09242761880159378 44 52 100
139 -0.3496649284218384 0.3120805323123932 1.564587950706482 121 137 101
140 -0.3461693009076227 0.057046979665756226 -0.11915367841720581 49 53 102
141 -0.34412438970452974 0.030201341956853867 0.4955456554889679 104 51 103
142 -0.31368711466568017 -0.05033557116985321 -0.1057906448841095 46 50 110
143 -0.3132760010290009 -0.1845637559890747 0.8429844379425049 56 57 111
144 -0.30897482909888896 0.030201341956853867 0.5356347560882568 139 141 112
145 -0.30843548053373016 0.25838926434516907 1.8184854984283447 144 62 114
146 -0.3074723595647655 -0.06375838816165924 -0.13251669704914093 55 60 115
147 -0.3067879884059045 0.24496644735336304 1.8184854984283447 61 145 116
148 -0.2943168726859356 -0.030201341956853867 -0.09910912811756134 54 142 117
149 -0.28426533834534456 -0.3322147727012634 1.1102449893951416 64 65 121
150 -0.2835259488179909 -0.05033557116985321 -0.11915367841720581 146 148 122
151 -0.28337621212777575 0.043624162673950195 -0.1057906448841095 138 140 123
152 -0.27913755536815016 0.06375838816165924 -0.12583519518375397 59 151 124
153 -0.2783797787259138 0.02348993346095085 -0.08574610203504562 63 152 125
154 -0.27763172978924355 -0.3120805323123932 1.1169265508651733 147 149 126
155 -0.27059776400599217 0.15100671350955963 1.1102449893951416 154 68 130
156 -0.2639722541003151 0.06375838816165924 -0.1659242808818817 153 66 131
157 -0.25510801226391805 0.15771812200546265 1.1035634279251099 155 69 133
158 -0.24899885862399332 -0.231543630361557 1.003340721130371 58 157 135
159 -0.2392236796679184 0.16442953050136566 1.0968819856643677 158 71 137
160 -0.22592440757583507 -0.06375838816165924 -0.17260579764842987 150 67 138
161 -0.22528703886368956 0.16442953050136566 1.0835189819335938 159 72 140
162 -0.2227904376850139 0.010067113675177097 -0.07238307595252991 156 161 141
163 -0.2218189456189699 -0.010067113675177097 -0.07906458526849747 160 162 142
164 -0.2110487279104331 -0.10402684658765793 0.8830735087394714 143 163 143
165 -0.17009340280826366 0.48657718300819397 1.7917594909667969 164 74 146
166 -0.16786801352231415 0.2651006579399109 1.2104676961898804 75 76 149
167 -0.16772262345169592 -0.05033557116985321 -0.185968816280365 73 165 150
168 -0.16344567863545403 0.24496644735336304 1.217149257659912 166 167 151
169 -0.1398543477810974 0.25838926434516907 1.9120267629623413 168 78 154
170 -0.13642057840558366 -0.05033557116985321 -0.1993318498134613 77 169 155
171 -0.13371042323567534 0.28523489832878113 1.1236079931259155 79 80 158
172 -0.13233385152135896 0.2718120813369751 1.1236079931259155 171 81 160
173 -0.1312501554435824 0.25167784094810486 1.1169265508651733 170 172 162
174 -0.1312454863055193 0.3120805323123932 1.150334119796753 82 173 163
175 -0.1293998392943914 0.3187919557094574 1.170378565788269 174 83 165
176 -0.1177798987886289 0.19127516448497772 0.6158128976821899 175 85 169
177 -0.1167768667529405 -0.17114093899726868 0.6692650318145752 176 87 171
178 -0.11676128308944539 -0.1845637559890747 0.6692650318145752 86 177 172
179 -0.11488510854937604 0.16442953050136566 0.6224944591522217 70 178 173
180 -0.11285512384850732 -0.03691275045275688 -0.1993318498134613 84 179 174
181 -0.10721836682096643 -0.20469798147678375 0.769487738609314 180 88 178
182 -0.10609732429418989 -0.224832221865654 0.7962138056755066 90 181 179
183 -0.10199537893281267 -0.21812079846858978 0.7828508019447327 89 182 180
184 -0.09239992882480158 0.1375838965177536 0.7093541026115417 183 91 182
185 -0.029555878357564007 -0.23825503885746002 0.7360801696777344 184 93 185
186 -0.028668262276330708 -0.23825503885746002 0.7494432330131531 92 185 186
