103
0 -0.8650843954450059 -0.010067113675177097 0.5423162579536438 0
1 -0.8372634951176268 -0.003355704713612795 0.5489977598190308 1
2 -0.825632588136205 0.5 0.8630289435386658 2
3 -0.7251823831757823 -0.02348993346095085 1.0501114130020142 4
4 -0.7189603360379425 0.057046979665756226 1.076837420463562 5
5 -0.7108423459888097 0.010067113675177097 0.7761692404747009 6
6 -0.7073151294097219 0.03691275045275688 0.7962138056755066 7
7 -0.7038478924370886 0.010067113675177097 0.3552338480949402 8
8 -0.6910266105932639 0.003355704713612795 0.3351893126964569 9
9 -0.6645296123254095 -0.016778523102402687 0.7360801696777344 11
10 -0.6615996248143586 -0.003355704713612795 0.3017817437648773 12
11 -0.6560739498797655 -0.02348993346095085 0.7293986678123474 13
12 -0.6549558322407999 -0.15100671350955963 1.6046770811080933 15
13 -0.6501605351666538 0.003355704713612795 0.2550111413002014 17
14 -0.6496633819330806 -0.15771812200546265 1.5979955196380615 18
15 -0.6396419393048622 -0.003355704713612795 0.4955456554889679 22
16 -0.630720810974497 0.14429530501365662 1.8118040561676025 23
17 -0.6220260365337277 0.003355704713612795 0.3819599151611328 26
18 -0.6215354593125042 -0.016778523102402687 0.4020044505596161 27
19 -0.6203073242250877 -0.1778523474931717 1.691536784172058 28
20 -0.6198517965923817 -0.010067113675177097 0.3953229486942291 29
21 -0.6191420858296679 -0.010067113675177097 1.691536784172058 30
22 -0.6187979114231076 -0.003355704713612795 1.6982182264328003 31
23 -0.6112467015646433 -0.003355704713612795 0.4621380865573883 35
24 -0.6103571060536785 -0.15771812200546265 1.6380846500396729 36
25 -0.6094110287774087 -0.030201341956853867 1.2371938228607178 37
26 -0.5979269363464697 -0.02348993346095085 0.40868598222732544 42
27 -0.5961115676279628 -0.19798657298088074 1.410913109779358 43
28 -0.5664654368179617 -0.016778523102402687 0.44209355115890503 46
29 -0.5622451588843537 0.224832221865654 1.9587973356246948 47
30 -0.5621356035585033 0.0906040295958519 0.916481077671051 48
31 -0.5540198609177529 0.29194632172584534 2.038975477218628 50
32 -0.5530978524865311 -0.224832221865654 1.397550106048584 51
33 -0.5478413851770115 0.30536913871765137 2.0189309120178223 53
34 -0.5475346493682398 -0.02348993346095085 0.4354120194911957 54
35 -0.5461051584614739 0.2651006579399109 2.0590200424194336 56
36 -0.5449836519887938 0.043624162673950195 0.6759465336799622 58
37 -0.5400175851006179 0.25838926434516907 2.065701484680176 60
38 -0.5197191844574329 -0.2651006579399109 1.324053406715393 62
39 -0.5191880924083478 0.28523489832878113 1.9721603393554688 63
40 -0.5180178657649007 0.19798657298088074 0.9365255832672119 66
41 -0.47635424812257443 -0.07046979665756226 1.7249443531036377 71
42 -0.4724623079480849 -0.08389262109994888 1.38418710231781 73
43 -0.46850173407305834 0.4127516746520996 1.5111358165740967 76
44 -0.4662896042444406 0.4194630980491638 1.5178173780441284 77
45 -0.45471544776798695 0.3724832236766815 1.551224946975708 79
46 -0.4478473030996601 0.016778523102402687 1.1570155620574951 81
47 -0.437108335858574 -0.02348993346095085 0.8496659398078918 85
48 -0.4279300092925199 -0.33892616629600525 1.4576836824417114 88
49 -0.4218120727310413 -0.003355704713612795 0.8897550106048584 89
50 -0.41726874366673383 -0.33892616629600525 1.3307349681854248 90
51 -0.39987106448703974 0.05033557116985321 -0.11247216165065765 95
52 -0.3985647869439271 0.03691275045275688 -0.09910912811756134 96
53 -0.39794328982899213 -0.05033557116985321 -0.11247216165065765 97
54 -0.3975059367799276 -0.03691275045275688 -0.09910912811756134 98
55 -0.3962261054140923 0.057046979665756226 -0.12583519518375397 99
56 -0.39388650996950597 -0.057046979665756226 -0.12583519518375397 100
57 -0.38400794248356807 -0.057046979665756226 0.762806236743927 104
58 -0.3797612731802864 0.2651006579399109 1.5311803817749023 107
59 -0.3761568046552068 -0.3993288576602936 1.3106904029846191 108
60 -0.3735062886413965 0.25167784094810486 1.5244989395141602 109
61 -0.36754935437560693 0.5 1.5044543743133545 111
62 -0.36490406223366606 0.02348993346095085 -0.09242761880159378 112
63 -0.3646475191628703 -0.02348993346095085 -0.09242761880159378 113
64 -0.36394535516574844 -0.43959730863571167 1.324053406715393 114
65 -0.36285445551592693 0.06375838816165924 -0.1391982138156891 116
66 -0.3603983392226154 0.46644294261932373 2.0256123542785645 117
67 -0.36007506964437136 -0.06375838816165924 -0.1391982138156891 118
68 -0.35980436772295415 0.4597315490245819 2.038975477218628 119
69 -0.3471176028617687 0.5 2.0523386001586914 127
70 -0.3420942867585612 0.21140938997268677 1.4844098091125488 129
71 -0.33307344987150966 0.30536913871765137 1.2772828340530396 132
72 -0.3303368369889098 0.29194632172584534 1.858574628829956 134
73 -0.32897511712525956 0.3120805323123932 1.8786191940307617 135
74 -0.32652399595317 0.29865771532058716 1.8652560710906982 138
75 -0.32610835963958035 0.30536913871765137 1.87193763256073 139
76 -0.3164807568706218 0.057046979665756226 -0.17260579764842987 144
77 -0.31430875962085636 -0.057046979665756226 -0.17260579764842987 145
78 -0.3002614476800689 -0.07718120515346527 0.8095768094062805 148
79 -0.2906698293894287 0.20469798147678375 1.1636971235275269 152
80 -0.2887154695128442 -0.08389262109994888 0.8028953075408936 153
81 -0.273464473533761 0.15100671350955963 1.564587950706482 156
82 -0.2733775625332652 -0.0906040295958519 0.7962138056755066 157
83 -0.26501836351491037 0.4463087320327759 2.226058006286621 160
84 -0.2475878931928246 0.33892616629600525 1.6648106575012207 164
85 -0.23291524448942622 -0.05033557116985321 -0.19265033304691315 166
86 -0.22183200562565514 0.21140938997268677 1.076837420463562 168
87 -0.20893899396766816 -0.21140938997268677 1.0501114130020142 171
88 -0.20728531602588385 -0.21812079846858978 1.0434298515319824 173
89 -0.20530075250785138 -0.224832221865654 1.0367482900619507 175
90 -0.19425117089987065 -0.043624162673950195 -0.1993318498134613 178
91 -0.18322369834603106 0.08389262109994888 1.6514476537704468 179
92 -0.1742899277399315 -0.08389262109994888 2.1258351802825928 182
93 -0.1729640412507768 -0.0906040295958519 2.099109172821045 183
94 -0.17004415649954985 0.4127516746520996 1.2772828340530396 185
95 -0.16928516136184085 -0.07718120515346527 2.1458797454833984 186
96 -0.1679598264820094 -0.06375838816165924 2.0857460498809814 187
97 -0.16763628684461088 -0.057046979665756226 2.099109172821045 189
98 -0.16050915072083452 -0.06375838816165924 2.1726057529449463 194
99 -0.15565045610940104 -0.03691275045275688 -0.20601336658000946 196
100 -0.12657892283600472 0.030201341956853867 2.2461023330688477 198
101 -0.09261170406366152 -0.5 2.5 201
102 -0.05261026286493841 0.5 1.1636971235275269 203
102
103 -0.8225135859973782 -0.010067113675177097 0.5489977598190308 0 1 3
104 -0.673733016988044 0.02348993346095085 0.7828508019447327 5 6 10
105 -0.6554283245417017 0.003355704713612795 0.3485523462295532 7 8 14
106 -0.651996197218742 -0.02348993346095085 0.7360801696777344 9 11 16
107 -0.6493265412844808 -0.15100671350955963 1.5979955196380615 12 14 19
108 -0.6445496252814733 0.003355704713612795 0.3218262791633606 10 105 20
109 -0.6430193019481726 -0.003355704713612795 0.75612473487854 104 106 21
110 -0.6303544163642413 -0.003355704713612795 0.5022271871566772 103 15 24
111 -0.6295835835596898 0.003355704713612795 0.28173720836639404 13 108 25
112 -0.6159294154757415 0.02348993346095085 1.063474416732788 3 4 32
113 -0.6154180335433992 0.003355704713612795 0.3886414170265198 17 20 33
114 -0.6135382285080675 -0.003355704713612795 1.691536784172058 21 22 34
115 -0.6087875449521101 -0.010067113675177097 0.4020044505596161 18 113 38
116 -0.6033116472165659 -0.15771812200546265 1.6314030885696411 107 24 39
117 -0.6030572085431473 -0.003355704713612795 0.4755011200904846 110 23 40
118 -0.5991009283396408 0.010067113675177097 0.3819599151611328 111 115 41
119 -0.5944528105539973 -0.016778523102402687 0.40868598222732544 118 26 44
120 -0.5934628502022188 -0.16442953050136566 1.6581292152404785 19 116 45
121 -0.5573560732009506 -0.016778523102402687 0.448775053024292 117 28 49
122 -0.5527666388412513 -0.21812079846858978 1.4042316675186157 27 32 52
123 -0.546160254666955 0.29865771532058716 2.0189309120178223 31 33 55
124 -0.5460228267976672 0.2718120813369751 2.0590200424194336 123 35 57
125 -0.5409448705479268 -0.02348993346095085 0.4287305176258087 119 34 59
126 -0.5391248816420062 0.25838926434516907 2.0590200424194336 124 37 61
127 -0.5190003827283494 -0.016778523102402687 0.4354120194911957 121 125 64
128 -0.5180631787984143 0.2785235047340393 1.9721603393554688 29 39 65
129 -0.5175433490449877 0.29194632172584534 1.9721603393554688 126 128 67
130 -0.507356270011473 -0.25167784094810486 1.3374165296554565 122 38 68
131 -0.50442339863338 0.07718120515346527 0.8763920068740845 109 30 69
132 -0.4945310651407745 -0.19798657298088074 1.537861943244934 120 130 70
133 -0.47621313094383255 -0.07046979665756226 1.718262791633606 114 41 72
134 -0.4718850167869534 -0.07046979665756226 1.6714922189712524 132 133 74
135 -0.47181054300943476 -0.0906040295958519 1.3775055408477783 42 134 75
136 -0.4655294653659668 0.4194630980491638 1.5111358165740967 43 44 78
137 -0.4544407639897251 -0.06375838816165924 1.324053406715393 25 135 80
138 -0.44760321536614245 0.02348993346095085 1.1570155620574951 112 46 82
139 -0.44287292261669164 0.016778523102402687 1.1837416887283325 137 138 83
140 -0.43967926027407567 0.3993288576602936 1.5445433855056763 136 45 84
141 -0.43155407732660733 -0.016778523102402687 0.8496659398078918 131 47 86
142 -0.4306021874628559 0.07718120515346527 0.9699332118034363 139 141 87
143 -0.41322915756090906 0.19127516448497772 1.885300636291504 16 129 91
144 -0.4118070516062815 0.003355704713612795 0.8830735087394714 142 49 92
145 -0.40578074987084933 0.02348993346095085 0.6759465336799622 36 144 93
146 -0.40537242653603583 0.17114093899726868 0.9365255832672119 40 145 94
147 -0.3928411552597623 0.05033557116985321 1.7650333642959595 143 146 101
148 -0.3860730738415956 -0.3255033493041992 1.471046805381775 48 147 102
149 -0.3847076117947752 -0.003355704713612795 0.6358574628829956 127 148 103
150 -0.3802470372883085 0.057046979665756226 -0.11915367841720581 51 55 105
151 -0.3800479192908373 -0.057046979665756226 0.769487738609314 149 57 106
152 -0.36940188033444876 0.25838926434516907 1.5244989395141602 58 60 110
153 -0.36354579993267166 0.030201341956853867 -0.09242761880159378 52 62 115
154 -0.3596112864442097 0.4597315490245819 2.0322940349578857 66 68 120
155 -0.35886911377624076 -0.33892616629600525 1.3908685445785522 50 151 121
156 -0.3578191782974658 0.47986575961112976 1.5044543743133545 140 61 122
157 -0.3566367321552012 -0.3657718002796173 1.304008960723877 59 155 123
158 -0.3566149851482373 -0.42617449164390564 1.3307349681854248 64 157 124
159 -0.3559803904705271 0.29865771532058716 1.537861943244934 152 156 125
160 -0.3514251753447512 -0.06375838816165924 -0.13251669704914093 56 67 126
161 -0.34259520108442476 -0.043624162673950195 -0.09910912811756134 53 54 128
162 -0.34166268701899427 0.48657718300819397 2.0322940349578857 154 69 130
163 -0.3414925193531625 0.21140938997268677 1.4910913705825806 159 70 131
164 -0.33174798498261754 0.43959730863571167 2.0256123542785645 158 162 133
165 -0.32850153711980784 0.28523489832878113 1.858574628829956 164 72 136
166 -0.3279167391240345 0.3120805323123932 1.885300636291504 73 165 137
167 -0.32590535242808044 0.3120805323123932 1.87193763256073 166 75 140
168 -0.32588361851743025 0.29865771532058716 1.858574628829956 74 167 141
169 -0.3253566402862368 0.06375838816165924 -0.12583519518375397 150 65 142
170 -0.32355901783315955 -0.057046979665756226 -0.11247216165065765 160 161 143
171 -0.3126170928197672 -0.03691275045275688 -0.09242761880159378 63 170 146
172 -0.31136262254935854 0.06375838816165924 -0.1659242808818817 169 76 147
173 -0.2990426254802744 0.043624162673950195 -0.1057906448841095 153 172 149
174 -0.2947143467373915 0.1845637559890747 1.410913109779358 163 168 150
175 -0.2925487189194621 -0.07046979665756226 0.8095768094062805 78 174 151
176 -0.27678509035906107 -0.06375838816165924 -0.17260579764842987 77 171 154
177 -0.2758014086554708 -0.07718120515346527 0.8028953075408936 175 80 155
178 -0.26799557647091005 0.25167784094810486 1.2839643955230713 71 177 158
179 -0.26711600683116205 -0.08389262109994888 0.7962138056755066 82 178 159
180 -0.2640381955252211 0.4530201256275177 2.226058006286621 179 83 161
181 -0.26036778966865715 0.15771812200546265 1.5178173780441284 81 180 162
182 -0.25707331640243947 0.1845637559890747 1.2104676961898804 79 181 163
183 -0.24253668982228258 0.38590604066848755 1.6514476537704468 182 84 165
184 -0.22618874609755887 -0.010067113675177097 -0.07906458526849747 176 183 167
185 -0.22105501156017307 0.19798657298088074 1.090200424194336 184 86 169
186 -0.22078380026824607 0.010067113675177097 -0.08574610203504562 173 185 170
187 -0.2089145651565945 -0.21140938997268677 1.0567928552627563 186 87 172
188 -0.2068707654714029 -0.21140938997268677 1.0434298515319824 187 88 174
189 -0.20525005054483897 -0.21812079846858978 1.0367482900619507 188 89 176
190 -0.19790864421799786 -0.05033557116985321 -0.185968816280365 85 189 177
191 -0.18315246518198733 0.08389262109994888 1.644766092300415 190 91 180
192 -0.18051616427584133 -0.05033557116985321 -0.1993318498134613 90 191 181
193 -0.17207236071215737 -0.08389262109994888 2.105790615081787 92 93 184
194 -0.16783547324964526 -0.07718120515346527 2.1391983032226562 193 95 188
195 -0.16758945305061576 -0.057046979665756226 2.0924277305603027 96 97 190
196 -0.1670042698561103 0.42617449164390564 1.3106904029846191 192 94 191
197 -0.16459849722065942 0.28523489832878113 0.8095768094062805 2 196 192
198 -0.16363918401195854 -0.07718120515346527 2.072383165359497 194 195 193
199 -0.16010313804443368 -0.07046979665756226 2.1726057529449463 198 98 195
200 -0.15209180674513348 -0.043624162673950195 -0.20601336658000946 197 99 197
201 -0.11719771357561985 -0.030201341956853867 1.9721603393554688 199 200 199
202 -0.11371449382753211 0.05033557116985321 2.3062360286712646 100 201 200
203 -0.09216072937508359 -0.37919461727142334 2.5 202 101 202
204 -0.04980819128046272 0.5 1.1837416887283325 203 102 204
