91
0 -0.8686142089137002 0.030201341956853867 1.3507795333862305 0
1 -0.7967967597216172 -0.02348993346095085 0.8897550106048584 1
2 -0.7950103093909839 -0.030201341956853867 0.8964365124702454 2
3 -0.7845814305266143 0.003355704713612795 0.5890868306159973 4
4 -0.7791440283953411 0.010067113675177097 1.1837416887283325 5
5 -0.7646556827784745 0.010067113675177097 0.5757238268852234 6
6 -0.7523109340634089 -0.010067113675177097 0.4354120194911957 7
7 -0.7447503312156214 0.4060402810573578 2.2461023330688477 9
8 -0.7376490079629364 0.13087248802185059 1.2906458377838135 10
9 -0.7347407326338302 -0.003355704713612795 0.3953229486942291 11
10 -0.7323698312227527 -0.016778523102402687 0.4621380865573883 12
11 -0.7282229653513163 0.010067113675177097 0.6224944591522217 13
12 -0.716031101904258 -0.05033557116985321 1.6581292152404785 16
13 -0.714820524278058 -0.010067113675177097 1.0968819856643677 17
14 -0.7063345930316043 0.03691275045275688 0.5890868306159973 18
15 -0.6711989611519501 -0.003355704713612795 0.4955456554889679 21
16 -0.6694837912596724 0.003355704713612795 0.5022271871566772 22
17 -0.6626232102312665 0.02348993346095085 0.5489977598190308 25
18 -0.6581672779174851 0.010067113675177097 0.5089086890220642 26
19 -0.6538422091626278 -0.003355704713612795 0.23496659100055695 28
20 -0.6343004413301384 0.043624162673950195 2.105790615081787 32
21 -0.6262125042143533 0.48657718300819397 0.6759465336799622 33
22 -0.6199873098593719 -0.16442953050136566 1.6648106575012207 34
23 -0.6150025659870249 0.11744966357946396 2.072383165359497 35
24 -0.6057788975615157 0.23825503885746002 1.5044543743133545 37
25 -0.6001694140840959 0.0906040295958519 2.0790646076202393 39
26 -0.5780315521662581 -0.39261746406555176 1.2839643955230713 43
27 -0.5464286486199021 -0.43959730863571167 1.2772828340530396 45
28 -0.5460282046969286 -0.003355704713612795 0.6826280355453491 46
29 -0.5275234605962742 -0.5 1.2706013917922974 47
30 -0.5218109215193903 -0.28523489832878113 1.2706013917922974 49
31 -0.5153847482227053 0.21812079846858978 1.1102449893951416 50
32 -0.49972750819048883 0.07718120515346527 1.564587950706482 51
33 -0.49908750345192004 0.07046979665756226 1.551224946975708 52
34 -0.4734870602327816 -0.016778523102402687 0.769487738609314 59
35 -0.4582273718976156 0.4060402810573578 1.7650333642959595 60
36 -0.4227477864332879 0.37919461727142334 0.6759465336799622 63
37 -0.4211667761258193 -0.057046979665756226 -0.12583519518375397 65
38 -0.42092879625573126 0.057046979665756226 -0.12583519518375397 66
39 -0.41974675159279706 -0.05033557116985321 -0.11247216165065765 67
40 -0.4190257629200823 0.05033557116985321 -0.11247216165065765 68
41 -0.41745951174074225 0.3657718002796173 1.945434331893921 69
42 -0.4086847293727871 -0.03691275045275688 -0.09910912811756134 71
43 -0.4070660725961479 0.03691275045275688 -0.09910912811756134 72
44 -0.4042561552061966 -0.19127516448497772 1.2505568265914917 74
45 -0.40126504083978504 -0.11744966357946396 1.2371938228607178 75
46 -0.39381640570448 0.06375838816165924 -0.1391982138156891 77
47 -0.3936585796367618 -0.06375838816165924 -0.1391982138156891 78
48 -0.38838072249896305 -0.15100671350955963 1.2706013917922974 80
49 -0.37087609797028714 -0.030201341956853867 -0.09242761880159378 84
50 -0.36831822497864286 -0.13087248802185059 1.4443206787109375 85
51 -0.3517959107082766 -0.38590604066848755 1.5779509544372559 90
52 -0.34878328285985966 -0.057046979665756226 -0.17260579764842987 91
53 -0.3483396666582266 0.3322147727012634 1.9922049045562744 92
54 -0.3469204620172062 0.057046979665756226 -0.17260579764842987 94
55 -0.34072092811786864 -0.3590604066848755 1.5913140773773193 97
56 -0.3394261834164925 -0.34563758969306946 1.5846325159072876 99
57 -0.3326961094407719 0.34563758969306946 1.778396487236023 102
58 -0.32996245312135236 0.3255033493041992 1.5111358165740967 104
59 -0.32848891270650926 0.3187919557094574 1.4910913705825806 105
60 -0.32412616328632143 0.21140938997268677 1.2572382688522339 108
61 -0.296797156628846 0.19127516448497772 1.8184854984283447 115
62 -0.29544440460518995 0.19798657298088074 1.8318485021591187 116
63 -0.29166609327536813 -0.19798657298088074 1.9120267629623413 118
64 -0.2906438428184867 0.231543630361557 1.217149257659912 120
65 -0.2788254420387021 0.39261746406555176 1.5244989395141602 123
66 -0.2723570348574225 -0.3255033493041992 1.6581292152404785 125
67 -0.26887628589446844 0.16442953050136566 1.8986636400222778 126
68 -0.26496873291905393 -0.05033557116985321 -0.19265033304691315 128
69 -0.24823462070503807 -0.0906040295958519 2.3262805938720703 130
70 -0.24549594132495206 -0.09731543809175491 2.312917709350586 131
71 -0.23260326822315336 -0.25167784094810486 1.5846325159072876 136
72 -0.22853818676386117 -0.2785235047340393 1.6113585233688354 139
73 -0.22780646068909655 -0.2718120813369751 1.6046770811080933 142
74 -0.2230737573825625 -0.043624162673950195 -0.1993318498134613 145
75 -0.21762688035622685 -0.06375838816165924 0.6759465336799622 146
76 -0.208944462585473 -0.06375838816165924 0.5423162579536438 149
77 -0.2085353406314334 -0.057046979665756226 0.6559020280838013 150
78 -0.2066739538550323 -0.057046979665756226 0.5489977598190308 151
79 -0.18695683656828319 0.12416107207536697 -0.5 157
80 -0.17448960457846197 0.003355704713612795 2.4465479850769043 158
81 -0.16250896651943408 -0.1375838965177536 -0.5 161
82 -0.15721310585349246 -0.13087248802185059 -0.36636972427368164 162
83 -0.15569988054133374 -0.24496644735336304 -0.5 165
84 -0.15228492731225032 0.3724832236766815 -0.5 167
85 -0.13071819986332756 0.11073825508356094 2.5 169
86 -0.11210950871428643 0.5 1.2906458377838135 171
87 -0.10482758910161555 -0.5 2.5 173
88 -0.06056129673649381 0.34563758969306946 1.0968819856643677 175
89 -0.05442033977323419 0.38590604066848755 1.1236079931259155 177
90 -0.030588334922563156 0.5 0.929844081401825 179
90
91 -0.7937129698861918 -0.02348993346095085 0.8964365124702454 1 2 3
92 -0.7480710335098144 0.010067113675177097 0.5824053287506104 3 5 8
93 -0.7241614231901229 0.003355704713612795 0.6158128976821899 92 11 14
94 -0.7175167579365922 -0.010067113675177097 0.448775053024292 6 10 15
95 -0.6927821563039788 -0.003355704713612795 0.42204898595809937 9 94 19
96 -0.6732923119532505 0.10402684658765793 1.304008960723877 0 8 20
97 -0.666688553229345 0.02348993346095085 0.5824053287506104 93 14 23
98 -0.6666639880857912 0.003355704713612795 1.1436525583267212 4 13 24
99 -0.6544063630926532 0.016778523102402687 0.5489977598190308 97 17 27
100 -0.6488436727900733 0.010067113675177097 0.5022271871566772 16 18 29
101 -0.6467925040380557 -0.003355704713612795 0.48886415362358093 95 15 30
102 -0.6388468409959832 0.003355704713612795 0.4955456554889679 100 101 31
103 -0.6084192429066343 0.02348993346095085 0.5289532542228699 99 102 36
104 -0.6043178013879441 -0.003355704713612795 0.24832962453365326 19 103 38
105 -0.5988214360894901 0.07046979665756226 2.0857460498809814 20 25 40
106 -0.5987387035992926 0.09731543809175491 2.072383165359497 23 105 41
107 -0.5878433770391804 0.030201341956853867 1.2572382688522339 96 98 42
108 -0.5535155212601606 -0.1375838965177536 1.6648106575012207 12 22 44
109 -0.524998789041114 -0.4194630980491638 1.2839643955230713 26 27 48
110 -0.4989506192839793 0.07046979665756226 1.5579065084457397 32 33 53
111 -0.4971957176957354 0.07046979665756226 1.537861943244934 107 110 54
112 -0.48615006153664203 -0.47315436601638794 1.2772828340530396 29 109 55
113 -0.48361167509000863 -0.010067113675177097 1.003340721130371 91 111 56
114 -0.4743313807448775 0.016778523102402687 1.5779509544372559 108 113 57
115 -0.4739689395098807 0.14429530501365662 1.5445433855056763 24 114 58
116 -0.4539404294639008 0.016778523102402687 0.6692650318145752 104 28 61
117 -0.45361169865238476 -0.3255033493041992 1.2238306999206543 30 112 62
118 -0.42229695704406345 -0.010067113675177097 0.7962138056755066 115 34 64
119 -0.41450045425379445 -0.003355704713612795 0.7293986678123474 116 118 70
120 -0.4046494550015019 0.057046979665756226 -0.11915367841720581 38 40 73
121 -0.40113588493881985 -0.11073825508356094 1.2371938228607178 119 45 76
122 -0.3918506704302715 -0.21140938997268677 1.2706013917922974 117 44 79
123 -0.3862536596708627 -0.15771812200546265 1.2572382688522339 122 48 81
124 -0.3855278509758527 -0.14429530501365662 1.2572382688522339 121 123 82
125 -0.3846991483495694 -0.06375838816165924 -0.13251669704914093 37 47 83
126 -0.3639821370395035 -0.09731543809175491 1.4510022401809692 124 50 86
127 -0.3623059285372314 -0.043624162673950195 -0.09910912811756134 39 42 87
128 -0.3572667222542457 0.06375838816165924 -0.12583519518375397 120 46 88
129 -0.3531574044481987 -0.057046979665756226 -0.11247216165065765 125 127 89
130 -0.3470393751042615 0.3322147727012634 1.9855233430862427 41 53 93
131 -0.3444222373311635 0.06375838816165924 -0.1659242808818817 128 54 95
132 -0.3417213144259771 0.42617449164390564 0.7360801696777344 21 36 96
133 -0.34048725908530386 -0.3657718002796173 1.5913140773773193 51 55 98
134 -0.33876202821992585 -0.3523489832878113 1.5846325159072876 133 56 100
135 -0.3335858794089664 0.14429530501365662 1.0968819856643677 31 126 101
136 -0.33024413914650086 -0.03691275045275688 -0.09242761880159378 49 129 103
137 -0.32706678293403324 0.3523489832878113 1.7917594909667969 35 57 106
138 -0.32590231305402373 0.3255033493041992 1.4977728128433228 58 59 107
139 -0.3192164445402297 0.21812079846858978 2.1258351802825928 7 106 109
140 -0.3190683313127569 0.30536913871765137 1.477728247642517 135 138 110
141 -0.3143007743387771 -0.06375838816165924 -0.17260579764842987 52 136 111
142 -0.3098266462186488 0.043624162673950195 -0.1057906448841095 43 131 112
143 -0.30461898934677667 0.1845637559890747 1.2639198303222656 60 140 113
144 -0.29774010893685354 0.3255033493041992 2.0523386001586914 130 139 114
145 -0.2953293912623936 0.19798657298088074 1.8251670598983765 61 62 117
146 -0.2910168055812731 -0.010067113675177097 1.8652560710906982 143 144 119
147 -0.286638305034479 0.23825503885746002 1.2371938228607178 146 64 121
148 -0.2844810867792142 0.1845637559890747 1.7583519220352173 145 147 122
149 -0.27682091413269405 -0.1375838965177536 1.9587973356246948 63 148 124
150 -0.2650774288769177 0.1778523474931717 1.885300636291504 149 67 127
151 -0.2616721643858613 -0.2718120813369751 1.5445433855056763 134 150 129
152 -0.24544469595970836 -0.09731543809175491 2.319599151611328 69 70 132
153 -0.24391271550771643 0.43959730863571167 1.6113585233688354 137 65 133
154 -0.2379316545252044 0.3590604066848755 1.5244989395141602 151 153 134
155 -0.23316910639800412 -0.057046979665756226 -0.19265033304691315 141 68 135
156 -0.23251960119023826 -0.3187919557094574 1.6314030885696411 66 154 137
157 -0.23238513259262944 -0.25167784094810486 1.5779509544372559 71 156 138
158 -0.22830552679999425 0.016778523102402687 -0.07906458526849747 142 157 140
159 -0.22780709186736678 -0.2785235047340393 1.6180400848388672 72 158 141
160 -0.22756876362612646 -0.010067113675177097 -0.07906458526849747 155 159 143
161 -0.22700491554332977 -0.2718120813369751 1.5979955196380615 73 160 144
162 -0.21490860856096677 -0.06375838816165924 0.6959910988807678 161 75 147
163 -0.21312036081183913 -0.05033557116985321 -0.1993318498134613 74 162 148
164 -0.20638379212317884 -0.057046979665756226 0.6625835299491882 163 77 152
165 -0.20504487288595782 -0.06375838816165924 0.5489977598190308 76 78 153
166 -0.2007912125120053 -0.02348993346095085 2.2327394485473633 152 164 154
167 -0.20069419707525465 -0.057046979665756226 0.5289532542228699 165 166 155
168 -0.2005393845616727 0.21812079846858978 0.7160356640815735 132 167 156
169 -0.172343789395648 -0.003355704713612795 2.439866304397583 168 80 159
170 -0.1650964828798623 0.15771812200546265 -0.28619152307510376 79 169 160
171 -0.1571005968459305 -0.13087248802185059 -0.3730512261390686 81 82 163
172 -0.15637280172162352 -0.15100671350955963 -0.3530066907405853 170 171 164
173 -0.15532095637140594 -0.19127516448497772 -0.5 172 83 166
174 -0.15175214921103813 0.3187919557094574 -0.5 173 84 168
175 -0.13044321571823875 0.09731543809175491 2.5 174 85 170
176 -0.10771662051631004 0.5 1.3440979719161987 175 86 172
177 -0.10411635093135119 -0.3120805323123932 2.5 176 87 174
178 -0.06026619814920979 0.33892616629600525 1.0835189819335938 177 88 176
179 -0.0414997747203133 0.4194630980491638 1.1369709968566895 178 89 178
180 -0.01202090482311622 0.47986575961112976 0.8897550106048584 179 90 180
