93
0 -0.9400017575580502 -0.06375838816165924 1.3641425371170044 0
1 -0.8818639500476559 0.5 1.1837416887283325 1
2 -0.8014716888435277 -0.016778523102402687 0.5623608231544495 2
3 -0.7936228601978985 -0.02348993346095085 0.5489977598190308 3
4 -0.7775886859423639 -0.010067113675177097 0.5757238268852234 5
5 -0.7749956074207562 -0.043624162673950195 0.9432071447372437 7
6 -0.7465792290815483 -0.11073825508356094 0.9097995758056641 8
7 -0.7432428894877807 -0.10402684658765793 0.9031180143356323 9
8 -0.7313458671573366 -0.11073825508356094 1.1369709968566895 11
9 -0.7240686608963391 -0.10402684658765793 1.1436525583267212 12
10 -0.6938776460780469 0.010067113675177097 0.3552338480949402 14
11 -0.6853840293850967 0.003355704713612795 0.3218262791633606 15
12 -0.6704106082160063 0.010067113675177097 0.3685968816280365 16
13 -0.6482376016038833 -0.010067113675177097 0.8095768094062805 20
14 -0.6435855562721144 -0.016778523102402687 0.8229398727416992 21
15 -0.6322962296898407 -0.003355704713612795 0.2550111413002014 23
16 -0.6321814266260751 0.19798657298088074 1.7650333642959595 24
17 -0.6316407799805515 0.20469798147678375 1.7717149257659912 25
18 -0.6314446758016077 -0.016778523102402687 0.4287305176258087 26
19 -0.6313879486146633 -0.003355704713612795 0.8028953075408936 27
20 -0.6292265503068937 0.19127516448497772 1.7583519220352173 28
21 -0.6281104309230909 -0.010067113675177097 0.42204898595809937 30
22 -0.6276340166373483 -0.02348993346095085 0.4354120194911957 32
23 -0.6237747470968303 0.1845637559890747 1.7516703605651855 33
24 -0.6229023079489141 0.0906040295958519 0.6959910988807678 35
25 -0.6220675836999777 -0.05033557116985321 0.5356347560882568 37
26 -0.6211636099116127 -0.003355704713612795 0.4153674840927124 39
27 -0.617300114118141 0.003355704713612795 0.40868598222732544 40
28 -0.5829700844927382 0.21812079846858978 1.537861943244934 45
29 -0.5801333254496063 -0.21812079846858978 1.1770601272583008 47
30 -0.5644669148269659 -0.03691275045275688 0.448775053024292 49
31 -0.5450934577837133 0.14429530501365662 1.4242761135101318 52
32 -0.4813680519715758 -0.06375838816165924 1.230512261390686 55
33 -0.4803603223054818 -0.07046979665756226 1.217149257659912 56
34 -0.44700885267523965 0.17114093899726868 1.9587973356246948 62
35 -0.4343015336905782 0.14429530501365662 1.9721603393554688 63
36 -0.42829574354283445 0.03691275045275688 1.3106904029846191 64
37 -0.4001686755708855 0.02348993346095085 1.477728247642517 68
38 -0.388514791229325 0.03691275045275688 -0.09910912811756134 72
39 -0.3883954735543802 -0.03691275045275688 -0.09910912811756134 73
40 -0.38160552650837437 0.05033557116985321 -0.11247216165065765 75
41 -0.38066543373606926 -0.05033557116985321 -0.11247216165065765 76
42 -0.37527293144680757 -0.29865771532058716 1.1904231309890747 77
43 -0.37356356661299933 -0.29194632172584534 1.2037861347198486 78
44 -0.37334475641734644 0.057046979665756226 -0.12583519518375397 79
45 -0.3720068092676753 -0.057046979665756226 -0.12583519518375397 81
46 -0.36312360222891393 -0.02348993346095085 -0.09242761880159378 82
47 -0.36266149174239126 0.02348993346095085 -0.09242761880159378 83
48 -0.35090482898241515 -0.2718120813369751 1.230512261390686 86
49 -0.3391121413466424 -0.15100671350955963 0.8429844379425049 90
50 -0.3340096020828033 0.06375838816165924 -0.1391982138156891 92
51 -0.33222948650019957 -0.06375838816165924 -0.1391982138156891 93
52 -0.32928150495557074 0.19127516448497772 0.7895323038101196 94
53 -0.3165337503211656 -0.3724832236766815 1.1636971235275269 97
54 -0.31564825446138917 -0.37919461727142334 1.1770601272583008 98
55 -0.3125350405988304 0.10402684658765793 1.8652560710906982 100
56 -0.3114634475933245 -0.3657718002796173 1.150334119796753 101
57 -0.3068026198911439 0.4194630980491638 1.471046805381775 103
58 -0.29984808421685977 -0.224832221865654 1.3708240985870361 105
59 -0.298856207148734 0.4127516746520996 1.4844098091125488 106
60 -0.29712852015475477 0.3993288576602936 1.4910913705825806 111
61 -0.29712728681280487 -0.2785235047340393 1.3440979719161987 112
62 -0.2962224876585579 -0.42617449164390564 1.1904231309890747 114
63 -0.2880558104702591 0.057046979665756226 -0.17260579764842987 118
64 -0.28636957656098727 -0.057046979665756226 -0.17260579764842987 119
65 -0.284613406359701 0.016778523102402687 -0.08574610203504562 121
66 -0.2801733572679688 -0.21140938997268677 1.3173719644546509 123
67 -0.2791805295103048 -0.12416107207536697 1.4910913705825806 125
68 -0.2782614246851664 -0.20469798147678375 1.3106904029846191 126
69 -0.2781900667041 -0.21812079846858978 1.324053406715393 127
70 -0.2734623689554146 0.4530201256275177 1.8986636400222778 132
71 -0.2731104804285845 0.4597315490245819 1.885300636291504 133
72 -0.27310954880655613 0.46644294261932373 1.87193763256073 134
73 -0.2686484441127334 0.43288591504096985 1.932071328163147 139
74 -0.2670215347322125 0.42617449164390564 1.9387527704238892 141
75 -0.26541917095490697 0.4194630980491638 1.945434331893921 143
76 -0.26383051412794317 0.4127516746520996 1.952115774154663 145
77 -0.2584075382117998 0.39261746406555176 1.9721603393554688 147
78 -0.2542833823308932 -0.33892616629600525 1.3106904029846191 149
79 -0.24417231762913258 -0.09731543809175491 0.75612473487854 153
80 -0.2414901421244607 -0.0906040295958519 0.769487738609314 154
81 -0.2396938119476352 0.19127516448497772 1.24387526512146 157
82 -0.2113666410973255 0.12416107207536697 1.0968819856643677 163
83 -0.20743302617065912 -0.05033557116985321 -0.19265033304691315 165
84 -0.2040263642571125 0.4060402810573578 1.2238306999206543 166
85 -0.20102630662233437 -0.0906040295958519 0.5289532542228699 168
86 -0.17220077718696933 -0.043624162673950195 -0.1993318498134613 171
87 -0.14212952060140535 -0.016778523102402687 2.0189309120178223 173
88 -0.14203860671773372 -0.003355704713612795 2.038975477218628 174
89 -0.1396220788378505 -0.02348993346095085 2.005568027496338 176
90 -0.1365611094416481 -0.03691275045275688 -0.20601336658000946 178
91 -0.10800910586244244 0.05033557116985321 2.1124720573425293 181
92 -0.0631685080330513 -0.5 2.5 183
92
93 -0.777738057915955 -0.016778523102402687 0.5556792616844177 2 3 4
94 -0.7770977917596462 -0.016778523102402687 0.5690423250198364 93 4 6
95 -0.7417533778896117 -0.11073825508356094 0.9031180143356323 6 7 10
96 -0.7230881678927267 -0.11073825508356094 1.1436525583267212 8 9 13
97 -0.6697850965867916 -0.07046979665756226 0.9432071447372437 5 95 17
98 -0.663611926180314 0.010067113675177097 0.36191537976264954 10 12 18
99 -0.6564952979472835 0.003355704713612795 0.3351893126964569 11 98 19
100 -0.6409060573493213 -0.010067113675177097 0.8162583708763123 13 14 22
101 -0.6282344844502692 0.19798657298088074 1.7583519220352173 16 20 29
102 -0.6280049412630877 0.20469798147678375 1.7650333642959595 17 101 31
103 -0.6235479197616315 0.19127516448497772 1.7516703605651855 102 23 34
104 -0.6227736677147098 -0.02348993346095085 0.4287305176258087 18 22 36
105 -0.6212378835532602 -0.003355704713612795 0.8095768094062805 100 19 38
106 -0.6149818490800999 -0.003355704713612795 0.288418710231781 99 15 41
107 -0.6097801415371602 -0.016778523102402687 0.42204898595809937 21 104 42
108 -0.6036256894746738 0.003355704713612795 0.4020044505596161 27 106 43
109 -0.5915029978340646 -0.010067113675177097 0.4153674840927124 26 107 44
110 -0.5816359949622621 -0.003355704713612795 0.40868598222732544 108 109 46
111 -0.5797515151867502 -0.03691275045275688 0.5356347560882568 94 25 48
112 -0.5603818834632623 -0.03691275045275688 0.44209355115890503 110 30 50
113 -0.5454451313044237 -0.03691275045275688 0.4621380865573883 111 112 51
114 -0.5430516635258458 -0.1845637559890747 1.1636971235275269 96 29 53
115 -0.5201604678537853 -0.05033557116985321 0.8697104454040527 97 105 54
116 -0.4803085083412011 -0.07046979665756226 1.2104676961898804 114 33 57
117 -0.4798109651856203 -0.07046979665756226 1.2238306999206543 32 116 58
118 -0.47749519236881216 -0.06375838816165924 1.24387526512146 0 117 59
119 -0.46291876205033156 -0.10402684658765793 1.0501114130020142 115 118 60
120 -0.4617322223848743 0.16442953050136566 1.4844098091125488 28 31 61
121 -0.42755773711356315 0.030201341956853867 1.3106904029846191 119 36 65
122 -0.42492254262365664 0.15771812200546265 1.9721603393554688 34 35 66
123 -0.41888015114432264 0.1778523474931717 1.6314030885696411 103 120 67
124 -0.39657284647272123 0.043624162673950195 1.4844098091125488 123 37 69
125 -0.3929235352990972 0.19798657298088074 1.9253897666931152 122 124 70
126 -0.3917333710810699 -0.003355704713612795 1.4643652439117432 121 125 71
127 -0.38449925136202795 0.057046979665756226 0.7494432330131531 24 126 74
128 -0.3721411681836657 -0.29865771532058716 1.1971046924591064 42 43 80
129 -0.35728160924666547 0.057046979665756226 -0.11915367841720581 40 44 84
130 -0.35538191648215833 0.030201341956853867 -0.09242761880159378 38 47 85
131 -0.3506494746984468 -0.2651006579399109 1.230512261390686 127 48 87
132 -0.34949088439507797 -0.2718120813369751 1.2238306999206543 128 131 88
133 -0.3431730565256306 0.016778523102402687 0.6559020280838013 113 132 89
134 -0.3383453790153704 -0.15100671350955963 0.8496659398078918 133 49 91
135 -0.3260348504264834 -0.043624162673950195 -0.09910912811756134 39 41 95
136 -0.3236446034906244 -0.06375838816165924 -0.13251669704914093 45 51 96
137 -0.31345243119308414 -0.37919461727142334 1.170378565788269 53 54 99
138 -0.31073571434982933 -0.3657718002796173 1.1570155620574951 137 56 102
139 -0.30437866871025687 0.11073825508356094 1.8452116250991821 134 55 104
140 -0.29841812783928906 -0.057046979665756226 -0.11247216165065765 135 136 107
141 -0.29811168632800733 0.4127516746520996 1.477728247642517 57 59 108
142 -0.2974998272982452 -0.03691275045275688 -0.09242761880159378 46 140 109
143 -0.29739806179248135 -0.20469798147678375 1.38418710231781 139 58 110
144 -0.29661678793721236 0.4060402810573578 1.4844098091125488 141 60 113
145 -0.2950575029896832 0.06375838816165924 -0.12583519518375397 129 50 115
146 -0.28814647446065556 -0.25838926434516907 1.3574609756469727 143 61 116
147 -0.288100895283785 0.043624162673950195 -0.1057906448841095 130 145 117
148 -0.2848952819809878 -0.34563758969306946 1.150334119796753 138 146 120
149 -0.2831865617264477 0.02348993346095085 -0.08574610203504562 147 65 122
150 -0.28012035134796814 0.06375838816165924 -0.1659242808818817 63 149 124
151 -0.278137991508644 -0.21140938997268677 1.324053406715393 66 69 128
152 -0.2775793064604541 -0.21140938997268677 1.3106904029846191 68 151 129
153 -0.27728833812697506 -0.224832221865654 1.324053406715393 148 152 130
154 -0.275001067744771 -0.11744966357946396 1.4844098091125488 67 153 131
155 -0.27310196318611324 -0.4060402810573578 1.1971046924591064 62 154 135
156 -0.2730531764225016 0.46644294261932373 1.8786191940307617 71 72 136
157 -0.2729792660298136 0.4530201256275177 1.8919821977615356 70 156 137
158 -0.27005890295416307 0.14429530501365662 0.75612473487854 52 155 138
159 -0.2686042671661805 0.43288591504096985 1.9253897666931152 157 73 140
160 -0.2662817497238173 0.42617449164390564 1.932071328163147 159 74 142
161 -0.2651872432596653 0.42617449164390564 1.945434331893921 160 75 144
162 -0.26380604449499895 0.4194630980491638 1.952115774154663 161 76 146
163 -0.2583004687845768 0.3993288576602936 1.9721603393554688 162 77 148
164 -0.2533354382360858 -0.33892616629600525 1.3173719644546509 158 78 150
165 -0.24608350123410716 0.4060402810573578 1.9120267629623413 163 164 151
166 -0.2450032221205995 -0.06375838816165924 -0.17260579764842987 142 64 152
167 -0.24128929685859066 -0.0906040295958519 0.7828508019447327 165 80 155
168 -0.24060642835879015 -0.0906040295958519 0.762806236743927 79 167 156
169 -0.23416617697624637 0.1845637559890747 1.2639198303222656 168 81 158
170 -0.2310932086817096 0.47315436601638794 1.4042316675186157 1 144 159
171 -0.2242536160842369 -0.010067113675177097 -0.07906458526849747 166 169 160
172 -0.22365890375869257 0.010067113675177097 -0.08574610203504562 150 171 161
173 -0.2193623217286479 0.34563758969306946 1.5178173780441284 170 172 162
174 -0.21120511551064294 0.11073825508356094 1.1035634279251099 173 82 164
175 -0.20307828980346065 0.4060402810573578 1.217149257659912 174 84 167
176 -0.19190623139777044 -0.08389262109994888 0.5155901908874512 175 85 169
177 -0.17878673222920366 -0.05033557116985321 -0.185968816280365 83 176 170
178 -0.15342730792101933 -0.05033557116985321 -0.1993318498134613 177 86 172
179 -0.14087339729441767 -0.016778523102402687 2.0256123542785645 87 88 175
180 -0.13903497112888344 -0.016778523102402687 2.01224946975708 179 89 177
181 -0.12804132297459625 -0.043624162673950195 -0.20601336658000946 178 90 179
182 -0.12665588461770977 0.02348993346095085 2.038975477218628 180 181 180
183 -0.10793597280673287 0.043624162673950195 2.1124720573425293 182 91 182
184 -0.06264961289990426 -0.37919461727142334 2.5 183 92 184
