-0.41082775592803955 -0.540635883808136 -0.15014219284057617 -0.23135621845722198 -0.11140314489603043 -0.2673846483230591 -0.23135621845722198 -0.15014219284057617 -0.15014219284057617 -0.15014219284057617 -0.11140314489603043 -0.15014219284057617 -0.11574030667543411 -0.11140314489603043 -0.11140314489603043 -0.11140314489603043 -0.11440322548151016 -0.08327828347682953 -0.057324305176734924
-0.41082775592803955 -0.41082775592803955 -0.15014219284057617 -0.23135621845722198 -0.11140314489603043 -0.2673846483230591 -0.23135621845722198 -0.15014219284057617 -0.15014219284057617 -0.15014219284057617 -0.11140314489603043 -0.15014219284057617 -0.11574030667543411 -0.11140314489603043 -0.11140314489603043 -0.11140314489603043 -0.11440322548151016 -0.08327828347682953 -0.057324305176734924
-0.5397888422012329 -0.5397888422012329 -0.15014219284057617 -0.23135621845722198 -0.11140314489603043 -0.2673846483230591 -0.23135621845722198 -0.15014219284057617 -0.15014219284057617 -0.15014219284057617 -0.11140314489603043 -0.15014219284057617 -0.11574030667543411 -0.11140314489603043 -0.11140314489603043 -0.11140314489603043 -0.11440322548151016 -0.08327828347682953 -0.057324305176734924
-0.41082775592803955 -0.41082775592803955 -0.15014219284057617 -0.23135621845722198 -0.11140314489603043 -0.2673846483230591 -0.23135621845722198 -0.15014219284057617 -0.15014219284057617 -0.15014219284057617 -0.11140314489603043 -0.15014219284057617 -0.11574030667543411 -0.11140314489603043 -0.11140314489603043 -0.11140314489603043 -0.11440322548151016 -0.08327828347682953 -0.057324305176734924
-0.15014219284057617 -0.15014219284057617 -0.30899786949157715 -0.15014219284057617 -0.11140314489603043 -0.15014219284057617 -0.15014219284057617 -0.1707010269165039 -0.1707010269165039 -0.21553868055343628 -0.11140314489603043 -0.1707010269165039 -0.11574030667543411 -0.11140314489603043 -0.11140314489603043 -0.11140314489603043 -0.11440322548151016 -0.08327828347682953 -0.057324305176734924
-0.15014219284057617 -0.15014219284057617 -0.1707010269165039 -0.15014219284057617 -0.11140314489603043 -0.15014219284057617 -0.15014219284057617 -0.26465466618537903 -0.2053440511226654 -0.1707010269165039 -0.11140314489603043 -0.2053440511226654 -0.11574030667543411 -0.11140314489603043 -0.11140314489603043 -0.11140314489603043 -0.11440322548151016 -0.08327828347682953 -0.057324305176734924
-0.23135621845722198 -0.23135621845722198 -0.15014219284057617 -0.3013837933540344 -0.11140314489603043 -0.23135621845722198 -0.28523412346839905 -0.15014219284057617 -0.15014219284057617 -0.15014219284057617 -0.11140314489603043 -0.15014219284057617 -0.11574030667543411 -0.11140314489603043 -0.11140314489603043 -0.11140314489603043 -0.11440322548151016 -0.08327828347682953 -0.057324305176734924
-0.15014219284057617 -0.15014219284057617 -0.1707010269165039 -0.15014219284057617 -0.11140314489603043 -0.15014219284057617 -0.15014219284057617 -0.2053440511226654 -0.2426358461380005 -0.1707010269165039 -0.11140314489603043 -0.22202779352664948 -0.11574030667543411 -0.11140314489603043 -0.11140314489603043 -0.11140314489603043 -0.11440322548151016 -0.08327828347682953 -0.057324305176734924
-0.15014219284057617 -0.15014219284057617 -0.30035901069641113 -0.15014219284057617 -0.11140314489603043 -0.15014219284057617 -0.15014219284057617 -0.1707010269165039 -0.1707010269165039 -0.2353917360305786 -0.11140314489603043 -0.1707010269165039 -0.11574030667543411 -0.11140314489603043 -0.11140314489603043 -0.11140314489603043 -0.11440322548151016 -0.08327828347682953 -0.057324305176734924
-0.11140314489603043 -0.11140314489603043 -0.11140314489603043 -0.11140314489603043 -0.24006681144237518 -0.11140314489603043 -0.11140314489603043 -0.11140314489603043 -0.11140314489603043 -0.11140314489603043 -0.22692687809467316 -0.11140314489603043 -0.11140314489603043 -0.15963749587535858 -0.11870801448822021 -0.13456568121910095 -0.11140314489603043 -0.08327828347682953 -0.057324305176734924
-0.11140314489603043 -0.11140314489603043 -0.11140314489603043 -0.11140314489603043 -0.2334882616996765 -0.11140314489603043 -0.11140314489603043 -0.11140314489603043 -0.11140314489603043 -0.11140314489603043 -0.22692687809467316 -0.11140314489603043 -0.11140314489603043 -0.15963749587535858 -0.11870801448822021 -0.13456568121910095 -0.11140314489603043 -0.08327828347682953 -0.057324305176734924
-0.15014219284057617 -0.15014219284057617 -0.15014219284057617 -0.15014219284057617 -0.22338610887527466 -0.15014219284057617 -0.15014219284057617 -0.15014219284057617 -0.15014219284057617 -0.15014219284057617 -0.20339733362197876 -0.15014219284057617 -0.11574030667543411 -0.18440662324428558 -0.11870801448822021 -0.13456568121910095 -0.11440322548151016 -0.08327828347682953 -0.057324305176734924
-0.15014219284057617 -0.15014219284057617 -0.17471781373023987 -0.15014219284057617 -0.11140314489603043 -0.15014219284057617 -0.15014219284057617 -0.1707010269165039 -0.1707010269165039 -0.17471781373023987 -0.11140314489603043 -0.1707010269165039 -0.11574030667543411 -0.11140314489603043 -0.11140314489603043 -0.11140314489603043 -0.11440322548151016 -0.08327828347682953 -0.057324305176734924
-0.08015865832567215 -0.08015865832567215 -0.08015865832567215 -0.08015865832567215 -0.08015865832567215 -0.08015865832567215 -0.08015865832567215 -0.08015865832567215 -0.08015865832567215 -0.08015865832567215 -0.08015865832567215 -0.08015865832567215 -0.08015865832567215 -0.08015865832567215 -0.08015865832567215 -0.08015865832567215 -0.08015865832567215 -0.08015865832567215 -0.057324305176734924
-0.06708177924156189 -0.06708177924156189 -0.06708177924156189 -0.06708177924156189 -0.06708177924156189 -0.06708177924156189 -0.06708177924156189 -0.06708177924156189 -0.06708177924156189 -0.06708177924156189 -0.06708177924156189 -0.06708177924156189 -0.06708177924156189 -0.06708177924156189 -0.06708177924156189 -0.06708177924156189 -0.06708177924156189 -0.06708177924156189 -0.057324305176734924