-0.9209510087966919 -0.5861958265304565 -0.6463539004325867 -0.5861958265304565 -0.5881480574607849 -0.441951185464859 -0.21180589497089386 -0.21180589497089386 -0.21180589497089386 -0.36863070726394653 -0.21180589497089386 -0.21180589497089386 -0.21180589497089386 -0.21180589497089386 -0.21180589497089386 -0.21180589497089386 -0.21180589497089386 -0.21180589497089386 -0.21180589497089386 -0.21180589497089386 -0.2671950161457062 -0.21180589497089386 -0.21687984466552734 -0.1717650294303894 -0.1721445620059967 -0.1721445620059967 -0.16185438632965088 -0.12646937370300293 -0.0864204466342926 -0.08724544942378998 -0.08709798008203506 -0.06747663766145706 -0.06971634179353714 -0.067937470972538 -0.05224170908331871 -0.03813114017248154 -0.013875516131520271 -0.007903523743152618 -0.007903523743152618 -0.005043469835072756 -0.0014838578645139933 -0.0014838578645139933 -0.0014951491029933095 -0.0017559255938977003 -0.001417631283402443 -0.0007931627915240824
-0.7603706121444702 -0.6658285856246948 -0.6519421935081482 -0.5890753269195557 -0.5890655517578125 -0.5421857833862305 -0.21180589497089386 -0.21180589497089386 -0.21180589497089386 -0.38370880484580994 -0.21180589497089386 -0.21180589497089386 -0.21180589497089386 -0.21180589497089386 -0.21180589497089386 -0.21180589497089386 -0.21180589497089386 -0.21180589497089386 -0.21180589497089386 -0.21180589497089386 -0.266182005405426 -0.21180589497089386 -0.20905663073062897 -0.1717650294303894 -0.1721445620059967 -0.1721445620059967 -0.16185438632965088 -0.12646937370300293 -0.0864204466342926 -0.08724544942378998 -0.08709798008203506 -0.06747663766145706 -0.06971634179353714 -0.067937470972538 -0.05224170908331871 -0.03813114017248154 -0.013875516131520271 -0.007903523743152618 -0.007903523743152618 -0.005043469835072756 -0.0014838578645139933 -0.0014838578645139933 -0.0014951491029933095 -0.0017559255938977003 -0.001417631283402443 -0.0007931627915240824
-0.7236966490745544 -0.6658285856246948 -0.6463539004325867 -0.5882657170295715 -0.5881480574607849 -0.441951185464859 -0.21180589497089386 -0.21180589497089386 -0.21180589497089386 -0.36863070726394653 -0.21180589497089386 -0.21180589497089386 -0.21180589497089386 -0.21180589497089386 -0.21180589497089386 -0.21180589497089386 -0.21180589497089386 -0.21180589497089386 -0.21180589497089386 -0.21180589497089386 -0.266182005405426 -0.21180589497089386 -0.21687984466552734 -0.1717650294303894 -0.1721445620059967 -0.1721445620059967 -0.16185438632965088 -0.12646937370300293 -0.0864204466342926 -0.08724544942378998 -0.08709798008203506 -0.06747663766145706 -0.06971634179353714 -0.067937470972538 -0.05224170908331871 -0.03813114017248154 -0.013875516131520271 -0.007903523743152618 -0.007903523743152618 -0.005043469835072756 -0.0014838578645139933 -0.0014838578645139933 -0.0014951491029933095 -0.0017559255938977003 -0.001417631283402443 -0.0007931627915240824
-0.6733892560005188 -0.6658285856246948 -0.6519421935081482 -0.5890753269195557 -0.5890655517578125 -0.5421857833862305 -0.21180589497089386 -0.21180589497089386 -0.21180589497089386 -0.36863070726394653 -0.21180589497089386 -0.21180589497089386 -0.21180589497089386 -0.21180589497089386 -0.21180589497089386 -0.21180589497089386 -0.21180589497089386 -0.21180589497089386 -0.21180589497089386 -0.21180589497089386 -0.266182005405426 -0.21180589497089386 -0.20905663073062897 -0.1717650294303894 -0.1721445620059967 -0.1721445620059967 -0.16185438632965088 -0.12646937370300293 -0.0864204466342926 -0.08724544942378998 -0.08709798008203506 -0.06747663766145706 -0.06971634179353714 -0.067937470972538 -0.05224170908331871 -0.03813114017248154 -0.013875516131520271 -0.007903523743152618 -0.007903523743152618 -0.005043469835072756 -0.0014838578645139933 -0.0014838578645139933 -0.0014951491029933095 -0.0017559255938977003 -0.001417631283402443 -0.0007931627915240824
-0.6717488169670105 -0.6658285856246948 -0.6519421935081482 -0.5890753269195557 -0.5890655517578125 -0.5421857833862305 -0.21180589497089386 -0.21180589497089386 -0.21180589497089386 -0.36863070726394653 -0.21180589497089386 -0.21180589497089386 -0.21180589497089386 -0.21180589497089386 -0.21180589497089386 -0.21180589497089386 -0.21180589497089386 -0.21180589497089386 -0.21180589497089386 -0.21180589497089386 -0.266182005405426 -0.21180589497089386 -0.20905663073062897 -0.1717650294303894 -0.1721445620059967 -0.1721445620059967 -0.16185438632965088 -0.12646937370300293 -0.0864204466342926 -0.08724544942378998 -0.08709798008203506 -0.06747663766145706 -0.06971634179353714 -0.067937470972538 -0.05224170908331871 -0.03813114017248154 -0.013875516131520271 -0.007903523743152618 -0.007903523743152618 -0.005043469835072756 -0.0014838578645139933 -0.0014838578645139933 -0.0014951491029933095 -0.0017559255938977003 -0.001417631283402443 -0.0007931627915240824
-0.21180589497089386 -0.21180589497089386 -0.21180589497089386 -0.21180589497089386 -0.21180589497089386 -0.21180589497089386 -0.21203939616680145 -0.21203939616680145 -0.21203939616680145 -0.21180589497089386 -0.38156163692474365 -0.38032326102256775 -0.3759499490261078 -0.32155469059944153 -0.32155469059944153 -0.21203939616680145 -0.32155469059944153 -0.3256593942642212 -0.32155469059944153 -0.32140079140663147 -0.21180589497089386 -0.21203939616680145 -0.20905663073062897 -0.1717650294303894 -0.1721445620059967 -0.1721445620059967 -0.16185438632965088 -0.12646937370300293 -0.0864204466342926 -0.08724544942378998 -0.08709798008203506 -0.06747663766145706 -0.06971634179353714 -0.067937470972538 -0.05224170908331871 -0.03813114017248154 -0.0211725402623415 -0.007903523743152618 -0.007903523743152618 -0.008852184750139713 -0.002026689238846302 -0.001939344801940024 -0.0018650523852556944 -0.0018127565272152424 -0.0014217965072020888 -0.0007931627915240824
-0.21180589497089386 -0.21180589497089386 -0.21180589497089386 -0.21180589497089386 -0.21180589497089386 -0.21180589497089386 -0.21203939616680145 -0.21203939616680145 -0.21203939616680145 -0.21180589497089386 -0.38156163692474365 -0.38032326102256775 -0.3759499490261078 -0.3287648558616638 -0.32851094007492065 -0.21203939616680145 -0.3268089294433594 -0.3267683982849121 -0.3244975209236145 -0.32172510027885437 -0.21180589497089386 -0.21203939616680145 -0.20905663073062897 -0.1717650294303894 -0.1721445620059967 -0.1721445620059967 -0.16185438632965088 -0.12646937370300293 -0.0864204466342926 -0.08724544942378998 -0.08709798008203506 -0.06747663766145706 -0.06971634179353714 -0.067937470972538 -0.05224170908331871 -0.03813114017248154 -0.013875516131520271 -0.007903523743152618 -0.007903523743152618 -0.008852184750139713 -0.0014838578645139933 -0.0014838578645139933 -0.0018650523852556944 -0.0018127565272152424 -0.0014217965072020888 -0.0007931627915240824
-0.21180589497089386 -0.21180589497089386 -0.21180589497089386 -0.21180589497089386 -0.21180589497089386 -0.21180589497089386 -0.21203939616680145 -0.21203939616680145 -0.21203939616680145 -0.21180589497089386 -0.38156163692474365 -0.38032326102256775 -0.3759499490261078 -0.3287648558616638 -0.32851094007492065 -0.21203939616680145 -0.3268089294433594 -0.3267683982849121 -0.3244975209236145 -0.32172510027885437 -0.21180589497089386 -0.21203939616680145 -0.20905663073062897 -0.1717650294303894 -0.1721445620059967 -0.1721445620059967 -0.16185438632965088 -0.12646937370300293 -0.0864204466342926 -0.08724544942378998 -0.08709798008203506 -0.06747663766145706 -0.06971634179353714 -0.067937470972538 -0.05224170908331871 -0.03813114017248154 -0.013875516131520271 -0.007903523743152618 -0.007903523743152618 -0.005043469835072756 -0.0014838578645139933 -0.0014838578645139933 -0.0018650523852556944 -0.0018127565272152424 -0.001417631283402443 -0.0007931627915240824
-0.21180589497089386 -0.21180589497089386 -0.21180589497089386 -0.21180589497089386 -0.21180589497089386 -0.21180589497089386 -0.4006343185901642 -0.30459243059158325 -0.30459243059158325 -0.21180589497089386 -0.21203939616680145 -0.21203939616680145 -0.21203939616680145 -0.21203939616680145 -0.21203939616680145 -0.32692110538482666 -0.21203939616680145 -0.21203939616680145 -0.21203939616680145 -0.21203939616680145 -0.21180589497089386 -0.22496671974658966 -0.20905663073062897 -0.1717650294303894 -0.17275021970272064 -0.17266657948493958 -0.16190744936466217 -0.12646937370300293 -0.0864204466342926 -0.09114637970924377 -0.08709798008203506 -0.06747663766145706 -0.06971634179353714 -0.067937470972538 -0.05224170908331871 -0.03813114017248154 -0.013875516131520271 -0.007903523743152618 -0.007903523743152618 -0.005043469835072756 -0.0014838578645139933 -0.0014838578645139933 -0.0014951491029933095 -0.0017559255938977003 -0.001417631283402443 -0.0007931627915240824
-0.21180589497089386 -0.21180589497089386 -0.21180589497089386 -0.21180589497089386 -0.21180589497089386 -0.21180589497089386 -0.4006343185901642 -0.30459243059158325 -0.30459243059158325 -0.21180589497089386 -0.21203939616680145 -0.21203939616680145 -0.21203939616680145 -0.21203939616680145 -0.21203939616680145 -0.32692110538482666 -0.21203939616680145 -0.21203939616680145 -0.21203939616680145 -0.21203939616680145 -0.21180589497089386 -0.22496671974658966 -0.20905663073062897 -0.1717650294303894 -0.17275021970272064 -0.17266657948493958 -0.16190744936466217 -0.12646937370300293 -0.09682001918554306 -0.09114637970924377 -0.08709798008203506 -0.06747663766145706 -0.06971634179353714 -0.067937470972538 -0.05224170908331871 -0.03813114017248154 -0.013875516131520271 -0.007903523743152618 -0.007903523743152618 -0.005043469835072756 -0.0014838578645139933 -0.0014838578645139933 -0.0014951491029933095 -0.0017559255938977003 -0.001417631283402443 -0.0007931627915240824
-0.21180589497089386 -0.21180589497089386 -0.21180589497089386 -0.21180589497089386 -0.21180589497089386 -0.21180589497089386 -0.21203939616680145 -0.21203939616680145 -0.21203939616680145 -0.21180589497089386 -0.38015279173851013 -0.38032326102256775 -0.3759499490261078 -0.3287648558616638 -0.32851094007492065 -0.21203939616680145 -0.3268089294433594 -0.3267683982849121 -0.3244975209236145 -0.32172510027885437 -0.21180589497089386 -0.21203939616680145 -0.20905663073062897 -0.1717650294303894 -0.1721445620059967 -0.1721445620059967 -0.16185438632965088 -0.1325797140598297 -0.0864204466342926 -0.08724544942378998 -0.08709798008203506 -0.06747663766145706 -0.06971634179353714 -0.067937470972538 -0.05224170908331871 -0.03813114017248154 -0.013875516131520271 -0.007903523743152618 -0.007903523743152618 -0.005043469835072756 -0.0014838578645139933 -0.0014838578645139933 -0.0014951491029933095 -0.0017559255938977003 -0.001417631283402443 -0.0007992660393938422
-0.21180589497089386 -0.21180589497089386 -0.21180589497089386 -0.21180589497089386 -0.21180589497089386 -0.21180589497089386 -0.4006343185901642 -0.30459243059158325 -0.30459243059158325 -0.21180589497089386 -0.21203939616680145 -0.21203939616680145 -0.21203939616680145 -0.21203939616680145 -0.21203939616680145 -0.32692110538482666 -0.21203939616680145 -0.21203939616680145 -0.21203939616680145 -0.21203939616680145 -0.21180589497089386 -0.22496671974658966 -0.20905663073062897 -0.1717650294303894 -0.17275021970272064 -0.17266657948493958 -0.16185438632965088 -0.12646937370300293 -0.09682001918554306 -0.09114637970924377 -0.08709798008203506 -0.06747663766145706 -0.06971634179353714 -0.067937470972538 -0.05224170908331871 -0.03813114017248154 -0.013875516131520271 -0.007903523743152618 -0.007903523743152618 -0.005043469835072756 -0.0014838578645139933 -0.0014838578645139933 -0.0014951491029933095 -0.0017559255938977003 -0.001417631283402443 -0.0007931627915240824
-0.21180589497089386 -0.21180589497089386 -0.21180589497089386 -0.21180589497089386 -0.21180589497089386 -0.21180589497089386 -0.21203939616680145 -0.21203939616680145 -0.21203939616680145 -0.21180589497089386 -0.38015279173851013 -0.38015279173851013 -0.3759499490261078 -0.3287648558616638 -0.32851094007492065 -0.21203939616680145 -0.3268089294433594 -0.3267683982849121 -0.3244975209236145 -0.32172510027885437 -0.21180589497089386 -0.21203939616680145 -0.20905663073062897 -0.1717650294303894 -0.1721445620059967 -0.1721445620059967 -0.16185438632965088 -0.1325797140598297 -0.0864204466342926 -0.08724544942378998 -0.08709798008203506 -0.06747663766145706 -0.06971634179353714 -0.067937470972538 -0.05224170908331871 -0.03813114017248154 -0.013875516131520271 -0.007903523743152618 -0.007903523743152618 -0.005043469835072756 -0.0014838578645139933 -0.0014838578645139933 -0.0014951491029933095 -0.0017559255938977003 -0.001417631283402443 -0.0007992660393938422
-0.21180589497089386 -0.21180589497089386 -0.21180589497089386 -0.21180589497089386 -0.21180589497089386 -0.21180589497089386 -0.21203939616680145 -0.21203939616680145 -0.21203939616680145 -0.21180589497089386 -0.3256593942642212 -0.3256593942642212 -0.3759499490261078 -0.3287648558616638 -0.32851094007492065 -0.21203939616680145 -0.3268089294433594 -0.3256593942642212 -0.3244975209236145 -0.32172510027885437 -0.21180589497089386 -0.21203939616680145 -0.20905663073062897 -0.1717650294303894 -0.1721445620059967 -0.1721445620059967 -0.16185438632965088 -0.1325797140598297 -0.0864204466342926 -0.08724544942378998 -0.08709798008203506 -0.06747663766145706 -0.06971634179353714 -0.067937470972538 -0.05224170908331871 -0.03813114017248154 -0.013875516131520271 -0.007903523743152618 -0.007903523743152618 -0.005043469835072756 -0.0014838578645139933 -0.0014838578645139933 -0.0014951491029933095 -0.0017559255938977003 -0.001417631283402443 -0.0007992660393938422
-0.21180589497089386 -0.21180589497089386 -0.21180589497089386 -0.21180589497089386 -0.21180589497089386 -0.21180589497089386 -0.21203939616680145 -0.21203939616680145 -0.21203939616680145 -0.21180589497089386 -0.3256593942642212 -0.3256593942642212 -0.3759499490261078 -0.3287648558616638 -0.32851094007492065 -0.21203939616680145 -0.3268089294433594 -0.3267683982849121 -0.3244975209236145 -0.32172510027885437 -0.21180589497089386 -0.21203939616680145 -0.20905663073062897 -0.1717650294303894 -0.1721445620059967 -0.1721445620059967 -0.16185438632965088 -0.1325797140598297 -0.0864204466342926 -0.08724544942378998 -0.08709798008203506 -0.06747663766145706 -0.06971634179353714 -0.067937470972538 -0.05224170908331871 -0.03813114017248154 -0.013875516131520271 -0.007903523743152618 -0.007903523743152618 -0.005043469835072756 -0.0014838578645139933 -0.0014838578645139933 -0.0014951491029933095 -0.0017559255938977003 -0.001417631283402443 -0.0007992660393938422
-0.4855741560459137 -0.4855741560459137 -0.4855741560459137 -0.4855741560459137 -0.4855741560459137 -0.441951185464859 -0.4006343185901642 -0.4005500078201294 -0.3533361852169037 -0.36863070726394653 -0.21203939616680145 -0.21203939616680145 -0.21203939616680145 -0.21203939616680145 -0.21203939616680145 -0.21555766463279724 -0.21203939616680145 -0.21203939616680145 -0.21203939616680145 -0.21203939616680145 -0.266182005405426 -0.21919499337673187 -0.20905663073062897 -0.1717650294303894 -0.1721445620059967 -0.1721445620059967 -0.16185438632965088 -0.12646937370300293 -0.0864204466342926 -0.08724544942378998 -0.08711788058280945 -0.06747663766145706 -0.07029776275157928 -0.067937470972538 -0.05224170908331871 -0.03813114017248154 -0.013875516131520271 -0.007903523743152618 -0.007903523743152618 -0.005043469835072756 -0.0014838578645139933 -0.0014838578645139933 -0.0014951491029933095 -0.0017559255938977003 -0.001417631283402443 -0.0007931627915240824
-0.484975129365921 -0.484975129365921 -0.484975129365921 -0.484975129365921 -0.484975129365921 -0.441951185464859 -0.4006343185901642 -0.4005500078201294 -0.3533361852169037 -0.36863070726394653 -0.21203939616680145 -0.21203939616680145 -0.21203939616680145 -0.21203939616680145 -0.21203939616680145 -0.21555766463279724 -0.21203939616680145 -0.21203939616680145 -0.21203939616680145 -0.21203939616680145 -0.266182005405426 -0.21919499337673187 -0.20905663073062897 -0.1717650294303894 -0.17266520857810974 -0.17266657948493958 -0.16190744936466217 -0.12646937370300293 -0.0864204466342926 -0.08724544942378998 -0.08711788058280945 -0.06747663766145706 -0.07029776275157928 -0.067937470972538 -0.05224170908331871 -0.03813114017248154 -0.013875516131520271 -0.007903523743152618 -0.007903523743152618 -0.005043469835072756 -0.0014838578645139933 -0.0014838578645139933 -0.0014951491029933095 -0.0017559255938977003 -0.001417631283402443 -0.0007931627915240824
-0.21180589497089386 -0.21180589497089386 -0.21180589497089386 -0.21180589497089386 -0.21180589497089386 -0.21180589497089386 -0.30459243059158325 -0.30459243059158325 -0.30459243059158325 -0.21180589497089386 -0.2829947769641876 -0.2829947769641876 -0.3759499490261078 -0.2829947769641876 -0.2829947769641876 -0.21555766463279724 -0.2829947769641876 -0.2829947769641876 -0.2829947769641876 -0.2829947769641876 -0.21180589497089386 -0.22496671974658966 -0.20905663073062897 -0.1717650294303894 -0.17275021970272064 -0.17266657948493958 -0.16185438632965088 -0.12646937370300293 -0.0864204466342926 -0.08724544942378998 -0.08709798008203506 -0.06747663766145706 -0.06971634179353714 -0.067937470972538 -0.05224170908331871 -0.03813114017248154 -0.013875516131520271 -0.007903523743152618 -0.007903523743152618 -0.005043469835072756 -0.0014838578645139933 -0.0014838578645139933 -0.0014951491029933095 -0.0017559255938977003 -0.001417631283402443 -0.0007931627915240824
-0.21180589497089386 -0.21180589497089386 -0.21180589497089386 -0.21180589497089386 -0.21180589497089386 -0.21180589497089386 -0.21203939616680145 -0.21203939616680145 -0.21203939616680145 -0.21180589497089386 -0.38015279173851013 -0.38015279173851013 -0.3759499490261078 -0.32155469059944153 -0.32155469059944153 -0.21203939616680145 -0.32155469059944153 -0.3256593942642212 -0.32155469059944153 -0.32140079140663147 -0.21180589497089386 -0.21203939616680145 -0.20905663073062897 -0.17301955819129944 -0.1721445620059967 -0.1721445620059967 -0.16185438632965088 -0.12646937370300293 -0.0864204466342926 -0.08724544942378998 -0.08709798008203506 -0.06747663766145706 -0.06971634179353714 -0.067937470972538 -0.05224170908331871 -0.03813114017248154 -0.0211725402623415 -0.018220193684101105 -0.015627341344952583 -0.008852184750139713 -0.002026689238846302 -0.001939344801940024 -0.0014951491029933095 -0.0017559255938977003 -0.0014217965072020888 -0.0007931627915240824
-0.43146586418151855 -0.43146586418151855 -0.43146586418151855 -0.43146586418151855 -0.43146586418151855 -0.43146586418151855 -0.21555766463279724 -0.21555766463279724 -0.21555766463279724 -0.36863070726394653 -0.21203939616680145 -0.21203939616680145 -0.21203939616680145 -0.21203939616680145 -0.21203939616680145 -0.32692110538482666 -0.21203939616680145 -0.21203939616680145 -0.21203939616680145 -0.21203939616680145 -0.266182005405426 -0.21555766463279724 -0.20905663073062897 -0.1717650294303894 -0.1721445620059967 -0.1721445620059967 -0.16185438632965088 -0.12646937370300293 -0.0864204466342926 -0.08724544942378998 -0.08709798008203506 -0.06747663766145706 -0.06971634179353714 -0.067937470972538 -0.05224170908331871 -0.03813114017248154 -0.013875516131520271 -0.007903523743152618 -0.007903523743152618 -0.005043469835072756 -0.0014838578645139933 -0.0014838578645139933 -0.0014951491029933095 -0.0017559255938977003 -0.001417631283402443 -0.0007931627915240824
-0.3995881974697113 -0.3995881974697113 -0.3995881974697113 -0.3995881974697113 -0.3995881974697113 -0.3995881974697113 -0.21555766463279724 -0.21555766463279724 -0.21555766463279724 -0.36863070726394653 -0.21203939616680145 -0.21203939616680145 -0.21203939616680145 -0.21203939616680145 -0.21203939616680145 -0.32692110538482666 -0.21203939616680145 -0.21203939616680145 -0.21203939616680145 -0.21203939616680145 -0.266182005405426 -0.21555766463279724 -0.20905663073062897 -0.1717650294303894 -0.1721445620059967 -0.1721445620059967 -0.16185438632965088 -0.12646937370300293 -0.0864204466342926 -0.08724544942378998 -0.08709798008203506 -0.06747663766145706 -0.06971634179353714 -0.067937470972538 -0.05224170908331871 -0.03813114017248154 -0.013875516131520271 -0.007903523743152618 -0.007903523743152618 -0.005043469835072756 -0.0014838578645139933 -0.0014838578645139933 -0.0014951491029933095 -0.0017559255938977003 -0.001417631283402443 -0.0007931627915240824
-0.3513878285884857 -0.3513878285884857 -0.3513878285884857 -0.3513878285884857 -0.3513878285884857 -0.3513878285884857 -0.3513878285884857 -0.30459243059158325 -0.30459243059158325 -0.3513878285884857 -0.21203939616680145 -0.21203939616680145 -0.21203939616680145 -0.21203939616680145 -0.21203939616680145 -0.32692110538482666 -0.21203939616680145 -0.21203939616680145 -0.21203939616680145 -0.21203939616680145 -0.266182005405426 -0.21919499337673187 -0.20905663073062897 -0.1717650294303894 -0.1721445620059967 -0.1721445620059967 -0.16185438632965088 -0.12646937370300293 -0.09682001918554306 -0.09114637970924377 -0.08709798008203506 -0.06747663766145706 -0.06971634179353714 -0.06883575767278671 -0.05224170908331871 -0.03813114017248154 -0.013875516131520271 -0.007903523743152618 -0.007903523743152618 -0.005043469835072756 -0.0014838578645139933 -0.0014838578645139933 -0.0014951491029933095 -0.0017559255938977003 -0.001417631283402443 -0.0007931627915240824
-0.266182005405426 -0.266182005405426 -0.266182005405426 -0.266182005405426 -0.266182005405426 -0.266182005405426 -0.33232372999191284 -0.30459243059158325 -0.30459243059158325 -0.266182005405426 -0.21203939616680145 -0.21203939616680145 -0.21203939616680145 -0.21203939616680145 -0.21203939616680145 -0.32692110538482666 -0.21203939616680145 -0.21203939616680145 -0.21203939616680145 -0.21203939616680145 -0.266182005405426 -0.22496671974658966 -0.20905663073062897 -0.1717650294303894 -0.1721445620059967 -0.1721445620059967 -0.16185438632965088 -0.12646937370300293 -0.09682001918554306 -0.09114637970924377 -0.08709798008203506 -0.07049119472503662 -0.06971634179353714 -0.06883575767278671 -0.05224170908331871 -0.03813114017248154 -0.013875516131520271 -0.007903523743152618 -0.007903523743152618 -0.005043469835072756 -0.0014838578645139933 -0.0014838578645139933 -0.0014951491029933095 -0.0017559255938977003 -0.001417631283402443 -0.0007931627915240824
-0.21180589497089386 -0.21180589497089386 -0.21180589497089386 -0.21180589497089386 -0.21180589497089386 -0.21180589497089386 -0.21203939616680145 -0.21203939616680145 -0.21203939616680145 -0.21180589497089386 -0.3189346492290497 -0.3189346492290497 -0.3189346492290497 -0.3189346492290497 -0.3189346492290497 -0.21203939616680145 -0.3189346492290497 -0.3189346492290497 -0.3189346492290497 -0.3189346492290497 -0.21180589497089386 -0.21203939616680145 -0.20905663073062897 -0.1717650294303894 -0.1721445620059967 -0.1721445620059967 -0.16185438632965088 -0.1325797140598297 -0.0864204466342926 -0.08724544942378998 -0.08709798008203506 -0.06747663766145706 -0.06971634179353714 -0.067937470972538 -0.05224170908331871 -0.03813114017248154 -0.013875516131520271 -0.007903523743152618 -0.007903523743152618 -0.005043469835072756 -0.0014838578645139933 -0.0014838578645139933 -0.0014951491029933095 -0.0017559255938977003 -0.001417631283402443 -0.0007992660393938422
-0.266182005405426 -0.266182005405426 -0.266182005405426 -0.266182005405426 -0.266182005405426 -0.266182005405426 -0.31562238931655884 -0.30459243059158325 -0.30459243059158325 -0.266182005405426 -0.21203939616680145 -0.21203939616680145 -0.21203939616680145 -0.21203939616680145 -0.21203939616680145 -0.31562238931655884 -0.21203939616680145 -0.21203939616680145 -0.21203939616680145 -0.21203939616680145 -0.266182005405426 -0.21919499337673187 -0.20905663073062897 -0.1717650294303894 -0.1721445620059967 -0.1721445620059967 -0.16185438632965088 -0.12646937370300293 -0.09682001918554306 -0.09114637970924377 -0.08709798008203506 -0.07049119472503662 -0.06971634179353714 -0.06883575767278671 -0.05224170908331871 -0.03813114017248154 -0.013875516131520271 -0.007903523743152618 -0.007903523743152618 -0.005043469835072756 -0.0014838578645139933 -0.0014838578645139933 -0.0014951491029933095 -0.0017559255938977003 -0.001417631283402443 -0.0007931627915240824
-0.30731505155563354 -0.30731505155563354 -0.30731505155563354 -0.30731505155563354 -0.30731505155563354 -0.30731505155563354 -0.30731505155563354 -0.30459243059158325 -0.30459243059158325 -0.30731505155563354 -0.21203939616680145 -0.21203939616680145 -0.21203939616680145 -0.21203939616680145 -0.21203939616680145 -0.30731505155563354 -0.21203939616680145 -0.21203939616680145 -0.21203939616680145 -0.21203939616680145 -0.266182005405426 -0.21919499337673187 -0.20905663073062897 -0.1717650294303894 -0.1721445620059967 -0.1721445620059967 -0.16185438632965088 -0.12646937370300293 -0.09682001918554306 -0.09114637970924377 -0.08709798008203506 -0.06747663766145706 -0.06971634179353714 -0.067937470972538 -0.05224170908331871 -0.03813114017248154 -0.013875516131520271 -0.007903523743152618 -0.007903523743152618 -0.005043469835072756 -0.0014838578645139933 -0.0014838578645139933 -0.0014951491029933095 -0.0017559255938977003 -0.001417631283402443 -0.0007931627915240824
-0.21180589497089386 -0.21180589497089386 -0.21180589497089386 -0.21180589497089386 -0.21180589497089386 -0.21180589497089386 -0.26078084111213684 -0.26078084111213684 -0.26078084111213684 -0.21180589497089386 -0.21203939616680145 -0.21203939616680145 -0.21203939616680145 -0.21203939616680145 -0.21203939616680145 -0.26078084111213684 -0.21203939616680145 -0.21203939616680145 -0.21203939616680145 -0.21203939616680145 -0.21180589497089386 -0.22496671974658966 -0.20905663073062897 -0.1717650294303894 -0.1721445620059967 -0.1721445620059967 -0.16185438632965088 -0.12646937370300293 -0.09682001918554306 -0.09114637970924377 -0.08709798008203506 -0.07049119472503662 -0.06971634179353714 -0.06883575767278671 -0.06690653413534164 -0.03813114017248154 -0.013875516131520271 -0.007903523743152618 -0.007903523743152618 -0.005043469835072756 -0.0014838578645139933 -0.0014838578645139933 -0.0014951491029933095 -0.0017559255938977003 -0.001417631283402443 -0.0007931627915240824
-0.25013619661331177 -0.25013619661331177 -0.25013619661331177 -0.25013619661331177 -0.25013619661331177 -0.25013619661331177 -0.21180589497089386 -0.21180589497089386 -0.21180589497089386 -0.25013619661331177 -0.21180589497089386 -0.21180589497089386 -0.21180589497089386 -0.21180589497089386 -0.21180589497089386 -0.21180589497089386 -0.21180589497089386 -0.21180589497089386 -0.21180589497089386 -0.21180589497089386 -0.25013619661331177 -0.21180589497089386 -0.20905663073062897 -0.1717650294303894 -0.1721445620059967 -0.1721445620059967 -0.16185438632965088 -0.12646937370300293 -0.0864204466342926 -0.08724544942378998 -0.08709798008203506 -0.06747663766145706 -0.06971634179353714 -0.067937470972538 -0.05224170908331871 -0.03813114017248154 -0.013875516131520271 -0.007903523743152618 -0.007903523743152618 -0.005043469835072756 -0.0014838578645139933 -0.0014838578645139933 -0.0014951491029933095 -0.0017559255938977003 -0.001417631283402443 -0.0007931627915240824
-0.21180589497089386 -0.21180589497089386 -0.21180589497089386 -0.21180589497089386 -0.21180589497089386 -0.21180589497089386 -0.2119288593530655 -0.2119288593530655 -0.2119288593530655 -0.21180589497089386 -0.2119288593530655 -0.2119288593530655 -0.2119288593530655 -0.2119288593530655 -0.2119288593530655 -0.2119288593530655 -0.2119288593530655 -0.2119288593530655 -0.2119288593530655 -0.2119288593530655 -0.21180589497089386 -0.2119288593530655 -0.20905663073062897 -0.1717650294303894 -0.1721445620059967 -0.1721445620059967 -0.16185438632965088 -0.12646937370300293 -0.09682001918554306 -0.09114637970924377 -0.08709798008203506 -0.07049119472503662 -0.06971634179353714 -0.06883575767278671 -0.06690653413534164 -0.0474000982940197 -0.013875516131520271 -0.007903523743152618 -0.007903523743152618 -0.005043469835072756 -0.0014838578645139933 -0.0014838578645139933 -0.0014951491029933095 -0.0017559255938977003 -0.001417631283402443 -0.0007931627915240824
-0.21032585203647614 -0.21032585203647614 -0.21032585203647614 -0.21032585203647614 -0.21032585203647614 -0.21032585203647614 -0.21032585203647614 -0.21032585203647614 -0.21032585203647614 -0.21032585203647614 -0.21032585203647614 -0.21032585203647614 -0.21032585203647614 -0.21032585203647614 -0.21032585203647614 -0.21032585203647614 -0.21032585203647614 -0.21032585203647614 -0.21032585203647614 -0.21032585203647614 -0.21032585203647614 -0.21032585203647614 -0.20905663073062897 -0.1717650294303894 -0.1721445620059967 -0.1721445620059967 -0.16185438632965088 -0.12646937370300293 -0.0864204466342926 -0.08724544942378998 -0.08709798008203506 -0.06747663766145706 -0.06971634179353714 -0.067937470972538 -0.05224170908331871 -0.03813114017248154 -0.013875516131520271 -0.007903523743152618 -0.007903523743152618 -0.008852184750139713 -0.0014838578645139933 -0.0014838578645139933 -0.0014951491029933095 -0.0017559255938977003 -0.001417631283402443 -0.0007931627915240824
-0.20754721760749817 -0.20754721760749817 -0.20754721760749817 -0.20754721760749817 -0.20754721760749817 -0.20754721760749817 -0.20754721760749817 -0.20754721760749817 -0.20754721760749817 -0.20754721760749817 -0.20754721760749817 -0.20754721760749817 -0.20754721760749817 -0.20754721760749817 -0.20754721760749817 -0.20754721760749817 -0.20754721760749817 -0.20754721760749817 -0.20754721760749817 -0.20754721760749817 -0.20754721760749817 -0.20754721760749817 -0.20754721760749817 -0.1717650294303894 -0.17275021970272064 -0.17266520857810974 -0.16185438632965088 -0.12646937370300293 -0.09682001918554306 -0.09114637970924377 -0.08709798008203506 -0.07049119472503662 -0.06971634179353714 -0.06883575767278671 -0.06690653413534164 -0.0474000982940197 -0.013875516131520271 -0.007903523743152618 -0.007903523743152618 -0.005043469835072756 -0.0014838578645139933 -0.0014838578645139933 -0.0014951491029933095 -0.0017559255938977003 -0.001417631283402443 -0.0007931627915240824
-0.20576727390289307 -0.20576727390289307 -0.20576727390289307 -0.20576727390289307 -0.20576727390289307 -0.20576727390289307 -0.20576727390289307 -0.20576727390289307 -0.20576727390289307 -0.20576727390289307 -0.20576727390289307 -0.20576727390289307 -0.20576727390289307 -0.20576727390289307 -0.20576727390289307 -0.20576727390289307 -0.20576727390289307 -0.20576727390289307 -0.20576727390289307 -0.20576727390289307 -0.20576727390289307 -0.20576727390289307 -0.20576727390289307 -0.17301955819129944 -0.17275021970272064 -0.17266657948493958 -0.16190744936466217 -0.12646937370300293 -0.0864204466342926 -0.08724544942378998 -0.08711788058280945 -0.06747663766145706 -0.07029776275157928 -0.067937470972538 -0.05224170908331871 -0.03813114017248154 -0.0211725402623415 -0.018220193684101105 -0.015627341344952583 -0.005043469835072756 -0.002026689238846302 -0.001939344801940024 -0.0014951491029933095 -0.0017559255938977003 -0.001417631283402443 -0.0007931627915240824
-0.16096055507659912 -0.16096055507659912 -0.16096055507659912 -0.16096055507659912 -0.16096055507659912 -0.16096055507659912 -0.16096055507659912 -0.16096055507659912 -0.16096055507659912 -0.16096055507659912 -0.16096055507659912 -0.16096055507659912 -0.16096055507659912 -0.16096055507659912 -0.16096055507659912 -0.16096055507659912 -0.16096055507659912 -0.16096055507659912 -0.16096055507659912 -0.16096055507659912 -0.16096055507659912 -0.16096055507659912 -0.16096055507659912 -0.16096055507659912 -0.16096055507659912 -0.16096055507659912 -0.16096055507659912 -0.12646937370300293 -0.0864204466342926 -0.08724544942378998 -0.08711788058280945 -0.06747663766145706 -0.07029776275157928 -0.067937470972538 -0.05224170908331871 -0.03813114017248154 -0.013875516131520271 -0.007903523743152618 -0.007903523743152618 -0.005043469835072756 -0.0014838578645139933 -0.0014838578645139933 -0.0014951491029933095 -0.0017559255938977003 -0.001417631283402443 -0.0007931627915240824
-0.14614719152450562 -0.14614719152450562 -0.14614719152450562 -0.14614719152450562 -0.14614719152450562 -0.14614719152450562 -0.14614719152450562 -0.14614719152450562 -0.14614719152450562 -0.14614719152450562 -0.14614719152450562 -0.14614719152450562 -0.14614719152450562 -0.14614719152450562 -0.14614719152450562 -0.14614719152450562 -0.14614719152450562 -0.14614719152450562 -0.14614719152450562 -0.14614719152450562 -0.14614719152450562 -0.14614719152450562 -0.14614719152450562 -0.14614719152450562 -0.14614719152450562 -0.14614719152450562 -0.14614719152450562 -0.12646937370300293 -0.0864204466342926 -0.08724544942378998 -0.08709798008203506 -0.06747663766145706 -0.06971634179353714 -0.067937470972538 -0.05224170908331871 -0.03813114017248154 -0.013875516131520271 -0.007903523743152618 -0.007903523743152618 -0.005043469835072756 -0.0014838578645139933 -0.0014838578645139933 -0.0014951491029933095 -0.0017559255938977003 -0.001417631283402443 -0.0007931627915240824
-0.14530998468399048 -0.14530998468399048 -0.14530998468399048 -0.14530998468399048 -0.14530998468399048 -0.14530998468399048 -0.14530998468399048 -0.14530998468399048 -0.14530998468399048 -0.14530998468399048 -0.14530998468399048 -0.14530998468399048 -0.14530998468399048 -0.14530998468399048 -0.14530998468399048 -0.14530998468399048 -0.14530998468399048 -0.14530998468399048 -0.14530998468399048 -0.14530998468399048 -0.14530998468399048 -0.14530998468399048 -0.14530998468399048 -0.14530998468399048 -0.14530998468399048 -0.14530998468399048 -0.14530998468399048 -0.12646937370300293 -0.09682001918554306 -0.09114637970924377 -0.08709798008203506 -0.07049119472503662 -0.06971634179353714 -0.06883575767278671 -0.06690653413534164 -0.0474000982940197 -0.013875516131520271 -0.007903523743152618 -0.007903523743152618 -0.005043469835072756 -0.0014838578645139933 -0.0014838578645139933 -0.0014951491029933095 -0.0017559255938977003 -0.001417631283402443 -0.0007931627915240824
-0.13224907219409943 -0.13224907219409943 -0.13224907219409943 -0.13224907219409943 -0.13224907219409943 -0.13224907219409943 -0.13224907219409943 -0.13224907219409943 -0.13224907219409943 -0.13224907219409943 -0.13224907219409943 -0.13224907219409943 -0.13224907219409943 -0.13224907219409943 -0.13224907219409943 -0.13224907219409943 -0.13224907219409943 -0.13224907219409943 -0.13224907219409943 -0.13224907219409943 -0.13224907219409943 -0.13224907219409943 -0.13224907219409943 -0.13224907219409943 -0.13224907219409943 -0.13224907219409943 -0.13224907219409943 -0.12646937370300293 -0.0864204466342926 -0.08724544942378998 -0.08711788058280945 -0.06747663766145706 -0.07029776275157928 -0.067937470972538 -0.05224170908331871 -0.03813114017248154 -0.013875516131520271 -0.013701674528419971 -0.015627341344952583 -0.005043469835072756 -0.0014838578645139933 -0.0014838578645139933 -0.0014951491029933095 -0.0017559255938977003 -0.001417631283402443 -0.0007931627915240824
-0.12551744282245636 -0.12551744282245636 -0.12551744282245636 -0.12551744282245636 -0.12551744282245636 -0.12551744282245636 -0.12551744282245636 -0.12551744282245636 -0.12551744282245636 -0.12551744282245636 -0.12551744282245636 -0.12551744282245636 -0.12551744282245636 -0.12551744282245636 -0.12551744282245636 -0.12551744282245636 -0.12551744282245636 -0.12551744282245636 -0.12551744282245636 -0.12551744282245636 -0.12551744282245636 -0.12551744282245636 -0.12551744282245636 -0.12551744282245636 -0.12551744282245636 -0.12551744282245636 -0.12551744282245636 -0.12551744282245636 -0.09682001918554306 -0.09114637970924377 -0.08709798008203506 -0.07049119472503662 -0.06971634179353714 -0.06883575767278671 -0.06690653413534164 -0.0474000982940197 -0.013875516131520271 -0.007903523743152618 -0.007903523743152618 -0.005043469835072756 -0.0014838578645139933 -0.0014838578645139933 -0.0014951491029933095 -0.0017559255938977003 -0.001417631283402443 -0.0007931627915240824
-0.12483774870634079 -0.12483774870634079 -0.12483774870634079 -0.12483774870634079 -0.12483774870634079 -0.12483774870634079 -0.12483774870634079 -0.12483774870634079 -0.12483774870634079 -0.12483774870634079 -0.12483774870634079 -0.12483774870634079 -0.12483774870634079 -0.12483774870634079 -0.12483774870634079 -0.12483774870634079 -0.12483774870634079 -0.12483774870634079 -0.12483774870634079 -0.12483774870634079 -0.12483774870634079 -0.12483774870634079 -0.12483774870634079 -0.12483774870634079 -0.12483774870634079 -0.12483774870634079 -0.12483774870634079 -0.12483774870634079 -0.0864204466342926 -0.08724544942378998 -0.08709798008203506 -0.06747663766145706 -0.06971634179353714 -0.067937470972538 -0.05224170908331871 -0.03813114017248154 -0.013875516131520271 -0.007903523743152618 -0.007903523743152618 -0.005043469835072756 -0.0014838578645139933 -0.0014838578645139933 -0.0014951491029933095 -0.0017559255938977003 -0.001417631283402443 -0.0007931627915240824
-0.12265844643115997 -0.12265844643115997 -0.12265844643115997 -0.12265844643115997 -0.12265844643115997 -0.12265844643115997 -0.12265844643115997 -0.12265844643115997 -0.12265844643115997 -0.12265844643115997 -0.12265844643115997 -0.12265844643115997 -0.12265844643115997 -0.12265844643115997 -0.12265844643115997 -0.12265844643115997 -0.12265844643115997 -0.12265844643115997 -0.12265844643115997 -0.12265844643115997 -0.12265844643115997 -0.12265844643115997 -0.12265844643115997 -0.12265844643115997 -0.12265844643115997 -0.12265844643115997 -0.12265844643115997 -0.12265844643115997 -0.0864204466342926 -0.08724544942378998 -0.08709798008203506 -0.06747663766145706 -0.06971634179353714 -0.067937470972538 -0.05224170908331871 -0.03813114017248154 -0.013875516131520271 -0.007903523743152618 -0.007903523743152618 -0.008852184750139713 -0.0014838578645139933 -0.0014838578645139933 -0.0018650523852556944 -0.0018127565272152424 -0.0014217965072020888 -0.0007931627915240824
-0.11352257430553436 -0.11352257430553436 -0.11352257430553436 -0.11352257430553436 -0.11352257430553436 -0.11352257430553436 -0.11352257430553436 -0.11352257430553436 -0.11352257430553436 -0.11352257430553436 -0.11352257430553436 -0.11352257430553436 -0.11352257430553436 -0.11352257430553436 -0.11352257430553436 -0.11352257430553436 -0.11352257430553436 -0.11352257430553436 -0.11352257430553436 -0.11352257430553436 -0.11352257430553436 -0.11352257430553436 -0.11352257430553436 -0.11352257430553436 -0.11352257430553436 -0.11352257430553436 -0.11352257430553436 -0.11352257430553436 -0.0864204466342926 -0.08724544942378998 -0.08711788058280945 -0.06747663766145706 -0.07029776275157928 -0.067937470972538 -0.05224170908331871 -0.03813114017248154 -0.013875516131520271 -0.007903523743152618 -0.007903523743152618 -0.005043469835072756 -0.0014838578645139933 -0.0014838578645139933 -0.0014951491029933095 -0.0017559255938977003 -0.001417631283402443 -0.0007931627915240824
-0.10353954136371613 -0.10353954136371613 -0.10353954136371613 -0.10353954136371613 -0.10353954136371613 -0.10353954136371613 -0.10353954136371613 -0.10353954136371613 -0.10353954136371613 -0.10353954136371613 -0.10353954136371613 -0.10353954136371613 -0.10353954136371613 -0.10353954136371613 -0.10353954136371613 -0.10353954136371613 -0.10353954136371613 -0.10353954136371613 -0.10353954136371613 -0.10353954136371613 -0.10353954136371613 -0.10353954136371613 -0.10353954136371613 -0.10353954136371613 -0.10353954136371613 -0.10353954136371613 -0.10353954136371613 -0.10353954136371613 -0.0864204466342926 -0.08724544942378998 -0.08709798008203506 -0.06747663766145706 -0.06971634179353714 -0.067937470972538 -0.05224170908331871 -0.03813114017248154 -0.013875516131520271 -0.007903523743152618 -0.007903523743152618 -0.005043469835072756 -0.0014838578645139933 -0.0014838578645139933 -0.0014951491029933095 -0.0017559255938977003 -0.001417631283402443 -0.0007931627915240824
-0.09927888214588165 -0.09927888214588165 -0.09927888214588165 -0.09927888214588165 -0.09927888214588165 -0.09927888214588165 -0.09927888214588165 -0.09927888214588165 -0.09927888214588165 -0.09927888214588165 -0.09927888214588165 -0.09927888214588165 -0.09927888214588165 -0.09927888214588165 -0.09927888214588165 -0.09927888214588165 -0.09927888214588165 -0.09927888214588165 -0.09927888214588165 -0.09927888214588165 -0.09927888214588165 -0.09927888214588165 -0.09927888214588165 -0.09927888214588165 -0.09927888214588165 -0.09927888214588165 -0.09927888214588165 -0.09927888214588165 -0.0864204466342926 -0.08724544942378998 -0.08709798008203506 -0.06747663766145706 -0.06971634179353714 -0.067937470972538 -0.05224170908331871 -0.03813114017248154 -0.013875516131520271 -0.007903523743152618 -0.007903523743152618 -0.005043469835072756 -0.0014838578645139933 -0.0014838578645139933 -0.0014951491029933095 -0.0017559255938977003 -0.001417631283402443 -0.0007931627915240824
-0.0981038436293602 -0.0981038436293602 -0.0981038436293602 -0.0981038436293602 -0.0981038436293602 -0.0981038436293602 -0.0981038436293602 -0.0981038436293602 -0.0981038436293602 -0.0981038436293602 -0.0981038436293602 -0.0981038436293602 -0.0981038436293602 -0.0981038436293602 -0.0981038436293602 -0.0981038436293602 -0.0981038436293602 -0.0981038436293602 -0.0981038436293602 -0.0981038436293602 -0.0981038436293602 -0.0981038436293602 -0.0981038436293602 -0.0981038436293602 -0.0981038436293602 -0.0981038436293602 -0.0981038436293602 -0.0981038436293602 -0.0864204466342926 -0.08724544942378998 -0.08709798008203506 -0.06747663766145706 -0.06971634179353714 -0.067937470972538 -0.05224170908331871 -0.03813114017248154 -0.013875516131520271 -0.007903523743152618 -0.007903523743152618 -0.005043469835072756 -0.0014838578645139933 -0.0014838578645139933 -0.0014951491029933095 -0.0017559255938977003 -0.001417631283402443 -0.0007931627915240824
-0.09137385338544846 -0.09137385338544846 -0.09137385338544846 -0.09137385338544846 -0.09137385338544846 -0.09137385338544846 -0.09137385338544846 -0.09137385338544846 -0.09137385338544846 -0.09137385338544846 -0.09137385338544846 -0.09137385338544846 -0.09137385338544846 -0.09137385338544846 -0.09137385338544846 -0.09137385338544846 -0.09137385338544846 -0.09137385338544846 -0.09137385338544846 -0.09137385338544846 -0.09137385338544846 -0.09137385338544846 -0.09137385338544846 -0.09137385338544846 -0.09137385338544846 -0.09137385338544846 -0.09137385338544846 -0.09137385338544846 -0.09137385338544846 -0.09114637970924377 -0.08709798008203506 -0.07049119472503662 -0.06971634179353714 -0.06883575767278671 -0.06690653413534164 -0.0474000982940197 -0.013875516131520271 -0.007903523743152618 -0.007903523743152618 -0.005043469835072756 -0.0014838578645139933 -0.0014838578645139933 -0.0014951491029933095 -0.0017559255938977003 -0.001417631283402443 -0.0007931627915240824
-0.07705168426036835 -0.07705168426036835 -0.07705168426036835 -0.07705168426036835 -0.07705168426036835 -0.07705168426036835 -0.07705168426036835 -0.07705168426036835 -0.07705168426036835 -0.07705168426036835 -0.07705168426036835 -0.07705168426036835 -0.07705168426036835 -0.07705168426036835 -0.07705168426036835 -0.07705168426036835 -0.07705168426036835 -0.07705168426036835 -0.07705168426036835 -0.07705168426036835 -0.07705168426036835 -0.07705168426036835 -0.07705168426036835 -0.07705168426036835 -0.07705168426036835 -0.07705168426036835 -0.07705168426036835 -0.07705168426036835 -0.07705168426036835 -0.07705168426036835 -0.07705168426036835 -0.07049119472503662 -0.06971634179353714 -0.06883575767278671 -0.06690653413534164 -0.0474000982940197 -0.013875516131520271 -0.007903523743152618 -0.007903523743152618 -0.005043469835072756 -0.0014838578645139933 -0.0014838578645139933 -0.0014951491029933095 -0.0017559255938977003 -0.001417631283402443 -0.0007931627915240824
-0.04552236571907997 -0.04552236571907997 -0.04552236571907997 -0.04552236571907997 -0.04552236571907997 -0.04552236571907997 -0.04552236571907997 -0.04552236571907997 -0.04552236571907997 -0.04552236571907997 -0.04552236571907997 -0.04552236571907997 -0.04552236571907997 -0.04552236571907997 -0.04552236571907997 -0.04552236571907997 -0.04552236571907997 -0.04552236571907997 -0.04552236571907997 -0.04552236571907997 -0.04552236571907997 -0.04552236571907997 -0.04552236571907997 -0.04552236571907997 -0.04552236571907997 -0.04552236571907997 -0.04552236571907997 -0.04552236571907997 -0.04552236571907997 -0.04552236571907997 -0.04552236571907997 -0.04552236571907997 -0.04552236571907997 -0.04552236571907997 -0.04552236571907997 -0.04552236571907997 -0.013875516131520271 -0.007903523743152618 -0.007903523743152618 -0.005043469835072756 -0.0014838578645139933 -0.0014838578645139933 -0.0014951491029933095 -0.0017559255938977003 -0.001417631283402443 -0.0007931627915240824
-0.02542715147137642 -0.02542715147137642 -0.02542715147137642 -0.02542715147137642 -0.02542715147137642 -0.02542715147137642 -0.02542715147137642 -0.02542715147137642 -0.02542715147137642 -0.02542715147137642 -0.02542715147137642 -0.02542715147137642 -0.02542715147137642 -0.02542715147137642 -0.02542715147137642 -0.02542715147137642 -0.02542715147137642 -0.02542715147137642 -0.02542715147137642 -0.02542715147137642 -0.02542715147137642 -0.02542715147137642 -0.02542715147137642 -0.02542715147137642 -0.02542715147137642 -0.02542715147137642 -0.02542715147137642 -0.02542715147137642 -0.02542715147137642 -0.02542715147137642 -0.02542715147137642 -0.02542715147137642 -0.02542715147137642 -0.02542715147137642 -0.02542715147137642 -0.02542715147137642 -0.013875516131520271 -0.007903523743152618 -0.007903523743152618 -0.005043469835072756 -0.0014838578645139933 -0.0014838578645139933 -0.0014951491029933095 -0.0017559255938977003 -0.001417631283402443 -0.0007931627915240824
-0.0191765408962965 -0.0191765408962965 -0.0191765408962965 -0.0191765408962965 -0.0191765408962965 -0.0191765408962965 -0.0191765408962965 -0.0191765408962965 -0.0191765408962965 -0.0191765408962965 -0.0191765408962965 -0.0191765408962965 -0.0191765408962965 -0.0191765408962965 -0.0191765408962965 -0.0191765408962965 -0.0191765408962965 -0.0191765408962965 -0.0191765408962965 -0.0191765408962965 -0.0191765408962965 -0.0191765408962965 -0.0191765408962965 -0.0191765408962965 -0.0191765408962965 -0.0191765408962965 -0.0191765408962965 -0.0191765408962965 -0.0191765408962965 -0.0191765408962965 -0.0191765408962965 -0.0191765408962965 -0.0191765408962965 -0.0191765408962965 -0.0191765408962965 -0.0191765408962965 -0.0191765408962965 -0.007903523743152618 -0.007903523743152618 -0.008852184750139713 -0.002026689238846302 -0.001939344801940024 -0.0018650523852556944 -0.0018127565272152424 -0.0014217965072020888 -0.0007931627915240824
-0.0068481359630823135 -0.0068481359630823135 -0.0068481359630823135 -0.0068481359630823135 -0.0068481359630823135 -0.0068481359630823135 -0.0068481359630823135 -0.0068481359630823135 -0.0068481359630823135 -0.0068481359630823135 -0.0068481359630823135 -0.0068481359630823135 -0.0068481359630823135 -0.0068481359630823135 -0.0068481359630823135 -0.0068481359630823135 -0.0068481359630823135 -0.0068481359630823135 -0.0068481359630823135 -0.0068481359630823135 -0.0068481359630823135 -0.0068481359630823135 -0.0068481359630823135 -0.0068481359630823135 -0.0068481359630823135 -0.0068481359630823135 -0.0068481359630823135 -0.0068481359630823135 -0.0068481359630823135 -0.0068481359630823135 -0.0068481359630823135 -0.0068481359630823135 -0.0068481359630823135 -0.0068481359630823135 -0.0068481359630823135 -0.0068481359630823135 -0.0068481359630823135 -0.0068481359630823135 -0.0068481359630823135 -0.005043469835072756 -0.0014838578645139933 -0.0014838578645139933 -0.0014951491029933095 -0.0017559255938977003 -0.001417631283402443 -0.0007931627915240824
-0.004976586904376745 -0.004976586904376745 -0.004976586904376745 -0.004976586904376745 -0.004976586904376745 -0.004976586904376745 -0.004976586904376745 -0.004976586904376745 -0.004976586904376745 -0.004976586904376745 -0.004976586904376745 -0.004976586904376745 -0.004976586904376745 -0.004976586904376745 -0.004976586904376745 -0.004976586904376745 -0.004976586904376745 -0.004976586904376745 -0.004976586904376745 -0.004976586904376745 -0.004976586904376745 -0.004976586904376745 -0.004976586904376745 -0.004976586904376745 -0.004976586904376745 -0.004976586904376745 -0.004976586904376745 -0.004976586904376745 -0.004976586904376745 -0.004976586904376745 -0.004976586904376745 -0.004976586904376745 -0.004976586904376745 -0.004976586904376745 -0.004976586904376745 -0.004976586904376745 -0.004976586904376745 -0.004976586904376745 -0.004976586904376745 -0.004976586904376745 -0.002026689238846302 -0.001939344801940024 -0.0014951491029933095 -0.0017559255938977003 -0.0014217965072020888 -0.0007931627915240824
-0.004587351344525814 -0.004587351344525814 -0.004587351344525814 -0.004587351344525814 -0.004587351344525814 -0.004587351344525814 -0.004587351344525814 -0.004587351344525814 -0.004587351344525814 -0.004587351344525814 -0.004587351344525814 -0.004587351344525814 -0.004587351344525814 -0.004587351344525814 -0.004587351344525814 -0.004587351344525814 -0.004587351344525814 -0.004587351344525814 -0.004587351344525814 -0.004587351344525814 -0.004587351344525814 -0.004587351344525814 -0.004587351344525814 -0.004587351344525814 -0.004587351344525814 -0.004587351344525814 -0.004587351344525814 -0.004587351344525814 -0.004587351344525814 -0.004587351344525814 -0.004587351344525814 -0.004587351344525814 -0.004587351344525814 -0.004587351344525814 -0.004587351344525814 -0.004587351344525814 -0.004587351344525814 -0.004587351344525814 -0.004587351344525814 -0.004587351344525814 -0.002026689238846302 -0.001939344801940024 -0.0014951491029933095 -0.0017559255938977003 -0.0014217965072020888 -0.0007931627915240824
-0.0036947589833289385 -0.0036947589833289385 -0.0036947589833289385 -0.0036947589833289385 -0.0036947589833289385 -0.0036947589833289385 -0.0036947589833289385 -0.0036947589833289385 -0.0036947589833289385 -0.0036947589833289385 -0.0036947589833289385 -0.0036947589833289385 -0.0036947589833289385 -0.0036947589833289385 -0.0036947589833289385 -0.0036947589833289385 -0.0036947589833289385 -0.0036947589833289385 -0.0036947589833289385 -0.0036947589833289385 -0.0036947589833289385 -0.0036947589833289385 -0.0036947589833289385 -0.0036947589833289385 -0.0036947589833289385 -0.0036947589833289385 -0.0036947589833289385 -0.0036947589833289385 -0.0036947589833289385 -0.0036947589833289385 -0.0036947589833289385 -0.0036947589833289385 -0.0036947589833289385 -0.0036947589833289385 -0.0036947589833289385 -0.0036947589833289385 -0.0036947589833289385 -0.0036947589833289385 -0.0036947589833289385 -0.0036947589833289385 -0.0014838578645139933 -0.0014838578645139933 -0.0018650523852556944 -0.0018127565272152424 -0.0014217965072020888 -0.0007931627915240824
-0.003003573277965188 -0.003003573277965188 -0.003003573277965188 -0.003003573277965188 -0.003003573277965188 -0.003003573277965188 -0.003003573277965188 -0.003003573277965188 -0.003003573277965188 -0.003003573277965188 -0.003003573277965188 -0.003003573277965188 -0.003003573277965188 -0.003003573277965188 -0.003003573277965188 -0.003003573277965188 -0.003003573277965188 -0.003003573277965188 -0.003003573277965188 -0.003003573277965188 -0.003003573277965188 -0.003003573277965188 -0.003003573277965188 -0.003003573277965188 -0.003003573277965188 -0.003003573277965188 -0.003003573277965188 -0.003003573277965188 -0.003003573277965188 -0.003003573277965188 -0.003003573277965188 -0.003003573277965188 -0.003003573277965188 -0.003003573277965188 -0.003003573277965188 -0.003003573277965188 -0.003003573277965188 -0.003003573277965188 -0.003003573277965188 -0.003003573277965188 -0.0014838578645139933 -0.0014838578645139933 -0.0018650523852556944 -0.0018127565272152424 -0.0014217965072020888 -0.0007931627915240824
-0.0027000263798981905 -0.0027000263798981905 -0.0027000263798981905 -0.0027000263798981905 -0.0027000263798981905 -0.0027000263798981905 -0.0027000263798981905 -0.0027000263798981905 -0.0027000263798981905 -0.0027000263798981905 -0.0027000263798981905 -0.0027000263798981905 -0.0027000263798981905 -0.0027000263798981905 -0.0027000263798981905 -0.0027000263798981905 -0.0027000263798981905 -0.0027000263798981905 -0.0027000263798981905 -0.0027000263798981905 -0.0027000263798981905 -0.0027000263798981905 -0.0027000263798981905 -0.0027000263798981905 -0.0027000263798981905 -0.0027000263798981905 -0.0027000263798981905 -0.0027000263798981905 -0.0027000263798981905 -0.0027000263798981905 -0.0027000263798981905 -0.0027000263798981905 -0.0027000263798981905 -0.0027000263798981905 -0.0027000263798981905 -0.0027000263798981905 -0.0027000263798981905 -0.0027000263798981905 -0.0027000263798981905 -0.0027000263798981905 -0.0018047424964606762 -0.0018047424964606762 -0.0018650523852556944 -0.0018127565272152424 -0.0014217965072020888 -0.0007931627915240824