-0.6613038182258606 -0.5305863618850708 -0.5397888422012329 -0.4859009385108948 -0.46437010169029236 -0.46437010169029236 -0.46544593572616577 -0.1615695357322693 -0.1615695357322693 -0.2900451421737671 -0.1615695357322693 -0.1615695357322693 -0.2900451421737671 -0.2900451421737671 -0.16407279670238495 -0.16407279670238495 -0.16407279670238495 -0.16407279670238495 -0.1615695357322693 -0.1615695357322693 -0.1615695357322693 -0.1592637151479721 -0.15940523147583008 -0.1165333241224289 -0.052085526287555695 -0.05474575236439705 -0.058040425181388855 -0.05474575236439705 -0.05300753563642502 -0.05300753563642502 -0.05300753563642502 -0.014061924070119858 -0.016180966049432755 -0.01679319515824318 -0.003851801622658968 -0.0067079379223287106 -0.005407948046922684 -0.0038776500150561333 -0.00205081794410944 -0.0013559674844145775 -0.0010572826722636819 -0.0010572826722636819
-0.6613038182258606 -0.5664968490600586 -0.5397888422012329 -0.5370664000511169 -0.46437010169029236 -0.46437010169029236 -0.46544593572616577 -0.1615695357322693 -0.1615695357322693 -0.16296309232711792 -0.1615695357322693 -0.1615695357322693 -0.16296309232711792 -0.16296309232711792 -0.16407279670238495 -0.16407279670238495 -0.16407279670238495 -0.16407279670238495 -0.1615695357322693 -0.1615695357322693 -0.1615695357322693 -0.1592637151479721 -0.15940523147583008 -0.1165333241224289 -0.052085526287555695 -0.05474575236439705 -0.058040425181388855 -0.05474575236439705 -0.05300753563642502 -0.05300753563642502 -0.05300753563642502 -0.014061924070119858 -0.016180966049432755 -0.01679319515824318 -0.003851801622658968 -0.0067079379223287106 -0.005440166685730219 -0.0038776500150561333 -0.00205081794410944 -0.0013559674844145775 -0.0010572826722636819 -0.0010572826722636819
-0.6613038182258606 -0.5305863618850708 -0.5397888422012329 -0.4859009385108948 -0.46437010169029236 -0.46437010169029236 -0.46544593572616577 -0.1615695357322693 -0.1615695357322693 -0.16296309232711792 -0.1615695357322693 -0.1615695357322693 -0.16296309232711792 -0.16296309232711792 -0.16407279670238495 -0.16407279670238495 -0.16407279670238495 -0.16407279670238495 -0.1615695357322693 -0.1615695357322693 -0.1615695357322693 -0.1592637151479721 -0.15940523147583008 -0.1165333241224289 -0.052085526287555695 -0.05474575236439705 -0.058040425181388855 -0.05474575236439705 -0.05300753563642502 -0.05300753563642502 -0.05300753563642502 -0.014061924070119858 -0.016180966049432755 -0.01679319515824318 -0.003851801622658968 -0.0067079379223287106 -0.005407948046922684 -0.0038776500150561333 -0.00205081794410944 -0.0013559674844145775 -0.0010572826722636819 -0.0010572826722636819
-0.6613038182258606 -0.5664968490600586 -0.4487744867801666 -0.5370664000511169 -0.4675371050834656 -0.4665048122406006 -0.4658795893192291 -0.1615695357322693 -0.1615695357322693 -0.16296309232711792 -0.1615695357322693 -0.1615695357322693 -0.16296309232711792 -0.16296309232711792 -0.16407279670238495 -0.16407279670238495 -0.16407279670238495 -0.16407279670238495 -0.1615695357322693 -0.1615695357322693 -0.1615695357322693 -0.1592637151479721 -0.15940523147583008 -0.1165333241224289 -0.052085526287555695 -0.05474575236439705 -0.058040425181388855 -0.05474575236439705 -0.05300753563642502 -0.05300753563642502 -0.05300753563642502 -0.014061924070119858 -0.016180966049432755 -0.01679319515824318 -0.003851801622658968 -0.0067079379223287106 -0.005407948046922684 -0.0038776500150561333 -0.00205081794410944 -0.0013559674844145775 -0.0010572826722636819 -0.0010572826722636819
-0.6613038182258606 -0.5664968490600586 -0.4487744867801666 -0.5370664000511169 -0.4675371050834656 -0.4665048122406006 -0.4658795893192291 -0.1615695357322693 -0.1615695357322693 -0.16296309232711792 -0.1615695357322693 -0.1615695357322693 -0.16296309232711792 -0.16296309232711792 -0.16407279670238495 -0.16407279670238495 -0.16407279670238495 -0.16407279670238495 -0.1615695357322693 -0.1615695357322693 -0.1615695357322693 -0.1592637151479721 -0.15940523147583008 -0.1165333241224289 -0.052085526287555695 -0.05474575236439705 -0.058040425181388855 -0.05474575236439705 -0.05300753563642502 -0.05300753563642502 -0.05300753563642502 -0.014061924070119858 -0.016180966049432755 -0.01679319515824318 -0.003851801622658968 -0.0067079379223287106 -0.005407948046922684 -0.0038776500150561333 -0.00205081794410944 -0.0013559674844145775 -0.0010572826722636819 -0.0010572826722636819
-0.1615695357322693 -0.1615695357322693 -0.1615695357322693 -0.1615695357322693 -0.1615695357322693 -0.1615695357322693 -0.1615695357322693 -0.21992141008377075 -0.40621188282966614 -0.1615695357322693 -0.3010554015636444 -0.21992141008377075 -0.1615695357322693 -0.1615695357322693 -0.1615695357322693 -0.1615695357322693 -0.1615695357322693 -0.1615695357322693 -0.1754550188779831 -0.1754550188779831 -0.1754550188779831 -0.1592637151479721 -0.15940523147583008 -0.11695349216461182 -0.052085526287555695 -0.05474575236439705 -0.058040425181388855 -0.05474575236439705 -0.05300753563642502 -0.05300753563642502 -0.05300753563642502 -0.014061924070119858 -0.019370628520846367 -0.01679319515824318 -0.010554410517215729 -0.0067079379223287106 -0.005407948046922684 -0.003998737782239914 -0.0021474992390722036 -0.0013983335811644793 -0.001360844587907195 -0.0013595217606052756
-0.1615695357322693 -0.1615695357322693 -0.1615695357322693 -0.1615695357322693 -0.1615695357322693 -0.1615695357322693 -0.1615695357322693 -0.4265546202659607 -0.40621188282966614 -0.1615695357322693 -0.3010554015636444 -0.2674996554851532 -0.1615695357322693 -0.1615695357322693 -0.1615695357322693 -0.1615695357322693 -0.1615695357322693 -0.1615695357322693 -0.1754550188779831 -0.1754550188779831 -0.1754550188779831 -0.1592637151479721 -0.15940523147583008 -0.1165333241224289 -0.052085526287555695 -0.05474575236439705 -0.058040425181388855 -0.05474575236439705 -0.05300753563642502 -0.05300753563642502 -0.05300753563642502 -0.014061924070119858 -0.016180966049432755 -0.01679319515824318 -0.010554410517215729 -0.0067079379223287106 -0.005407948046922684 -0.003998737782239914 -0.0021474992390722036 -0.0013559674844145775 -0.0010572826722636819 -0.0010572826722636819
-0.1615695357322693 -0.1615695357322693 -0.1615695357322693 -0.1615695357322693 -0.1615695357322693 -0.1615695357322693 -0.1615695357322693 -0.4265546202659607 -0.40621188282966614 -0.1615695357322693 -0.3010554015636444 -0.2674996554851532 -0.1615695357322693 -0.1615695357322693 -0.1615695357322693 -0.1615695357322693 -0.1615695357322693 -0.1615695357322693 -0.1754550188779831 -0.1754550188779831 -0.1754550188779831 -0.1592637151479721 -0.15940523147583008 -0.1165333241224289 -0.052085526287555695 -0.05474575236439705 -0.058040425181388855 -0.05474575236439705 -0.05300753563642502 -0.05300753563642502 -0.05300753563642502 -0.014061924070119858 -0.016180966049432755 -0.01679319515824318 -0.003851801622658968 -0.0067079379223287106 -0.005407948046922684 -0.003998737782239914 -0.00205081794410944 -0.0013559674844145775 -0.0010572826722636819 -0.0010572826722636819
-0.16407279670238495 -0.16407279670238495 -0.16407279670238495 -0.16407279670238495 -0.16407279670238495 -0.16407279670238495 -0.16407279670238495 -0.1754550188779831 -0.1754550188779831 -0.3992580473423004 -0.1754550188779831 -0.1754550188779831 -0.2900451421737671 -0.2900451421737671 -0.21999715268611908 -0.2334882616996765 -0.22338610887527466 -0.22142821550369263 -0.18507742881774902 -0.1837901473045349 -0.17784419655799866 -0.1592637151479721 -0.15940523147583008 -0.1165333241224289 -0.052085526287555695 -0.05474575236439705 -0.05907215550541878 -0.05474575236439705 -0.05300753563642502 -0.05300753563642502 -0.05300753563642502 -0.014061924070119858 -0.016180966049432755 -0.01679319515824318 -0.003851801622658968 -0.0067079379223287106 -0.005407948046922684 -0.0038776500150561333 -0.00205081794410944 -0.0013559674844145775 -0.0010572826722636819 -0.0010572826722636819
-0.16407279670238495 -0.16407279670238495 -0.16407279670238495 -0.16407279670238495 -0.16407279670238495 -0.16407279670238495 -0.16407279670238495 -0.1754550188779831 -0.1754550188779831 -0.3992580473423004 -0.1754550188779831 -0.1754550188779831 -0.2900451421737671 -0.2900451421737671 -0.21999715268611908 -0.2334882616996765 -0.22338610887527466 -0.22234123945236206 -0.18507742881774902 -0.1837901473045349 -0.17784419655799866 -0.1592637151479721 -0.15940523147583008 -0.1165333241224289 -0.052085526287555695 -0.0586298331618309 -0.05907215550541878 -0.05889364331960678 -0.05300753563642502 -0.05300753563642502 -0.05300753563642502 -0.014061924070119858 -0.016180966049432755 -0.01679319515824318 -0.003851801622658968 -0.0067079379223287106 -0.005407948046922684 -0.0038776500150561333 -0.00205081794410944 -0.0013559674844145775 -0.0010572826722636819 -0.0010572826722636819
-0.1615695357322693 -0.1615695357322693 -0.1615695357322693 -0.1615695357322693 -0.1615695357322693 -0.1615695357322693 -0.1615695357322693 -0.4265546202659607 -0.40621188282966614 -0.1615695357322693 -0.3010554015636444 -0.30035901069641113 -0.1615695357322693 -0.1615695357322693 -0.1615695357322693 -0.1615695357322693 -0.1615695357322693 -0.1615695357322693 -0.1754550188779831 -0.1754550188779831 -0.1754550188779831 -0.1592637151479721 -0.15940523147583008 -0.1165333241224289 -0.052085526287555695 -0.05474575236439705 -0.058040425181388855 -0.05474575236439705 -0.05300753563642502 -0.05300753563642502 -0.05300753563642502 -0.014061924070119858 -0.016180966049432755 -0.01679319515824318 -0.003851801622658968 -0.0067079379223287106 -0.005407948046922684 -0.0038776500150561333 -0.00205081794410944 -0.0013559674844145775 -0.0010572826722636819 -0.0010572826722636819
-0.16407279670238495 -0.16407279670238495 -0.16407279670238495 -0.16407279670238495 -0.16407279670238495 -0.16407279670238495 -0.16407279670238495 -0.1754550188779831 -0.1754550188779831 -0.3992580473423004 -0.1754550188779831 -0.1754550188779831 -0.2900451421737671 -0.2900451421737671 -0.24006681144237518 -0.2334882616996765 -0.22338610887527466 -0.22234123945236206 -0.18507742881774902 -0.1837901473045349 -0.17784419655799866 -0.1592637151479721 -0.15940523147583008 -0.1165333241224289 -0.052085526287555695 -0.06708177924156189 -0.05907215550541878 -0.05889364331960678 -0.05300753563642502 -0.05300753563642502 -0.05300753563642502 -0.014061924070119858 -0.016180966049432755 -0.01679319515824318 -0.003851801622658968 -0.0067079379223287106 -0.005407948046922684 -0.0038776500150561333 -0.00205081794410944 -0.0013559674844145775 -0.0010572826722636819 -0.0010572826722636819
-0.1615695357322693 -0.1615695357322693 -0.1615695357322693 -0.1615695357322693 -0.1615695357322693 -0.1615695357322693 -0.1615695357322693 -0.4265546202659607 -0.40621188282966614 -0.1615695357322693 -0.3010554015636444 -0.30035901069641113 -0.1615695357322693 -0.1615695357322693 -0.1615695357322693 -0.1615695357322693 -0.1615695357322693 -0.1615695357322693 -0.1754550188779831 -0.1754550188779831 -0.1754550188779831 -0.17471781373023987 -0.1611829251050949 -0.1165333241224289 -0.052085526287555695 -0.05474575236439705 -0.058040425181388855 -0.05474575236439705 -0.05300753563642502 -0.05300753563642502 -0.05300753563642502 -0.014061924070119858 -0.016180966049432755 -0.01679319515824318 -0.003851801622658968 -0.0067079379223287106 -0.005407948046922684 -0.0038776500150561333 -0.00205081794410944 -0.0013559674844145775 -0.0010572826722636819 -0.0010572826722636819
-0.1615695357322693 -0.1615695357322693 -0.1615695357322693 -0.1615695357322693 -0.1615695357322693 -0.1615695357322693 -0.1615695357322693 -0.4265546202659607 -0.2786061763763428 -0.1615695357322693 -0.3010554015636444 -0.30035901069641113 -0.1615695357322693 -0.1615695357322693 -0.1615695357322693 -0.1615695357322693 -0.1615695357322693 -0.1615695357322693 -0.1754550188779831 -0.1754550188779831 -0.1754550188779831 -0.17471781373023987 -0.1611829251050949 -0.1165333241224289 -0.052085526287555695 -0.05474575236439705 -0.058040425181388855 -0.05474575236439705 -0.05300753563642502 -0.05300753563642502 -0.05300753563642502 -0.014061924070119858 -0.016180966049432755 -0.01679319515824318 -0.003851801622658968 -0.0067079379223287106 -0.005407948046922684 -0.0038776500150561333 -0.00205081794410944 -0.0013559674844145775 -0.0010572826722636819 -0.0010572826722636819
-0.1615695357322693 -0.1615695357322693 -0.1615695357322693 -0.1615695357322693 -0.1615695357322693 -0.1615695357322693 -0.1615695357322693 -0.4265546202659607 -0.2786061763763428 -0.1615695357322693 -0.3010554015636444 -0.30035901069641113 -0.1615695357322693 -0.1615695357322693 -0.1615695357322693 -0.1615695357322693 -0.1615695357322693 -0.1615695357322693 -0.1754550188779831 -0.1754550188779831 -0.1754550188779831 -0.17471781373023987 -0.1611829251050949 -0.1165333241224289 -0.052085526287555695 -0.05474575236439705 -0.058040425181388855 -0.05474575236439705 -0.05300753563642502 -0.05300753563642502 -0.05300753563642502 -0.014061924070119858 -0.016180966049432755 -0.01679319515824318 -0.003851801622658968 -0.0067079379223287106 -0.005407948046922684 -0.0038776500150561333 -0.00205081794410944 -0.0013559674844145775 -0.0010572826722636819 -0.0010572826722636819
-0.4487744867801666 -0.4487744867801666 -0.4487744867801666 -0.4487744867801666 -0.4487744867801666 -0.4487744867801666 -0.4487744867801666 -0.1615695357322693 -0.1615695357322693 -0.3992580473423004 -0.1615695357322693 -0.1615695357322693 -0.2900451421737671 -0.2900451421737671 -0.16407279670238495 -0.16407279670238495 -0.16407279670238495 -0.16407279670238495 -0.1615695357322693 -0.1615695357322693 -0.1615695357322693 -0.1592637151479721 -0.15940523147583008 -0.1165333241224289 -0.052085526287555695 -0.05474575236439705 -0.058040425181388855 -0.05474575236439705 -0.05300753563642502 -0.05300753563642502 -0.05300753563642502 -0.014061924070119858 -0.016180966049432755 -0.01679319515824318 -0.003851801622658968 -0.0067079379223287106 -0.005407948046922684 -0.0038776500150561333 -0.00205081794410944 -0.0013559674844145775 -0.0010572826722636819 -0.0010572826722636819
-0.4487744867801666 -0.4487744867801666 -0.4487744867801666 -0.4487744867801666 -0.4487744867801666 -0.4487744867801666 -0.4487744867801666 -0.1615695357322693 -0.1615695357322693 -0.3992580473423004 -0.1615695357322693 -0.1615695357322693 -0.2900451421737671 -0.2900451421737671 -0.16407279670238495 -0.16407279670238495 -0.16407279670238495 -0.16407279670238495 -0.1615695357322693 -0.1615695357322693 -0.1615695357322693 -0.1592637151479721 -0.15940523147583008 -0.1165333241224289 -0.052085526287555695 -0.05474575236439705 -0.058040425181388855 -0.05474575236439705 -0.05300753563642502 -0.05300753563642502 -0.05300753563642502 -0.014061924070119858 -0.016180966049432755 -0.01679319515824318 -0.003851801622658968 -0.0067079379223287106 -0.005407948046922684 -0.0038776500150561333 -0.00205081794410944 -0.0013559674844145775 -0.0010572826722636819 -0.0010572826722636819
-0.16296309232711792 -0.16296309232711792 -0.16296309232711792 -0.16296309232711792 -0.16296309232711792 -0.16296309232711792 -0.16296309232711792 -0.21992141008377075 -0.2786061763763428 -0.2900451421737671 -0.3010554015636444 -0.21992141008377075 -0.2900451421737671 -0.2900451421737671 -0.16296309232711792 -0.16296309232711792 -0.16296309232711792 -0.16296309232711792 -0.18507742881774902 -0.18380200862884521 -0.17797116935253143 -0.1592637151479721 -0.15940523147583008 -0.11695349216461182 -0.052085526287555695 -0.05474575236439705 -0.058040425181388855 -0.05474575236439705 -0.05300753563642502 -0.05300753563642502 -0.05300753563642502 -0.014061924070119858 -0.016180966049432755 -0.01679319515824318 -0.003851801622658968 -0.0067079379223287106 -0.005407948046922684 -0.0038776500150561333 -0.00205081794410944 -0.0013559674844145775 -0.0010572826722636819 -0.0010572826722636819
-0.16296309232711792 -0.16296309232711792 -0.16296309232711792 -0.16296309232711792 -0.16296309232711792 -0.16296309232711792 -0.16296309232711792 -0.21992141008377075 -0.40621188282966614 -0.2900451421737671 -0.3010554015636444 -0.21992141008377075 -0.2900451421737671 -0.2900451421737671 -0.16296309232711792 -0.16296309232711792 -0.16296309232711792 -0.16296309232711792 -0.1754550188779831 -0.1754550188779831 -0.1754550188779831 -0.1592637151479721 -0.15940523147583008 -0.11695349216461182 -0.052085526287555695 -0.05474575236439705 -0.058040425181388855 -0.05474575236439705 -0.05300753563642502 -0.05300753563642502 -0.05300753563642502 -0.014061924070119858 -0.019370628520846367 -0.01706777699291706 -0.010554410517215729 -0.0067079379223287106 -0.005407948046922684 -0.0038776500150561333 -0.0021474992390722036 -0.0013983335811644793 -0.001360844587907195 -0.0013595217606052756
-0.43146586418151855 -0.43146586418151855 -0.43146586418151855 -0.43146586418151855 -0.43146586418151855 -0.43146586418151855 -0.43146586418151855 -0.1615695357322693 -0.1615695357322693 -0.16296309232711792 -0.1615695357322693 -0.1615695357322693 -0.16296309232711792 -0.16296309232711792 -0.24006681144237518 -0.2334882616996765 -0.19414184987545013 -0.22234123945236206 -0.1615695357322693 -0.1615695357322693 -0.1615695357322693 -0.1592637151479721 -0.15940523147583008 -0.1165333241224289 -0.052085526287555695 -0.05474575236439705 -0.058040425181388855 -0.05474575236439705 -0.05300753563642502 -0.05300753563642502 -0.05300753563642502 -0.014061924070119858 -0.016180966049432755 -0.01679319515824318 -0.003851801622658968 -0.0067079379223287106 -0.005407948046922684 -0.0038776500150561333 -0.00205081794410944 -0.0013559674844145775 -0.0010572826722636819 -0.0010572826722636819
-0.3995881974697113 -0.3995881974697113 -0.3995881974697113 -0.3995881974697113 -0.3995881974697113 -0.3995881974697113 -0.3995881974697113 -0.1615695357322693 -0.1615695357322693 -0.16296309232711792 -0.1615695357322693 -0.1615695357322693 -0.16296309232711792 -0.16296309232711792 -0.24006681144237518 -0.2334882616996765 -0.19414184987545013 -0.22234123945236206 -0.1615695357322693 -0.1615695357322693 -0.1615695357322693 -0.1592637151479721 -0.15940523147583008 -0.1165333241224289 -0.052085526287555695 -0.05474575236439705 -0.058040425181388855 -0.05474575236439705 -0.05300753563642502 -0.05300753563642502 -0.05300753563642502 -0.014061924070119858 -0.016180966049432755 -0.01679319515824318 -0.003851801622658968 -0.0067079379223287106 -0.005407948046922684 -0.0038776500150561333 -0.00205081794410944 -0.0013559674844145775 -0.0010572826722636819 -0.0010572826722636819
-0.3513878285884857 -0.3513878285884857 -0.3513878285884857 -0.3513878285884857 -0.3513878285884857 -0.3513878285884857 -0.3513878285884857 -0.1615695357322693 -0.1615695357322693 -0.2900451421737671 -0.1615695357322693 -0.1615695357322693 -0.2900451421737671 -0.2900451421737671 -0.24006681144237518 -0.2334882616996765 -0.22338610887527466 -0.22234123945236206 -0.1615695357322693 -0.1615695357322693 -0.1615695357322693 -0.1592637151479721 -0.15940523147583008 -0.1165333241224289 -0.052085526287555695 -0.06708177924156189 -0.05907215550541878 -0.05889364331960678 -0.05401623249053955 -0.054154571145772934 -0.054185956716537476 -0.014061924070119858 -0.016180966049432755 -0.01679319515824318 -0.003851801622658968 -0.0067079379223287106 -0.005407948046922684 -0.0038776500150561333 -0.00205081794410944 -0.0013559674844145775 -0.0010572826722636819 -0.0010572826722636819
-0.33232372999191284 -0.33232372999191284 -0.33232372999191284 -0.33232372999191284 -0.33232372999191284 -0.33232372999191284 -0.33232372999191284 -0.1754550188779831 -0.1754550188779831 -0.2900451421737671 -0.1754550188779831 -0.1754550188779831 -0.2900451421737671 -0.2900451421737671 -0.24006681144237518 -0.2334882616996765 -0.22338610887527466 -0.22234123945236206 -0.1754550188779831 -0.1754550188779831 -0.1754550188779831 -0.1592637151479721 -0.15940523147583008 -0.1165333241224289 -0.052085526287555695 -0.06708177924156189 -0.05907215550541878 -0.05889364331960678 -0.0581037737429142 -0.05561671033501625 -0.054185956716537476 -0.014061924070119858 -0.016180966049432755 -0.01679319515824318 -0.003851801622658968 -0.0067079379223287106 -0.005407948046922684 -0.0038776500150561333 -0.00205081794410944 -0.0013559674844145775 -0.0010572826722636819 -0.0010572826722636819
-0.1615695357322693 -0.1615695357322693 -0.1615695357322693 -0.1615695357322693 -0.1615695357322693 -0.1615695357322693 -0.1615695357322693 -0.3189346492290497 -0.2786061763763428 -0.1615695357322693 -0.2786061763763428 -0.30035901069641113 -0.1615695357322693 -0.1615695357322693 -0.1615695357322693 -0.1615695357322693 -0.1615695357322693 -0.1615695357322693 -0.1754550188779831 -0.1754550188779831 -0.1754550188779831 -0.17471781373023987 -0.1611829251050949 -0.1165333241224289 -0.052085526287555695 -0.05474575236439705 -0.058040425181388855 -0.05474575236439705 -0.05300753563642502 -0.05300753563642502 -0.05300753563642502 -0.014061924070119858 -0.016180966049432755 -0.01679319515824318 -0.003851801622658968 -0.0067079379223287106 -0.005407948046922684 -0.0038776500150561333 -0.00205081794410944 -0.0013559674844145775 -0.0010572826722636819 -0.0010572826722636819
-0.31562238931655884 -0.31562238931655884 -0.31562238931655884 -0.31562238931655884 -0.31562238931655884 -0.31562238931655884 -0.31562238931655884 -0.1615695357322693 -0.1615695357322693 -0.2900451421737671 -0.1615695357322693 -0.1615695357322693 -0.2900451421737671 -0.2900451421737671 -0.24006681144237518 -0.2334882616996765 -0.22338610887527466 -0.22234123945236206 -0.1615695357322693 -0.1615695357322693 -0.1615695357322693 -0.1592637151479721 -0.15940523147583008 -0.1165333241224289 -0.052085526287555695 -0.06708177924156189 -0.05907215550541878 -0.05889364331960678 -0.05401623249053955 -0.05561671033501625 -0.054185956716537476 -0.014061924070119858 -0.016180966049432755 -0.01679319515824318 -0.003851801622658968 -0.0067079379223287106 -0.005407948046922684 -0.0038776500150561333 -0.00205081794410944 -0.0013559674844145775 -0.0010572826722636819 -0.0010572826722636819
-0.30731505155563354 -0.30731505155563354 -0.30731505155563354 -0.30731505155563354 -0.30731505155563354 -0.30731505155563354 -0.30731505155563354 -0.1615695357322693 -0.1615695357322693 -0.2900451421737671 -0.1615695357322693 -0.1615695357322693 -0.2900451421737671 -0.2900451421737671 -0.24006681144237518 -0.2334882616996765 -0.22338610887527466 -0.22234123945236206 -0.1615695357322693 -0.1615695357322693 -0.1615695357322693 -0.1592637151479721 -0.15940523147583008 -0.1165333241224289 -0.052085526287555695 -0.0586298331618309 -0.05907215550541878 -0.05889364331960678 -0.05300753563642502 -0.05300753563642502 -0.05300753563642502 -0.014061924070119858 -0.016180966049432755 -0.01679319515824318 -0.003851801622658968 -0.0067079379223287106 -0.005407948046922684 -0.0038776500150561333 -0.00205081794410944 -0.0013559674844145775 -0.0010572826722636819 -0.0010572826722636819
-0.26078084111213684 -0.26078084111213684 -0.26078084111213684 -0.26078084111213684 -0.26078084111213684 -0.26078084111213684 -0.26078084111213684 -0.1754550188779831 -0.1754550188779831 -0.26078084111213684 -0.1754550188779831 -0.1754550188779831 -0.26078084111213684 -0.26078084111213684 -0.24006681144237518 -0.2334882616996765 -0.22338610887527466 -0.22234123945236206 -0.1837901473045349 -0.1837901473045349 -0.17784419655799866 -0.1592637151479721 -0.15940523147583008 -0.1165333241224289 -0.052085526287555695 -0.06708177924156189 -0.05907215550541878 -0.05889364331960678 -0.0581037737429142 -0.05561671033501625 -0.054185956716537476 -0.014061924070119858 -0.016180966049432755 -0.01679319515824318 -0.003851801622658968 -0.0067079379223287106 -0.005407948046922684 -0.0038776500150561333 -0.00205081794410944 -0.0013559674844145775 -0.0010572826722636819 -0.0010572826722636819
-0.25013619661331177 -0.25013619661331177 -0.25013619661331177 -0.25013619661331177 -0.25013619661331177 -0.25013619661331177 -0.25013619661331177 -0.1615695357322693 -0.1615695357322693 -0.16296309232711792 -0.1615695357322693 -0.1615695357322693 -0.16296309232711792 -0.16296309232711792 -0.16407279670238495 -0.16407279670238495 -0.16407279670238495 -0.16407279670238495 -0.1615695357322693 -0.1615695357322693 -0.1615695357322693 -0.1592637151479721 -0.15940523147583008 -0.1165333241224289 -0.052085526287555695 -0.05474575236439705 -0.058040425181388855 -0.05474575236439705 -0.05300753563642502 -0.05300753563642502 -0.05300753563642502 -0.014061924070119858 -0.016180966049432755 -0.01679319515824318 -0.003851801622658968 -0.0067079379223287106 -0.005440166685730219 -0.0038776500150561333 -0.00205081794410944 -0.0013559674844145775 -0.0010572826722636819 -0.0010572826722636819
-0.16407279670238495 -0.16407279670238495 -0.16407279670238495 -0.16407279670238495 -0.16407279670238495 -0.16407279670238495 -0.16407279670238495 -0.2119288593530655 -0.2119288593530655 -0.2119288593530655 -0.2119288593530655 -0.2119288593530655 -0.2119288593530655 -0.2119288593530655 -0.2119288593530655 -0.2119288593530655 -0.2119288593530655 -0.2119288593530655 -0.18507742881774902 -0.18380200862884521 -0.17797116935253143 -0.1592637151479721 -0.15940523147583008 -0.1165333241224289 -0.08015865832567215 -0.06708177924156189 -0.05907215550541878 -0.05889364331960678 -0.0581037737429142 -0.05561671033501625 -0.054185956716537476 -0.014061924070119858 -0.016180966049432755 -0.01679319515824318 -0.003851801622658968 -0.0067079379223287106 -0.005407948046922684 -0.0038776500150561333 -0.00205081794410944 -0.0013559674844145775 -0.0010572826722636819 -0.0010572826722636819
-0.16296309232711792 -0.16296309232711792 -0.16296309232711792 -0.16296309232711792 -0.16296309232711792 -0.16296309232711792 -0.16296309232711792 -0.21032585203647614 -0.21032585203647614 -0.21032585203647614 -0.21032585203647614 -0.21032585203647614 -0.21032585203647614 -0.21032585203647614 -0.16296309232711792 -0.16296309232711792 -0.16296309232711792 -0.16296309232711792 -0.1837901473045349 -0.1837901473045349 -0.17797116935253143 -0.1592637151479721 -0.15940523147583008 -0.11695349216461182 -0.052085526287555695 -0.05474575236439705 -0.058040425181388855 -0.05474575236439705 -0.05300753563642502 -0.05300753563642502 -0.05300753563642502 -0.014061924070119858 -0.016180966049432755 -0.01679319515824318 -0.010554410517215729 -0.0067079379223287106 -0.005407948046922684 -0.0038776500150561333 -0.0021474992390722036 -0.0013559674844145775 -0.0010572826722636819 -0.0010572826722636819
-0.16407279670238495 -0.16407279670238495 -0.16407279670238495 -0.16407279670238495 -0.16407279670238495 -0.16407279670238495 -0.16407279670238495 -0.20754721760749817 -0.20754721760749817 -0.20754721760749817 -0.20754721760749817 -0.20754721760749817 -0.20754721760749817 -0.20754721760749817 -0.19414184987545013 -0.19414184987545013 -0.20754721760749817 -0.19414184987545013 -0.18507742881774902 -0.18380200862884521 -0.17797116935253143 -0.1592637151479721 -0.15940523147583008 -0.1165333241224289 -0.08015865832567215 -0.06708177924156189 -0.05907215550541878 -0.05889364331960678 -0.0581037737429142 -0.05561671033501625 -0.054185956716537476 -0.014061924070119858 -0.016180966049432755 -0.01679319515824318 -0.003851801622658968 -0.0067079379223287106 -0.005407948046922684 -0.0038776500150561333 -0.00205081794410944 -0.0013559674844145775 -0.0010572826722636819 -0.0010572826722636819
-0.16296309232711792 -0.16296309232711792 -0.16296309232711792 -0.16296309232711792 -0.16296309232711792 -0.16296309232711792 -0.16296309232711792 -0.1615695357322693 -0.1615695357322693 -0.20576727390289307 -0.1615695357322693 -0.1615695357322693 -0.20576727390289307 -0.20576727390289307 -0.16296309232711792 -0.16296309232711792 -0.16296309232711792 -0.16296309232711792 -0.1615695357322693 -0.1615695357322693 -0.1615695357322693 -0.1592637151479721 -0.15940523147583008 -0.1165333241224289 -0.052085526287555695 -0.05474575236439705 -0.058040425181388855 -0.05474575236439705 -0.05300753563642502 -0.05300753563642502 -0.05300753563642502 -0.020690811797976494 -0.019370628520846367 -0.01706777699291706 -0.003851801622658968 -0.007142449729144573 -0.005407948046922684 -0.0038776500150561333 -0.00205081794410944 -0.0013559674844145775 -0.001360844587907195 -0.0013385204365476966
-0.16096055507659912 -0.16096055507659912 -0.16096055507659912 -0.16096055507659912 -0.16096055507659912 -0.16096055507659912 -0.16096055507659912 -0.16096055507659912 -0.16096055507659912 -0.16096055507659912 -0.16096055507659912 -0.16096055507659912 -0.16096055507659912 -0.16096055507659912 -0.16096055507659912 -0.16096055507659912 -0.16096055507659912 -0.16096055507659912 -0.16096055507659912 -0.16096055507659912 -0.16096055507659912 -0.1592637151479721 -0.15940523147583008 -0.1165333241224289 -0.052085526287555695 -0.05474575236439705 -0.058040425181388855 -0.05474575236439705 -0.05300753563642502 -0.05300753563642502 -0.05300753563642502 -0.020690811797976494 -0.016180966049432755 -0.01679319515824318 -0.003851801622658968 -0.007142449729144573 -0.005407948046922684 -0.0038776500150561333 -0.00205081794410944 -0.0013559674844145775 -0.0010572826722636819 -0.0010572826722636819
-0.14614719152450562 -0.14614719152450562 -0.14614719152450562 -0.14614719152450562 -0.14614719152450562 -0.14614719152450562 -0.14614719152450562 -0.14614719152450562 -0.14614719152450562 -0.14614719152450562 -0.14614719152450562 -0.14614719152450562 -0.14614719152450562 -0.14614719152450562 -0.14614719152450562 -0.14614719152450562 -0.14614719152450562 -0.14614719152450562 -0.14614719152450562 -0.14614719152450562 -0.14614719152450562 -0.14614719152450562 -0.14614719152450562 -0.1165333241224289 -0.052085526287555695 -0.05474575236439705 -0.058040425181388855 -0.05474575236439705 -0.05300753563642502 -0.05300753563642502 -0.05300753563642502 -0.014061924070119858 -0.016180966049432755 -0.01679319515824318 -0.003851801622658968 -0.0067079379223287106 -0.005440166685730219 -0.0038776500150561333 -0.00205081794410944 -0.0013559674844145775 -0.0010572826722636819 -0.0010572826722636819
-0.14530998468399048 -0.14530998468399048 -0.14530998468399048 -0.14530998468399048 -0.14530998468399048 -0.14530998468399048 -0.14530998468399048 -0.14530998468399048 -0.14530998468399048 -0.14530998468399048 -0.14530998468399048 -0.14530998468399048 -0.14530998468399048 -0.14530998468399048 -0.14530998468399048 -0.14530998468399048 -0.14530998468399048 -0.14530998468399048 -0.14530998468399048 -0.14530998468399048 -0.14530998468399048 -0.14530998468399048 -0.14530998468399048 -0.1165333241224289 -0.08015865832567215 -0.06708177924156189 -0.05907215550541878 -0.05889364331960678 -0.0581037737429142 -0.05561671033501625 -0.054185956716537476 -0.014061924070119858 -0.016180966049432755 -0.01679319515824318 -0.003851801622658968 -0.0067079379223287106 -0.005407948046922684 -0.0038776500150561333 -0.00205081794410944 -0.0013559674844145775 -0.0010572826722636819 -0.0010572826722636819
-0.13224907219409943 -0.13224907219409943 -0.13224907219409943 -0.13224907219409943 -0.13224907219409943 -0.13224907219409943 -0.13224907219409943 -0.13224907219409943 -0.13224907219409943 -0.13224907219409943 -0.13224907219409943 -0.13224907219409943 -0.13224907219409943 -0.13224907219409943 -0.13224907219409943 -0.13224907219409943 -0.13224907219409943 -0.13224907219409943 -0.13224907219409943 -0.13224907219409943 -0.13224907219409943 -0.13224907219409943 -0.13224907219409943 -0.1165333241224289 -0.052085526287555695 -0.05474575236439705 -0.058040425181388855 -0.05474575236439705 -0.05300753563642502 -0.05300753563642502 -0.05300753563642502 -0.020690811797976494 -0.016180966049432755 -0.01706777699291706 -0.003851801622658968 -0.007142449729144573 -0.005407948046922684 -0.0038776500150561333 -0.00205081794410944 -0.0013559674844145775 -0.0010572826722636819 -0.0010572826722636819
-0.12551744282245636 -0.12551744282245636 -0.12551744282245636 -0.12551744282245636 -0.12551744282245636 -0.12551744282245636 -0.12551744282245636 -0.12551744282245636 -0.12551744282245636 -0.12551744282245636 -0.12551744282245636 -0.12551744282245636 -0.12551744282245636 -0.12551744282245636 -0.12551744282245636 -0.12551744282245636 -0.12551744282245636 -0.12551744282245636 -0.12551744282245636 -0.12551744282245636 -0.12551744282245636 -0.12551744282245636 -0.12551744282245636 -0.1165333241224289 -0.08015865832567215 -0.06708177924156189 -0.05907215550541878 -0.05889364331960678 -0.0581037737429142 -0.05561671033501625 -0.054185956716537476 -0.014061924070119858 -0.016180966049432755 -0.01679319515824318 -0.003851801622658968 -0.0067079379223287106 -0.005407948046922684 -0.0038776500150561333 -0.00205081794410944 -0.0013559674844145775 -0.0010572826722636819 -0.0010572826722636819
-0.12483774870634079 -0.12483774870634079 -0.12483774870634079 -0.12483774870634079 -0.12483774870634079 -0.12483774870634079 -0.12483774870634079 -0.12483774870634079 -0.12483774870634079 -0.12483774870634079 -0.12483774870634079 -0.12483774870634079 -0.12483774870634079 -0.12483774870634079 -0.12483774870634079 -0.12483774870634079 -0.12483774870634079 -0.12483774870634079 -0.12483774870634079 -0.12483774870634079 -0.12483774870634079 -0.12483774870634079 -0.12483774870634079 -0.1165333241224289 -0.052085526287555695 -0.05474575236439705 -0.058040425181388855 -0.05474575236439705 -0.05300753563642502 -0.05300753563642502 -0.05300753563642502 -0.014061924070119858 -0.016180966049432755 -0.01679319515824318 -0.003851801622658968 -0.0067079379223287106 -0.005440166685730219 -0.0038776500150561333 -0.00205081794410944 -0.0013559674844145775 -0.0010572826722636819 -0.0010572826722636819
-0.12265844643115997 -0.12265844643115997 -0.12265844643115997 -0.12265844643115997 -0.12265844643115997 -0.12265844643115997 -0.12265844643115997 -0.12265844643115997 -0.12265844643115997 -0.12265844643115997 -0.12265844643115997 -0.12265844643115997 -0.12265844643115997 -0.12265844643115997 -0.12265844643115997 -0.12265844643115997 -0.12265844643115997 -0.12265844643115997 -0.12265844643115997 -0.12265844643115997 -0.12265844643115997 -0.12265844643115997 -0.12265844643115997 -0.1165333241224289 -0.052085526287555695 -0.05474575236439705 -0.058040425181388855 -0.05474575236439705 -0.05300753563642502 -0.05300753563642502 -0.05300753563642502 -0.014061924070119858 -0.016180966049432755 -0.01679319515824318 -0.010554410517215729 -0.0067079379223287106 -0.005407948046922684 -0.003998737782239914 -0.0021474992390722036 -0.0013559674844145775 -0.0010572826722636819 -0.0010572826722636819
-0.11352257430553436 -0.11352257430553436 -0.11352257430553436 -0.11352257430553436 -0.11352257430553436 -0.11352257430553436 -0.11352257430553436 -0.11352257430553436 -0.11352257430553436 -0.11352257430553436 -0.11352257430553436 -0.11352257430553436 -0.11352257430553436 -0.11352257430553436 -0.11352257430553436 -0.11352257430553436 -0.11352257430553436 -0.11352257430553436 -0.11352257430553436 -0.11352257430553436 -0.11352257430553436 -0.11352257430553436 -0.11352257430553436 -0.11352257430553436 -0.052085526287555695 -0.05474575236439705 -0.058040425181388855 -0.05474575236439705 -0.05300753563642502 -0.05300753563642502 -0.05300753563642502 -0.014061924070119858 -0.016180966049432755 -0.01679319515824318 -0.003851801622658968 -0.0067079379223287106 -0.005407948046922684 -0.0038776500150561333 -0.00205081794410944 -0.0013559674844145775 -0.0010572826722636819 -0.0010572826722636819
-0.10353954136371613 -0.10353954136371613 -0.10353954136371613 -0.10353954136371613 -0.10353954136371613 -0.10353954136371613 -0.10353954136371613 -0.10353954136371613 -0.10353954136371613 -0.10353954136371613 -0.10353954136371613 -0.10353954136371613 -0.10353954136371613 -0.10353954136371613 -0.10353954136371613 -0.10353954136371613 -0.10353954136371613 -0.10353954136371613 -0.10353954136371613 -0.10353954136371613 -0.10353954136371613 -0.10353954136371613 -0.10353954136371613 -0.10353954136371613 -0.052085526287555695 -0.05474575236439705 -0.058040425181388855 -0.05474575236439705 -0.05300753563642502 -0.05300753563642502 -0.05300753563642502 -0.014061924070119858 -0.016180966049432755 -0.01679319515824318 -0.003851801622658968 -0.0067079379223287106 -0.005440166685730219 -0.0038776500150561333 -0.00205081794410944 -0.0013559674844145775 -0.0010572826722636819 -0.0010572826722636819
-0.09927888214588165 -0.09927888214588165 -0.09927888214588165 -0.09927888214588165 -0.09927888214588165 -0.09927888214588165 -0.09927888214588165 -0.09927888214588165 -0.09927888214588165 -0.09927888214588165 -0.09927888214588165 -0.09927888214588165 -0.09927888214588165 -0.09927888214588165 -0.09927888214588165 -0.09927888214588165 -0.09927888214588165 -0.09927888214588165 -0.09927888214588165 -0.09927888214588165 -0.09927888214588165 -0.09927888214588165 -0.09927888214588165 -0.09927888214588165 -0.052085526287555695 -0.05474575236439705 -0.058040425181388855 -0.05474575236439705 -0.05300753563642502 -0.05300753563642502 -0.05300753563642502 -0.014061924070119858 -0.016180966049432755 -0.01679319515824318 -0.003851801622658968 -0.0067079379223287106 -0.005407948046922684 -0.0038776500150561333 -0.00205081794410944 -0.0013559674844145775 -0.0010572826722636819 -0.0010572826722636819
-0.0981038436293602 -0.0981038436293602 -0.0981038436293602 -0.0981038436293602 -0.0981038436293602 -0.0981038436293602 -0.0981038436293602 -0.0981038436293602 -0.0981038436293602 -0.0981038436293602 -0.0981038436293602 -0.0981038436293602 -0.0981038436293602 -0.0981038436293602 -0.0981038436293602 -0.0981038436293602 -0.0981038436293602 -0.0981038436293602 -0.0981038436293602 -0.0981038436293602 -0.0981038436293602 -0.0981038436293602 -0.0981038436293602 -0.0981038436293602 -0.052085526287555695 -0.05474575236439705 -0.058040425181388855 -0.05474575236439705 -0.05300753563642502 -0.05300753563642502 -0.05300753563642502 -0.014061924070119858 -0.016180966049432755 -0.01679319515824318 -0.003851801622658968 -0.0067079379223287106 -0.005407948046922684 -0.0038776500150561333 -0.00205081794410944 -0.0013559674844145775 -0.0010572826722636819 -0.0010572826722636819
-0.09137385338544846 -0.09137385338544846 -0.09137385338544846 -0.09137385338544846 -0.09137385338544846 -0.09137385338544846 -0.09137385338544846 -0.09137385338544846 -0.09137385338544846 -0.09137385338544846 -0.09137385338544846 -0.09137385338544846 -0.09137385338544846 -0.09137385338544846 -0.09137385338544846 -0.09137385338544846 -0.09137385338544846 -0.09137385338544846 -0.09137385338544846 -0.09137385338544846 -0.09137385338544846 -0.09137385338544846 -0.09137385338544846 -0.09137385338544846 -0.08015865832567215 -0.06708177924156189 -0.05907215550541878 -0.05889364331960678 -0.0581037737429142 -0.05561671033501625 -0.054185956716537476 -0.014061924070119858 -0.016180966049432755 -0.01679319515824318 -0.003851801622658968 -0.0067079379223287106 -0.005407948046922684 -0.0038776500150561333 -0.00205081794410944 -0.0013559674844145775 -0.0010572826722636819 -0.0010572826722636819
-0.07705168426036835 -0.07705168426036835 -0.07705168426036835 -0.07705168426036835 -0.07705168426036835 -0.07705168426036835 -0.07705168426036835 -0.07705168426036835 -0.07705168426036835 -0.07705168426036835 -0.07705168426036835 -0.07705168426036835 -0.07705168426036835 -0.07705168426036835 -0.07705168426036835 -0.07705168426036835 -0.07705168426036835 -0.07705168426036835 -0.07705168426036835 -0.07705168426036835 -0.07705168426036835 -0.07705168426036835 -0.07705168426036835 -0.07705168426036835 -0.07705168426036835 -0.06708177924156189 -0.058040425181388855 -0.0586298331618309 -0.0581037737429142 -0.05561671033501625 -0.054185956716537476 -0.014061924070119858 -0.016180966049432755 -0.01679319515824318 -0.003851801622658968 -0.0067079379223287106 -0.005407948046922684 -0.0038776500150561333 -0.00205081794410944 -0.0013559674844145775 -0.0010572826722636819 -0.0010572826722636819
-0.04552236571907997 -0.04552236571907997 -0.04552236571907997 -0.04552236571907997 -0.04552236571907997 -0.04552236571907997 -0.04552236571907997 -0.04552236571907997 -0.04552236571907997 -0.04552236571907997 -0.04552236571907997 -0.04552236571907997 -0.04552236571907997 -0.04552236571907997 -0.04552236571907997 -0.04552236571907997 -0.04552236571907997 -0.04552236571907997 -0.04552236571907997 -0.04552236571907997 -0.04552236571907997 -0.04552236571907997 -0.04552236571907997 -0.04552236571907997 -0.04552236571907997 -0.04552236571907997 -0.04552236571907997 -0.04552236571907997 -0.04552236571907997 -0.04552236571907997 -0.04552236571907997 -0.014061924070119858 -0.016180966049432755 -0.01679319515824318 -0.003851801622658968 -0.0067079379223287106 -0.005407948046922684 -0.0038776500150561333 -0.00205081794410944 -0.0013559674844145775 -0.0010572826722636819 -0.0010572826722636819
-0.02542715147137642 -0.02542715147137642 -0.02542715147137642 -0.02542715147137642 -0.02542715147137642 -0.02542715147137642 -0.02542715147137642 -0.02542715147137642 -0.02542715147137642 -0.02542715147137642 -0.02542715147137642 -0.02542715147137642 -0.02542715147137642 -0.02542715147137642 -0.02542715147137642 -0.02542715147137642 -0.02542715147137642 -0.02542715147137642 -0.02542715147137642 -0.02542715147137642 -0.02542715147137642 -0.02542715147137642 -0.02542715147137642 -0.02542715147137642 -0.02542715147137642 -0.02542715147137642 -0.02542715147137642 -0.02542715147137642 -0.02542715147137642 -0.02542715147137642 -0.02542715147137642 -0.014061924070119858 -0.016180966049432755 -0.01679319515824318 -0.003851801622658968 -0.0067079379223287106 -0.005407948046922684 -0.0038776500150561333 -0.00205081794410944 -0.0013559674844145775 -0.0010572826722636819 -0.0010572826722636819
-0.0191765408962965 -0.0191765408962965 -0.0191765408962965 -0.0191765408962965 -0.0191765408962965 -0.0191765408962965 -0.0191765408962965 -0.0191765408962965 -0.0191765408962965 -0.0191765408962965 -0.0191765408962965 -0.0191765408962965 -0.0191765408962965 -0.0191765408962965 -0.0191765408962965 -0.0191765408962965 -0.0191765408962965 -0.0191765408962965 -0.0191765408962965 -0.0191765408962965 -0.0191765408962965 -0.0191765408962965 -0.0191765408962965 -0.0191765408962965 -0.0191765408962965 -0.0191765408962965 -0.0191765408962965 -0.0191765408962965 -0.0191765408962965 -0.0191765408962965 -0.0191765408962965 -0.014061924070119858 -0.0191765408962965 -0.01679319515824318 -0.010554410517215729 -0.0067079379223287106 -0.005407948046922684 -0.003998737782239914 -0.0021474992390722036 -0.0013983335811644793 -0.001360844587907195 -0.0013595217606052756
-0.0068481359630823135 -0.0068481359630823135 -0.0068481359630823135 -0.0068481359630823135 -0.0068481359630823135 -0.0068481359630823135 -0.0068481359630823135 -0.0068481359630823135 -0.0068481359630823135 -0.0068481359630823135 -0.0068481359630823135 -0.0068481359630823135 -0.0068481359630823135 -0.0068481359630823135 -0.0068481359630823135 -0.0068481359630823135 -0.0068481359630823135 -0.0068481359630823135 -0.0068481359630823135 -0.0068481359630823135 -0.0068481359630823135 -0.0068481359630823135 -0.0068481359630823135 -0.0068481359630823135 -0.0068481359630823135 -0.0068481359630823135 -0.0068481359630823135 -0.0068481359630823135 -0.0068481359630823135 -0.0068481359630823135 -0.0068481359630823135 -0.0068481359630823135 -0.0068481359630823135 -0.0068481359630823135 -0.003851801622658968 -0.0067079379223287106 -0.005440166685730219 -0.0038776500150561333 -0.00205081794410944 -0.0013559674844145775 -0.0010572826722636819 -0.0010572826722636819
-0.004976586904376745 -0.004976586904376745 -0.004976586904376745 -0.004976586904376745 -0.004976586904376745 -0.004976586904376745 -0.004976586904376745 -0.004976586904376745 -0.004976586904376745 -0.004976586904376745 -0.004976586904376745 -0.004976586904376745 -0.004976586904376745 -0.004976586904376745 -0.004976586904376745 -0.004976586904376745 -0.004976586904376745 -0.004976586904376745 -0.004976586904376745 -0.004976586904376745 -0.004976586904376745 -0.004976586904376745 -0.004976586904376745 -0.004976586904376745 -0.004976586904376745 -0.004976586904376745 -0.004976586904376745 -0.004976586904376745 -0.004976586904376745 -0.004976586904376745 -0.004976586904376745 -0.004976586904376745 -0.004976586904376745 -0.004976586904376745 -0.004976586904376745 -0.004976586904376745 -0.004976586904376745 -0.0038776500150561333 -0.0021474992390722036 -0.0013983335811644793 -0.001360844587907195 -0.0013595217606052756
-0.004587351344525814 -0.004587351344525814 -0.004587351344525814 -0.004587351344525814 -0.004587351344525814 -0.004587351344525814 -0.004587351344525814 -0.004587351344525814 -0.004587351344525814 -0.004587351344525814 -0.004587351344525814 -0.004587351344525814 -0.004587351344525814 -0.004587351344525814 -0.004587351344525814 -0.004587351344525814 -0.004587351344525814 -0.004587351344525814 -0.004587351344525814 -0.004587351344525814 -0.004587351344525814 -0.004587351344525814 -0.004587351344525814 -0.004587351344525814 -0.004587351344525814 -0.004587351344525814 -0.004587351344525814 -0.004587351344525814 -0.004587351344525814 -0.004587351344525814 -0.004587351344525814 -0.004587351344525814 -0.004587351344525814 -0.004587351344525814 -0.004587351344525814 -0.004587351344525814 -0.004587351344525814 -0.0038776500150561333 -0.0021474992390722036 -0.0013983335811644793 -0.001360844587907195 -0.0013595217606052756
-0.0036947589833289385 -0.0036947589833289385 -0.0036947589833289385 -0.0036947589833289385 -0.0036947589833289385 -0.0036947589833289385 -0.0036947589833289385 -0.0036947589833289385 -0.0036947589833289385 -0.0036947589833289385 -0.0036947589833289385 -0.0036947589833289385 -0.0036947589833289385 -0.0036947589833289385 -0.0036947589833289385 -0.0036947589833289385 -0.0036947589833289385 -0.0036947589833289385 -0.0036947589833289385 -0.0036947589833289385 -0.0036947589833289385 -0.0036947589833289385 -0.0036947589833289385 -0.0036947589833289385 -0.0036947589833289385 -0.0036947589833289385 -0.0036947589833289385 -0.0036947589833289385 -0.0036947589833289385 -0.0036947589833289385 -0.0036947589833289385 -0.0036947589833289385 -0.0036947589833289385 -0.0036947589833289385 -0.0036947589833289385 -0.0036947589833289385 -0.0036947589833289385 -0.0036947589833289385 -0.0021474992390722036 -0.0013559674844145775 -0.0010572826722636819 -0.0010572826722636819
-0.003003573277965188 -0.003003573277965188 -0.003003573277965188 -0.003003573277965188 -0.003003573277965188 -0.003003573277965188 -0.003003573277965188 -0.003003573277965188 -0.003003573277965188 -0.003003573277965188 -0.003003573277965188 -0.003003573277965188 -0.003003573277965188 -0.003003573277965188 -0.003003573277965188 -0.003003573277965188 -0.003003573277965188 -0.003003573277965188 -0.003003573277965188 -0.003003573277965188 -0.003003573277965188 -0.003003573277965188 -0.003003573277965188 -0.003003573277965188 -0.003003573277965188 -0.003003573277965188 -0.003003573277965188 -0.003003573277965188 -0.003003573277965188 -0.003003573277965188 -0.003003573277965188 -0.003003573277965188 -0.003003573277965188 -0.003003573277965188 -0.003003573277965188 -0.003003573277965188 -0.003003573277965188 -0.003003573277965188 -0.0021474992390722036 -0.0013983335811644793 -0.0013385204365476966 -0.0013385204365476966
-0.0027000263798981905 -0.0027000263798981905 -0.0027000263798981905 -0.0027000263798981905 -0.0027000263798981905 -0.0027000263798981905 -0.0027000263798981905 -0.0027000263798981905 -0.0027000263798981905 -0.0027000263798981905 -0.0027000263798981905 -0.0027000263798981905 -0.0027000263798981905 -0.0027000263798981905 -0.0027000263798981905 -0.0027000263798981905 -0.0027000263798981905 -0.0027000263798981905 -0.0027000263798981905 -0.0027000263798981905 -0.0027000263798981905 -0.0027000263798981905 -0.0027000263798981905 -0.0027000263798981905 -0.0027000263798981905 -0.0027000263798981905 -0.0027000263798981905 -0.0027000263798981905 -0.0027000263798981905 -0.0027000263798981905 -0.0027000263798981905 -0.0027000263798981905 -0.0027000263798981905 -0.0027000263798981905 -0.0027000263798981905 -0.0027000263798981905 -0.0027000263798981905 -0.0027000263798981905 -0.0021474992390722036 -0.0013983335811644793 -0.001360844587907195 -0.0013595217606052756