-0.8477005362510681 -0.7978137731552124 -0.7187901139259338 -0.16292919218540192 -0.16292919218540192 -0.16292919218540192 -0.16292919218540192 -0.16292919218540192 -0.16292919218540192 -0.16292919218540192 -0.16292919218540192 -0.16292919218540192 -0.16292919218540192 -0.16292919218540192 -0.22408916056156158 -0.16292919218540192 -0.22408916056156158 -0.22408916056156158 -0.22408916056156158 -0.16292919218540192 -0.22408916056156158 -0.16292919218540192 -0.16292919218540192 -0.22408916056156158 -0.16292919218540192 -0.16292919218540192 -0.20856285095214844 -0.20856285095214844 -0.16292919218540192 -0.16292919218540192 -0.155852273106575 -0.09172462671995163 -0.09172462671995163 -0.08639372140169144 -0.0805484876036644 -0.0696137547492981 -0.07107242941856384 -0.03296481817960739 -0.03296481817960739 -0.048824623227119446 -0.04035237058997154 -0.047383494675159454 -0.03296481817960739 -0.03957798704504967 -0.017673084512352943 -0.009293464943766594 -0.0016205960419028997 -0.0014713199343532324 -0.0014155721291899681 -0.0007059267954900861 -0.000720153737347573 -0.0006394173833541572 -0.0006160400807857513
-0.7978137731552124 -0.7978137731552124 -0.6967071890830994 -0.16292919218540192 -0.16292919218540192 -0.16292919218540192 -0.16292919218540192 -0.16292919218540192 -0.16292919218540192 -0.16292919218540192 -0.16292919218540192 -0.16292919218540192 -0.16292919218540192 -0.16292919218540192 -0.22408916056156158 -0.16292919218540192 -0.22408916056156158 -0.22408916056156158 -0.22408916056156158 -0.16292919218540192 -0.22408916056156158 -0.16292919218540192 -0.16292919218540192 -0.22408916056156158 -0.16292919218540192 -0.16292919218540192 -0.20856285095214844 -0.20856285095214844 -0.16292919218540192 -0.16292919218540192 -0.155852273106575 -0.09172462671995163 -0.09172462671995163 -0.08639372140169144 -0.0805484876036644 -0.0696137547492981 -0.07107242941856384 -0.03296481817960739 -0.03296481817960739 -0.048824623227119446 -0.04035237058997154 -0.047383494675159454 -0.03296481817960739 -0.03957798704504967 -0.017673084512352943 -0.009293464943766594 -0.0016205960419028997 -0.0014713199343532324 -0.0014155721291899681 -0.0007059267954900861 -0.000720153737347573 -0.0006394173833541572 -0.0006160400807857513
-0.7187901139259338 -0.7187901139259338 -0.7187901139259338 -0.16292919218540192 -0.16292919218540192 -0.16292919218540192 -0.16292919218540192 -0.16292919218540192 -0.16292919218540192 -0.16292919218540192 -0.16292919218540192 -0.16292919218540192 -0.16292919218540192 -0.16292919218540192 -0.22408916056156158 -0.16292919218540192 -0.22408916056156158 -0.22408916056156158 -0.22408916056156158 -0.16292919218540192 -0.22408916056156158 -0.16292919218540192 -0.16292919218540192 -0.22408916056156158 -0.16292919218540192 -0.16292919218540192 -0.20856285095214844 -0.20856285095214844 -0.16292919218540192 -0.16292919218540192 -0.155852273106575 -0.09172462671995163 -0.09172462671995163 -0.08639372140169144 -0.0805484876036644 -0.0696137547492981 -0.07107242941856384 -0.03296481817960739 -0.03296481817960739 -0.048824623227119446 -0.04035237058997154 -0.047383494675159454 -0.03296481817960739 -0.03957798704504967 -0.017673084512352943 -0.009293464943766594 -0.0016205960419028997 -0.0014713199343532324 -0.0014155721291899681 -0.0007059267954900861 -0.000720153737347573 -0.0006394173833541572 -0.0006160400807857513
-0.16292919218540192 -0.16292919218540192 -0.16292919218540192 -0.567322313785553 -0.5663708448410034 -0.5618403553962708 -0.45724591612815857 -0.45724591612815857 -0.45724591612815857 -0.45724591612815857 -0.45724591612815857 -0.45724591612815857 -0.45724591612815857 -0.45724591612815857 -0.16292919218540192 -0.20571306347846985 -0.16292919218540192 -0.16292919218540192 -0.16292919218540192 -0.20571306347846985 -0.16292919218540192 -0.3343602120876312 -0.3315899968147278 -0.16292919218540192 -0.20571306347846985 -0.23562099039554596 -0.16292919218540192 -0.16292919218540192 -0.20571306347846985 -0.18983423709869385 -0.155852273106575 -0.09172462671995163 -0.09172462671995163 -0.08639372140169144 -0.0805484876036644 -0.0696137547492981 -0.07107242941856384 -0.03296481817960739 -0.03296481817960739 -0.048824623227119446 -0.04035237058997154 -0.047383494675159454 -0.03296481817960739 -0.03957798704504967 -0.017673084512352943 -0.016145268455147743 -0.0017911980394273996 -0.0017764318035915494 -0.001471515977755189 -0.0007059267954900861 -0.000720153737347573 -0.0006394173833541572 -0.0006160400807857513
-0.16292919218540192 -0.16292919218540192 -0.16292919218540192 -0.5663708448410034 -0.5663708448410034 -0.5618403553962708 -0.45724591612815857 -0.45724591612815857 -0.45724591612815857 -0.45724591612815857 -0.45724591612815857 -0.45724591612815857 -0.45724591612815857 -0.45724591612815857 -0.16292919218540192 -0.20571306347846985 -0.16292919218540192 -0.16292919218540192 -0.16292919218540192 -0.20571306347846985 -0.16292919218540192 -0.3445611000061035 -0.3315899968147278 -0.16292919218540192 -0.20571306347846985 -0.23562099039554596 -0.16292919218540192 -0.16292919218540192 -0.20571306347846985 -0.18983423709869385 -0.155852273106575 -0.09172462671995163 -0.09172462671995163 -0.08639372140169144 -0.0805484876036644 -0.0696137547492981 -0.07107242941856384 -0.03296481817960739 -0.03296481817960739 -0.048824623227119446 -0.04035237058997154 -0.047383494675159454 -0.03296481817960739 -0.03957798704504967 -0.017673084512352943 -0.016145268455147743 -0.0017911980394273996 -0.0017764318035915494 -0.001471515977755189 -0.0007059267954900861 -0.000720153737347573 -0.0006394173833541572 -0.0006160400807857513
-0.16292919218540192 -0.16292919218540192 -0.16292919218540192 -0.5618403553962708 -0.5618403553962708 -0.5618403553962708 -0.4184073209762573 -0.4184073209762573 -0.4184073209762573 -0.4184073209762573 -0.4184073209762573 -0.4184073209762573 -0.4184073209762573 -0.4184073209762573 -0.16292919218540192 -0.20571306347846985 -0.16292919218540192 -0.16292919218540192 -0.16292919218540192 -0.20571306347846985 -0.16292919218540192 -0.3445611000061035 -0.33666297793388367 -0.16292919218540192 -0.20571306347846985 -0.23562099039554596 -0.16292919218540192 -0.16292919218540192 -0.20571306347846985 -0.18983423709869385 -0.155852273106575 -0.09172462671995163 -0.09172462671995163 -0.08639372140169144 -0.0805484876036644 -0.0696137547492981 -0.07107242941856384 -0.03296481817960739 -0.03296481817960739 -0.048824623227119446 -0.04035237058997154 -0.047383494675159454 -0.03296481817960739 -0.03957798704504967 -0.017673084512352943 -0.016145268455147743 -0.0017911980394273996 -0.0017764318035915494 -0.001471515977755189 -0.0007059267954900861 -0.000720153737347573 -0.0006394173833541572 -0.0006160400807857513
-0.16292919218540192 -0.16292919218540192 -0.16292919218540192 -0.46890777349472046 -0.46890777349472046 -0.46890777349472046 -0.46890777349472046 -0.4681849181652069 -0.4679221212863922 -0.4661603569984436 -0.46563583612442017 -0.4644462764263153 -0.4620504081249237 -0.4587457478046417 -0.16292919218540192 -0.20571306347846985 -0.16292919218540192 -0.16292919218540192 -0.16292919218540192 -0.20571306347846985 -0.16292919218540192 -0.3343602120876312 -0.3315899968147278 -0.16292919218540192 -0.20571306347846985 -0.25208717584609985 -0.16292919218540192 -0.16292919218540192 -0.20571306347846985 -0.18983423709869385 -0.155852273106575 -0.09172462671995163 -0.09172462671995163 -0.08639372140169144 -0.0805484876036644 -0.0696137547492981 -0.07107242941856384 -0.03296481817960739 -0.03296481817960739 -0.048824623227119446 -0.04035237058997154 -0.047383494675159454 -0.03296481817960739 -0.03957798704504967 -0.017673084512352943 -0.009293464943766594 -0.0016205960419028997 -0.0014713199343532324 -0.0014155721291899681 -0.0007887934916652739 -0.0007703096489422023 -0.0007125184056349099 -0.0006804578006267548
-0.16292919218540192 -0.16292919218540192 -0.16292919218540192 -0.4681849181652069 -0.4681849181652069 -0.4681849181652069 -0.4681849181652069 -0.4681849181652069 -0.4679221212863922 -0.4661603569984436 -0.46563583612442017 -0.4644462764263153 -0.4620504081249237 -0.4587457478046417 -0.16292919218540192 -0.20571306347846985 -0.16292919218540192 -0.16292919218540192 -0.16292919218540192 -0.20571306347846985 -0.16292919218540192 -0.3343602120876312 -0.3315899968147278 -0.16292919218540192 -0.20571306347846985 -0.25208717584609985 -0.16292919218540192 -0.16292919218540192 -0.20571306347846985 -0.18983423709869385 -0.155852273106575 -0.09172462671995163 -0.09172462671995163 -0.08639372140169144 -0.0805484876036644 -0.0696137547492981 -0.07107242941856384 -0.03296481817960739 -0.03296481817960739 -0.048824623227119446 -0.04035237058997154 -0.047383494675159454 -0.03296481817960739 -0.03957798704504967 -0.017673084512352943 -0.009293464943766594 -0.0016205960419028997 -0.0014713199343532324 -0.0014155721291899681 -0.0007887934916652739 -0.0007703096489422023 -0.0007125184056349099 -0.0006804578006267548
-0.16292919218540192 -0.16292919218540192 -0.16292919218540192 -0.4679221212863922 -0.4679221212863922 -0.4679221212863922 -0.4679221212863922 -0.4679221212863922 -0.4679221212863922 -0.4661603569984436 -0.46563583612442017 -0.4644462764263153 -0.4620504081249237 -0.4587457478046417 -0.16292919218540192 -0.20571306347846985 -0.16292919218540192 -0.16292919218540192 -0.16292919218540192 -0.20571306347846985 -0.16292919218540192 -0.3343602120876312 -0.3315899968147278 -0.16292919218540192 -0.20571306347846985 -0.25208717584609985 -0.16292919218540192 -0.16292919218540192 -0.20571306347846985 -0.18983423709869385 -0.155852273106575 -0.09172462671995163 -0.09172462671995163 -0.08639372140169144 -0.0805484876036644 -0.0696137547492981 -0.07107242941856384 -0.03296481817960739 -0.03296481817960739 -0.048824623227119446 -0.04035237058997154 -0.047383494675159454 -0.03296481817960739 -0.03957798704504967 -0.017673084512352943 -0.009293464943766594 -0.0016205960419028997 -0.0014713199343532324 -0.0014155721291899681 -0.0007887934916652739 -0.0007703096489422023 -0.0007125184056349099 -0.0006804578006267548
-0.16292919218540192 -0.16292919218540192 -0.16292919218540192 -0.4661603569984436 -0.4661603569984436 -0.4661603569984436 -0.4661603569984436 -0.4661603569984436 -0.4661603569984436 -0.4661603569984436 -0.46563583612442017 -0.4644462764263153 -0.4620504081249237 -0.4587457478046417 -0.16292919218540192 -0.20571306347846985 -0.16292919218540192 -0.16292919218540192 -0.16292919218540192 -0.20571306347846985 -0.16292919218540192 -0.3343602120876312 -0.3315899968147278 -0.16292919218540192 -0.20571306347846985 -0.25208717584609985 -0.16292919218540192 -0.16292919218540192 -0.20571306347846985 -0.18983423709869385 -0.155852273106575 -0.09172462671995163 -0.09172462671995163 -0.08639372140169144 -0.0805484876036644 -0.0696137547492981 -0.07107242941856384 -0.03296481817960739 -0.03296481817960739 -0.048824623227119446 -0.04035237058997154 -0.047383494675159454 -0.03296481817960739 -0.03957798704504967 -0.017673084512352943 -0.009293464943766594 -0.0016205960419028997 -0.0014713199343532324 -0.0014155721291899681 -0.0007887934916652739 -0.0007703096489422023 -0.0007125184056349099 -0.0006804578006267548
-0.16292919218540192 -0.16292919218540192 -0.16292919218540192 -0.46563583612442017 -0.46563583612442017 -0.46563583612442017 -0.46563583612442017 -0.46563583612442017 -0.46563583612442017 -0.46563583612442017 -0.46563583612442017 -0.4644462764263153 -0.4620504081249237 -0.4587457478046417 -0.16292919218540192 -0.20571306347846985 -0.16292919218540192 -0.16292919218540192 -0.16292919218540192 -0.20571306347846985 -0.16292919218540192 -0.3343602120876312 -0.3315899968147278 -0.16292919218540192 -0.20571306347846985 -0.25208717584609985 -0.16292919218540192 -0.16292919218540192 -0.20571306347846985 -0.18983423709869385 -0.155852273106575 -0.09172462671995163 -0.09172462671995163 -0.08639372140169144 -0.0805484876036644 -0.0696137547492981 -0.07107242941856384 -0.03296481817960739 -0.03296481817960739 -0.048824623227119446 -0.04035237058997154 -0.047383494675159454 -0.03296481817960739 -0.03957798704504967 -0.017673084512352943 -0.009293464943766594 -0.0016205960419028997 -0.0014713199343532324 -0.0014155721291899681 -0.0007887934916652739 -0.0007703096489422023 -0.0007125184056349099 -0.0006804578006267548
-0.16292919218540192 -0.16292919218540192 -0.16292919218540192 -0.4644462764263153 -0.4644462764263153 -0.4644462764263153 -0.4644462764263153 -0.4644462764263153 -0.4644462764263153 -0.4644462764263153 -0.4644462764263153 -0.4644462764263153 -0.4620504081249237 -0.4587457478046417 -0.16292919218540192 -0.20571306347846985 -0.16292919218540192 -0.16292919218540192 -0.16292919218540192 -0.20571306347846985 -0.16292919218540192 -0.3343602120876312 -0.3315899968147278 -0.16292919218540192 -0.20571306347846985 -0.25208717584609985 -0.16292919218540192 -0.16292919218540192 -0.20571306347846985 -0.18983423709869385 -0.155852273106575 -0.09172462671995163 -0.09172462671995163 -0.08639372140169144 -0.0805484876036644 -0.0696137547492981 -0.07107242941856384 -0.03296481817960739 -0.03296481817960739 -0.048824623227119446 -0.04035237058997154 -0.047383494675159454 -0.03296481817960739 -0.03957798704504967 -0.017673084512352943 -0.009293464943766594 -0.0016205960419028997 -0.0014713199343532324 -0.0014155721291899681 -0.0007887934916652739 -0.0007703096489422023 -0.0007125184056349099 -0.0006804578006267548
-0.16292919218540192 -0.16292919218540192 -0.16292919218540192 -0.4620504081249237 -0.4620504081249237 -0.4620504081249237 -0.4620504081249237 -0.4620504081249237 -0.4620504081249237 -0.4620504081249237 -0.4620504081249237 -0.4620504081249237 -0.4620504081249237 -0.4587457478046417 -0.16292919218540192 -0.20571306347846985 -0.16292919218540192 -0.16292919218540192 -0.16292919218540192 -0.20571306347846985 -0.16292919218540192 -0.3343602120876312 -0.3315899968147278 -0.16292919218540192 -0.20571306347846985 -0.25208717584609985 -0.16292919218540192 -0.16292919218540192 -0.20571306347846985 -0.18983423709869385 -0.155852273106575 -0.09172462671995163 -0.09172462671995163 -0.08639372140169144 -0.0805484876036644 -0.0696137547492981 -0.07107242941856384 -0.03296481817960739 -0.03296481817960739 -0.048824623227119446 -0.04035237058997154 -0.047383494675159454 -0.03296481817960739 -0.03957798704504967 -0.017673084512352943 -0.009293464943766594 -0.0016205960419028997 -0.0014713199343532324 -0.0014155721291899681 -0.0007887934916652739 -0.0007703096489422023 -0.0007125184056349099 -0.0006804578006267548
-0.16292919218540192 -0.16292919218540192 -0.16292919218540192 -0.4587457478046417 -0.4587457478046417 -0.4587457478046417 -0.4587457478046417 -0.4587457478046417 -0.4587457478046417 -0.4587457478046417 -0.4587457478046417 -0.4587457478046417 -0.4587457478046417 -0.4587457478046417 -0.16292919218540192 -0.20571306347846985 -0.16292919218540192 -0.16292919218540192 -0.16292919218540192 -0.20571306347846985 -0.16292919218540192 -0.3343602120876312 -0.3315899968147278 -0.16292919218540192 -0.20571306347846985 -0.25208717584609985 -0.16292919218540192 -0.16292919218540192 -0.20571306347846985 -0.18983423709869385 -0.155852273106575 -0.09172462671995163 -0.09172462671995163 -0.08639372140169144 -0.0805484876036644 -0.0696137547492981 -0.07107242941856384 -0.03296481817960739 -0.03296481817960739 -0.048824623227119446 -0.04035237058997154 -0.047383494675159454 -0.03296481817960739 -0.03957798704504967 -0.017673084512352943 -0.009293464943766594 -0.0016205960419028997 -0.0014713199343532324 -0.0014155721291899681 -0.0007887934916652739 -0.0007703096489422023 -0.0007125184056349099 -0.0006804578006267548
-0.22408916056156158 -0.22408916056156158 -0.22408916056156158 -0.16292919218540192 -0.16292919218540192 -0.16292919218540192 -0.16292919218540192 -0.16292919218540192 -0.16292919218540192 -0.16292919218540192 -0.16292919218540192 -0.16292919218540192 -0.16292919218540192 -0.16292919218540192 -0.4120849072933197 -0.16292919218540192 -0.40627962350845337 -0.39592620730400085 -0.37477225065231323 -0.16292919218540192 -0.34696969389915466 -0.16292919218540192 -0.16292919218540192 -0.31943392753601074 -0.16292919218540192 -0.16292919218540192 -0.2350391298532486 -0.2350391298532486 -0.16292919218540192 -0.16292919218540192 -0.155852273106575 -0.09172462671995163 -0.09172462671995163 -0.08639372140169144 -0.0805484876036644 -0.0696137547492981 -0.07107242941856384 -0.03296481817960739 -0.03296481817960739 -0.05850956216454506 -0.05003288388252258 -0.047383494675159454 -0.03296481817960739 -0.042815860360860825 -0.017673084512352943 -0.009293464943766594 -0.0016205960419028997 -0.0014713199343532324 -0.0014155721291899681 -0.0007059267954900861 -0.000720153737347573 -0.0006394173833541572 -0.0006160400807857513
-0.22408916056156158 -0.22408916056156158 -0.22408916056156158 -0.20571306347846985 -0.20571306347846985 -0.20571306347846985 -0.20571306347846985 -0.20571306347846985 -0.20571306347846985 -0.20571306347846985 -0.20571306347846985 -0.20571306347846985 -0.20571306347846985 -0.20571306347846985 -0.24503260850906372 -0.408912718296051 -0.40627962350845337 -0.24503260850906372 -0.24503260850906372 -0.36333706974983215 -0.2940935492515564 -0.20571306347846985 -0.20571306347846985 -0.24503260850906372 -0.31634122133255005 -0.20571306347846985 -0.20856285095214844 -0.20856285095214844 -0.232072114944458 -0.19099196791648865 -0.15650802850723267 -0.09172462671995163 -0.09172462671995163 -0.08639372140169144 -0.0805484876036644 -0.0696137547492981 -0.07107242941856384 -0.03296481817960739 -0.03296481817960739 -0.048824623227119446 -0.04035237058997154 -0.047383494675159454 -0.03296481817960739 -0.03957798704504967 -0.017673084512352943 -0.009293464943766594 -0.0016205960419028997 -0.0014713199343532324 -0.0014155721291899681 -0.0007059267954900861 -0.000720153737347573 -0.0006394173833541572 -0.0006160400807857513
-0.22408916056156158 -0.22408916056156158 -0.22408916056156158 -0.20571306347846985 -0.20571306347846985 -0.20571306347846985 -0.20571306347846985 -0.20571306347846985 -0.20571306347846985 -0.20571306347846985 -0.20571306347846985 -0.20571306347846985 -0.20571306347846985 -0.20571306347846985 -0.3090195655822754 -0.40627962350845337 -0.40627962350845337 -0.3090195655822754 -0.3090195655822754 -0.3567482531070709 -0.34696969389915466 -0.20571306347846985 -0.20571306347846985 -0.3090195655822754 -0.31027618050575256 -0.20571306347846985 -0.20856285095214844 -0.20856285095214844 -0.2123057246208191 -0.18983423709869385 -0.155852273106575 -0.09172462671995163 -0.09172462671995163 -0.08639372140169144 -0.0805484876036644 -0.0696137547492981 -0.07107242941856384 -0.03296481817960739 -0.03296481817960739 -0.048824623227119446 -0.04035237058997154 -0.047383494675159454 -0.03296481817960739 -0.03957798704504967 -0.017673084512352943 -0.009293464943766594 -0.0016205960419028997 -0.0014713199343532324 -0.0014155721291899681 -0.0007059267954900861 -0.000720153737347573 -0.0006394173833541572 -0.0006160400807857513
-0.22408916056156158 -0.22408916056156158 -0.22408916056156158 -0.16292919218540192 -0.16292919218540192 -0.16292919218540192 -0.16292919218540192 -0.16292919218540192 -0.16292919218540192 -0.16292919218540192 -0.16292919218540192 -0.16292919218540192 -0.16292919218540192 -0.16292919218540192 -0.39592620730400085 -0.16292919218540192 -0.39592620730400085 -0.39592620730400085 -0.37477225065231323 -0.16292919218540192 -0.34696969389915466 -0.16292919218540192 -0.16292919218540192 -0.31943392753601074 -0.16292919218540192 -0.16292919218540192 -0.2350391298532486 -0.2350391298532486 -0.16292919218540192 -0.16292919218540192 -0.155852273106575 -0.09172462671995163 -0.09172462671995163 -0.08639372140169144 -0.0805484876036644 -0.0696137547492981 -0.07107242941856384 -0.03296481817960739 -0.03296481817960739 -0.05850956216454506 -0.05003288388252258 -0.047383494675159454 -0.03296481817960739 -0.042815860360860825 -0.017673084512352943 -0.009293464943766594 -0.0016205960419028997 -0.0014713199343532324 -0.0014155721291899681 -0.0007059267954900861 -0.000720153737347573 -0.0006394173833541572 -0.0006160400807857513
-0.37477225065231323 -0.37477225065231323 -0.37477225065231323 -0.16292919218540192 -0.16292919218540192 -0.16292919218540192 -0.16292919218540192 -0.16292919218540192 -0.16292919218540192 -0.16292919218540192 -0.16292919218540192 -0.16292919218540192 -0.16292919218540192 -0.16292919218540192 -0.37477225065231323 -0.16292919218540192 -0.2940935492515564 -0.37477225065231323 -0.37477225065231323 -0.16292919218540192 -0.2940935492515564 -0.16292919218540192 -0.16292919218540192 -0.3090195655822754 -0.16292919218540192 -0.16292919218540192 -0.20856285095214844 -0.20856285095214844 -0.16292919218540192 -0.16292919218540192 -0.155852273106575 -0.09172462671995163 -0.09172462671995163 -0.08639372140169144 -0.0805484876036644 -0.07515091449022293 -0.07107242941856384 -0.03296481817960739 -0.03296481817960739 -0.048824623227119446 -0.04035237058997154 -0.04865218326449394 -0.03296481817960739 -0.03957798704504967 -0.017673084512352943 -0.009293464943766594 -0.0016205960419028997 -0.0014713199343532324 -0.0014155721291899681 -0.0007059267954900861 -0.000720153737347573 -0.0006394173833541572 -0.0006160400807857513
-0.22408916056156158 -0.22408916056156158 -0.22408916056156158 -0.3315899968147278 -0.3315899968147278 -0.3315899968147278 -0.3315899968147278 -0.3315899968147278 -0.3315899968147278 -0.3315899968147278 -0.3315899968147278 -0.3315899968147278 -0.3315899968147278 -0.3315899968147278 -0.24503260850906372 -0.36333706974983215 -0.36333706974983215 -0.24503260850906372 -0.24503260850906372 -0.36333706974983215 -0.2940935492515564 -0.3315899968147278 -0.3315899968147278 -0.24503260850906372 -0.31634122133255005 -0.23562099039554596 -0.20856285095214844 -0.20856285095214844 -0.232072114944458 -0.19099196791648865 -0.15650802850723267 -0.09172462671995163 -0.09172462671995163 -0.08639372140169144 -0.0805484876036644 -0.0696137547492981 -0.07107242941856384 -0.03296481817960739 -0.03296481817960739 -0.048824623227119446 -0.04035237058997154 -0.047383494675159454 -0.03296481817960739 -0.03957798704504967 -0.024517687037587166 -0.009293464943766594 -0.0016205960419028997 -0.0014713199343532324 -0.0014155721291899681 -0.0007059267954900861 -0.000720153737347573 -0.0006394173833541572 -0.0006160400807857513
-0.22408916056156158 -0.22408916056156158 -0.22408916056156158 -0.3343602120876312 -0.3343602120876312 -0.3343602120876312 -0.3343602120876312 -0.3343602120876312 -0.3343602120876312 -0.3343602120876312 -0.3343602120876312 -0.3343602120876312 -0.3343602120876312 -0.3343602120876312 -0.34696969389915466 -0.2123057246208191 -0.34696969389915466 -0.34696969389915466 -0.3117484450340271 -0.2123057246208191 -0.34696969389915466 -0.3445611000061035 -0.33666297793388367 -0.31943392753601074 -0.2123057246208191 -0.23562099039554596 -0.23760069906711578 -0.23615214228630066 -0.2123057246208191 -0.18983423709869385 -0.155852273106575 -0.09769696742296219 -0.09384474158287048 -0.09211678057909012 -0.0814199298620224 -0.0696137547492981 -0.07378347963094711 -0.03296481817960739 -0.03296481817960739 -0.05850956216454506 -0.05003288388252258 -0.047383494675159454 -0.03296481817960739 -0.042815860360860825 -0.017673084512352943 -0.009293464943766594 -0.0016205960419028997 -0.0014713199343532324 -0.0014155721291899681 -0.0007059267954900861 -0.000720153737347573 -0.0006394173833541572 -0.0006160400807857513
-0.22408916056156158 -0.22408916056156158 -0.22408916056156158 -0.3445611000061035 -0.3445611000061035 -0.3445611000061035 -0.3445611000061035 -0.3445611000061035 -0.3445611000061035 -0.3445611000061035 -0.3445611000061035 -0.3445611000061035 -0.3445611000061035 -0.3445611000061035 -0.24503260850906372 -0.2123057246208191 -0.2940935492515564 -0.24503260850906372 -0.24503260850906372 -0.2123057246208191 -0.3445611000061035 -0.3445611000061035 -0.33666297793388367 -0.24503260850906372 -0.2123057246208191 -0.23562099039554596 -0.23760069906711578 -0.2350391298532486 -0.232072114944458 -0.18983423709869385 -0.155852273106575 -0.09769696742296219 -0.09384474158287048 -0.09211678057909012 -0.0805484876036644 -0.0696137547492981 -0.07107242941856384 -0.03296481817960739 -0.03296481817960739 -0.048824623227119446 -0.04035237058997154 -0.047383494675159454 -0.03296481817960739 -0.03957798704504967 -0.017673084512352943 -0.009293464943766594 -0.0016205960419028997 -0.0014713199343532324 -0.0014155721291899681 -0.0007059267954900861 -0.000720153737347573 -0.0006394173833541572 -0.0006160400807857513
-0.22408916056156158 -0.22408916056156158 -0.22408916056156158 -0.33666297793388367 -0.33666297793388367 -0.33666297793388367 -0.33666297793388367 -0.33666297793388367 -0.33666297793388367 -0.33666297793388367 -0.33666297793388367 -0.33666297793388367 -0.33666297793388367 -0.33666297793388367 -0.24503260850906372 -0.2123057246208191 -0.2940935492515564 -0.24503260850906372 -0.24503260850906372 -0.2123057246208191 -0.33666297793388367 -0.33666297793388367 -0.33666297793388367 -0.24503260850906372 -0.2123057246208191 -0.23562099039554596 -0.23760069906711578 -0.23615214228630066 -0.232072114944458 -0.18983423709869385 -0.155852273106575 -0.09769696742296219 -0.09384474158287048 -0.08639372140169144 -0.0805484876036644 -0.0696137547492981 -0.07107242941856384 -0.03296481817960739 -0.03296481817960739 -0.048824623227119446 -0.04035237058997154 -0.047383494675159454 -0.03296481817960739 -0.03957798704504967 -0.017673084512352943 -0.009293464943766594 -0.0016205960419028997 -0.0014713199343532324 -0.0014155721291899681 -0.0007059267954900861 -0.000720153737347573 -0.0006394173833541572 -0.0006160400807857513
-0.22408916056156158 -0.22408916056156158 -0.22408916056156158 -0.16292919218540192 -0.16292919218540192 -0.16292919218540192 -0.16292919218540192 -0.16292919218540192 -0.16292919218540192 -0.16292919218540192 -0.16292919218540192 -0.16292919218540192 -0.16292919218540192 -0.16292919218540192 -0.31943392753601074 -0.16292919218540192 -0.31943392753601074 -0.31943392753601074 -0.31943392753601074 -0.16292919218540192 -0.31943392753601074 -0.16292919218540192 -0.16292919218540192 -0.31943392753601074 -0.16292919218540192 -0.16292919218540192 -0.23760069906711578 -0.23615214228630066 -0.16292919218540192 -0.16292919218540192 -0.155852273106575 -0.09172462671995163 -0.09172462671995163 -0.08639372140169144 -0.0814199298620224 -0.0696137547492981 -0.07378347963094711 -0.06570110470056534 -0.05499880388379097 -0.05850956216454506 -0.05003288388252258 -0.047383494675159454 -0.0423712432384491 -0.042815860360860825 -0.017673084512352943 -0.009293464943766594 -0.0016205960419028997 -0.0014713199343532324 -0.0014155721291899681 -0.0007059267954900861 -0.000720153737347573 -0.0006394173833541572 -0.0006160400807857513
-0.22408916056156158 -0.22408916056156158 -0.22408916056156158 -0.31634122133255005 -0.31634122133255005 -0.31634122133255005 -0.31634122133255005 -0.31634122133255005 -0.31634122133255005 -0.31634122133255005 -0.31634122133255005 -0.31634122133255005 -0.31634122133255005 -0.31634122133255005 -0.24503260850906372 -0.31634122133255005 -0.31634122133255005 -0.24503260850906372 -0.24503260850906372 -0.31634122133255005 -0.2940935492515564 -0.31634122133255005 -0.31634122133255005 -0.24503260850906372 -0.31634122133255005 -0.23562099039554596 -0.20856285095214844 -0.20856285095214844 -0.232072114944458 -0.19099196791648865 -0.15650802850723267 -0.09172462671995163 -0.09172462671995163 -0.08639372140169144 -0.0805484876036644 -0.0696137547492981 -0.07107242941856384 -0.03296481817960739 -0.03296481817960739 -0.048824623227119446 -0.04035237058997154 -0.047383494675159454 -0.03296481817960739 -0.03957798704504967 -0.024517687037587166 -0.009293464943766594 -0.0016205960419028997 -0.0014713199343532324 -0.0014155721291899681 -0.0007059267954900861 -0.000720153737347573 -0.0006394173833541572 -0.0006160400807857513
-0.16292919218540192 -0.16292919218540192 -0.16292919218540192 -0.25208717584609985 -0.25208717584609985 -0.25208717584609985 -0.25208717584609985 -0.25208717584609985 -0.25208717584609985 -0.25208717584609985 -0.25208717584609985 -0.25208717584609985 -0.25208717584609985 -0.25208717584609985 -0.16292919218540192 -0.20571306347846985 -0.16292919218540192 -0.16292919218540192 -0.16292919218540192 -0.20571306347846985 -0.16292919218540192 -0.25208717584609985 -0.25208717584609985 -0.16292919218540192 -0.20571306347846985 -0.25208717584609985 -0.16292919218540192 -0.16292919218540192 -0.20571306347846985 -0.18983423709869385 -0.155852273106575 -0.09172462671995163 -0.09172462671995163 -0.08639372140169144 -0.0805484876036644 -0.0696137547492981 -0.07107242941856384 -0.03296481817960739 -0.03296481817960739 -0.048824623227119446 -0.04035237058997154 -0.047383494675159454 -0.03296481817960739 -0.03957798704504967 -0.017673084512352943 -0.009293464943766594 -0.0016205960419028997 -0.0014713199343532324 -0.0014155721291899681 -0.0007887934916652739 -0.0007703096489422023 -0.0007125184056349099 -0.0006804578006267548
-0.22408916056156158 -0.22408916056156158 -0.22408916056156158 -0.23760069906711578 -0.23760069906711578 -0.23760069906711578 -0.23760069906711578 -0.23760069906711578 -0.23760069906711578 -0.23760069906711578 -0.23760069906711578 -0.23760069906711578 -0.23760069906711578 -0.23760069906711578 -0.23760069906711578 -0.20571306347846985 -0.23760069906711578 -0.23760069906711578 -0.23760069906711578 -0.20571306347846985 -0.23760069906711578 -0.23760069906711578 -0.23760069906711578 -0.23760069906711578 -0.20571306347846985 -0.23562099039554596 -0.23760069906711578 -0.23615214228630066 -0.20571306347846985 -0.18983423709869385 -0.155852273106575 -0.09769696742296219 -0.09384474158287048 -0.09211678057909012 -0.0814199298620224 -0.0696137547492981 -0.07378347963094711 -0.06570110470056534 -0.06045101583003998 -0.05850956216454506 -0.05003288388252258 -0.047383494675159454 -0.04531519487500191 -0.042815860360860825 -0.017673084512352943 -0.009293464943766594 -0.0016205960419028997 -0.0014713199343532324 -0.0014155721291899681 -0.0007059267954900861 -0.000720153737347573 -0.0006394173833541572 -0.0006160400807857513
-0.22408916056156158 -0.22408916056156158 -0.22408916056156158 -0.23615214228630066 -0.23615214228630066 -0.23615214228630066 -0.23615214228630066 -0.23615214228630066 -0.23615214228630066 -0.23615214228630066 -0.23615214228630066 -0.23615214228630066 -0.23615214228630066 -0.23615214228630066 -0.23615214228630066 -0.20571306347846985 -0.23615214228630066 -0.23615214228630066 -0.23615214228630066 -0.20571306347846985 -0.23615214228630066 -0.23615214228630066 -0.23615214228630066 -0.23615214228630066 -0.20571306347846985 -0.23562099039554596 -0.23615214228630066 -0.23615214228630066 -0.20571306347846985 -0.18983423709869385 -0.155852273106575 -0.09769696742296219 -0.09384474158287048 -0.09211678057909012 -0.0814199298620224 -0.0696137547492981 -0.07378347963094711 -0.06570110470056534 -0.06045101583003998 -0.05850956216454506 -0.05003288388252258 -0.047383494675159454 -0.04531519487500191 -0.042815860360860825 -0.017673084512352943 -0.009293464943766594 -0.0016205960419028997 -0.0014713199343532324 -0.0014155721291899681 -0.0007059267954900861 -0.000720153737347573 -0.0006394173833541572 -0.0006160400807857513
-0.22408916056156158 -0.22408916056156158 -0.22408916056156158 -0.232072114944458 -0.232072114944458 -0.232072114944458 -0.232072114944458 -0.232072114944458 -0.232072114944458 -0.232072114944458 -0.232072114944458 -0.232072114944458 -0.232072114944458 -0.232072114944458 -0.232072114944458 -0.232072114944458 -0.232072114944458 -0.232072114944458 -0.232072114944458 -0.232072114944458 -0.232072114944458 -0.232072114944458 -0.232072114944458 -0.232072114944458 -0.232072114944458 -0.232072114944458 -0.20856285095214844 -0.20856285095214844 -0.232072114944458 -0.19099196791648865 -0.15650802850723267 -0.09172462671995163 -0.09172462671995163 -0.08639372140169144 -0.0805484876036644 -0.0696137547492981 -0.07107242941856384 -0.03296481817960739 -0.03296481817960739 -0.048824623227119446 -0.04035237058997154 -0.047383494675159454 -0.03296481817960739 -0.03957798704504967 -0.024517687037587166 -0.009293464943766594 -0.0016205960419028997 -0.0014713199343532324 -0.0014155721291899681 -0.0007059267954900861 -0.000720153737347573 -0.0006394173833541572 -0.0006160400807857513
-0.19099196791648865 -0.19099196791648865 -0.19099196791648865 -0.19099196791648865 -0.19099196791648865 -0.19099196791648865 -0.19099196791648865 -0.19099196791648865 -0.19099196791648865 -0.19099196791648865 -0.19099196791648865 -0.19099196791648865 -0.19099196791648865 -0.19099196791648865 -0.19099196791648865 -0.19099196791648865 -0.19099196791648865 -0.19099196791648865 -0.19099196791648865 -0.19099196791648865 -0.19099196791648865 -0.19099196791648865 -0.19099196791648865 -0.19099196791648865 -0.19099196791648865 -0.19099196791648865 -0.19099196791648865 -0.19099196791648865 -0.19099196791648865 -0.19099196791648865 -0.15650802850723267 -0.09172462671995163 -0.09172462671995163 -0.08639372140169144 -0.0805484876036644 -0.0696137547492981 -0.07107242941856384 -0.03296481817960739 -0.03296481817960739 -0.048824623227119446 -0.04035237058997154 -0.047383494675159454 -0.03296481817960739 -0.03957798704504967 -0.024517687037587166 -0.009293464943766594 -0.0016205960419028997 -0.0014713199343532324 -0.0014155721291899681 -0.0007059267954900861 -0.000720153737347573 -0.0006394173833541572 -0.0006160400807857513
-0.15650802850723267 -0.15650802850723267 -0.15650802850723267 -0.15650802850723267 -0.15650802850723267 -0.15650802850723267 -0.15650802850723267 -0.15650802850723267 -0.15650802850723267 -0.15650802850723267 -0.15650802850723267 -0.15650802850723267 -0.15650802850723267 -0.15650802850723267 -0.15650802850723267 -0.15650802850723267 -0.15650802850723267 -0.15650802850723267 -0.15650802850723267 -0.15650802850723267 -0.15650802850723267 -0.15650802850723267 -0.15650802850723267 -0.15650802850723267 -0.15650802850723267 -0.15650802850723267 -0.15650802850723267 -0.15650802850723267 -0.15650802850723267 -0.15650802850723267 -0.15650802850723267 -0.09172462671995163 -0.09172462671995163 -0.08639372140169144 -0.0805484876036644 -0.0696137547492981 -0.07107242941856384 -0.03296481817960739 -0.03296481817960739 -0.048824623227119446 -0.04035237058997154 -0.047383494675159454 -0.03296481817960739 -0.03957798704504967 -0.024517687037587166 -0.009293464943766594 -0.0016205960419028997 -0.0014713199343532324 -0.0014155721291899681 -0.0007059267954900861 -0.000720153737347573 -0.0006394173833541572 -0.0006160400807857513
-0.09769696742296219 -0.09769696742296219 -0.09769696742296219 -0.09769696742296219 -0.09769696742296219 -0.09769696742296219 -0.09769696742296219 -0.09769696742296219 -0.09769696742296219 -0.09769696742296219 -0.09769696742296219 -0.09769696742296219 -0.09769696742296219 -0.09769696742296219 -0.09769696742296219 -0.09769696742296219 -0.09769696742296219 -0.09769696742296219 -0.09769696742296219 -0.09769696742296219 -0.09769696742296219 -0.09769696742296219 -0.09769696742296219 -0.09769696742296219 -0.09769696742296219 -0.09769696742296219 -0.09769696742296219 -0.09769696742296219 -0.09769696742296219 -0.09769696742296219 -0.09769696742296219 -0.09769696742296219 -0.09384474158287048 -0.09211678057909012 -0.0814199298620224 -0.0696137547492981 -0.07378347963094711 -0.06570110470056534 -0.06045101583003998 -0.05850956216454506 -0.05003288388252258 -0.047383494675159454 -0.04531519487500191 -0.042815860360860825 -0.017673084512352943 -0.009293464943766594 -0.0016205960419028997 -0.0014713199343532324 -0.0014155721291899681 -0.0007059267954900861 -0.000720153737347573 -0.0006394173833541572 -0.0006160400807857513
-0.09384474158287048 -0.09384474158287048 -0.09384474158287048 -0.09384474158287048 -0.09384474158287048 -0.09384474158287048 -0.09384474158287048 -0.09384474158287048 -0.09384474158287048 -0.09384474158287048 -0.09384474158287048 -0.09384474158287048 -0.09384474158287048 -0.09384474158287048 -0.09384474158287048 -0.09384474158287048 -0.09384474158287048 -0.09384474158287048 -0.09384474158287048 -0.09384474158287048 -0.09384474158287048 -0.09384474158287048 -0.09384474158287048 -0.09384474158287048 -0.09384474158287048 -0.09384474158287048 -0.09384474158287048 -0.09384474158287048 -0.09384474158287048 -0.09384474158287048 -0.09384474158287048 -0.09384474158287048 -0.09384474158287048 -0.09211678057909012 -0.0814199298620224 -0.0696137547492981 -0.07378347963094711 -0.06570110470056534 -0.06045101583003998 -0.05850956216454506 -0.05003288388252258 -0.047383494675159454 -0.04531519487500191 -0.042815860360860825 -0.017673084512352943 -0.009293464943766594 -0.0016205960419028997 -0.0014713199343532324 -0.0014155721291899681 -0.0007059267954900861 -0.000720153737347573 -0.0006394173833541572 -0.0006160400807857513
-0.09211678057909012 -0.09211678057909012 -0.09211678057909012 -0.09211678057909012 -0.09211678057909012 -0.09211678057909012 -0.09211678057909012 -0.09211678057909012 -0.09211678057909012 -0.09211678057909012 -0.09211678057909012 -0.09211678057909012 -0.09211678057909012 -0.09211678057909012 -0.09211678057909012 -0.09211678057909012 -0.09211678057909012 -0.09211678057909012 -0.09211678057909012 -0.09211678057909012 -0.09211678057909012 -0.09211678057909012 -0.09211678057909012 -0.09211678057909012 -0.09211678057909012 -0.09211678057909012 -0.09211678057909012 -0.09211678057909012 -0.09211678057909012 -0.09211678057909012 -0.09211678057909012 -0.09211678057909012 -0.09211678057909012 -0.09211678057909012 -0.0814199298620224 -0.0696137547492981 -0.07378347963094711 -0.06570110470056534 -0.06045101583003998 -0.05850956216454506 -0.05003288388252258 -0.047383494675159454 -0.04531519487500191 -0.042815860360860825 -0.017673084512352943 -0.009293464943766594 -0.0016205960419028997 -0.0014713199343532324 -0.0014155721291899681 -0.0007059267954900861 -0.000720153737347573 -0.0006394173833541572 -0.0006160400807857513
-0.0814199298620224 -0.0814199298620224 -0.0814199298620224 -0.0814199298620224 -0.0814199298620224 -0.0814199298620224 -0.0814199298620224 -0.0814199298620224 -0.0814199298620224 -0.0814199298620224 -0.0814199298620224 -0.0814199298620224 -0.0814199298620224 -0.0814199298620224 -0.0814199298620224 -0.0814199298620224 -0.0814199298620224 -0.0814199298620224 -0.0814199298620224 -0.0814199298620224 -0.0814199298620224 -0.0814199298620224 -0.0814199298620224 -0.0814199298620224 -0.0814199298620224 -0.0814199298620224 -0.0814199298620224 -0.0814199298620224 -0.0814199298620224 -0.0814199298620224 -0.0814199298620224 -0.0814199298620224 -0.0814199298620224 -0.0814199298620224 -0.0814199298620224 -0.0696137547492981 -0.07378347963094711 -0.06570110470056534 -0.06045101583003998 -0.05850956216454506 -0.05003288388252258 -0.047383494675159454 -0.04531519487500191 -0.042815860360860825 -0.017673084512352943 -0.009293464943766594 -0.0016205960419028997 -0.0014713199343532324 -0.0014155721291899681 -0.0007059267954900861 -0.000720153737347573 -0.0006394173833541572 -0.0006160400807857513
-0.07515091449022293 -0.07515091449022293 -0.07515091449022293 -0.07515091449022293 -0.07515091449022293 -0.07515091449022293 -0.07515091449022293 -0.07515091449022293 -0.07515091449022293 -0.07515091449022293 -0.07515091449022293 -0.07515091449022293 -0.07515091449022293 -0.07515091449022293 -0.07515091449022293 -0.07515091449022293 -0.07515091449022293 -0.07515091449022293 -0.07515091449022293 -0.07515091449022293 -0.07515091449022293 -0.07515091449022293 -0.07515091449022293 -0.07515091449022293 -0.07515091449022293 -0.07515091449022293 -0.07515091449022293 -0.07515091449022293 -0.07515091449022293 -0.07515091449022293 -0.07515091449022293 -0.07515091449022293 -0.07515091449022293 -0.07515091449022293 -0.07515091449022293 -0.07515091449022293 -0.07107242941856384 -0.03296481817960739 -0.03296481817960739 -0.048824623227119446 -0.04035237058997154 -0.04865218326449394 -0.03296481817960739 -0.03957798704504967 -0.017673084512352943 -0.009293464943766594 -0.0016205960419028997 -0.0014713199343532324 -0.0014155721291899681 -0.0007059267954900861 -0.000720153737347573 -0.0006394173833541572 -0.0006160400807857513
-0.07378347963094711 -0.07378347963094711 -0.07378347963094711 -0.07378347963094711 -0.07378347963094711 -0.07378347963094711 -0.07378347963094711 -0.07378347963094711 -0.07378347963094711 -0.07378347963094711 -0.07378347963094711 -0.07378347963094711 -0.07378347963094711 -0.07378347963094711 -0.07378347963094711 -0.07378347963094711 -0.07378347963094711 -0.07378347963094711 -0.07378347963094711 -0.07378347963094711 -0.07378347963094711 -0.07378347963094711 -0.07378347963094711 -0.07378347963094711 -0.07378347963094711 -0.07378347963094711 -0.07378347963094711 -0.07378347963094711 -0.07378347963094711 -0.07378347963094711 -0.07378347963094711 -0.07378347963094711 -0.07378347963094711 -0.07378347963094711 -0.07378347963094711 -0.0696137547492981 -0.07378347963094711 -0.06570110470056534 -0.06045101583003998 -0.05850956216454506 -0.05003288388252258 -0.047383494675159454 -0.04531519487500191 -0.042815860360860825 -0.017673084512352943 -0.009293464943766594 -0.0016205960419028997 -0.0014713199343532324 -0.0014155721291899681 -0.0007059267954900861 -0.000720153737347573 -0.0006394173833541572 -0.0006160400807857513
-0.06570110470056534 -0.06570110470056534 -0.06570110470056534 -0.06570110470056534 -0.06570110470056534 -0.06570110470056534 -0.06570110470056534 -0.06570110470056534 -0.06570110470056534 -0.06570110470056534 -0.06570110470056534 -0.06570110470056534 -0.06570110470056534 -0.06570110470056534 -0.06570110470056534 -0.06570110470056534 -0.06570110470056534 -0.06570110470056534 -0.06570110470056534 -0.06570110470056534 -0.06570110470056534 -0.06570110470056534 -0.06570110470056534 -0.06570110470056534 -0.06570110470056534 -0.06570110470056534 -0.06570110470056534 -0.06570110470056534 -0.06570110470056534 -0.06570110470056534 -0.06570110470056534 -0.06570110470056534 -0.06570110470056534 -0.06570110470056534 -0.06570110470056534 -0.06570110470056534 -0.06570110470056534 -0.06570110470056534 -0.06045101583003998 -0.05850956216454506 -0.05003288388252258 -0.047383494675159454 -0.04531519487500191 -0.042815860360860825 -0.017673084512352943 -0.009293464943766594 -0.0016205960419028997 -0.0014713199343532324 -0.0014155721291899681 -0.0007059267954900861 -0.000720153737347573 -0.0006394173833541572 -0.0006160400807857513
-0.06045101583003998 -0.06045101583003998 -0.06045101583003998 -0.06045101583003998 -0.06045101583003998 -0.06045101583003998 -0.06045101583003998 -0.06045101583003998 -0.06045101583003998 -0.06045101583003998 -0.06045101583003998 -0.06045101583003998 -0.06045101583003998 -0.06045101583003998 -0.06045101583003998 -0.06045101583003998 -0.06045101583003998 -0.06045101583003998 -0.06045101583003998 -0.06045101583003998 -0.06045101583003998 -0.06045101583003998 -0.06045101583003998 -0.06045101583003998 -0.06045101583003998 -0.06045101583003998 -0.06045101583003998 -0.06045101583003998 -0.06045101583003998 -0.06045101583003998 -0.06045101583003998 -0.06045101583003998 -0.06045101583003998 -0.06045101583003998 -0.06045101583003998 -0.06045101583003998 -0.06045101583003998 -0.06045101583003998 -0.06045101583003998 -0.05850956216454506 -0.05003288388252258 -0.047383494675159454 -0.04531519487500191 -0.042815860360860825 -0.017673084512352943 -0.009293464943766594 -0.0016205960419028997 -0.0014713199343532324 -0.0014155721291899681 -0.0007059267954900861 -0.000720153737347573 -0.0006394173833541572 -0.0006160400807857513
-0.05850956216454506 -0.05850956216454506 -0.05850956216454506 -0.05850956216454506 -0.05850956216454506 -0.05850956216454506 -0.05850956216454506 -0.05850956216454506 -0.05850956216454506 -0.05850956216454506 -0.05850956216454506 -0.05850956216454506 -0.05850956216454506 -0.05850956216454506 -0.05850956216454506 -0.05850956216454506 -0.05850956216454506 -0.05850956216454506 -0.05850956216454506 -0.05850956216454506 -0.05850956216454506 -0.05850956216454506 -0.05850956216454506 -0.05850956216454506 -0.05850956216454506 -0.05850956216454506 -0.05850956216454506 -0.05850956216454506 -0.05850956216454506 -0.05850956216454506 -0.05850956216454506 -0.05850956216454506 -0.05850956216454506 -0.05850956216454506 -0.05850956216454506 -0.05850956216454506 -0.05850956216454506 -0.05850956216454506 -0.05850956216454506 -0.05850956216454506 -0.05003288388252258 -0.047383494675159454 -0.04531519487500191 -0.042815860360860825 -0.017673084512352943 -0.009293464943766594 -0.0016205960419028997 -0.0014713199343532324 -0.0014155721291899681 -0.0007059267954900861 -0.000720153737347573 -0.0006394173833541572 -0.0006160400807857513
-0.05003288388252258 -0.05003288388252258 -0.05003288388252258 -0.05003288388252258 -0.05003288388252258 -0.05003288388252258 -0.05003288388252258 -0.05003288388252258 -0.05003288388252258 -0.05003288388252258 -0.05003288388252258 -0.05003288388252258 -0.05003288388252258 -0.05003288388252258 -0.05003288388252258 -0.05003288388252258 -0.05003288388252258 -0.05003288388252258 -0.05003288388252258 -0.05003288388252258 -0.05003288388252258 -0.05003288388252258 -0.05003288388252258 -0.05003288388252258 -0.05003288388252258 -0.05003288388252258 -0.05003288388252258 -0.05003288388252258 -0.05003288388252258 -0.05003288388252258 -0.05003288388252258 -0.05003288388252258 -0.05003288388252258 -0.05003288388252258 -0.05003288388252258 -0.05003288388252258 -0.05003288388252258 -0.05003288388252258 -0.05003288388252258 -0.05003288388252258 -0.05003288388252258 -0.047383494675159454 -0.04531519487500191 -0.042815860360860825 -0.017673084512352943 -0.009293464943766594 -0.0016205960419028997 -0.0014713199343532324 -0.0014155721291899681 -0.0007059267954900861 -0.000720153737347573 -0.0006394173833541572 -0.0006160400807857513
-0.04865218326449394 -0.04865218326449394 -0.04865218326449394 -0.04865218326449394 -0.04865218326449394 -0.04865218326449394 -0.04865218326449394 -0.04865218326449394 -0.04865218326449394 -0.04865218326449394 -0.04865218326449394 -0.04865218326449394 -0.04865218326449394 -0.04865218326449394 -0.04865218326449394 -0.04865218326449394 -0.04865218326449394 -0.04865218326449394 -0.04865218326449394 -0.04865218326449394 -0.04865218326449394 -0.04865218326449394 -0.04865218326449394 -0.04865218326449394 -0.04865218326449394 -0.04865218326449394 -0.04865218326449394 -0.04865218326449394 -0.04865218326449394 -0.04865218326449394 -0.04865218326449394 -0.04865218326449394 -0.04865218326449394 -0.04865218326449394 -0.04865218326449394 -0.04865218326449394 -0.04865218326449394 -0.03296481817960739 -0.03296481817960739 -0.04865218326449394 -0.04035237058997154 -0.04865218326449394 -0.03296481817960739 -0.03957798704504967 -0.017673084512352943 -0.009293464943766594 -0.0016205960419028997 -0.0014713199343532324 -0.0014155721291899681 -0.0007059267954900861 -0.000720153737347573 -0.0006394173833541572 -0.0006160400807857513
-0.04531519487500191 -0.04531519487500191 -0.04531519487500191 -0.04531519487500191 -0.04531519487500191 -0.04531519487500191 -0.04531519487500191 -0.04531519487500191 -0.04531519487500191 -0.04531519487500191 -0.04531519487500191 -0.04531519487500191 -0.04531519487500191 -0.04531519487500191 -0.04531519487500191 -0.04531519487500191 -0.04531519487500191 -0.04531519487500191 -0.04531519487500191 -0.04531519487500191 -0.04531519487500191 -0.04531519487500191 -0.04531519487500191 -0.04531519487500191 -0.04531519487500191 -0.04531519487500191 -0.04531519487500191 -0.04531519487500191 -0.04531519487500191 -0.04531519487500191 -0.04531519487500191 -0.04531519487500191 -0.04531519487500191 -0.04531519487500191 -0.04531519487500191 -0.04531519487500191 -0.04531519487500191 -0.04531519487500191 -0.04531519487500191 -0.04531519487500191 -0.04531519487500191 -0.04531519487500191 -0.04531519487500191 -0.042815860360860825 -0.017673084512352943 -0.009293464943766594 -0.0016205960419028997 -0.0014713199343532324 -0.0014155721291899681 -0.0007059267954900861 -0.000720153737347573 -0.0006394173833541572 -0.0006160400807857513
-0.042815860360860825 -0.042815860360860825 -0.042815860360860825 -0.042815860360860825 -0.042815860360860825 -0.042815860360860825 -0.042815860360860825 -0.042815860360860825 -0.042815860360860825 -0.042815860360860825 -0.042815860360860825 -0.042815860360860825 -0.042815860360860825 -0.042815860360860825 -0.042815860360860825 -0.042815860360860825 -0.042815860360860825 -0.042815860360860825 -0.042815860360860825 -0.042815860360860825 -0.042815860360860825 -0.042815860360860825 -0.042815860360860825 -0.042815860360860825 -0.042815860360860825 -0.042815860360860825 -0.042815860360860825 -0.042815860360860825 -0.042815860360860825 -0.042815860360860825 -0.042815860360860825 -0.042815860360860825 -0.042815860360860825 -0.042815860360860825 -0.042815860360860825 -0.042815860360860825 -0.042815860360860825 -0.042815860360860825 -0.042815860360860825 -0.042815860360860825 -0.042815860360860825 -0.042815860360860825 -0.042815860360860825 -0.042815860360860825 -0.017673084512352943 -0.009293464943766594 -0.0016205960419028997 -0.0014713199343532324 -0.0014155721291899681 -0.0007059267954900861 -0.000720153737347573 -0.0006394173833541572 -0.0006160400807857513
-0.024517687037587166 -0.024517687037587166 -0.024517687037587166 -0.024517687037587166 -0.024517687037587166 -0.024517687037587166 -0.024517687037587166 -0.024517687037587166 -0.024517687037587166 -0.024517687037587166 -0.024517687037587166 -0.024517687037587166 -0.024517687037587166 -0.024517687037587166 -0.024517687037587166 -0.024517687037587166 -0.024517687037587166 -0.024517687037587166 -0.024517687037587166 -0.024517687037587166 -0.024517687037587166 -0.024517687037587166 -0.024517687037587166 -0.024517687037587166 -0.024517687037587166 -0.024517687037587166 -0.024517687037587166 -0.024517687037587166 -0.024517687037587166 -0.024517687037587166 -0.024517687037587166 -0.024517687037587166 -0.024517687037587166 -0.024517687037587166 -0.024517687037587166 -0.024517687037587166 -0.024517687037587166 -0.024517687037587166 -0.024517687037587166 -0.024517687037587166 -0.024517687037587166 -0.024517687037587166 -0.024517687037587166 -0.024517687037587166 -0.024517687037587166 -0.016145268455147743 -0.0016205960419028997 -0.0014713199343532324 -0.0014155721291899681 -0.0007059267954900861 -0.000720153737347573 -0.0006394173833541572 -0.0006160400807857513
-0.016145268455147743 -0.016145268455147743 -0.016145268455147743 -0.016145268455147743 -0.016145268455147743 -0.016145268455147743 -0.016145268455147743 -0.016145268455147743 -0.016145268455147743 -0.016145268455147743 -0.016145268455147743 -0.016145268455147743 -0.016145268455147743 -0.016145268455147743 -0.016145268455147743 -0.016145268455147743 -0.016145268455147743 -0.016145268455147743 -0.016145268455147743 -0.016145268455147743 -0.016145268455147743 -0.016145268455147743 -0.016145268455147743 -0.016145268455147743 -0.016145268455147743 -0.016145268455147743 -0.016145268455147743 -0.016145268455147743 -0.016145268455147743 -0.016145268455147743 -0.016145268455147743 -0.016145268455147743 -0.016145268455147743 -0.016145268455147743 -0.016145268455147743 -0.016145268455147743 -0.016145268455147743 -0.016145268455147743 -0.016145268455147743 -0.016145268455147743 -0.016145268455147743 -0.016145268455147743 -0.016145268455147743 -0.016145268455147743 -0.016145268455147743 -0.016145268455147743 -0.0017911980394273996 -0.0017764318035915494 -0.001471515977755189 -0.0007059267954900861 -0.000720153737347573 -0.0006394173833541572 -0.0006160400807857513
-0.0017911980394273996 -0.0017911980394273996 -0.0017911980394273996 -0.0017911980394273996 -0.0017911980394273996 -0.0017911980394273996 -0.0017911980394273996 -0.0017911980394273996 -0.0017911980394273996 -0.0017911980394273996 -0.0017911980394273996 -0.0017911980394273996 -0.0017911980394273996 -0.0017911980394273996 -0.0017911980394273996 -0.0017911980394273996 -0.0017911980394273996 -0.0017911980394273996 -0.0017911980394273996 -0.0017911980394273996 -0.0017911980394273996 -0.0017911980394273996 -0.0017911980394273996 -0.0017911980394273996 -0.0017911980394273996 -0.0017911980394273996 -0.0017911980394273996 -0.0017911980394273996 -0.0017911980394273996 -0.0017911980394273996 -0.0017911980394273996 -0.0017911980394273996 -0.0017911980394273996 -0.0017911980394273996 -0.0017911980394273996 -0.0017911980394273996 -0.0017911980394273996 -0.0017911980394273996 -0.0017911980394273996 -0.0017911980394273996 -0.0017911980394273996 -0.0017911980394273996 -0.0017911980394273996 -0.0017911980394273996 -0.0017911980394273996 -0.0017911980394273996 -0.0017911980394273996 -0.0017764318035915494 -0.001471515977755189 -0.0007059267954900861 -0.000720153737347573 -0.0006394173833541572 -0.0006160400807857513
-0.0017764318035915494 -0.0017764318035915494 -0.0017764318035915494 -0.0017764318035915494 -0.0017764318035915494 -0.0017764318035915494 -0.0017764318035915494 -0.0017764318035915494 -0.0017764318035915494 -0.0017764318035915494 -0.0017764318035915494 -0.0017764318035915494 -0.0017764318035915494 -0.0017764318035915494 -0.0017764318035915494 -0.0017764318035915494 -0.0017764318035915494 -0.0017764318035915494 -0.0017764318035915494 -0.0017764318035915494 -0.0017764318035915494 -0.0017764318035915494 -0.0017764318035915494 -0.0017764318035915494 -0.0017764318035915494 -0.0017764318035915494 -0.0017764318035915494 -0.0017764318035915494 -0.0017764318035915494 -0.0017764318035915494 -0.0017764318035915494 -0.0017764318035915494 -0.0017764318035915494 -0.0017764318035915494 -0.0017764318035915494 -0.0017764318035915494 -0.0017764318035915494 -0.0017764318035915494 -0.0017764318035915494 -0.0017764318035915494 -0.0017764318035915494 -0.0017764318035915494 -0.0017764318035915494 -0.0017764318035915494 -0.0017764318035915494 -0.0017764318035915494 -0.0017764318035915494 -0.0017764318035915494 -0.001471515977755189 -0.0007059267954900861 -0.000720153737347573 -0.0006394173833541572 -0.0006160400807857513
-0.001471515977755189 -0.001471515977755189 -0.001471515977755189 -0.001471515977755189 -0.001471515977755189 -0.001471515977755189 -0.001471515977755189 -0.001471515977755189 -0.001471515977755189 -0.001471515977755189 -0.001471515977755189 -0.001471515977755189 -0.001471515977755189 -0.001471515977755189 -0.001471515977755189 -0.001471515977755189 -0.001471515977755189 -0.001471515977755189 -0.001471515977755189 -0.001471515977755189 -0.001471515977755189 -0.001471515977755189 -0.001471515977755189 -0.001471515977755189 -0.001471515977755189 -0.001471515977755189 -0.001471515977755189 -0.001471515977755189 -0.001471515977755189 -0.001471515977755189 -0.001471515977755189 -0.001471515977755189 -0.001471515977755189 -0.001471515977755189 -0.001471515977755189 -0.001471515977755189 -0.001471515977755189 -0.001471515977755189 -0.001471515977755189 -0.001471515977755189 -0.001471515977755189 -0.001471515977755189 -0.001471515977755189 -0.001471515977755189 -0.001471515977755189 -0.001471515977755189 -0.001471515977755189 -0.001471515977755189 -0.001471515977755189 -0.0007059267954900861 -0.000720153737347573 -0.0006394173833541572 -0.0006160400807857513
-0.0007887934916652739 -0.0007887934916652739 -0.0007887934916652739 -0.0007887934916652739 -0.0007887934916652739 -0.0007887934916652739 -0.0007887934916652739 -0.0007887934916652739 -0.0007887934916652739 -0.0007887934916652739 -0.0007887934916652739 -0.0007887934916652739 -0.0007887934916652739 -0.0007887934916652739 -0.0007887934916652739 -0.0007887934916652739 -0.0007887934916652739 -0.0007887934916652739 -0.0007887934916652739 -0.0007887934916652739 -0.0007887934916652739 -0.0007887934916652739 -0.0007887934916652739 -0.0007887934916652739 -0.0007887934916652739 -0.0007887934916652739 -0.0007887934916652739 -0.0007887934916652739 -0.0007887934916652739 -0.0007887934916652739 -0.0007887934916652739 -0.0007887934916652739 -0.0007887934916652739 -0.0007887934916652739 -0.0007887934916652739 -0.0007887934916652739 -0.0007887934916652739 -0.0007887934916652739 -0.0007887934916652739 -0.0007887934916652739 -0.0007887934916652739 -0.0007887934916652739 -0.0007887934916652739 -0.0007887934916652739 -0.0007887934916652739 -0.0007887934916652739 -0.0007887934916652739 -0.0007887934916652739 -0.0007887934916652739 -0.0007887934916652739 -0.0007703096489422023 -0.0007125184056349099 -0.0006804578006267548
-0.0007703096489422023 -0.0007703096489422023 -0.0007703096489422023 -0.0007703096489422023 -0.0007703096489422023 -0.0007703096489422023 -0.0007703096489422023 -0.0007703096489422023 -0.0007703096489422023 -0.0007703096489422023 -0.0007703096489422023 -0.0007703096489422023 -0.0007703096489422023 -0.0007703096489422023 -0.0007703096489422023 -0.0007703096489422023 -0.0007703096489422023 -0.0007703096489422023 -0.0007703096489422023 -0.0007703096489422023 -0.0007703096489422023 -0.0007703096489422023 -0.0007703096489422023 -0.0007703096489422023 -0.0007703096489422023 -0.0007703096489422023 -0.0007703096489422023 -0.0007703096489422023 -0.0007703096489422023 -0.0007703096489422023 -0.0007703096489422023 -0.0007703096489422023 -0.0007703096489422023 -0.0007703096489422023 -0.0007703096489422023 -0.0007703096489422023 -0.0007703096489422023 -0.0007703096489422023 -0.0007703096489422023 -0.0007703096489422023 -0.0007703096489422023 -0.0007703096489422023 -0.0007703096489422023 -0.0007703096489422023 -0.0007703096489422023 -0.0007703096489422023 -0.0007703096489422023 -0.0007703096489422023 -0.0007703096489422023 -0.0007703096489422023 -0.0007703096489422023 -0.0007125184056349099 -0.0006804578006267548
-0.0007125184056349099 -0.0007125184056349099 -0.0007125184056349099 -0.0007125184056349099 -0.0007125184056349099 -0.0007125184056349099 -0.0007125184056349099 -0.0007125184056349099 -0.0007125184056349099 -0.0007125184056349099 -0.0007125184056349099 -0.0007125184056349099 -0.0007125184056349099 -0.0007125184056349099 -0.0007125184056349099 -0.0007125184056349099 -0.0007125184056349099 -0.0007125184056349099 -0.0007125184056349099 -0.0007125184056349099 -0.0007125184056349099 -0.0007125184056349099 -0.0007125184056349099 -0.0007125184056349099 -0.0007125184056349099 -0.0007125184056349099 -0.0007125184056349099 -0.0007125184056349099 -0.0007125184056349099 -0.0007125184056349099 -0.0007125184056349099 -0.0007125184056349099 -0.0007125184056349099 -0.0007125184056349099 -0.0007125184056349099 -0.0007125184056349099 -0.0007125184056349099 -0.0007125184056349099 -0.0007125184056349099 -0.0007125184056349099 -0.0007125184056349099 -0.0007125184056349099 -0.0007125184056349099 -0.0007125184056349099 -0.0007125184056349099 -0.0007125184056349099 -0.0007125184056349099 -0.0007125184056349099 -0.0007125184056349099 -0.0007125184056349099 -0.0007125184056349099 -0.0007125184056349099 -0.0006804578006267548
-0.0006804578006267548 -0.0006804578006267548 -0.0006804578006267548 -0.0006804578006267548 -0.0006804578006267548 -0.0006804578006267548 -0.0006804578006267548 -0.0006804578006267548 -0.0006804578006267548 -0.0006804578006267548 -0.0006804578006267548 -0.0006804578006267548 -0.0006804578006267548 -0.0006804578006267548 -0.0006804578006267548 -0.0006804578006267548 -0.0006804578006267548 -0.0006804578006267548 -0.0006804578006267548 -0.0006804578006267548 -0.0006804578006267548 -0.0006804578006267548 -0.0006804578006267548 -0.0006804578006267548 -0.0006804578006267548 -0.0006804578006267548 -0.0006804578006267548 -0.0006804578006267548 -0.0006804578006267548 -0.0006804578006267548 -0.0006804578006267548 -0.0006804578006267548 -0.0006804578006267548 -0.0006804578006267548 -0.0006804578006267548 -0.0006804578006267548 -0.0006804578006267548 -0.0006804578006267548 -0.0006804578006267548 -0.0006804578006267548 -0.0006804578006267548 -0.0006804578006267548 -0.0006804578006267548 -0.0006804578006267548 -0.0006804578006267548 -0.0006804578006267548 -0.0006804578006267548 -0.0006804578006267548 -0.0006804578006267548 -0.0006804578006267548 -0.0006804578006267548 -0.0006804578006267548 -0.0006804578006267548