-0.8105283379554749 -0.6361806392669678 -0.580757200717926 -0.5822571516036987 -0.4895090162754059 -0.23392406105995178 -0.23392406105995178 -0.16856719553470612 -0.16856719553470612 -0.2573789954185486 -0.38460052013397217 -0.23392406105995178 -0.16856719553470612 -0.23392406105995178 -0.16856719553470612 -0.16856719553470612 -0.16856719553470612 -0.16856719553470612 -0.16856719553470612 -0.23392406105995178 -0.2252841740846634 -0.13302743434906006 -0.1142430379986763 -0.09400077164173126 -0.09021394699811935 -0.0711551159620285 -0.06821050494909286 -0.05950472876429558 -0.0624476857483387 -0.062208931893110275 -0.04935332387685776 -0.04226274788379669 -0.04077873378992081 -0.036103036254644394 -0.028324037790298462 -0.028324037790298462 -0.026725415140390396 -0.02264440804719925 -0.005367745645344257 -0.003245469881221652 -0.0009619990596547723 -0.0008308114483952522 -0.00033600424649193883 -0.0002664094208739698
-0.7978137731552124 -0.6361806392669678 -0.6080069541931152 -0.5827341675758362 -0.4895090162754059 -0.23392406105995178 -0.23392406105995178 -0.16856719553470612 -0.16856719553470612 -0.2573789954185486 -0.38460052013397217 -0.23392406105995178 -0.16856719553470612 -0.23392406105995178 -0.16856719553470612 -0.16856719553470612 -0.16856719553470612 -0.16856719553470612 -0.16856719553470612 -0.23392406105995178 -0.2252841740846634 -0.13302743434906006 -0.1142430379986763 -0.09400077164173126 -0.09021394699811935 -0.0711551159620285 -0.06821050494909286 -0.05950472876429558 -0.0624476857483387 -0.062208931893110275 -0.04935332387685776 -0.04226274788379669 -0.04077873378992081 -0.036103036254644394 -0.028324037790298462 -0.028324037790298462 -0.026725415140390396 -0.02264440804719925 -0.005367745645344257 -0.003245469881221652 -0.0009619990596547723 -0.0008308114483952522 -0.00033600424649193883 -0.0002664094208739698
-0.7187901139259338 -0.5938486456871033 -0.580757200717926 -0.5822571516036987 -0.4895090162754059 -0.2520134449005127 -0.2520134449005127 -0.16856719553470612 -0.16856719553470612 -0.2573789954185486 -0.38460052013397217 -0.2520134449005127 -0.16856719553470612 -0.2520134449005127 -0.16856719553470612 -0.16856719553470612 -0.16856719553470612 -0.16856719553470612 -0.16856719553470612 -0.2588525414466858 -0.22929535806179047 -0.13302743434906006 -0.1142430379986763 -0.09400077164173126 -0.09021394699811935 -0.0711551159620285 -0.06821050494909286 -0.05950472876429558 -0.0624476857483387 -0.062208931893110275 -0.04935332387685776 -0.04226274788379669 -0.04077873378992081 -0.036103036254644394 -0.028324037790298462 -0.028324037790298462 -0.026725415140390396 -0.02264440804719925 -0.005367745645344257 -0.003245469881221652 -0.0009619990596547723 -0.0008308114483952522 -0.00033600424649193883 -0.0002664094208739698
-0.16856719553470612 -0.16856719553470612 -0.16856719553470612 -0.16856719553470612 -0.16856719553470612 -0.16856719553470612 -0.16856719553470612 -0.40052148699760437 -0.39947324991226196 -0.16856719553470612 -0.16856719553470612 -0.16856719553470612 -0.35963159799575806 -0.16856719553470612 -0.30327078700065613 -0.30327078700065613 -0.30327078700065613 -0.2840903699398041 -0.28177571296691895 -0.16856719553470612 -0.16856719553470612 -0.13302743434906006 -0.1142430379986763 -0.09400077164173126 -0.09021394699811935 -0.0711551159620285 -0.06821050494909286 -0.05950472876429558 -0.0624476857483387 -0.062208931893110275 -0.04935332387685776 -0.04226274788379669 -0.04077873378992081 -0.036103036254644394 -0.028324037790298462 -0.028324037790298462 -0.031462162733078 -0.02264440804719925 -0.014210824854671955 -0.0032970283646136522 -0.000985178747214377 -0.0008634392870590091 -0.00033600424649193883 -0.0002664094208739698
-0.16856719553470612 -0.16856719553470612 -0.16856719553470612 -0.16856719553470612 -0.16856719553470612 -0.16856719553470612 -0.16856719553470612 -0.40052148699760437 -0.39947324991226196 -0.16856719553470612 -0.16856719553470612 -0.16856719553470612 -0.35963159799575806 -0.16856719553470612 -0.30327078700065613 -0.30327078700065613 -0.30327078700065613 -0.2840903699398041 -0.28177571296691895 -0.16856719553470612 -0.16856719553470612 -0.13302743434906006 -0.1142430379986763 -0.09400077164173126 -0.09021394699811935 -0.0711551159620285 -0.06821050494909286 -0.05950472876429558 -0.0624476857483387 -0.062208931893110275 -0.04935332387685776 -0.04226274788379669 -0.04077873378992081 -0.036103036254644394 -0.028324037790298462 -0.028324037790298462 -0.031462162733078 -0.02264440804719925 -0.014210824854671955 -0.0032970283646136522 -0.000985178747214377 -0.0008634392870590091 -0.00033600424649193883 -0.0002664094208739698
-0.16856719553470612 -0.16856719553470612 -0.16856719553470612 -0.16856719553470612 -0.16856719553470612 -0.16856719553470612 -0.16856719553470612 -0.40052148699760437 -0.39947324991226196 -0.16856719553470612 -0.16856719553470612 -0.16856719553470612 -0.35963159799575806 -0.16856719553470612 -0.28335458040237427 -0.28335458040237427 -0.28335458040237427 -0.28335458040237427 -0.28177571296691895 -0.16856719553470612 -0.16856719553470612 -0.13302743434906006 -0.1142430379986763 -0.09400077164173126 -0.09021394699811935 -0.0711551159620285 -0.06821050494909286 -0.05950472876429558 -0.0624476857483387 -0.062208931893110275 -0.04935332387685776 -0.04226274788379669 -0.04077873378992081 -0.036103036254644394 -0.0287892185151577 -0.03192748501896858 -0.031462162733078 -0.02264440804719925 -0.014210824854671955 -0.0032970283646136522 -0.000985178747214377 -0.0008634392870590091 -0.00033600424649193883 -0.0002664094208739698
-0.16856719553470612 -0.16856719553470612 -0.16856719553470612 -0.16856719553470612 -0.16856719553470612 -0.16856719553470612 -0.16856719553470612 -0.3983027935028076 -0.3983027935028076 -0.16856719553470612 -0.16856719553470612 -0.16856719553470612 -0.35963159799575806 -0.16856719553470612 -0.3054013252258301 -0.30441537499427795 -0.3039133846759796 -0.2841779291629791 -0.28210216760635376 -0.16856719553470612 -0.16856719553470612 -0.13302743434906006 -0.11975529789924622 -0.09400077164173126 -0.09021394699811935 -0.0711551159620285 -0.06821050494909286 -0.05950472876429558 -0.0624476857483387 -0.062208931893110275 -0.04935332387685776 -0.04226274788379669 -0.04077873378992081 -0.036103036254644394 -0.028324037790298462 -0.028324037790298462 -0.026725415140390396 -0.02264440804719925 -0.005367745645344257 -0.003245469881221652 -0.0009619990596547723 -0.0008308114483952522 -0.0003723319969139993 -0.00027816317742690444
-0.16856719553470612 -0.16856719553470612 -0.16856719553470612 -0.16856719553470612 -0.16856719553470612 -0.16856719553470612 -0.16856719553470612 -0.3983027935028076 -0.3983027935028076 -0.16856719553470612 -0.16856719553470612 -0.16856719553470612 -0.35963159799575806 -0.16856719553470612 -0.3054013252258301 -0.30441537499427795 -0.3039133846759796 -0.2841779291629791 -0.28210216760635376 -0.16856719553470612 -0.16856719553470612 -0.13302743434906006 -0.11975529789924622 -0.09400077164173126 -0.09021394699811935 -0.0711551159620285 -0.06821050494909286 -0.05950472876429558 -0.0624476857483387 -0.062208931893110275 -0.04935332387685776 -0.04226274788379669 -0.04077873378992081 -0.036103036254644394 -0.028324037790298462 -0.028324037790298462 -0.026725415140390396 -0.02264440804719925 -0.005367745645344257 -0.003245469881221652 -0.0009619990596547723 -0.0008308114483952522 -0.0003723319969139993 -0.00027816317742690444
-0.16856719553470612 -0.16856719553470612 -0.16856719553470612 -0.16856719553470612 -0.16856719553470612 -0.16856719553470612 -0.16856719553470612 -0.3983027935028076 -0.3983027935028076 -0.16856719553470612 -0.16856719553470612 -0.16856719553470612 -0.35963159799575806 -0.16856719553470612 -0.3054013252258301 -0.30441537499427795 -0.3039133846759796 -0.2841779291629791 -0.28210216760635376 -0.16856719553470612 -0.16856719553470612 -0.13302743434906006 -0.11975529789924622 -0.09400077164173126 -0.09021394699811935 -0.0711551159620285 -0.06821050494909286 -0.05950472876429558 -0.0624476857483387 -0.062208931893110275 -0.04935332387685776 -0.04226274788379669 -0.04077873378992081 -0.036103036254644394 -0.028324037790298462 -0.028324037790298462 -0.026725415140390396 -0.02264440804719925 -0.005367745645344257 -0.003245469881221652 -0.0009619990596547723 -0.0008308114483952522 -0.0003723319969139993 -0.00027816317742690444
-0.16856719553470612 -0.16856719553470612 -0.16856719553470612 -0.16856719553470612 -0.16856719553470612 -0.16856719553470612 -0.16856719553470612 -0.3983027935028076 -0.3983027935028076 -0.16856719553470612 -0.16856719553470612 -0.16856719553470612 -0.35963159799575806 -0.16856719553470612 -0.3054013252258301 -0.30441537499427795 -0.3039133846759796 -0.2841779291629791 -0.28210216760635376 -0.16856719553470612 -0.16856719553470612 -0.13302743434906006 -0.11975529789924622 -0.09400077164173126 -0.09021394699811935 -0.0711551159620285 -0.06821050494909286 -0.05950472876429558 -0.0624476857483387 -0.062208931893110275 -0.04935332387685776 -0.04226274788379669 -0.04077873378992081 -0.036103036254644394 -0.028324037790298462 -0.028324037790298462 -0.026725415140390396 -0.02264440804719925 -0.005367745645344257 -0.003245469881221652 -0.0009619990596547723 -0.0008308114483952522 -0.0003723319969139993 -0.00027816317742690444
-0.16856719553470612 -0.16856719553470612 -0.16856719553470612 -0.16856719553470612 -0.16856719553470612 -0.16856719553470612 -0.16856719553470612 -0.3983027935028076 -0.39947324991226196 -0.16856719553470612 -0.16856719553470612 -0.16856719553470612 -0.35963159799575806 -0.16856719553470612 -0.3054013252258301 -0.30441537499427795 -0.3039133846759796 -0.2841779291629791 -0.28210216760635376 -0.16856719553470612 -0.16856719553470612 -0.13302743434906006 -0.11975529789924622 -0.09400077164173126 -0.09021394699811935 -0.0711551159620285 -0.06821050494909286 -0.05950472876429558 -0.0624476857483387 -0.062208931893110275 -0.04935332387685776 -0.04226274788379669 -0.04077873378992081 -0.036103036254644394 -0.028324037790298462 -0.028324037790298462 -0.026725415140390396 -0.02264440804719925 -0.005367745645344257 -0.003245469881221652 -0.0009619990596547723 -0.0008308114483952522 -0.0003723319969139993 -0.00027816317742690444
-0.16856719553470612 -0.16856719553470612 -0.16856719553470612 -0.16856719553470612 -0.16856719553470612 -0.16856719553470612 -0.16856719553470612 -0.3983027935028076 -0.3983027935028076 -0.16856719553470612 -0.16856719553470612 -0.16856719553470612 -0.35963159799575806 -0.16856719553470612 -0.3054013252258301 -0.30441537499427795 -0.3039133846759796 -0.2841779291629791 -0.28210216760635376 -0.16856719553470612 -0.16856719553470612 -0.13302743434906006 -0.11975529789924622 -0.09400077164173126 -0.09021394699811935 -0.0711551159620285 -0.06821050494909286 -0.05950472876429558 -0.0624476857483387 -0.062208931893110275 -0.04935332387685776 -0.04226274788379669 -0.04077873378992081 -0.036103036254644394 -0.028324037790298462 -0.028324037790298462 -0.026725415140390396 -0.02264440804719925 -0.005367745645344257 -0.003245469881221652 -0.0009619990596547723 -0.0008308114483952522 -0.0003723319969139993 -0.00027816317742690444
-0.16856719553470612 -0.16856719553470612 -0.16856719553470612 -0.16856719553470612 -0.16856719553470612 -0.16856719553470612 -0.16856719553470612 -0.3983027935028076 -0.3983027935028076 -0.16856719553470612 -0.16856719553470612 -0.16856719553470612 -0.35963159799575806 -0.16856719553470612 -0.3054013252258301 -0.30441537499427795 -0.3039133846759796 -0.2841779291629791 -0.28210216760635376 -0.16856719553470612 -0.16856719553470612 -0.13302743434906006 -0.11975529789924622 -0.09400077164173126 -0.09021394699811935 -0.0711551159620285 -0.06821050494909286 -0.05950472876429558 -0.0624476857483387 -0.062208931893110275 -0.04935332387685776 -0.04226274788379669 -0.04077873378992081 -0.036103036254644394 -0.028324037790298462 -0.028324037790298462 -0.026725415140390396 -0.02264440804719925 -0.005367745645344257 -0.003245469881221652 -0.0009619990596547723 -0.0008308114483952522 -0.0003723319969139993 -0.00027816317742690444
-0.16856719553470612 -0.16856719553470612 -0.16856719553470612 -0.16856719553470612 -0.16856719553470612 -0.16856719553470612 -0.16856719553470612 -0.29767927527427673 -0.29767927527427673 -0.16856719553470612 -0.16856719553470612 -0.16856719553470612 -0.35963159799575806 -0.16856719553470612 -0.3054013252258301 -0.30441537499427795 -0.3039133846759796 -0.2841779291629791 -0.28210216760635376 -0.16856719553470612 -0.16856719553470612 -0.13302743434906006 -0.11975529789924622 -0.09400077164173126 -0.09021394699811935 -0.0711551159620285 -0.06821050494909286 -0.05950472876429558 -0.0624476857483387 -0.062208931893110275 -0.04935332387685776 -0.04226274788379669 -0.04077873378992081 -0.036103036254644394 -0.028324037790298462 -0.028324037790298462 -0.026725415140390396 -0.02264440804719925 -0.005367745645344257 -0.003245469881221652 -0.0009619990596547723 -0.0008308114483952522 -0.0003723319969139993 -0.00027816317742690444
-0.38460052013397217 -0.38460052013397217 -0.38460052013397217 -0.38460052013397217 -0.38460052013397217 -0.3149811923503876 -0.3149811923503876 -0.16856719553470612 -0.16856719553470612 -0.39277809858322144 -0.38460052013397217 -0.3149811923503876 -0.16856719553470612 -0.3582318425178528 -0.16856719553470612 -0.16856719553470612 -0.16856719553470612 -0.16856719553470612 -0.16856719553470612 -0.2520134449005127 -0.2252841740846634 -0.13302743434906006 -0.1142430379986763 -0.09400077164173126 -0.09373216331005096 -0.0711551159620285 -0.06821050494909286 -0.05950472876429558 -0.0624476857483387 -0.062208931893110275 -0.04935332387685776 -0.04226274788379669 -0.04077873378992081 -0.036103036254644394 -0.028324037790298462 -0.028324037790298462 -0.026725415140390396 -0.02264440804719925 -0.005367745645344257 -0.003245469881221652 -0.0009619990596547723 -0.0008308114483952522 -0.00033600424649193883 -0.0002664094208739698
-0.23392406105995178 -0.23392406105995178 -0.23392406105995178 -0.23392406105995178 -0.23392406105995178 -0.408912718296051 -0.408912718296051 -0.16856719553470612 -0.16856719553470612 -0.23392406105995178 -0.23392406105995178 -0.3580780327320099 -0.16856719553470612 -0.3582318425178528 -0.16856719553470612 -0.16856719553470612 -0.16856719553470612 -0.16856719553470612 -0.16856719553470612 -0.2520134449005127 -0.2252841740846634 -0.13801051676273346 -0.1142430379986763 -0.09806552529335022 -0.09021394699811935 -0.0711551159620285 -0.06821050494909286 -0.05950472876429558 -0.06339956820011139 -0.062208931893110275 -0.04935332387685776 -0.04388311505317688 -0.04353869706392288 -0.03985840827226639 -0.028324037790298462 -0.028324037790298462 -0.026725415140390396 -0.02264440804719925 -0.005367745645344257 -0.003245469881221652 -0.0009619990596547723 -0.0008308114483952522 -0.00033600424649193883 -0.0002664094208739698
-0.38460052013397217 -0.38460052013397217 -0.38460052013397217 -0.38460052013397217 -0.38460052013397217 -0.40627962350845337 -0.40627962350845337 -0.16856719553470612 -0.16856719553470612 -0.39277809858322144 -0.38460052013397217 -0.3580780327320099 -0.16856719553470612 -0.3582318425178528 -0.16856719553470612 -0.16856719553470612 -0.16856719553470612 -0.16856719553470612 -0.16856719553470612 -0.2520134449005127 -0.2252841740846634 -0.13302743434906006 -0.1142430379986763 -0.09400077164173126 -0.09021394699811935 -0.0711551159620285 -0.06821050494909286 -0.05950472876429558 -0.0624476857483387 -0.062208931893110275 -0.04935332387685776 -0.04226274788379669 -0.04077873378992081 -0.036103036254644394 -0.028324037790298462 -0.028324037790298462 -0.026725415140390396 -0.02264440804719925 -0.005367745645344257 -0.003245469881221652 -0.0009619990596547723 -0.0008308114483952522 -0.00033600424649193883 -0.0002664094208739698
-0.38460052013397217 -0.38460052013397217 -0.38460052013397217 -0.38460052013397217 -0.38460052013397217 -0.3149811923503876 -0.3149811923503876 -0.16856719553470612 -0.16856719553470612 -0.39277809858322144 -0.38460052013397217 -0.3149811923503876 -0.16856719553470612 -0.3582318425178528 -0.16856719553470612 -0.16856719553470612 -0.16856719553470612 -0.16856719553470612 -0.16856719553470612 -0.2520134449005127 -0.2252841740846634 -0.13302743434906006 -0.1142430379986763 -0.09400077164173126 -0.09373216331005096 -0.0711551159620285 -0.06821050494909286 -0.05950472876429558 -0.0624476857483387 -0.062208931893110275 -0.04935332387685776 -0.04226274788379669 -0.04077873378992081 -0.036103036254644394 -0.028324037790298462 -0.028324037790298462 -0.026725415140390396 -0.02264440804719925 -0.005367745645344257 -0.003245469881221652 -0.0009619990596547723 -0.0008308114483952522 -0.00033600424649193883 -0.0002664094208739698
-0.37477225065231323 -0.37477225065231323 -0.37477225065231323 -0.37477225065231323 -0.37477225065231323 -0.23392406105995178 -0.23392406105995178 -0.16856719553470612 -0.16856719553470612 -0.37477225065231323 -0.37477225065231323 -0.23392406105995178 -0.16856719553470612 -0.23392406105995178 -0.16856719553470612 -0.16856719553470612 -0.16856719553470612 -0.16856719553470612 -0.16856719553470612 -0.23392406105995178 -0.2252841740846634 -0.13302743434906006 -0.1142430379986763 -0.09400077164173126 -0.09021394699811935 -0.0853637233376503 -0.06821050494909286 -0.05950472876429558 -0.0624476857483387 -0.062208931893110275 -0.04935332387685776 -0.04226274788379669 -0.04077873378992081 -0.036103036254644394 -0.028324037790298462 -0.028324037790298462 -0.026725415140390396 -0.02264440804719925 -0.005367745645344257 -0.003245469881221652 -0.0009619990596547723 -0.0008308114483952522 -0.00033600424649193883 -0.0002664094208739698
-0.23392406105995178 -0.23392406105995178 -0.23392406105995178 -0.23392406105995178 -0.23392406105995178 -0.36333706974983215 -0.36333706974983215 -0.16856719553470612 -0.16856719553470612 -0.23392406105995178 -0.23392406105995178 -0.3580780327320099 -0.16856719553470612 -0.3582318425178528 -0.16856719553470612 -0.16856719553470612 -0.16856719553470612 -0.16856719553470612 -0.16856719553470612 -0.2520134449005127 -0.2252841740846634 -0.13801051676273346 -0.1142430379986763 -0.09806552529335022 -0.09021394699811935 -0.0711551159620285 -0.06821050494909286 -0.05950472876429558 -0.06339956820011139 -0.062208931893110275 -0.04935332387685776 -0.04388311505317688 -0.04353869706392288 -0.03985840827226639 -0.03316054865717888 -0.03192748501896858 -0.026725415140390396 -0.0253803338855505 -0.005367745645344257 -0.003245469881221652 -0.0009619990596547723 -0.0008308114483952522 -0.00033600424649193883 -0.0002664094208739698
-0.2573789954185486 -0.2573789954185486 -0.2573789954185486 -0.2573789954185486 -0.2573789954185486 -0.3149811923503876 -0.3149811923503876 -0.28177571296691895 -0.28177571296691895 -0.34696969389915466 -0.2573789954185486 -0.3149811923503876 -0.28177571296691895 -0.34696969389915466 -0.28177571296691895 -0.28177571296691895 -0.28177571296691895 -0.28177571296691895 -0.28177571296691895 -0.2520134449005127 -0.2252841740846634 -0.13302743434906006 -0.1142430379986763 -0.09400077164173126 -0.09373216331005096 -0.0711551159620285 -0.06821050494909286 -0.05950472876429558 -0.0624476857483387 -0.062208931893110275 -0.04935332387685776 -0.04226274788379669 -0.04077873378992081 -0.036103036254644394 -0.028324037790298462 -0.028324037790298462 -0.026725415140390396 -0.02264440804719925 -0.005367745645344257 -0.003245469881221652 -0.0009619990596547723 -0.0008308114483952522 -0.00033600424649193883 -0.0002664094208739698
-0.2252841740846634 -0.2252841740846634 -0.2252841740846634 -0.2252841740846634 -0.2252841740846634 -0.2252841740846634 -0.2252841740846634 -0.3445611000061035 -0.3445611000061035 -0.2252841740846634 -0.2252841740846634 -0.2252841740846634 -0.3445611000061035 -0.2252841740846634 -0.28335458040237427 -0.28335458040237427 -0.28335458040237427 -0.28335458040237427 -0.28177571296691895 -0.2252841740846634 -0.2252841740846634 -0.13302743434906006 -0.1142430379986763 -0.09400077164173126 -0.09021394699811935 -0.0711551159620285 -0.06821050494909286 -0.05950472876429558 -0.0624476857483387 -0.06233195215463638 -0.04935332387685776 -0.04226274788379669 -0.04077873378992081 -0.036103036254644394 -0.028324037790298462 -0.028324037790298462 -0.026725415140390396 -0.02264440804719925 -0.005367745645344257 -0.003245469881221652 -0.0009619990596547723 -0.0008308114483952522 -0.00033600424649193883 -0.0002664094208739698
-0.23392406105995178 -0.23392406105995178 -0.23392406105995178 -0.23392406105995178 -0.23392406105995178 -0.3149811923503876 -0.3149811923503876 -0.29767927527427673 -0.29767927527427673 -0.23392406105995178 -0.23392406105995178 -0.3149811923503876 -0.33666297793388367 -0.3149811923503876 -0.28335458040237427 -0.28335458040237427 -0.28335458040237427 -0.28335458040237427 -0.28177571296691895 -0.2520134449005127 -0.2252841740846634 -0.13302743434906006 -0.1142430379986763 -0.09400077164173126 -0.09021394699811935 -0.0711551159620285 -0.06821050494909286 -0.05950472876429558 -0.0624476857483387 -0.062208931893110275 -0.04935332387685776 -0.04226274788379669 -0.04077873378992081 -0.036103036254644394 -0.028324037790298462 -0.028324037790298462 -0.031462162733078 -0.02264440804719925 -0.005367745645344257 -0.003245469881221652 -0.0009619990596547723 -0.0008308114483952522 -0.00033600424649193883 -0.0002664094208739698
-0.2573789954185486 -0.2573789954185486 -0.2573789954185486 -0.2573789954185486 -0.2573789954185486 -0.3149811923503876 -0.3149811923503876 -0.28177571296691895 -0.28177571296691895 -0.31943392753601074 -0.2573789954185486 -0.3149811923503876 -0.28177571296691895 -0.31943392753601074 -0.28177571296691895 -0.28177571296691895 -0.28177571296691895 -0.28177571296691895 -0.28177571296691895 -0.2520134449005127 -0.2252841740846634 -0.13302743434906006 -0.1142430379986763 -0.09400077164173126 -0.09373216331005096 -0.0711551159620285 -0.06873224675655365 -0.06348293274641037 -0.0624476857483387 -0.062208931893110275 -0.04935332387685776 -0.04226274788379669 -0.04077873378992081 -0.036103036254644394 -0.028324037790298462 -0.028324037790298462 -0.026725415140390396 -0.02264440804719925 -0.005367745645344257 -0.003245469881221652 -0.0009619990596547723 -0.0008308114483952522 -0.00033600424649193883 -0.0002664094208739698
-0.23392406105995178 -0.23392406105995178 -0.23392406105995178 -0.23392406105995178 -0.23392406105995178 -0.31634122133255005 -0.31634122133255005 -0.16856719553470612 -0.16856719553470612 -0.23392406105995178 -0.23392406105995178 -0.31634122133255005 -0.16856719553470612 -0.31634122133255005 -0.16856719553470612 -0.16856719553470612 -0.16856719553470612 -0.16856719553470612 -0.16856719553470612 -0.2520134449005127 -0.2252841740846634 -0.13801051676273346 -0.1142430379986763 -0.09806552529335022 -0.09021394699811935 -0.0711551159620285 -0.06821050494909286 -0.05950472876429558 -0.06339956820011139 -0.062208931893110275 -0.04935332387685776 -0.04388311505317688 -0.04353869706392288 -0.03985840827226639 -0.03316054865717888 -0.03192748501896858 -0.026725415140390396 -0.0253803338855505 -0.005367745645344257 -0.003245469881221652 -0.0009619990596547723 -0.0008308114483952522 -0.00033600424649193883 -0.0002664094208739698
-0.16856719553470612 -0.16856719553470612 -0.16856719553470612 -0.16856719553470612 -0.16856719553470612 -0.16856719553470612 -0.16856719553470612 -0.25208717584609985 -0.25208717584609985 -0.16856719553470612 -0.16856719553470612 -0.16856719553470612 -0.25208717584609985 -0.16856719553470612 -0.25208717584609985 -0.25208717584609985 -0.25208717584609985 -0.25208717584609985 -0.25208717584609985 -0.16856719553470612 -0.16856719553470612 -0.13302743434906006 -0.11975529789924622 -0.09400077164173126 -0.09021394699811935 -0.0711551159620285 -0.06821050494909286 -0.05950472876429558 -0.0624476857483387 -0.062208931893110275 -0.04935332387685776 -0.04226274788379669 -0.04077873378992081 -0.036103036254644394 -0.028324037790298462 -0.028324037790298462 -0.026725415140390396 -0.02264440804719925 -0.005367745645344257 -0.003245469881221652 -0.0009619990596547723 -0.0008308114483952522 -0.0003723319969139993 -0.00027816317742690444
-0.23760069906711578 -0.23760069906711578 -0.23760069906711578 -0.23760069906711578 -0.23760069906711578 -0.23760069906711578 -0.23760069906711578 -0.23760069906711578 -0.23760069906711578 -0.23760069906711578 -0.23760069906711578 -0.23760069906711578 -0.23760069906711578 -0.23760069906711578 -0.23760069906711578 -0.23760069906711578 -0.23760069906711578 -0.23760069906711578 -0.23760069906711578 -0.23760069906711578 -0.2252841740846634 -0.13302743434906006 -0.1142430379986763 -0.09400077164173126 -0.09373216331005096 -0.0711551159620285 -0.06873224675655365 -0.06348293274641037 -0.0624476857483387 -0.06233195215463638 -0.05986380577087402 -0.04226274788379669 -0.04077873378992081 -0.036103036254644394 -0.028324037790298462 -0.028324037790298462 -0.026725415140390396 -0.02264440804719925 -0.005367745645344257 -0.003245469881221652 -0.0009619990596547723 -0.0008308114483952522 -0.00033600424649193883 -0.0002664094208739698
-0.23615214228630066 -0.23615214228630066 -0.23615214228630066 -0.23615214228630066 -0.23615214228630066 -0.23615214228630066 -0.23615214228630066 -0.23615214228630066 -0.23615214228630066 -0.23615214228630066 -0.23615214228630066 -0.23615214228630066 -0.23615214228630066 -0.23615214228630066 -0.23615214228630066 -0.23615214228630066 -0.23615214228630066 -0.23615214228630066 -0.23615214228630066 -0.23615214228630066 -0.2252841740846634 -0.13302743434906006 -0.1142430379986763 -0.09400077164173126 -0.09373216331005096 -0.0711551159620285 -0.06873224675655365 -0.06348293274641037 -0.0624476857483387 -0.06233195215463638 -0.05986380577087402 -0.04226274788379669 -0.04077873378992081 -0.036103036254644394 -0.028324037790298462 -0.028324037790298462 -0.026725415140390396 -0.02264440804719925 -0.005367745645344257 -0.003245469881221652 -0.0009619990596547723 -0.0008308114483952522 -0.00033600424649193883 -0.0002664094208739698
-0.232072114944458 -0.232072114944458 -0.232072114944458 -0.232072114944458 -0.232072114944458 -0.232072114944458 -0.232072114944458 -0.232072114944458 -0.232072114944458 -0.232072114944458 -0.232072114944458 -0.232072114944458 -0.232072114944458 -0.232072114944458 -0.232072114944458 -0.232072114944458 -0.232072114944458 -0.232072114944458 -0.232072114944458 -0.232072114944458 -0.2252841740846634 -0.13801051676273346 -0.1142430379986763 -0.09806552529335022 -0.09021394699811935 -0.0711551159620285 -0.06821050494909286 -0.05950472876429558 -0.06339956820011139 -0.062208931893110275 -0.04935332387685776 -0.04388311505317688 -0.04353869706392288 -0.03985840827226639 -0.03316054865717888 -0.03192748501896858 -0.031462162733078 -0.0253803338855505 -0.005367745645344257 -0.003245469881221652 -0.000985178747214377 -0.0008634392870590091 -0.00033600424649193883 -0.0002664094208739698
-0.19099196791648865 -0.19099196791648865 -0.19099196791648865 -0.19099196791648865 -0.19099196791648865 -0.19099196791648865 -0.19099196791648865 -0.16856719553470612 -0.16856719553470612 -0.19099196791648865 -0.19099196791648865 -0.19099196791648865 -0.16856719553470612 -0.19099196791648865 -0.16856719553470612 -0.16856719553470612 -0.16856719553470612 -0.16856719553470612 -0.16856719553470612 -0.19099196791648865 -0.19099196791648865 -0.13801051676273346 -0.1142430379986763 -0.09806552529335022 -0.09021394699811935 -0.0711551159620285 -0.06821050494909286 -0.05950472876429558 -0.06339956820011139 -0.062208931893110275 -0.04935332387685776 -0.04388311505317688 -0.04353869706392288 -0.03985840827226639 -0.03316054865717888 -0.03192748501896858 -0.031462162733078 -0.0253803338855505 -0.005367745645344257 -0.003245469881221652 -0.000985178747214377 -0.0008308114483952522 -0.00033600424649193883 -0.0002664094208739698
-0.15650802850723267 -0.15650802850723267 -0.15650802850723267 -0.15650802850723267 -0.15650802850723267 -0.15650802850723267 -0.15650802850723267 -0.15650802850723267 -0.15650802850723267 -0.15650802850723267 -0.15650802850723267 -0.15650802850723267 -0.15650802850723267 -0.15650802850723267 -0.15650802850723267 -0.15650802850723267 -0.15650802850723267 -0.15650802850723267 -0.15650802850723267 -0.15650802850723267 -0.15650802850723267 -0.13801051676273346 -0.1142430379986763 -0.09806552529335022 -0.09021394699811935 -0.0711551159620285 -0.06821050494909286 -0.05950472876429558 -0.06339956820011139 -0.062208931893110275 -0.04935332387685776 -0.04388311505317688 -0.04353869706392288 -0.03985840827226639 -0.03316054865717888 -0.03192748501896858 -0.031462162733078 -0.0253803338855505 -0.005367745645344257 -0.003245469881221652 -0.000985178747214377 -0.0008308114483952522 -0.00033600424649193883 -0.0002664094208739698
-0.09769696742296219 -0.09769696742296219 -0.09769696742296219 -0.09769696742296219 -0.09769696742296219 -0.09769696742296219 -0.09769696742296219 -0.09769696742296219 -0.09769696742296219 -0.09769696742296219 -0.09769696742296219 -0.09769696742296219 -0.09769696742296219 -0.09769696742296219 -0.09769696742296219 -0.09769696742296219 -0.09769696742296219 -0.09769696742296219 -0.09769696742296219 -0.09769696742296219 -0.09769696742296219 -0.09769696742296219 -0.09769696742296219 -0.09400077164173126 -0.09373216331005096 -0.0711551159620285 -0.06873224675655365 -0.06348293274641037 -0.0624476857483387 -0.06233195215463638 -0.05986380577087402 -0.04226274788379669 -0.04077873378992081 -0.036103036254644394 -0.028324037790298462 -0.028324037790298462 -0.026725415140390396 -0.02264440804719925 -0.005367745645344257 -0.003245469881221652 -0.0009619990596547723 -0.0008308114483952522 -0.00033600424649193883 -0.0002664094208739698
-0.09384474158287048 -0.09384474158287048 -0.09384474158287048 -0.09384474158287048 -0.09384474158287048 -0.09384474158287048 -0.09384474158287048 -0.09384474158287048 -0.09384474158287048 -0.09384474158287048 -0.09384474158287048 -0.09384474158287048 -0.09384474158287048 -0.09384474158287048 -0.09384474158287048 -0.09384474158287048 -0.09384474158287048 -0.09384474158287048 -0.09384474158287048 -0.09384474158287048 -0.09384474158287048 -0.09384474158287048 -0.09384474158287048 -0.09384474158287048 -0.09373216331005096 -0.0711551159620285 -0.06873224675655365 -0.06348293274641037 -0.0624476857483387 -0.06233195215463638 -0.05986380577087402 -0.04226274788379669 -0.04077873378992081 -0.036103036254644394 -0.028324037790298462 -0.028324037790298462 -0.026725415140390396 -0.02264440804719925 -0.005367745645344257 -0.003245469881221652 -0.0009619990596547723 -0.0008308114483952522 -0.00033600424649193883 -0.0002664094208739698
-0.09211678057909012 -0.09211678057909012 -0.09211678057909012 -0.09211678057909012 -0.09211678057909012 -0.09211678057909012 -0.09211678057909012 -0.09211678057909012 -0.09211678057909012 -0.09211678057909012 -0.09211678057909012 -0.09211678057909012 -0.09211678057909012 -0.09211678057909012 -0.09211678057909012 -0.09211678057909012 -0.09211678057909012 -0.09211678057909012 -0.09211678057909012 -0.09211678057909012 -0.09211678057909012 -0.09211678057909012 -0.09211678057909012 -0.09211678057909012 -0.09211678057909012 -0.0711551159620285 -0.06873224675655365 -0.06348293274641037 -0.0624476857483387 -0.06233195215463638 -0.05986380577087402 -0.04226274788379669 -0.04077873378992081 -0.036103036254644394 -0.028324037790298462 -0.028324037790298462 -0.026725415140390396 -0.02264440804719925 -0.005367745645344257 -0.003245469881221652 -0.0009619990596547723 -0.0008308114483952522 -0.00033600424649193883 -0.0002664094208739698
-0.0814199298620224 -0.0814199298620224 -0.0814199298620224 -0.0814199298620224 -0.0814199298620224 -0.0814199298620224 -0.0814199298620224 -0.0814199298620224 -0.0814199298620224 -0.0814199298620224 -0.0814199298620224 -0.0814199298620224 -0.0814199298620224 -0.0814199298620224 -0.0814199298620224 -0.0814199298620224 -0.0814199298620224 -0.0814199298620224 -0.0814199298620224 -0.0814199298620224 -0.0814199298620224 -0.0814199298620224 -0.0814199298620224 -0.0814199298620224 -0.0814199298620224 -0.0711551159620285 -0.06873224675655365 -0.06348293274641037 -0.0624476857483387 -0.06233195215463638 -0.05986380577087402 -0.04226274788379669 -0.04077873378992081 -0.036103036254644394 -0.028324037790298462 -0.028324037790298462 -0.026725415140390396 -0.02264440804719925 -0.005367745645344257 -0.003245469881221652 -0.0009619990596547723 -0.0008308114483952522 -0.00033600424649193883 -0.0002664094208739698
-0.07515091449022293 -0.07515091449022293 -0.07515091449022293 -0.07515091449022293 -0.07515091449022293 -0.07515091449022293 -0.07515091449022293 -0.07515091449022293 -0.07515091449022293 -0.07515091449022293 -0.07515091449022293 -0.07515091449022293 -0.07515091449022293 -0.07515091449022293 -0.07515091449022293 -0.07515091449022293 -0.07515091449022293 -0.07515091449022293 -0.07515091449022293 -0.07515091449022293 -0.07515091449022293 -0.07515091449022293 -0.07515091449022293 -0.07515091449022293 -0.07515091449022293 -0.07515091449022293 -0.06821050494909286 -0.05950472876429558 -0.0624476857483387 -0.062208931893110275 -0.04935332387685776 -0.04226274788379669 -0.04077873378992081 -0.036103036254644394 -0.028324037790298462 -0.028324037790298462 -0.026725415140390396 -0.02264440804719925 -0.005367745645344257 -0.003245469881221652 -0.0009619990596547723 -0.0008308114483952522 -0.00033600424649193883 -0.0002664094208739698
-0.07378347963094711 -0.07378347963094711 -0.07378347963094711 -0.07378347963094711 -0.07378347963094711 -0.07378347963094711 -0.07378347963094711 -0.07378347963094711 -0.07378347963094711 -0.07378347963094711 -0.07378347963094711 -0.07378347963094711 -0.07378347963094711 -0.07378347963094711 -0.07378347963094711 -0.07378347963094711 -0.07378347963094711 -0.07378347963094711 -0.07378347963094711 -0.07378347963094711 -0.07378347963094711 -0.07378347963094711 -0.07378347963094711 -0.07378347963094711 -0.07378347963094711 -0.0711551159620285 -0.06873224675655365 -0.06348293274641037 -0.0624476857483387 -0.06233195215463638 -0.05986380577087402 -0.04226274788379669 -0.04077873378992081 -0.036103036254644394 -0.028324037790298462 -0.028324037790298462 -0.026725415140390396 -0.02264440804719925 -0.005367745645344257 -0.003245469881221652 -0.0009619990596547723 -0.0008308114483952522 -0.00033600424649193883 -0.0002664094208739698
-0.06570110470056534 -0.06570110470056534 -0.06570110470056534 -0.06570110470056534 -0.06570110470056534 -0.06570110470056534 -0.06570110470056534 -0.06570110470056534 -0.06570110470056534 -0.06570110470056534 -0.06570110470056534 -0.06570110470056534 -0.06570110470056534 -0.06570110470056534 -0.06570110470056534 -0.06570110470056534 -0.06570110470056534 -0.06570110470056534 -0.06570110470056534 -0.06570110470056534 -0.06570110470056534 -0.06570110470056534 -0.06570110470056534 -0.06570110470056534 -0.06570110470056534 -0.06570110470056534 -0.06570110470056534 -0.06348293274641037 -0.0624476857483387 -0.06233195215463638 -0.05986380577087402 -0.04226274788379669 -0.04077873378992081 -0.036103036254644394 -0.028324037790298462 -0.028324037790298462 -0.026725415140390396 -0.02264440804719925 -0.005367745645344257 -0.003245469881221652 -0.0009619990596547723 -0.0008308114483952522 -0.00033600424649193883 -0.0002664094208739698
-0.06045101583003998 -0.06045101583003998 -0.06045101583003998 -0.06045101583003998 -0.06045101583003998 -0.06045101583003998 -0.06045101583003998 -0.06045101583003998 -0.06045101583003998 -0.06045101583003998 -0.06045101583003998 -0.06045101583003998 -0.06045101583003998 -0.06045101583003998 -0.06045101583003998 -0.06045101583003998 -0.06045101583003998 -0.06045101583003998 -0.06045101583003998 -0.06045101583003998 -0.06045101583003998 -0.06045101583003998 -0.06045101583003998 -0.06045101583003998 -0.06045101583003998 -0.06045101583003998 -0.06045101583003998 -0.06045101583003998 -0.06045101583003998 -0.06045101583003998 -0.05986380577087402 -0.04226274788379669 -0.04077873378992081 -0.036103036254644394 -0.028324037790298462 -0.028324037790298462 -0.026725415140390396 -0.02264440804719925 -0.005367745645344257 -0.003245469881221652 -0.0009619990596547723 -0.0008308114483952522 -0.00033600424649193883 -0.0002664094208739698
-0.05850956216454506 -0.05850956216454506 -0.05850956216454506 -0.05850956216454506 -0.05850956216454506 -0.05850956216454506 -0.05850956216454506 -0.05850956216454506 -0.05850956216454506 -0.05850956216454506 -0.05850956216454506 -0.05850956216454506 -0.05850956216454506 -0.05850956216454506 -0.05850956216454506 -0.05850956216454506 -0.05850956216454506 -0.05850956216454506 -0.05850956216454506 -0.05850956216454506 -0.05850956216454506 -0.05850956216454506 -0.05850956216454506 -0.05850956216454506 -0.05850956216454506 -0.05850956216454506 -0.05850956216454506 -0.05850956216454506 -0.05850956216454506 -0.05850956216454506 -0.05850956216454506 -0.04226274788379669 -0.04077873378992081 -0.036103036254644394 -0.028324037790298462 -0.028324037790298462 -0.026725415140390396 -0.02264440804719925 -0.005367745645344257 -0.003245469881221652 -0.0009619990596547723 -0.0008308114483952522 -0.00033600424649193883 -0.0002664094208739698
-0.05003288388252258 -0.05003288388252258 -0.05003288388252258 -0.05003288388252258 -0.05003288388252258 -0.05003288388252258 -0.05003288388252258 -0.05003288388252258 -0.05003288388252258 -0.05003288388252258 -0.05003288388252258 -0.05003288388252258 -0.05003288388252258 -0.05003288388252258 -0.05003288388252258 -0.05003288388252258 -0.05003288388252258 -0.05003288388252258 -0.05003288388252258 -0.05003288388252258 -0.05003288388252258 -0.05003288388252258 -0.05003288388252258 -0.05003288388252258 -0.05003288388252258 -0.05003288388252258 -0.05003288388252258 -0.05003288388252258 -0.05003288388252258 -0.05003288388252258 -0.05003288388252258 -0.04226274788379669 -0.04077873378992081 -0.036103036254644394 -0.028324037790298462 -0.028324037790298462 -0.026725415140390396 -0.02264440804719925 -0.005367745645344257 -0.003245469881221652 -0.0009619990596547723 -0.0008308114483952522 -0.00033600424649193883 -0.0002664094208739698
-0.04865218326449394 -0.04865218326449394 -0.04865218326449394 -0.04865218326449394 -0.04865218326449394 -0.04865218326449394 -0.04865218326449394 -0.04865218326449394 -0.04865218326449394 -0.04865218326449394 -0.04865218326449394 -0.04865218326449394 -0.04865218326449394 -0.04865218326449394 -0.04865218326449394 -0.04865218326449394 -0.04865218326449394 -0.04865218326449394 -0.04865218326449394 -0.04865218326449394 -0.04865218326449394 -0.04865218326449394 -0.04865218326449394 -0.04865218326449394 -0.04865218326449394 -0.04865218326449394 -0.04865218326449394 -0.04865218326449394 -0.04865218326449394 -0.04865218326449394 -0.04865218326449394 -0.04226274788379669 -0.04077873378992081 -0.036103036254644394 -0.028324037790298462 -0.028324037790298462 -0.026725415140390396 -0.02264440804719925 -0.005367745645344257 -0.003245469881221652 -0.0009619990596547723 -0.0008308114483952522 -0.00033600424649193883 -0.0002664094208739698
-0.04531519487500191 -0.04531519487500191 -0.04531519487500191 -0.04531519487500191 -0.04531519487500191 -0.04531519487500191 -0.04531519487500191 -0.04531519487500191 -0.04531519487500191 -0.04531519487500191 -0.04531519487500191 -0.04531519487500191 -0.04531519487500191 -0.04531519487500191 -0.04531519487500191 -0.04531519487500191 -0.04531519487500191 -0.04531519487500191 -0.04531519487500191 -0.04531519487500191 -0.04531519487500191 -0.04531519487500191 -0.04531519487500191 -0.04531519487500191 -0.04531519487500191 -0.04531519487500191 -0.04531519487500191 -0.04531519487500191 -0.04531519487500191 -0.04531519487500191 -0.04531519487500191 -0.04226274788379669 -0.04077873378992081 -0.036103036254644394 -0.028324037790298462 -0.028324037790298462 -0.026725415140390396 -0.02264440804719925 -0.005367745645344257 -0.003245469881221652 -0.0009619990596547723 -0.0008308114483952522 -0.00033600424649193883 -0.0002664094208739698
-0.042815860360860825 -0.042815860360860825 -0.042815860360860825 -0.042815860360860825 -0.042815860360860825 -0.042815860360860825 -0.042815860360860825 -0.042815860360860825 -0.042815860360860825 -0.042815860360860825 -0.042815860360860825 -0.042815860360860825 -0.042815860360860825 -0.042815860360860825 -0.042815860360860825 -0.042815860360860825 -0.042815860360860825 -0.042815860360860825 -0.042815860360860825 -0.042815860360860825 -0.042815860360860825 -0.042815860360860825 -0.042815860360860825 -0.042815860360860825 -0.042815860360860825 -0.042815860360860825 -0.042815860360860825 -0.042815860360860825 -0.042815860360860825 -0.042815860360860825 -0.042815860360860825 -0.04226274788379669 -0.04077873378992081 -0.036103036254644394 -0.028324037790298462 -0.028324037790298462 -0.026725415140390396 -0.02264440804719925 -0.005367745645344257 -0.003245469881221652 -0.0009619990596547723 -0.0008308114483952522 -0.00033600424649193883 -0.0002664094208739698
-0.024517687037587166 -0.024517687037587166 -0.024517687037587166 -0.024517687037587166 -0.024517687037587166 -0.024517687037587166 -0.024517687037587166 -0.024517687037587166 -0.024517687037587166 -0.024517687037587166 -0.024517687037587166 -0.024517687037587166 -0.024517687037587166 -0.024517687037587166 -0.024517687037587166 -0.024517687037587166 -0.024517687037587166 -0.024517687037587166 -0.024517687037587166 -0.024517687037587166 -0.024517687037587166 -0.024517687037587166 -0.024517687037587166 -0.024517687037587166 -0.024517687037587166 -0.024517687037587166 -0.024517687037587166 -0.024517687037587166 -0.024517687037587166 -0.024517687037587166 -0.024517687037587166 -0.024517687037587166 -0.024517687037587166 -0.024517687037587166 -0.024517687037587166 -0.024517687037587166 -0.024517687037587166 -0.024517687037587166 -0.014210824854671955 -0.003245469881221652 -0.000985178747214377 -0.0008634392870590091 -0.00033600424649193883 -0.0002664094208739698
-0.016145268455147743 -0.016145268455147743 -0.016145268455147743 -0.016145268455147743 -0.016145268455147743 -0.016145268455147743 -0.016145268455147743 -0.016145268455147743 -0.016145268455147743 -0.016145268455147743 -0.016145268455147743 -0.016145268455147743 -0.016145268455147743 -0.016145268455147743 -0.016145268455147743 -0.016145268455147743 -0.016145268455147743 -0.016145268455147743 -0.016145268455147743 -0.016145268455147743 -0.016145268455147743 -0.016145268455147743 -0.016145268455147743 -0.016145268455147743 -0.016145268455147743 -0.016145268455147743 -0.016145268455147743 -0.016145268455147743 -0.016145268455147743 -0.016145268455147743 -0.016145268455147743 -0.016145268455147743 -0.016145268455147743 -0.016145268455147743 -0.016145268455147743 -0.016145268455147743 -0.016145268455147743 -0.016145268455147743 -0.014210824854671955 -0.0032970283646136522 -0.000985178747214377 -0.0008634392870590091 -0.00033600424649193883 -0.0002664094208739698
-0.0017911980394273996 -0.0017911980394273996 -0.0017911980394273996 -0.0017911980394273996 -0.0017911980394273996 -0.0017911980394273996 -0.0017911980394273996 -0.0017911980394273996 -0.0017911980394273996 -0.0017911980394273996 -0.0017911980394273996 -0.0017911980394273996 -0.0017911980394273996 -0.0017911980394273996 -0.0017911980394273996 -0.0017911980394273996 -0.0017911980394273996 -0.0017911980394273996 -0.0017911980394273996 -0.0017911980394273996 -0.0017911980394273996 -0.0017911980394273996 -0.0017911980394273996 -0.0017911980394273996 -0.0017911980394273996 -0.0017911980394273996 -0.0017911980394273996 -0.0017911980394273996 -0.0017911980394273996 -0.0017911980394273996 -0.0017911980394273996 -0.0017911980394273996 -0.0017911980394273996 -0.0017911980394273996 -0.0017911980394273996 -0.0017911980394273996 -0.0017911980394273996 -0.0017911980394273996 -0.0017911980394273996 -0.0017911980394273996 -0.000985178747214377 -0.0008634392870590091 -0.00033600424649193883 -0.0002664094208739698
-0.0017764318035915494 -0.0017764318035915494 -0.0017764318035915494 -0.0017764318035915494 -0.0017764318035915494 -0.0017764318035915494 -0.0017764318035915494 -0.0017764318035915494 -0.0017764318035915494 -0.0017764318035915494 -0.0017764318035915494 -0.0017764318035915494 -0.0017764318035915494 -0.0017764318035915494 -0.0017764318035915494 -0.0017764318035915494 -0.0017764318035915494 -0.0017764318035915494 -0.0017764318035915494 -0.0017764318035915494 -0.0017764318035915494 -0.0017764318035915494 -0.0017764318035915494 -0.0017764318035915494 -0.0017764318035915494 -0.0017764318035915494 -0.0017764318035915494 -0.0017764318035915494 -0.0017764318035915494 -0.0017764318035915494 -0.0017764318035915494 -0.0017764318035915494 -0.0017764318035915494 -0.0017764318035915494 -0.0017764318035915494 -0.0017764318035915494 -0.0017764318035915494 -0.0017764318035915494 -0.0017764318035915494 -0.0017764318035915494 -0.0009619990596547723 -0.0008308114483952522 -0.00033600424649193883 -0.0002664094208739698
-0.001471515977755189 -0.001471515977755189 -0.001471515977755189 -0.001471515977755189 -0.001471515977755189 -0.001471515977755189 -0.001471515977755189 -0.001471515977755189 -0.001471515977755189 -0.001471515977755189 -0.001471515977755189 -0.001471515977755189 -0.001471515977755189 -0.001471515977755189 -0.001471515977755189 -0.001471515977755189 -0.001471515977755189 -0.001471515977755189 -0.001471515977755189 -0.001471515977755189 -0.001471515977755189 -0.001471515977755189 -0.001471515977755189 -0.001471515977755189 -0.001471515977755189 -0.001471515977755189 -0.001471515977755189 -0.001471515977755189 -0.001471515977755189 -0.001471515977755189 -0.001471515977755189 -0.001471515977755189 -0.001471515977755189 -0.001471515977755189 -0.001471515977755189 -0.001471515977755189 -0.001471515977755189 -0.001471515977755189 -0.001471515977755189 -0.001471515977755189 -0.0009619990596547723 -0.0008634392870590091 -0.00033600424649193883 -0.0002664094208739698
-0.0007887934916652739 -0.0007887934916652739 -0.0007887934916652739 -0.0007887934916652739 -0.0007887934916652739 -0.0007887934916652739 -0.0007887934916652739 -0.0007887934916652739 -0.0007887934916652739 -0.0007887934916652739 -0.0007887934916652739 -0.0007887934916652739 -0.0007887934916652739 -0.0007887934916652739 -0.0007887934916652739 -0.0007887934916652739 -0.0007887934916652739 -0.0007887934916652739 -0.0007887934916652739 -0.0007887934916652739 -0.0007887934916652739 -0.0007887934916652739 -0.0007887934916652739 -0.0007887934916652739 -0.0007887934916652739 -0.0007887934916652739 -0.0007887934916652739 -0.0007887934916652739 -0.0007887934916652739 -0.0007887934916652739 -0.0007887934916652739 -0.0007887934916652739 -0.0007887934916652739 -0.0007887934916652739 -0.0007887934916652739 -0.0007887934916652739 -0.0007887934916652739 -0.0007887934916652739 -0.0007887934916652739 -0.0007887934916652739 -0.0007887934916652739 -0.0007887934916652739 -0.0003723319969139993 -0.00027816317742690444
-0.0007703096489422023 -0.0007703096489422023 -0.0007703096489422023 -0.0007703096489422023 -0.0007703096489422023 -0.0007703096489422023 -0.0007703096489422023 -0.0007703096489422023 -0.0007703096489422023 -0.0007703096489422023 -0.0007703096489422023 -0.0007703096489422023 -0.0007703096489422023 -0.0007703096489422023 -0.0007703096489422023 -0.0007703096489422023 -0.0007703096489422023 -0.0007703096489422023 -0.0007703096489422023 -0.0007703096489422023 -0.0007703096489422023 -0.0007703096489422023 -0.0007703096489422023 -0.0007703096489422023 -0.0007703096489422023 -0.0007703096489422023 -0.0007703096489422023 -0.0007703096489422023 -0.0007703096489422023 -0.0007703096489422023 -0.0007703096489422023 -0.0007703096489422023 -0.0007703096489422023 -0.0007703096489422023 -0.0007703096489422023 -0.0007703096489422023 -0.0007703096489422023 -0.0007703096489422023 -0.0007703096489422023 -0.0007703096489422023 -0.0007703096489422023 -0.0007703096489422023 -0.0003723319969139993 -0.00027816317742690444
-0.0007125184056349099 -0.0007125184056349099 -0.0007125184056349099 -0.0007125184056349099 -0.0007125184056349099 -0.0007125184056349099 -0.0007125184056349099 -0.0007125184056349099 -0.0007125184056349099 -0.0007125184056349099 -0.0007125184056349099 -0.0007125184056349099 -0.0007125184056349099 -0.0007125184056349099 -0.0007125184056349099 -0.0007125184056349099 -0.0007125184056349099 -0.0007125184056349099 -0.0007125184056349099 -0.0007125184056349099 -0.0007125184056349099 -0.0007125184056349099 -0.0007125184056349099 -0.0007125184056349099 -0.0007125184056349099 -0.0007125184056349099 -0.0007125184056349099 -0.0007125184056349099 -0.0007125184056349099 -0.0007125184056349099 -0.0007125184056349099 -0.0007125184056349099 -0.0007125184056349099 -0.0007125184056349099 -0.0007125184056349099 -0.0007125184056349099 -0.0007125184056349099 -0.0007125184056349099 -0.0007125184056349099 -0.0007125184056349099 -0.0007125184056349099 -0.0007125184056349099 -0.0003723319969139993 -0.00027816317742690444
-0.0006804578006267548 -0.0006804578006267548 -0.0006804578006267548 -0.0006804578006267548 -0.0006804578006267548 -0.0006804578006267548 -0.0006804578006267548 -0.0006804578006267548 -0.0006804578006267548 -0.0006804578006267548 -0.0006804578006267548 -0.0006804578006267548 -0.0006804578006267548 -0.0006804578006267548 -0.0006804578006267548 -0.0006804578006267548 -0.0006804578006267548 -0.0006804578006267548 -0.0006804578006267548 -0.0006804578006267548 -0.0006804578006267548 -0.0006804578006267548 -0.0006804578006267548 -0.0006804578006267548 -0.0006804578006267548 -0.0006804578006267548 -0.0006804578006267548 -0.0006804578006267548 -0.0006804578006267548 -0.0006804578006267548 -0.0006804578006267548 -0.0006804578006267548 -0.0006804578006267548 -0.0006804578006267548 -0.0006804578006267548 -0.0006804578006267548 -0.0006804578006267548 -0.0006804578006267548 -0.0006804578006267548 -0.0006804578006267548 -0.0006804578006267548 -0.0006804578006267548 -0.0003723319969139993 -0.00027816317742690444