-0.5672623515129089 -0.5547893047332764 -0.5450852513313293 -0.4335419237613678 -0.3938695192337036 -0.13077637553215027 -0.13077637553215027 -0.13077637553215027 -0.3938695192337036 -0.13077637553215027 -0.13077637553215027 -0.35045677423477173 -0.19065213203430176 -0.19065213203430176 -0.19065213203430176 -0.19065213203430176 -0.13077637553215027 -0.19065213203430176 -0.13077637553215027 -0.19065213203430176 -0.13077637553215027 -0.13077637553215027 -0.19065213203430176 -0.19065213203430176 -0.19065213203430176 -0.18431222438812256 -0.16774003207683563 -0.13077637553215027 -0.18709281086921692 -0.18431222438812256 -0.12920399010181427 -0.17301736772060394 -0.12920399010181427 -0.17542514204978943 -0.15052007138729095 -0.08348725736141205 -0.08348725736141205 -0.062675841152668 -0.035062845796346664 -0.0029575892258435488 -0.0023774292785674334 -0.001963019371032715 -0.0012783055426552892 -0.000990282162092626 -0.000990282162092626 -0.0010826551588252187 -0.000794630846939981 -0.000990282162092626 -0.0006941705360077322 -0.0007446265080943704 -0.0007446265080943704 -0.000712122127879411
-0.4277589023113251 -0.5547893047332764 -0.5450852513313293 -0.4390336871147156 -0.4234939217567444 -0.13077637553215027 -0.13077637553215027 -0.13077637553215027 -0.3959192931652069 -0.13077637553215027 -0.13077637553215027 -0.35045677423477173 -0.19065213203430176 -0.19065213203430176 -0.19065213203430176 -0.19065213203430176 -0.13077637553215027 -0.19065213203430176 -0.13077637553215027 -0.19065213203430176 -0.13077637553215027 -0.13077637553215027 -0.19065213203430176 -0.19065213203430176 -0.19065213203430176 -0.18431222438812256 -0.16774003207683563 -0.13077637553215027 -0.18709281086921692 -0.18431222438812256 -0.12920399010181427 -0.17301736772060394 -0.12920399010181427 -0.17542514204978943 -0.15052007138729095 -0.08348725736141205 -0.08348725736141205 -0.062675841152668 -0.035062845796346664 -0.0029575892258435488 -0.0023774292785674334 -0.001963019371032715 -0.0012783055426552892 -0.000990282162092626 -0.000990282162092626 -0.0010826551588252187 -0.000794630846939981 -0.000990282162092626 -0.0006941705360077322 -0.0007446265080943704 -0.0007446265080943704 -0.000712122127879411
-0.5672623515129089 -0.5547893047332764 -0.5450852513313293 -0.4335419237613678 -0.3938695192337036 -0.13077637553215027 -0.13077637553215027 -0.13077637553215027 -0.3938695192337036 -0.13077637553215027 -0.13077637553215027 -0.35045677423477173 -0.19065213203430176 -0.19065213203430176 -0.19065213203430176 -0.19065213203430176 -0.13077637553215027 -0.19065213203430176 -0.13077637553215027 -0.19065213203430176 -0.13077637553215027 -0.13077637553215027 -0.19065213203430176 -0.19065213203430176 -0.19065213203430176 -0.18431222438812256 -0.16774003207683563 -0.13077637553215027 -0.18709281086921692 -0.18431222438812256 -0.12920399010181427 -0.17301736772060394 -0.12920399010181427 -0.17542514204978943 -0.15052007138729095 -0.08348725736141205 -0.08348725736141205 -0.062675841152668 -0.035062845796346664 -0.0029575892258435488 -0.0023774292785674334 -0.001963019371032715 -0.0012783055426552892 -0.000990282162092626 -0.000990282162092626 -0.0010826551588252187 -0.000794630846939981 -0.000990282162092626 -0.0006941705360077322 -0.0007446265080943704 -0.0007446265080943704 -0.000712122127879411
-0.13077637553215027 -0.13077637553215027 -0.13077637553215027 -0.13077637553215027 -0.13077637553215027 -0.24219420552253723 -0.24219420552253723 -0.24219420552253723 -0.13077637553215027 -0.24219420552253723 -0.24219420552253723 -0.13077637553215027 -0.13077637553215027 -0.13077637553215027 -0.13077637553215027 -0.13077637553215027 -0.24219420552253723 -0.13077637553215027 -0.29613935947418213 -0.13077637553215027 -0.27256616950035095 -0.24219420552253723 -0.13077637553215027 -0.13077637553215027 -0.13077637553215027 -0.13077637553215027 -0.13077637553215027 -0.17186638712882996 -0.13077637553215027 -0.13077637553215027 -0.17950142920017242 -0.13077637553215027 -0.17866407334804535 -0.13077637553215027 -0.13077637553215027 -0.08348725736141205 -0.08348725736141205 -0.062675841152668 -0.035062845796346664 -0.0030503857415169477 -0.0023774292785674334 -0.0020055174827575684 -0.0012844307348132133 -0.000990282162092626 -0.000990282162092626 -0.0011325725354254246 -0.000794630846939981 -0.000990282162092626 -0.0006941705360077322 -0.0007883887737989426 -0.000782817485742271 -0.0007333061657845974
-0.13077637553215027 -0.13077637553215027 -0.13077637553215027 -0.13077637553215027 -0.13077637553215027 -0.24219420552253723 -0.24219420552253723 -0.24219420552253723 -0.13077637553215027 -0.24219420552253723 -0.24219420552253723 -0.13077637553215027 -0.13077637553215027 -0.13077637553215027 -0.13077637553215027 -0.13077637553215027 -0.24219420552253723 -0.13077637553215027 -0.29613935947418213 -0.13077637553215027 -0.27256616950035095 -0.24219420552253723 -0.13077637553215027 -0.13077637553215027 -0.13077637553215027 -0.13077637553215027 -0.13077637553215027 -0.17186638712882996 -0.13077637553215027 -0.13077637553215027 -0.17950142920017242 -0.13077637553215027 -0.17866407334804535 -0.13077637553215027 -0.13077637553215027 -0.08348725736141205 -0.08348725736141205 -0.062675841152668 -0.035062845796346664 -0.0030503857415169477 -0.0023774292785674334 -0.0020055174827575684 -0.0012844307348132133 -0.000990282162092626 -0.000990282162092626 -0.0011325725354254246 -0.000794630846939981 -0.000990282162092626 -0.0006941705360077322 -0.0007883887737989426 -0.000782817485742271 -0.0007333061657845974
-0.13077637553215027 -0.13077637553215027 -0.13077637553215027 -0.13077637553215027 -0.13077637553215027 -0.19213305413722992 -0.19213305413722992 -0.19213305413722992 -0.13077637553215027 -0.19213305413722992 -0.19213305413722992 -0.13077637553215027 -0.13077637553215027 -0.13077637553215027 -0.13077637553215027 -0.13077637553215027 -0.19213305413722992 -0.13077637553215027 -0.29613935947418213 -0.13077637553215027 -0.27256616950035095 -0.19213305413722992 -0.13077637553215027 -0.13077637553215027 -0.13077637553215027 -0.13077637553215027 -0.13077637553215027 -0.17186638712882996 -0.13077637553215027 -0.13077637553215027 -0.17950142920017242 -0.13077637553215027 -0.17866407334804535 -0.13077637553215027 -0.13077637553215027 -0.08348725736141205 -0.08348725736141205 -0.062675841152668 -0.035062845796346664 -0.0030503857415169477 -0.0023774292785674334 -0.0020055174827575684 -0.0012844307348132133 -0.000990282162092626 -0.000990282162092626 -0.0011325725354254246 -0.000794630846939981 -0.000990282162092626 -0.0006941705360077322 -0.0007883887737989426 -0.000782817485742271 -0.0007333061657845974
-0.13077637553215027 -0.13077637553215027 -0.13077637553215027 -0.13077637553215027 -0.13077637553215027 -0.400587797164917 -0.3992850184440613 -0.39817023277282715 -0.13077637553215027 -0.39339154958724976 -0.387540727853775 -0.13077637553215027 -0.13077637553215027 -0.13077637553215027 -0.13077637553215027 -0.13077637553215027 -0.3137294352054596 -0.13077637553215027 -0.29613935947418213 -0.13077637553215027 -0.27256616950035095 -0.24219420552253723 -0.13077637553215027 -0.13077637553215027 -0.13077637553215027 -0.13077637553215027 -0.13077637553215027 -0.17186638712882996 -0.13077637553215027 -0.13077637553215027 -0.12920399010181427 -0.13077637553215027 -0.12920399010181427 -0.13077637553215027 -0.13077637553215027 -0.08348725736141205 -0.08348725736141205 -0.062675841152668 -0.035062845796346664 -0.0029575892258435488 -0.0023774292785674334 -0.001963019371032715 -0.0012783055426552892 -0.001263063633814454 -0.001152997137978673 -0.0010826551588252187 -0.0011140882270410657 -0.0011011005844920874 -0.0010723596205934882 -0.0007446265080943704 -0.0007446265080943704 -0.000712122127879411
-0.13077637553215027 -0.13077637553215027 -0.13077637553215027 -0.13077637553215027 -0.13077637553215027 -0.400587797164917 -0.3992850184440613 -0.39817023277282715 -0.13077637553215027 -0.39339154958724976 -0.387540727853775 -0.13077637553215027 -0.13077637553215027 -0.13077637553215027 -0.13077637553215027 -0.13077637553215027 -0.3137294352054596 -0.13077637553215027 -0.29613935947418213 -0.13077637553215027 -0.27256616950035095 -0.24219420552253723 -0.13077637553215027 -0.13077637553215027 -0.13077637553215027 -0.13077637553215027 -0.13077637553215027 -0.17186638712882996 -0.13077637553215027 -0.13077637553215027 -0.12920399010181427 -0.13077637553215027 -0.12920399010181427 -0.13077637553215027 -0.13077637553215027 -0.08348725736141205 -0.08348725736141205 -0.062675841152668 -0.035062845796346664 -0.0029575892258435488 -0.0023774292785674334 -0.001963019371032715 -0.0012783055426552892 -0.001263063633814454 -0.001152997137978673 -0.0010826551588252187 -0.0011140882270410657 -0.0011011005844920874 -0.0010723596205934882 -0.0007446265080943704 -0.0007446265080943704 -0.000712122127879411
-0.13077637553215027 -0.13077637553215027 -0.13077637553215027 -0.13077637553215027 -0.13077637553215027 -0.400587797164917 -0.3992850184440613 -0.39817023277282715 -0.13077637553215027 -0.39339154958724976 -0.387540727853775 -0.13077637553215027 -0.13077637553215027 -0.13077637553215027 -0.13077637553215027 -0.13077637553215027 -0.3137294352054596 -0.13077637553215027 -0.29613935947418213 -0.13077637553215027 -0.27256616950035095 -0.24219420552253723 -0.13077637553215027 -0.13077637553215027 -0.13077637553215027 -0.13077637553215027 -0.13077637553215027 -0.17186638712882996 -0.13077637553215027 -0.13077637553215027 -0.12920399010181427 -0.13077637553215027 -0.12920399010181427 -0.13077637553215027 -0.13077637553215027 -0.08348725736141205 -0.08348725736141205 -0.062675841152668 -0.035062845796346664 -0.0029575892258435488 -0.0023774292785674334 -0.001963019371032715 -0.0012783055426552892 -0.001263063633814454 -0.001152997137978673 -0.0010826551588252187 -0.0011140882270410657 -0.0011011005844920874 -0.0010723596205934882 -0.0007446265080943704 -0.0007446265080943704 -0.000712122127879411
-0.13077637553215027 -0.13077637553215027 -0.13077637553215027 -0.13077637553215027 -0.13077637553215027 -0.400587797164917 -0.3992850184440613 -0.39817023277282715 -0.13077637553215027 -0.39339154958724976 -0.387540727853775 -0.13077637553215027 -0.13077637553215027 -0.13077637553215027 -0.13077637553215027 -0.13077637553215027 -0.3137294352054596 -0.13077637553215027 -0.29613935947418213 -0.13077637553215027 -0.27256616950035095 -0.24513974785804749 -0.13077637553215027 -0.13077637553215027 -0.13077637553215027 -0.13077637553215027 -0.13077637553215027 -0.17186638712882996 -0.13077637553215027 -0.13077637553215027 -0.12920399010181427 -0.13077637553215027 -0.12920399010181427 -0.13077637553215027 -0.13077637553215027 -0.08348725736141205 -0.08348725736141205 -0.062675841152668 -0.035062845796346664 -0.0029575892258435488 -0.0023774292785674334 -0.001963019371032715 -0.0012783055426552892 -0.001263063633814454 -0.001152997137978673 -0.0010826551588252187 -0.0011140882270410657 -0.0011011005844920874 -0.0010723596205934882 -0.0007446265080943704 -0.0007446265080943704 -0.000712122127879411
-0.13077637553215027 -0.13077637553215027 -0.13077637553215027 -0.13077637553215027 -0.13077637553215027 -0.400587797164917 -0.3992850184440613 -0.39817023277282715 -0.13077637553215027 -0.39339154958724976 -0.387540727853775 -0.13077637553215027 -0.13077637553215027 -0.13077637553215027 -0.13077637553215027 -0.13077637553215027 -0.3137294352054596 -0.13077637553215027 -0.29613935947418213 -0.13077637553215027 -0.27256616950035095 -0.24219420552253723 -0.13077637553215027 -0.13077637553215027 -0.13077637553215027 -0.13077637553215027 -0.13077637553215027 -0.17186638712882996 -0.13077637553215027 -0.13077637553215027 -0.12920399010181427 -0.13077637553215027 -0.12920399010181427 -0.13077637553215027 -0.13077637553215027 -0.08348725736141205 -0.08348725736141205 -0.062675841152668 -0.035062845796346664 -0.0029575892258435488 -0.0023774292785674334 -0.001963019371032715 -0.0012783055426552892 -0.001263063633814454 -0.001152997137978673 -0.0010826551588252187 -0.0011140882270410657 -0.0011011005844920874 -0.0010723596205934882 -0.0007446265080943704 -0.0007446265080943704 -0.000712122127879411
-0.13077637553215027 -0.13077637553215027 -0.13077637553215027 -0.13077637553215027 -0.13077637553215027 -0.400587797164917 -0.3992850184440613 -0.39817023277282715 -0.13077637553215027 -0.39339154958724976 -0.387540727853775 -0.13077637553215027 -0.13077637553215027 -0.13077637553215027 -0.13077637553215027 -0.13077637553215027 -0.3137294352054596 -0.13077637553215027 -0.29613935947418213 -0.13077637553215027 -0.27256616950035095 -0.24513974785804749 -0.13077637553215027 -0.13077637553215027 -0.13077637553215027 -0.13077637553215027 -0.13077637553215027 -0.17186638712882996 -0.13077637553215027 -0.13077637553215027 -0.12920399010181427 -0.13077637553215027 -0.12920399010181427 -0.13077637553215027 -0.13077637553215027 -0.08348725736141205 -0.08348725736141205 -0.062675841152668 -0.035062845796346664 -0.0029575892258435488 -0.0023774292785674334 -0.001963019371032715 -0.0012783055426552892 -0.001263063633814454 -0.001152997137978673 -0.0010826551588252187 -0.0011140882270410657 -0.0011011005844920874 -0.0010723596205934882 -0.0007446265080943704 -0.0007446265080943704 -0.000712122127879411
-0.13077637553215027 -0.13077637553215027 -0.13077637553215027 -0.13077637553215027 -0.13077637553215027 -0.400587797164917 -0.3992850184440613 -0.39817023277282715 -0.13077637553215027 -0.39339154958724976 -0.387540727853775 -0.13077637553215027 -0.13077637553215027 -0.13077637553215027 -0.13077637553215027 -0.13077637553215027 -0.3137294352054596 -0.13077637553215027 -0.29613935947418213 -0.13077637553215027 -0.27256616950035095 -0.24513974785804749 -0.13077637553215027 -0.13077637553215027 -0.13077637553215027 -0.13077637553215027 -0.13077637553215027 -0.17186638712882996 -0.13077637553215027 -0.13077637553215027 -0.12920399010181427 -0.13077637553215027 -0.12920399010181427 -0.13077637553215027 -0.13077637553215027 -0.08348725736141205 -0.08348725736141205 -0.062675841152668 -0.035062845796346664 -0.0029575892258435488 -0.0023774292785674334 -0.001963019371032715 -0.0012783055426552892 -0.001263063633814454 -0.001152997137978673 -0.0010826551588252187 -0.0011140882270410657 -0.0011011005844920874 -0.0010723596205934882 -0.0007446265080943704 -0.0007446265080943704 -0.000712122127879411
-0.13077637553215027 -0.13077637553215027 -0.13077637553215027 -0.13077637553215027 -0.13077637553215027 -0.400587797164917 -0.3992850184440613 -0.39817023277282715 -0.13077637553215027 -0.39339154958724976 -0.387540727853775 -0.13077637553215027 -0.13077637553215027 -0.13077637553215027 -0.13077637553215027 -0.13077637553215027 -0.3137294352054596 -0.13077637553215027 -0.29613935947418213 -0.13077637553215027 -0.27256616950035095 -0.24513974785804749 -0.13077637553215027 -0.13077637553215027 -0.13077637553215027 -0.13077637553215027 -0.13077637553215027 -0.17186638712882996 -0.13077637553215027 -0.13077637553215027 -0.12920399010181427 -0.13077637553215027 -0.12920399010181427 -0.13077637553215027 -0.13077637553215027 -0.08348725736141205 -0.08348725736141205 -0.062675841152668 -0.035062845796346664 -0.0029575892258435488 -0.0023774292785674334 -0.001963019371032715 -0.0012783055426552892 -0.001263063633814454 -0.001152997137978673 -0.0010826551588252187 -0.0011140882270410657 -0.0011011005844920874 -0.0010723596205934882 -0.0007446265080943704 -0.0007446265080943704 -0.000712122127879411
-0.35045677423477173 -0.35045677423477173 -0.35045677423477173 -0.35045677423477173 -0.35045677423477173 -0.13077637553215027 -0.13077637553215027 -0.13077637553215027 -0.35045677423477173 -0.13077637553215027 -0.13077637553215027 -0.35045677423477173 -0.33779311180114746 -0.3367390036582947 -0.3322181701660156 -0.326842725276947 -0.13077637553215027 -0.23878709971904755 -0.13077637553215027 -0.23878709971904755 -0.13077637553215027 -0.13077637553215027 -0.2446269541978836 -0.23878709971904755 -0.2413385510444641 -0.2158622145652771 -0.16774003207683563 -0.13077637553215027 -0.1894124448299408 -0.1873703896999359 -0.12920399010181427 -0.17884650826454163 -0.12920399010181427 -0.17542514204978943 -0.15052007138729095 -0.08348725736141205 -0.08348725736141205 -0.062675841152668 -0.035062845796346664 -0.0029575892258435488 -0.0023774292785674334 -0.001963019371032715 -0.0012783055426552892 -0.000990282162092626 -0.000990282162092626 -0.0010826551588252187 -0.000794630846939981 -0.000990282162092626 -0.0006941705360077322 -0.0007446265080943704 -0.0007446265080943704 -0.000712122127879411
-0.19065213203430176 -0.19065213203430176 -0.19065213203430176 -0.19065213203430176 -0.19065213203430176 -0.13077637553215027 -0.13077637553215027 -0.13077637553215027 -0.19065213203430176 -0.13077637553215027 -0.13077637553215027 -0.19065213203430176 -0.20553210377693176 -0.20553210377693176 -0.20553210377693176 -0.20553210377693176 -0.13077637553215027 -0.3010440468788147 -0.13077637553215027 -0.29310670495033264 -0.13077637553215027 -0.13077637553215027 -0.20553210377693176 -0.23878709971904755 -0.20553210377693176 -0.18431222438812256 -0.16774003207683563 -0.13077637553215027 -0.18709281086921692 -0.18431222438812256 -0.12920399010181427 -0.17301736772060394 -0.12920399010181427 -0.17542514204978943 -0.15052007138729095 -0.09443574398756027 -0.09327024966478348 -0.062675841152668 -0.035062845796346664 -0.0029575892258435488 -0.0023774292785674334 -0.001963019371032715 -0.0012783055426552892 -0.000990282162092626 -0.000990282162092626 -0.0010826551588252187 -0.000794630846939981 -0.000990282162092626 -0.0006941705360077322 -0.0007446265080943704 -0.0007446265080943704 -0.000712122127879411
-0.35045677423477173 -0.35045677423477173 -0.35045677423477173 -0.35045677423477173 -0.35045677423477173 -0.13077637553215027 -0.13077637553215027 -0.13077637553215027 -0.35045677423477173 -0.13077637553215027 -0.13077637553215027 -0.35045677423477173 -0.30278801918029785 -0.30278801918029785 -0.30278801918029785 -0.30278801918029785 -0.13077637553215027 -0.3010440468788147 -0.13077637553215027 -0.29310670495033264 -0.13077637553215027 -0.13077637553215027 -0.2445184886455536 -0.23878709971904755 -0.23616959154605865 -0.18431222438812256 -0.16774003207683563 -0.13077637553215027 -0.18709281086921692 -0.18431222438812256 -0.12920399010181427 -0.17301736772060394 -0.12920399010181427 -0.17542514204978943 -0.15052007138729095 -0.08348725736141205 -0.08348725736141205 -0.062675841152668 -0.035062845796346664 -0.0029575892258435488 -0.0023774292785674334 -0.001963019371032715 -0.0012783055426552892 -0.000990282162092626 -0.000990282162092626 -0.0010826551588252187 -0.000794630846939981 -0.000990282162092626 -0.0006941705360077322 -0.0007446265080943704 -0.0007446265080943704 -0.000712122127879411
-0.35045677423477173 -0.35045677423477173 -0.35045677423477173 -0.35045677423477173 -0.35045677423477173 -0.13077637553215027 -0.13077637553215027 -0.13077637553215027 -0.35045677423477173 -0.13077637553215027 -0.13077637553215027 -0.35045677423477173 -0.33779311180114746 -0.3367390036582947 -0.3322181701660156 -0.326842725276947 -0.13077637553215027 -0.28342708945274353 -0.13077637553215027 -0.28342708945274353 -0.13077637553215027 -0.13077637553215027 -0.2446269541978836 -0.23878709971904755 -0.2413385510444641 -0.2158622145652771 -0.16774003207683563 -0.13077637553215027 -0.1894124448299408 -0.18842558562755585 -0.12920399010181427 -0.17884650826454163 -0.12920399010181427 -0.17542514204978943 -0.15052007138729095 -0.08348725736141205 -0.08348725736141205 -0.062675841152668 -0.035062845796346664 -0.0029575892258435488 -0.0023774292785674334 -0.001963019371032715 -0.0012783055426552892 -0.000990282162092626 -0.000990282162092626 -0.0010826551588252187 -0.000794630846939981 -0.000990282162092626 -0.0006941705360077322 -0.0007446265080943704 -0.0007446265080943704 -0.000712122127879411
-0.37477225065231323 -0.37477225065231323 -0.37477225065231323 -0.37477225065231323 -0.37477225065231323 -0.13077637553215027 -0.13077637553215027 -0.13077637553215027 -0.37477225065231323 -0.13077637553215027 -0.13077637553215027 -0.35045677423477173 -0.33060240745544434 -0.3367390036582947 -0.3322181701660156 -0.326842725276947 -0.13077637553215027 -0.20553210377693176 -0.13077637553215027 -0.20553210377693176 -0.13077637553215027 -0.13077637553215027 -0.2446269541978836 -0.20553210377693176 -0.2413385510444641 -0.18431222438812256 -0.16774003207683563 -0.13077637553215027 -0.18709281086921692 -0.18431222438812256 -0.12920399010181427 -0.17884650826454163 -0.12920399010181427 -0.17542514204978943 -0.15052007138729095 -0.08348725736141205 -0.08348725736141205 -0.06874362379312515 -0.03513892740011215 -0.0029575892258435488 -0.0023774292785674334 -0.001963019371032715 -0.0012783055426552892 -0.000990282162092626 -0.000990282162092626 -0.0010826551588252187 -0.000794630846939981 -0.000990282162092626 -0.0006941705360077322 -0.0007446265080943704 -0.0007446265080943704 -0.000712122127879411
-0.19065213203430176 -0.19065213203430176 -0.19065213203430176 -0.19065213203430176 -0.19065213203430176 -0.13077637553215027 -0.13077637553215027 -0.13077637553215027 -0.19065213203430176 -0.13077637553215027 -0.13077637553215027 -0.19065213203430176 -0.20553210377693176 -0.20553210377693176 -0.20553210377693176 -0.20553210377693176 -0.13077637553215027 -0.3010440468788147 -0.13077637553215027 -0.29310670495033264 -0.13077637553215027 -0.13077637553215027 -0.20553210377693176 -0.23878709971904755 -0.20553210377693176 -0.18431222438812256 -0.16774003207683563 -0.13077637553215027 -0.18709281086921692 -0.18431222438812256 -0.17828752100467682 -0.17301736772060394 -0.17828752100467682 -0.17542514204978943 -0.15052007138729095 -0.09443574398756027 -0.09327024966478348 -0.062675841152668 -0.035062845796346664 -0.0029575892258435488 -0.0023774292785674334 -0.001963019371032715 -0.0012783055426552892 -0.000990282162092626 -0.000990282162092626 -0.0010826551588252187 -0.000794630846939981 -0.000990282162092626 -0.0006941705360077322 -0.0007446265080943704 -0.0007446265080943704 -0.000712122127879411
-0.19065213203430176 -0.19065213203430176 -0.19065213203430176 -0.19065213203430176 -0.19065213203430176 -0.13077637553215027 -0.13077637553215027 -0.13077637553215027 -0.19065213203430176 -0.13077637553215027 -0.13077637553215027 -0.19065213203430176 -0.33779311180114746 -0.3367390036582947 -0.3322181701660156 -0.30278801918029785 -0.13077637553215027 -0.28342708945274353 -0.13077637553215027 -0.29310670495033264 -0.13077637553215027 -0.13077637553215027 -0.2445184886455536 -0.23878709971904755 -0.23616959154605865 -0.2158622145652771 -0.16774003207683563 -0.13077637553215027 -0.1894124448299408 -0.1873703896999359 -0.12920399010181427 -0.17301736772060394 -0.12920399010181427 -0.17542514204978943 -0.15052007138729095 -0.08348725736141205 -0.08348725736141205 -0.062675841152668 -0.035062845796346664 -0.0029575892258435488 -0.0023774292785674334 -0.001963019371032715 -0.0012783055426552892 -0.000990282162092626 -0.000990282162092626 -0.0010826551588252187 -0.000794630846939981 -0.000990282162092626 -0.0006941705360077322 -0.0007446265080943704 -0.0007446265080943704 -0.000712122127879411
-0.19065213203430176 -0.19065213203430176 -0.19065213203430176 -0.19065213203430176 -0.19065213203430176 -0.24219420552253723 -0.24219420552253723 -0.24219420552253723 -0.19065213203430176 -0.24219420552253723 -0.24219420552253723 -0.19065213203430176 -0.20553210377693176 -0.20553210377693176 -0.20553210377693176 -0.20553210377693176 -0.24219420552253723 -0.23878709971904755 -0.23856127262115479 -0.23878709971904755 -0.27256616950035095 -0.24219420552253723 -0.20553210377693176 -0.23878709971904755 -0.20553210377693176 -0.18431222438812256 -0.16774003207683563 -0.19027040898799896 -0.18709281086921692 -0.18431222438812256 -0.17950142920017242 -0.17301736772060394 -0.17866407334804535 -0.17542514204978943 -0.16792267560958862 -0.08348725736141205 -0.08348725736141205 -0.062675841152668 -0.035062845796346664 -0.0029575892258435488 -0.0023774292785674334 -0.001963019371032715 -0.0012783055426552892 -0.000990282162092626 -0.000990282162092626 -0.0010826551588252187 -0.000794630846939981 -0.000990282162092626 -0.0006941705360077322 -0.0007446265080943704 -0.0007446265080943704 -0.000712122127879411
-0.19065213203430176 -0.19065213203430176 -0.19065213203430176 -0.19065213203430176 -0.19065213203430176 -0.19213305413722992 -0.19213305413722992 -0.19213305413722992 -0.19065213203430176 -0.19213305413722992 -0.19213305413722992 -0.19065213203430176 -0.20553210377693176 -0.20553210377693176 -0.20553210377693176 -0.20553210377693176 -0.19213305413722992 -0.28342708945274353 -0.23856127262115479 -0.28342708945274353 -0.27256616950035095 -0.19213305413722992 -0.20553210377693176 -0.23878709971904755 -0.20553210377693176 -0.18431222438812256 -0.16774003207683563 -0.17186638712882996 -0.18709281086921692 -0.18431222438812256 -0.17950142920017242 -0.17301736772060394 -0.17866407334804535 -0.17542514204978943 -0.15052007138729095 -0.08348725736141205 -0.08348725736141205 -0.062675841152668 -0.035062845796346664 -0.0029575892258435488 -0.0023774292785674334 -0.001963019371032715 -0.0012783055426552892 -0.000990282162092626 -0.000990282162092626 -0.0010826551588252187 -0.000794630846939981 -0.000990282162092626 -0.0006941705360077322 -0.0007446265080943704 -0.0007446265080943704 -0.000712122127879411
-0.19065213203430176 -0.19065213203430176 -0.19065213203430176 -0.19065213203430176 -0.19065213203430176 -0.13077637553215027 -0.13077637553215027 -0.13077637553215027 -0.19065213203430176 -0.13077637553215027 -0.13077637553215027 -0.19065213203430176 -0.31943392753601074 -0.31943392753601074 -0.31943392753601074 -0.31943392753601074 -0.13077637553215027 -0.28342708945274353 -0.13077637553215027 -0.28342708945274353 -0.13077637553215027 -0.13077637553215027 -0.2446269541978836 -0.23878709971904755 -0.23616959154605865 -0.2158622145652771 -0.21294549107551575 -0.13077637553215027 -0.1894124448299408 -0.18842558562755585 -0.12920399010181427 -0.17301736772060394 -0.12920399010181427 -0.17798691987991333 -0.15052007138729095 -0.08348725736141205 -0.08348725736141205 -0.062675841152668 -0.035062845796346664 -0.0029575892258435488 -0.0023774292785674334 -0.001963019371032715 -0.0012783055426552892 -0.000990282162092626 -0.000990282162092626 -0.0010826551588252187 -0.000794630846939981 -0.000990282162092626 -0.0006941705360077322 -0.0007446265080943704 -0.0007446265080943704 -0.000712122127879411
-0.19065213203430176 -0.19065213203430176 -0.19065213203430176 -0.19065213203430176 -0.19065213203430176 -0.13077637553215027 -0.13077637553215027 -0.13077637553215027 -0.19065213203430176 -0.13077637553215027 -0.13077637553215027 -0.19065213203430176 -0.20553210377693176 -0.20553210377693176 -0.20553210377693176 -0.20553210377693176 -0.13077637553215027 -0.3010440468788147 -0.13077637553215027 -0.29310670495033264 -0.13077637553215027 -0.13077637553215027 -0.20553210377693176 -0.23878709971904755 -0.20553210377693176 -0.18431222438812256 -0.16774003207683563 -0.13077637553215027 -0.18709281086921692 -0.18431222438812256 -0.17828752100467682 -0.17301736772060394 -0.17828752100467682 -0.17542514204978943 -0.15052007138729095 -0.09443574398756027 -0.09327024966478348 -0.062675841152668 -0.035062845796346664 -0.0029575892258435488 -0.0023774292785674334 -0.001963019371032715 -0.0012783055426552892 -0.000990282162092626 -0.000990282162092626 -0.0010826551588252187 -0.000794630846939981 -0.000990282162092626 -0.0006941705360077322 -0.0007446265080943704 -0.0007446265080943704 -0.000712122127879411
-0.13077637553215027 -0.13077637553215027 -0.13077637553215027 -0.13077637553215027 -0.13077637553215027 -0.25208717584609985 -0.25208717584609985 -0.25208717584609985 -0.13077637553215027 -0.25208717584609985 -0.25208717584609985 -0.13077637553215027 -0.13077637553215027 -0.13077637553215027 -0.13077637553215027 -0.13077637553215027 -0.25208717584609985 -0.13077637553215027 -0.23856127262115479 -0.13077637553215027 -0.23856127262115479 -0.24513974785804749 -0.13077637553215027 -0.13077637553215027 -0.13077637553215027 -0.13077637553215027 -0.13077637553215027 -0.17186638712882996 -0.13077637553215027 -0.13077637553215027 -0.12920399010181427 -0.13077637553215027 -0.12920399010181427 -0.13077637553215027 -0.13077637553215027 -0.08348725736141205 -0.08348725736141205 -0.062675841152668 -0.035062845796346664 -0.0029575892258435488 -0.0023774292785674334 -0.001963019371032715 -0.0012783055426552892 -0.001263063633814454 -0.001152997137978673 -0.0010826551588252187 -0.0011140882270410657 -0.0011011005844920874 -0.0010723596205934882 -0.0007446265080943704 -0.0007446265080943704 -0.000712122127879411
-0.19065213203430176 -0.19065213203430176 -0.19065213203430176 -0.19065213203430176 -0.19065213203430176 -0.19213305413722992 -0.19213305413722992 -0.19213305413722992 -0.19065213203430176 -0.19213305413722992 -0.19213305413722992 -0.19065213203430176 -0.23760069906711578 -0.23760069906711578 -0.23760069906711578 -0.23760069906711578 -0.19213305413722992 -0.23760069906711578 -0.19213305413722992 -0.23760069906711578 -0.19213305413722992 -0.19213305413722992 -0.23760069906711578 -0.23760069906711578 -0.23616959154605865 -0.2158622145652771 -0.21294549107551575 -0.19027040898799896 -0.1894124448299408 -0.18842558562755585 -0.12920399010181427 -0.17301736772060394 -0.12920399010181427 -0.17798691987991333 -0.16792267560958862 -0.08348725736141205 -0.08348725736141205 -0.062675841152668 -0.035062845796346664 -0.0029575892258435488 -0.0023774292785674334 -0.001963019371032715 -0.0012783055426552892 -0.000990282162092626 -0.000990282162092626 -0.0010826551588252187 -0.000794630846939981 -0.000990282162092626 -0.0006941705360077322 -0.0007446265080943704 -0.0007446265080943704 -0.000712122127879411
-0.19065213203430176 -0.19065213203430176 -0.19065213203430176 -0.19065213203430176 -0.19065213203430176 -0.19213305413722992 -0.19213305413722992 -0.19213305413722992 -0.19065213203430176 -0.19213305413722992 -0.19213305413722992 -0.19065213203430176 -0.23615214228630066 -0.23615214228630066 -0.23615214228630066 -0.23615214228630066 -0.19213305413722992 -0.23615214228630066 -0.19213305413722992 -0.23615214228630066 -0.19213305413722992 -0.19213305413722992 -0.23615214228630066 -0.23615214228630066 -0.23615214228630066 -0.2158622145652771 -0.21294549107551575 -0.19027040898799896 -0.1894124448299408 -0.18842558562755585 -0.12920399010181427 -0.17301736772060394 -0.12920399010181427 -0.17798691987991333 -0.16792267560958862 -0.08348725736141205 -0.08348725736141205 -0.062675841152668 -0.035062845796346664 -0.0029575892258435488 -0.0023774292785674334 -0.001963019371032715 -0.0012783055426552892 -0.000990282162092626 -0.000990282162092626 -0.0010826551588252187 -0.000794630846939981 -0.000990282162092626 -0.0006941705360077322 -0.0007446265080943704 -0.0007446265080943704 -0.000712122127879411
-0.19065213203430176 -0.19065213203430176 -0.19065213203430176 -0.19065213203430176 -0.19065213203430176 -0.17186638712882996 -0.17186638712882996 -0.17186638712882996 -0.19065213203430176 -0.17186638712882996 -0.17186638712882996 -0.19065213203430176 -0.20553210377693176 -0.20553210377693176 -0.20553210377693176 -0.20553210377693176 -0.17186638712882996 -0.232072114944458 -0.17186638712882996 -0.232072114944458 -0.17186638712882996 -0.17186638712882996 -0.20553210377693176 -0.232072114944458 -0.20553210377693176 -0.18431222438812256 -0.16774003207683563 -0.17186638712882996 -0.18709281086921692 -0.18431222438812256 -0.17950142920017242 -0.17301736772060394 -0.17866407334804535 -0.17542514204978943 -0.15052007138729095 -0.09443574398756027 -0.09327024966478348 -0.062675841152668 -0.035062845796346664 -0.0029575892258435488 -0.0023774292785674334 -0.001963019371032715 -0.0012783055426552892 -0.000990282162092626 -0.000990282162092626 -0.0010826551588252187 -0.000794630846939981 -0.000990282162092626 -0.0006941705360077322 -0.0007883887737989426 -0.000782817485742271 -0.0007333061657845974
-0.19065213203430176 -0.19065213203430176 -0.19065213203430176 -0.19065213203430176 -0.19065213203430176 -0.13077637553215027 -0.13077637553215027 -0.13077637553215027 -0.19065213203430176 -0.13077637553215027 -0.13077637553215027 -0.19065213203430176 -0.19099196791648865 -0.19099196791648865 -0.19099196791648865 -0.19099196791648865 -0.13077637553215027 -0.19099196791648865 -0.13077637553215027 -0.19099196791648865 -0.13077637553215027 -0.13077637553215027 -0.19099196791648865 -0.19099196791648865 -0.19099196791648865 -0.18431222438812256 -0.16774003207683563 -0.13077637553215027 -0.18709281086921692 -0.18431222438812256 -0.17950142920017242 -0.17301736772060394 -0.17866407334804535 -0.17542514204978943 -0.15052007138729095 -0.09443574398756027 -0.09327024966478348 -0.062675841152668 -0.035062845796346664 -0.0029575892258435488 -0.0023774292785674334 -0.001963019371032715 -0.0012783055426552892 -0.000990282162092626 -0.000990282162092626 -0.0010826551588252187 -0.000794630846939981 -0.000990282162092626 -0.0006941705360077322 -0.0007883887737989426 -0.000782817485742271 -0.000712122127879411
-0.15650802850723267 -0.15650802850723267 -0.15650802850723267 -0.15650802850723267 -0.15650802850723267 -0.13077637553215027 -0.13077637553215027 -0.13077637553215027 -0.15650802850723267 -0.13077637553215027 -0.13077637553215027 -0.15650802850723267 -0.15650802850723267 -0.15650802850723267 -0.15650802850723267 -0.15650802850723267 -0.13077637553215027 -0.15650802850723267 -0.13077637553215027 -0.15650802850723267 -0.13077637553215027 -0.13077637553215027 -0.15650802850723267 -0.15650802850723267 -0.15650802850723267 -0.15650802850723267 -0.15650802850723267 -0.13077637553215027 -0.15650802850723267 -0.15650802850723267 -0.15650802850723267 -0.15650802850723267 -0.15650802850723267 -0.15650802850723267 -0.15052007138729095 -0.09443574398756027 -0.09327024966478348 -0.062675841152668 -0.035062845796346664 -0.0029575892258435488 -0.0023774292785674334 -0.001963019371032715 -0.0012783055426552892 -0.000990282162092626 -0.000990282162092626 -0.0010826551588252187 -0.000794630846939981 -0.000990282162092626 -0.0006941705360077322 -0.0007883887737989426 -0.000782817485742271 -0.000712122127879411
-0.09769696742296219 -0.09769696742296219 -0.09769696742296219 -0.09769696742296219 -0.09769696742296219 -0.09769696742296219 -0.09769696742296219 -0.09769696742296219 -0.09769696742296219 -0.09769696742296219 -0.09769696742296219 -0.09769696742296219 -0.09769696742296219 -0.09769696742296219 -0.09769696742296219 -0.09769696742296219 -0.09769696742296219 -0.09769696742296219 -0.09769696742296219 -0.09769696742296219 -0.09769696742296219 -0.09769696742296219 -0.09769696742296219 -0.09769696742296219 -0.09769696742296219 -0.09769696742296219 -0.09769696742296219 -0.09769696742296219 -0.09769696742296219 -0.09769696742296219 -0.09769696742296219 -0.09769696742296219 -0.09769696742296219 -0.09769696742296219 -0.09769696742296219 -0.08348725736141205 -0.08348725736141205 -0.062675841152668 -0.035062845796346664 -0.0029575892258435488 -0.0023774292785674334 -0.001963019371032715 -0.0012783055426552892 -0.000990282162092626 -0.000990282162092626 -0.0010826551588252187 -0.000794630846939981 -0.000990282162092626 -0.0006941705360077322 -0.0007446265080943704 -0.0007446265080943704 -0.000712122127879411
-0.09384474158287048 -0.09384474158287048 -0.09384474158287048 -0.09384474158287048 -0.09384474158287048 -0.09384474158287048 -0.09384474158287048 -0.09384474158287048 -0.09384474158287048 -0.09384474158287048 -0.09384474158287048 -0.09384474158287048 -0.09384474158287048 -0.09384474158287048 -0.09384474158287048 -0.09384474158287048 -0.09384474158287048 -0.09384474158287048 -0.09384474158287048 -0.09384474158287048 -0.09384474158287048 -0.09384474158287048 -0.09384474158287048 -0.09384474158287048 -0.09384474158287048 -0.09384474158287048 -0.09384474158287048 -0.09384474158287048 -0.09384474158287048 -0.09384474158287048 -0.09384474158287048 -0.09384474158287048 -0.09384474158287048 -0.09384474158287048 -0.09384474158287048 -0.08348725736141205 -0.08348725736141205 -0.062675841152668 -0.035062845796346664 -0.0029575892258435488 -0.0023774292785674334 -0.001963019371032715 -0.0012783055426552892 -0.000990282162092626 -0.000990282162092626 -0.0010826551588252187 -0.000794630846939981 -0.000990282162092626 -0.0006941705360077322 -0.0007446265080943704 -0.0007446265080943704 -0.000712122127879411
-0.09211678057909012 -0.09211678057909012 -0.09211678057909012 -0.09211678057909012 -0.09211678057909012 -0.09211678057909012 -0.09211678057909012 -0.09211678057909012 -0.09211678057909012 -0.09211678057909012 -0.09211678057909012 -0.09211678057909012 -0.09211678057909012 -0.09211678057909012 -0.09211678057909012 -0.09211678057909012 -0.09211678057909012 -0.09211678057909012 -0.09211678057909012 -0.09211678057909012 -0.09211678057909012 -0.09211678057909012 -0.09211678057909012 -0.09211678057909012 -0.09211678057909012 -0.09211678057909012 -0.09211678057909012 -0.09211678057909012 -0.09211678057909012 -0.09211678057909012 -0.09211678057909012 -0.09211678057909012 -0.09211678057909012 -0.09211678057909012 -0.09211678057909012 -0.08348725736141205 -0.08348725736141205 -0.062675841152668 -0.035062845796346664 -0.0029575892258435488 -0.0023774292785674334 -0.001963019371032715 -0.0012783055426552892 -0.000990282162092626 -0.000990282162092626 -0.0010826551588252187 -0.000794630846939981 -0.000990282162092626 -0.0006941705360077322 -0.0007446265080943704 -0.0007446265080943704 -0.000712122127879411
-0.0814199298620224 -0.0814199298620224 -0.0814199298620224 -0.0814199298620224 -0.0814199298620224 -0.0814199298620224 -0.0814199298620224 -0.0814199298620224 -0.0814199298620224 -0.0814199298620224 -0.0814199298620224 -0.0814199298620224 -0.0814199298620224 -0.0814199298620224 -0.0814199298620224 -0.0814199298620224 -0.0814199298620224 -0.0814199298620224 -0.0814199298620224 -0.0814199298620224 -0.0814199298620224 -0.0814199298620224 -0.0814199298620224 -0.0814199298620224 -0.0814199298620224 -0.0814199298620224 -0.0814199298620224 -0.0814199298620224 -0.0814199298620224 -0.0814199298620224 -0.0814199298620224 -0.0814199298620224 -0.0814199298620224 -0.0814199298620224 -0.0814199298620224 -0.0814199298620224 -0.0814199298620224 -0.062675841152668 -0.035062845796346664 -0.0029575892258435488 -0.0023774292785674334 -0.001963019371032715 -0.0012783055426552892 -0.000990282162092626 -0.000990282162092626 -0.0010826551588252187 -0.000794630846939981 -0.000990282162092626 -0.0006941705360077322 -0.0007446265080943704 -0.0007446265080943704 -0.000712122127879411
-0.07515091449022293 -0.07515091449022293 -0.07515091449022293 -0.07515091449022293 -0.07515091449022293 -0.07515091449022293 -0.07515091449022293 -0.07515091449022293 -0.07515091449022293 -0.07515091449022293 -0.07515091449022293 -0.07515091449022293 -0.07515091449022293 -0.07515091449022293 -0.07515091449022293 -0.07515091449022293 -0.07515091449022293 -0.07515091449022293 -0.07515091449022293 -0.07515091449022293 -0.07515091449022293 -0.07515091449022293 -0.07515091449022293 -0.07515091449022293 -0.07515091449022293 -0.07515091449022293 -0.07515091449022293 -0.07515091449022293 -0.07515091449022293 -0.07515091449022293 -0.07515091449022293 -0.07515091449022293 -0.07515091449022293 -0.07515091449022293 -0.07515091449022293 -0.07515091449022293 -0.07515091449022293 -0.06874362379312515 -0.03513892740011215 -0.0029575892258435488 -0.003002873854711652 -0.001963019371032715 -0.0012783055426552892 -0.000990282162092626 -0.000990282162092626 -0.0010826551588252187 -0.000794630846939981 -0.000990282162092626 -0.0006941705360077322 -0.0007446265080943704 -0.0007446265080943704 -0.000712122127879411
-0.07378347963094711 -0.07378347963094711 -0.07378347963094711 -0.07378347963094711 -0.07378347963094711 -0.07378347963094711 -0.07378347963094711 -0.07378347963094711 -0.07378347963094711 -0.07378347963094711 -0.07378347963094711 -0.07378347963094711 -0.07378347963094711 -0.07378347963094711 -0.07378347963094711 -0.07378347963094711 -0.07378347963094711 -0.07378347963094711 -0.07378347963094711 -0.07378347963094711 -0.07378347963094711 -0.07378347963094711 -0.07378347963094711 -0.07378347963094711 -0.07378347963094711 -0.07378347963094711 -0.07378347963094711 -0.07378347963094711 -0.07378347963094711 -0.07378347963094711 -0.07378347963094711 -0.07378347963094711 -0.07378347963094711 -0.07378347963094711 -0.07378347963094711 -0.07378347963094711 -0.07378347963094711 -0.062675841152668 -0.035062845796346664 -0.0029575892258435488 -0.0023774292785674334 -0.001963019371032715 -0.0012783055426552892 -0.000990282162092626 -0.000990282162092626 -0.0010826551588252187 -0.000794630846939981 -0.000990282162092626 -0.0006941705360077322 -0.0007446265080943704 -0.0007446265080943704 -0.000712122127879411
-0.06570110470056534 -0.06570110470056534 -0.06570110470056534 -0.06570110470056534 -0.06570110470056534 -0.06570110470056534 -0.06570110470056534 -0.06570110470056534 -0.06570110470056534 -0.06570110470056534 -0.06570110470056534 -0.06570110470056534 -0.06570110470056534 -0.06570110470056534 -0.06570110470056534 -0.06570110470056534 -0.06570110470056534 -0.06570110470056534 -0.06570110470056534 -0.06570110470056534 -0.06570110470056534 -0.06570110470056534 -0.06570110470056534 -0.06570110470056534 -0.06570110470056534 -0.06570110470056534 -0.06570110470056534 -0.06570110470056534 -0.06570110470056534 -0.06570110470056534 -0.06570110470056534 -0.06570110470056534 -0.06570110470056534 -0.06570110470056534 -0.06570110470056534 -0.06570110470056534 -0.06570110470056534 -0.062675841152668 -0.035062845796346664 -0.0029575892258435488 -0.0023774292785674334 -0.001963019371032715 -0.0012783055426552892 -0.000990282162092626 -0.000990282162092626 -0.0010826551588252187 -0.000794630846939981 -0.000990282162092626 -0.0006941705360077322 -0.0007446265080943704 -0.0007446265080943704 -0.000712122127879411
-0.06045101583003998 -0.06045101583003998 -0.06045101583003998 -0.06045101583003998 -0.06045101583003998 -0.06045101583003998 -0.06045101583003998 -0.06045101583003998 -0.06045101583003998 -0.06045101583003998 -0.06045101583003998 -0.06045101583003998 -0.06045101583003998 -0.06045101583003998 -0.06045101583003998 -0.06045101583003998 -0.06045101583003998 -0.06045101583003998 -0.06045101583003998 -0.06045101583003998 -0.06045101583003998 -0.06045101583003998 -0.06045101583003998 -0.06045101583003998 -0.06045101583003998 -0.06045101583003998 -0.06045101583003998 -0.06045101583003998 -0.06045101583003998 -0.06045101583003998 -0.06045101583003998 -0.06045101583003998 -0.06045101583003998 -0.06045101583003998 -0.06045101583003998 -0.06045101583003998 -0.06045101583003998 -0.06045101583003998 -0.035062845796346664 -0.0029575892258435488 -0.0023774292785674334 -0.001963019371032715 -0.0012783055426552892 -0.000990282162092626 -0.000990282162092626 -0.0010826551588252187 -0.000794630846939981 -0.000990282162092626 -0.0006941705360077322 -0.0007446265080943704 -0.0007446265080943704 -0.000712122127879411
-0.05850956216454506 -0.05850956216454506 -0.05850956216454506 -0.05850956216454506 -0.05850956216454506 -0.05850956216454506 -0.05850956216454506 -0.05850956216454506 -0.05850956216454506 -0.05850956216454506 -0.05850956216454506 -0.05850956216454506 -0.05850956216454506 -0.05850956216454506 -0.05850956216454506 -0.05850956216454506 -0.05850956216454506 -0.05850956216454506 -0.05850956216454506 -0.05850956216454506 -0.05850956216454506 -0.05850956216454506 -0.05850956216454506 -0.05850956216454506 -0.05850956216454506 -0.05850956216454506 -0.05850956216454506 -0.05850956216454506 -0.05850956216454506 -0.05850956216454506 -0.05850956216454506 -0.05850956216454506 -0.05850956216454506 -0.05850956216454506 -0.05850956216454506 -0.05850956216454506 -0.05850956216454506 -0.05850956216454506 -0.035062845796346664 -0.0029575892258435488 -0.0023774292785674334 -0.001963019371032715 -0.0012783055426552892 -0.000990282162092626 -0.000990282162092626 -0.0010826551588252187 -0.000794630846939981 -0.000990282162092626 -0.0006941705360077322 -0.0007446265080943704 -0.0007446265080943704 -0.000712122127879411
-0.05003288388252258 -0.05003288388252258 -0.05003288388252258 -0.05003288388252258 -0.05003288388252258 -0.05003288388252258 -0.05003288388252258 -0.05003288388252258 -0.05003288388252258 -0.05003288388252258 -0.05003288388252258 -0.05003288388252258 -0.05003288388252258 -0.05003288388252258 -0.05003288388252258 -0.05003288388252258 -0.05003288388252258 -0.05003288388252258 -0.05003288388252258 -0.05003288388252258 -0.05003288388252258 -0.05003288388252258 -0.05003288388252258 -0.05003288388252258 -0.05003288388252258 -0.05003288388252258 -0.05003288388252258 -0.05003288388252258 -0.05003288388252258 -0.05003288388252258 -0.05003288388252258 -0.05003288388252258 -0.05003288388252258 -0.05003288388252258 -0.05003288388252258 -0.05003288388252258 -0.05003288388252258 -0.05003288388252258 -0.035062845796346664 -0.0029575892258435488 -0.0023774292785674334 -0.001963019371032715 -0.0012783055426552892 -0.000990282162092626 -0.000990282162092626 -0.0010826551588252187 -0.000794630846939981 -0.000990282162092626 -0.0006941705360077322 -0.0007446265080943704 -0.0007446265080943704 -0.000712122127879411
-0.04865218326449394 -0.04865218326449394 -0.04865218326449394 -0.04865218326449394 -0.04865218326449394 -0.04865218326449394 -0.04865218326449394 -0.04865218326449394 -0.04865218326449394 -0.04865218326449394 -0.04865218326449394 -0.04865218326449394 -0.04865218326449394 -0.04865218326449394 -0.04865218326449394 -0.04865218326449394 -0.04865218326449394 -0.04865218326449394 -0.04865218326449394 -0.04865218326449394 -0.04865218326449394 -0.04865218326449394 -0.04865218326449394 -0.04865218326449394 -0.04865218326449394 -0.04865218326449394 -0.04865218326449394 -0.04865218326449394 -0.04865218326449394 -0.04865218326449394 -0.04865218326449394 -0.04865218326449394 -0.04865218326449394 -0.04865218326449394 -0.04865218326449394 -0.04865218326449394 -0.04865218326449394 -0.04865218326449394 -0.03513892740011215 -0.0029575892258435488 -0.003002873854711652 -0.001963019371032715 -0.0012783055426552892 -0.000990282162092626 -0.000990282162092626 -0.0010826551588252187 -0.000794630846939981 -0.000990282162092626 -0.0006941705360077322 -0.0007446265080943704 -0.0007446265080943704 -0.000712122127879411
-0.04531519487500191 -0.04531519487500191 -0.04531519487500191 -0.04531519487500191 -0.04531519487500191 -0.04531519487500191 -0.04531519487500191 -0.04531519487500191 -0.04531519487500191 -0.04531519487500191 -0.04531519487500191 -0.04531519487500191 -0.04531519487500191 -0.04531519487500191 -0.04531519487500191 -0.04531519487500191 -0.04531519487500191 -0.04531519487500191 -0.04531519487500191 -0.04531519487500191 -0.04531519487500191 -0.04531519487500191 -0.04531519487500191 -0.04531519487500191 -0.04531519487500191 -0.04531519487500191 -0.04531519487500191 -0.04531519487500191 -0.04531519487500191 -0.04531519487500191 -0.04531519487500191 -0.04531519487500191 -0.04531519487500191 -0.04531519487500191 -0.04531519487500191 -0.04531519487500191 -0.04531519487500191 -0.04531519487500191 -0.035062845796346664 -0.0029575892258435488 -0.0023774292785674334 -0.001963019371032715 -0.0012783055426552892 -0.000990282162092626 -0.000990282162092626 -0.0010826551588252187 -0.000794630846939981 -0.000990282162092626 -0.0006941705360077322 -0.0007446265080943704 -0.0007446265080943704 -0.000712122127879411
-0.042815860360860825 -0.042815860360860825 -0.042815860360860825 -0.042815860360860825 -0.042815860360860825 -0.042815860360860825 -0.042815860360860825 -0.042815860360860825 -0.042815860360860825 -0.042815860360860825 -0.042815860360860825 -0.042815860360860825 -0.042815860360860825 -0.042815860360860825 -0.042815860360860825 -0.042815860360860825 -0.042815860360860825 -0.042815860360860825 -0.042815860360860825 -0.042815860360860825 -0.042815860360860825 -0.042815860360860825 -0.042815860360860825 -0.042815860360860825 -0.042815860360860825 -0.042815860360860825 -0.042815860360860825 -0.042815860360860825 -0.042815860360860825 -0.042815860360860825 -0.042815860360860825 -0.042815860360860825 -0.042815860360860825 -0.042815860360860825 -0.042815860360860825 -0.042815860360860825 -0.042815860360860825 -0.042815860360860825 -0.035062845796346664 -0.0029575892258435488 -0.0023774292785674334 -0.001963019371032715 -0.0012783055426552892 -0.000990282162092626 -0.000990282162092626 -0.0010826551588252187 -0.000794630846939981 -0.000990282162092626 -0.0006941705360077322 -0.0007446265080943704 -0.0007446265080943704 -0.000712122127879411
-0.024517687037587166 -0.024517687037587166 -0.024517687037587166 -0.024517687037587166 -0.024517687037587166 -0.024517687037587166 -0.024517687037587166 -0.024517687037587166 -0.024517687037587166 -0.024517687037587166 -0.024517687037587166 -0.024517687037587166 -0.024517687037587166 -0.024517687037587166 -0.024517687037587166 -0.024517687037587166 -0.024517687037587166 -0.024517687037587166 -0.024517687037587166 -0.024517687037587166 -0.024517687037587166 -0.024517687037587166 -0.024517687037587166 -0.024517687037587166 -0.024517687037587166 -0.024517687037587166 -0.024517687037587166 -0.024517687037587166 -0.024517687037587166 -0.024517687037587166 -0.024517687037587166 -0.024517687037587166 -0.024517687037587166 -0.024517687037587166 -0.024517687037587166 -0.024517687037587166 -0.024517687037587166 -0.024517687037587166 -0.024517687037587166 -0.0029575892258435488 -0.0023774292785674334 -0.001963019371032715 -0.0012783055426552892 -0.000990282162092626 -0.000990282162092626 -0.0011325725354254246 -0.000794630846939981 -0.000990282162092626 -0.0006941705360077322 -0.0007883887737989426 -0.000782817485742271 -0.0007333061657845974
-0.016145268455147743 -0.016145268455147743 -0.016145268455147743 -0.016145268455147743 -0.016145268455147743 -0.016145268455147743 -0.016145268455147743 -0.016145268455147743 -0.016145268455147743 -0.016145268455147743 -0.016145268455147743 -0.016145268455147743 -0.016145268455147743 -0.016145268455147743 -0.016145268455147743 -0.016145268455147743 -0.016145268455147743 -0.016145268455147743 -0.016145268455147743 -0.016145268455147743 -0.016145268455147743 -0.016145268455147743 -0.016145268455147743 -0.016145268455147743 -0.016145268455147743 -0.016145268455147743 -0.016145268455147743 -0.016145268455147743 -0.016145268455147743 -0.016145268455147743 -0.016145268455147743 -0.016145268455147743 -0.016145268455147743 -0.016145268455147743 -0.016145268455147743 -0.016145268455147743 -0.016145268455147743 -0.016145268455147743 -0.016145268455147743 -0.0030503857415169477 -0.0023774292785674334 -0.0020055174827575684 -0.0012844307348132133 -0.000990282162092626 -0.000990282162092626 -0.0011325725354254246 -0.000794630846939981 -0.000990282162092626 -0.0006941705360077322 -0.0007883887737989426 -0.000782817485742271 -0.0007333061657845974
-0.0017911980394273996 -0.0017911980394273996 -0.0017911980394273996 -0.0017911980394273996 -0.0017911980394273996 -0.0017911980394273996 -0.0017911980394273996 -0.0017911980394273996 -0.0017911980394273996 -0.0017911980394273996 -0.0017911980394273996 -0.0017911980394273996 -0.0017911980394273996 -0.0017911980394273996 -0.0017911980394273996 -0.0017911980394273996 -0.0017911980394273996 -0.0017911980394273996 -0.0017911980394273996 -0.0017911980394273996 -0.0017911980394273996 -0.0017911980394273996 -0.0017911980394273996 -0.0017911980394273996 -0.0017911980394273996 -0.0017911980394273996 -0.0017911980394273996 -0.0017911980394273996 -0.0017911980394273996 -0.0017911980394273996 -0.0017911980394273996 -0.0017911980394273996 -0.0017911980394273996 -0.0017911980394273996 -0.0017911980394273996 -0.0017911980394273996 -0.0017911980394273996 -0.0017911980394273996 -0.0017911980394273996 -0.0017911980394273996 -0.0017911980394273996 -0.0017911980394273996 -0.0012844307348132133 -0.000990282162092626 -0.000990282162092626 -0.0011325725354254246 -0.000794630846939981 -0.000990282162092626 -0.0006941705360077322 -0.0007883887737989426 -0.000782817485742271 -0.0007333061657845974
-0.0017764318035915494 -0.0017764318035915494 -0.0017764318035915494 -0.0017764318035915494 -0.0017764318035915494 -0.0017764318035915494 -0.0017764318035915494 -0.0017764318035915494 -0.0017764318035915494 -0.0017764318035915494 -0.0017764318035915494 -0.0017764318035915494 -0.0017764318035915494 -0.0017764318035915494 -0.0017764318035915494 -0.0017764318035915494 -0.0017764318035915494 -0.0017764318035915494 -0.0017764318035915494 -0.0017764318035915494 -0.0017764318035915494 -0.0017764318035915494 -0.0017764318035915494 -0.0017764318035915494 -0.0017764318035915494 -0.0017764318035915494 -0.0017764318035915494 -0.0017764318035915494 -0.0017764318035915494 -0.0017764318035915494 -0.0017764318035915494 -0.0017764318035915494 -0.0017764318035915494 -0.0017764318035915494 -0.0017764318035915494 -0.0017764318035915494 -0.0017764318035915494 -0.0017764318035915494 -0.0017764318035915494 -0.0017764318035915494 -0.0017764318035915494 -0.0017764318035915494 -0.0012844307348132133 -0.000990282162092626 -0.000990282162092626 -0.0011325725354254246 -0.000794630846939981 -0.000990282162092626 -0.0006941705360077322 -0.0007446265080943704 -0.0007446265080943704 -0.000712122127879411
-0.001471515977755189 -0.001471515977755189 -0.001471515977755189 -0.001471515977755189 -0.001471515977755189 -0.001471515977755189 -0.001471515977755189 -0.001471515977755189 -0.001471515977755189 -0.001471515977755189 -0.001471515977755189 -0.001471515977755189 -0.001471515977755189 -0.001471515977755189 -0.001471515977755189 -0.001471515977755189 -0.001471515977755189 -0.001471515977755189 -0.001471515977755189 -0.001471515977755189 -0.001471515977755189 -0.001471515977755189 -0.001471515977755189 -0.001471515977755189 -0.001471515977755189 -0.001471515977755189 -0.001471515977755189 -0.001471515977755189 -0.001471515977755189 -0.001471515977755189 -0.001471515977755189 -0.001471515977755189 -0.001471515977755189 -0.001471515977755189 -0.001471515977755189 -0.001471515977755189 -0.001471515977755189 -0.001471515977755189 -0.001471515977755189 -0.001471515977755189 -0.001471515977755189 -0.001471515977755189 -0.0012844307348132133 -0.000990282162092626 -0.000990282162092626 -0.0011325725354254246 -0.000794630846939981 -0.000990282162092626 -0.0006941705360077322 -0.0007667658501304686 -0.000782817485742271 -0.0007333061657845974
-0.0007887934916652739 -0.0007887934916652739 -0.0007887934916652739 -0.0007887934916652739 -0.0007887934916652739 -0.0007887934916652739 -0.0007887934916652739 -0.0007887934916652739 -0.0007887934916652739 -0.0007887934916652739 -0.0007887934916652739 -0.0007887934916652739 -0.0007887934916652739 -0.0007887934916652739 -0.0007887934916652739 -0.0007887934916652739 -0.0007887934916652739 -0.0007887934916652739 -0.0007887934916652739 -0.0007887934916652739 -0.0007887934916652739 -0.0007887934916652739 -0.0007887934916652739 -0.0007887934916652739 -0.0007887934916652739 -0.0007887934916652739 -0.0007887934916652739 -0.0007887934916652739 -0.0007887934916652739 -0.0007887934916652739 -0.0007887934916652739 -0.0007887934916652739 -0.0007887934916652739 -0.0007887934916652739 -0.0007887934916652739 -0.0007887934916652739 -0.0007887934916652739 -0.0007887934916652739 -0.0007887934916652739 -0.0007887934916652739 -0.0007887934916652739 -0.0007887934916652739 -0.0007887934916652739 -0.0007887934916652739 -0.0007887934916652739 -0.0007887934916652739 -0.0007887934916652739 -0.0007887934916652739 -0.0007887934916652739 -0.0007446265080943704 -0.0007446265080943704 -0.000712122127879411
-0.0007703096489422023 -0.0007703096489422023 -0.0007703096489422023 -0.0007703096489422023 -0.0007703096489422023 -0.0007703096489422023 -0.0007703096489422023 -0.0007703096489422023 -0.0007703096489422023 -0.0007703096489422023 -0.0007703096489422023 -0.0007703096489422023 -0.0007703096489422023 -0.0007703096489422023 -0.0007703096489422023 -0.0007703096489422023 -0.0007703096489422023 -0.0007703096489422023 -0.0007703096489422023 -0.0007703096489422023 -0.0007703096489422023 -0.0007703096489422023 -0.0007703096489422023 -0.0007703096489422023 -0.0007703096489422023 -0.0007703096489422023 -0.0007703096489422023 -0.0007703096489422023 -0.0007703096489422023 -0.0007703096489422023 -0.0007703096489422023 -0.0007703096489422023 -0.0007703096489422023 -0.0007703096489422023 -0.0007703096489422023 -0.0007703096489422023 -0.0007703096489422023 -0.0007703096489422023 -0.0007703096489422023 -0.0007703096489422023 -0.0007703096489422023 -0.0007703096489422023 -0.0007703096489422023 -0.0007703096489422023 -0.0007703096489422023 -0.0007703096489422023 -0.0007703096489422023 -0.0007703096489422023 -0.0007703096489422023 -0.0007446265080943704 -0.0007446265080943704 -0.000712122127879411
-0.0007125184056349099 -0.0007125184056349099 -0.0007125184056349099 -0.0007125184056349099 -0.0007125184056349099 -0.0007125184056349099 -0.0007125184056349099 -0.0007125184056349099 -0.0007125184056349099 -0.0007125184056349099 -0.0007125184056349099 -0.0007125184056349099 -0.0007125184056349099 -0.0007125184056349099 -0.0007125184056349099 -0.0007125184056349099 -0.0007125184056349099 -0.0007125184056349099 -0.0007125184056349099 -0.0007125184056349099 -0.0007125184056349099 -0.0007125184056349099 -0.0007125184056349099 -0.0007125184056349099 -0.0007125184056349099 -0.0007125184056349099 -0.0007125184056349099 -0.0007125184056349099 -0.0007125184056349099 -0.0007125184056349099 -0.0007125184056349099 -0.0007125184056349099 -0.0007125184056349099 -0.0007125184056349099 -0.0007125184056349099 -0.0007125184056349099 -0.0007125184056349099 -0.0007125184056349099 -0.0007125184056349099 -0.0007125184056349099 -0.0007125184056349099 -0.0007125184056349099 -0.0007125184056349099 -0.0007125184056349099 -0.0007125184056349099 -0.0007125184056349099 -0.0007125184056349099 -0.0007125184056349099 -0.0007125184056349099 -0.0007125184056349099 -0.0007125184056349099 -0.000712122127879411
-0.0006804578006267548 -0.0006804578006267548 -0.0006804578006267548 -0.0006804578006267548 -0.0006804578006267548 -0.0006804578006267548 -0.0006804578006267548 -0.0006804578006267548 -0.0006804578006267548 -0.0006804578006267548 -0.0006804578006267548 -0.0006804578006267548 -0.0006804578006267548 -0.0006804578006267548 -0.0006804578006267548 -0.0006804578006267548 -0.0006804578006267548 -0.0006804578006267548 -0.0006804578006267548 -0.0006804578006267548 -0.0006804578006267548 -0.0006804578006267548 -0.0006804578006267548 -0.0006804578006267548 -0.0006804578006267548 -0.0006804578006267548 -0.0006804578006267548 -0.0006804578006267548 -0.0006804578006267548 -0.0006804578006267548 -0.0006804578006267548 -0.0006804578006267548 -0.0006804578006267548 -0.0006804578006267548 -0.0006804578006267548 -0.0006804578006267548 -0.0006804578006267548 -0.0006804578006267548 -0.0006804578006267548 -0.0006804578006267548 -0.0006804578006267548 -0.0006804578006267548 -0.0006804578006267548 -0.0006804578006267548 -0.0006804578006267548 -0.0006804578006267548 -0.0006804578006267548 -0.0006804578006267548 -0.0006804578006267548 -0.0006804578006267548 -0.0006804578006267548 -0.0006804578006267548