-0.6613038182258606 -0.5664968490600586 -0.5397888422012329 -0.4859009385108948 -0.46437010169029236 -0.46437010169029236 -0.46544593572616577 -0.1615695357322693 -0.1615695357322693 -0.16296309232711792 -0.1615695357322693 -0.1615695357322693 -0.16296309232711792 -0.16296309232711792 -0.16407279670238495 -0.16407279670238495 -0.16407279670238495 -0.16407279670238495 -0.1615695357322693 -0.1615695357322693 -0.1615695357322693 -0.1592637151479721 -0.15940523147583008 -0.1165333241224289 -0.052085526287555695 -0.05474575236439705 -0.058040425181388855 -0.05474575236439705 -0.05300753563642502 -0.05300753563642502 -0.05300753563642502 -0.014061924070119858 -0.016180966049432755 -0.01679319515824318 -0.003851801622658968 -0.0067079379223287106 -0.005407948046922684 -0.0038776500150561333 -0.00205081794410944 -0.0013559674844145775 -0.0010572826722636819 -0.0010572826722636819
-0.6613038182258606 -0.5305863618850708 -0.5397888422012329 -0.4859009385108948 -0.46437010169029236 -0.46437010169029236 -0.46544593572616577 -0.1615695357322693 -0.1615695357322693 -0.16296309232711792 -0.1615695357322693 -0.1615695357322693 -0.16296309232711792 -0.16296309232711792 -0.16407279670238495 -0.16407279670238495 -0.16407279670238495 -0.16407279670238495 -0.1615695357322693 -0.1615695357322693 -0.1615695357322693 -0.1592637151479721 -0.15940523147583008 -0.1165333241224289 -0.052085526287555695 -0.05474575236439705 -0.058040425181388855 -0.05474575236439705 -0.05300753563642502 -0.05300753563642502 -0.05300753563642502 -0.014061924070119858 -0.016180966049432755 -0.01679319515824318 -0.003851801622658968 -0.0067079379223287106 -0.005407948046922684 -0.0038776500150561333 -0.00205081794410944 -0.0013559674844145775 -0.0010572826722636819 -0.0010572826722636819
-0.6613038182258606 -0.5664968490600586 -0.4487744867801666 -0.4859009385108948 -0.4675371050834656 -0.4665048122406006 -0.4658795893192291 -0.1615695357322693 -0.1615695357322693 -0.2900451421737671 -0.1615695357322693 -0.1615695357322693 -0.2900451421737671 -0.2900451421737671 -0.16407279670238495 -0.16407279670238495 -0.16407279670238495 -0.16407279670238495 -0.1615695357322693 -0.1615695357322693 -0.1615695357322693 -0.1592637151479721 -0.15940523147583008 -0.1165333241224289 -0.052085526287555695 -0.05474575236439705 -0.058040425181388855 -0.05474575236439705 -0.05300753563642502 -0.05300753563642502 -0.05300753563642502 -0.014061924070119858 -0.016180966049432755 -0.01679319515824318 -0.003851801622658968 -0.0067079379223287106 -0.005407948046922684 -0.0038776500150561333 -0.00205081794410944 -0.0013559674844145775 -0.0010572826722636819 -0.0010572826722636819
-0.6453858613967896 -0.5664968490600586 -0.4487744867801666 -0.5370664000511169 -0.4675371050834656 -0.4665048122406006 -0.4658795893192291 -0.1615695357322693 -0.1615695357322693 -0.16296309232711792 -0.1615695357322693 -0.1615695357322693 -0.16296309232711792 -0.16296309232711792 -0.16407279670238495 -0.16407279670238495 -0.16407279670238495 -0.16407279670238495 -0.1615695357322693 -0.1615695357322693 -0.1615695357322693 -0.1592637151479721 -0.15940523147583008 -0.1165333241224289 -0.052085526287555695 -0.05474575236439705 -0.058040425181388855 -0.05474575236439705 -0.05300753563642502 -0.05300753563642502 -0.05300753563642502 -0.014061924070119858 -0.016180966049432755 -0.01679319515824318 -0.003851801622658968 -0.0067079379223287106 -0.005440166685730219 -0.0038776500150561333 -0.00205081794410944 -0.0013559674844145775 -0.0010572826722636819 -0.0010572826722636819
-0.6370405554771423 -0.5664968490600586 -0.4487744867801666 -0.5370664000511169 -0.4675371050834656 -0.4665048122406006 -0.4658795893192291 -0.1615695357322693 -0.1615695357322693 -0.16296309232711792 -0.1615695357322693 -0.1615695357322693 -0.16296309232711792 -0.16296309232711792 -0.16407279670238495 -0.16407279670238495 -0.16407279670238495 -0.16407279670238495 -0.1615695357322693 -0.1615695357322693 -0.1615695357322693 -0.1592637151479721 -0.15940523147583008 -0.1165333241224289 -0.052085526287555695 -0.05474575236439705 -0.058040425181388855 -0.05474575236439705 -0.05300753563642502 -0.05300753563642502 -0.05300753563642502 -0.014061924070119858 -0.016180966049432755 -0.01679319515824318 -0.003851801622658968 -0.0067079379223287106 -0.005440166685730219 -0.0038776500150561333 -0.00205081794410944 -0.0013559674844145775 -0.0010572826722636819 -0.0010572826722636819
-0.1615695357322693 -0.1615695357322693 -0.1615695357322693 -0.1615695357322693 -0.1615695357322693 -0.1615695357322693 -0.1615695357322693 -0.2674996554851532 -0.40621188282966614 -0.1615695357322693 -0.3010554015636444 -0.2674996554851532 -0.1615695357322693 -0.1615695357322693 -0.1615695357322693 -0.1615695357322693 -0.1615695357322693 -0.1615695357322693 -0.1754550188779831 -0.1754550188779831 -0.1754550188779831 -0.1592637151479721 -0.15940523147583008 -0.11695349216461182 -0.052085526287555695 -0.05474575236439705 -0.058040425181388855 -0.05474575236439705 -0.05300753563642502 -0.05300753563642502 -0.05300753563642502 -0.014061924070119858 -0.016180966049432755 -0.01679319515824318 -0.010554410517215729 -0.0067079379223287106 -0.005407948046922684 -0.003998737782239914 -0.0021474992390722036 -0.0013983335811644793 -0.001360844587907195 -0.0013595217606052756
-0.45451098680496216 -0.45451098680496216 -0.4487744867801666 -0.45451098680496216 -0.45451098680496216 -0.45451098680496216 -0.45451098680496216 -0.1615695357322693 -0.1615695357322693 -0.16296309232711792 -0.1615695357322693 -0.1615695357322693 -0.16296309232711792 -0.16296309232711792 -0.16407279670238495 -0.16407279670238495 -0.16407279670238495 -0.16407279670238495 -0.1615695357322693 -0.1615695357322693 -0.1615695357322693 -0.1592637151479721 -0.15940523147583008 -0.1165333241224289 -0.052085526287555695 -0.05474575236439705 -0.058040425181388855 -0.05474575236439705 -0.05300753563642502 -0.05300753563642502 -0.05300753563642502 -0.014061924070119858 -0.016180966049432755 -0.01679319515824318 -0.003851801622658968 -0.0067079379223287106 -0.005440166685730219 -0.0038776500150561333 -0.00205081794410944 -0.0013559674844145775 -0.0010572826722636819 -0.0010572826722636819
-0.44853922724723816 -0.44853922724723816 -0.44853922724723816 -0.44853922724723816 -0.44853922724723816 -0.44853922724723816 -0.44853922724723816 -0.1615695357322693 -0.1615695357322693 -0.3992580473423004 -0.1615695357322693 -0.1615695357322693 -0.2900451421737671 -0.2900451421737671 -0.19414184987545013 -0.19414184987545013 -0.19414184987545013 -0.19414184987545013 -0.1615695357322693 -0.1615695357322693 -0.1615695357322693 -0.1592637151479721 -0.15940523147583008 -0.1165333241224289 -0.052085526287555695 -0.05474575236439705 -0.058040425181388855 -0.05474575236439705 -0.05300753563642502 -0.05300753563642502 -0.05300753563642502 -0.014061924070119858 -0.016180966049432755 -0.01679319515824318 -0.003851801622658968 -0.0067079379223287106 -0.005407948046922684 -0.0038776500150561333 -0.00205081794410944 -0.0013559674844145775 -0.0010572826722636819 -0.0010572826722636819
-0.3860190510749817 -0.3860190510749817 -0.3860190510749817 -0.3860190510749817 -0.3860190510749817 -0.3860190510749817 -0.3860190510749817 -0.1615695357322693 -0.1615695357322693 -0.2900451421737671 -0.1615695357322693 -0.1615695357322693 -0.2900451421737671 -0.2900451421737671 -0.24006681144237518 -0.2334882616996765 -0.22338610887527466 -0.22234123945236206 -0.1615695357322693 -0.1615695357322693 -0.1615695357322693 -0.1592637151479721 -0.15940523147583008 -0.1165333241224289 -0.052085526287555695 -0.06708177924156189 -0.05907215550541878 -0.05889364331960678 -0.05401623249053955 -0.054154571145772934 -0.054185956716537476 -0.014061924070119858 -0.016180966049432755 -0.01679319515824318 -0.003851801622658968 -0.0067079379223287106 -0.005407948046922684 -0.0038776500150561333 -0.00205081794410944 -0.0013559674844145775 -0.0010572826722636819 -0.0010572826722636819
-0.1615695357322693 -0.1615695357322693 -0.1615695357322693 -0.1615695357322693 -0.1615695357322693 -0.1615695357322693 -0.1615695357322693 -0.36758431792259216 -0.36758431792259216 -0.1615695357322693 -0.3010554015636444 -0.30035901069641113 -0.1615695357322693 -0.1615695357322693 -0.1615695357322693 -0.1615695357322693 -0.1615695357322693 -0.1615695357322693 -0.1754550188779831 -0.1754550188779831 -0.1754550188779831 -0.1592637151479721 -0.15940523147583008 -0.1165333241224289 -0.052085526287555695 -0.05474575236439705 -0.058040425181388855 -0.05474575236439705 -0.05300753563642502 -0.05300753563642502 -0.05300753563642502 -0.014061924070119858 -0.016180966049432755 -0.01679319515824318 -0.003851801622658968 -0.0067079379223287106 -0.005407948046922684 -0.0038776500150561333 -0.00205081794410944 -0.0013559674844145775 -0.0010572826722636819 -0.0010572826722636819
-0.1615695357322693 -0.1615695357322693 -0.1615695357322693 -0.1615695357322693 -0.1615695357322693 -0.1615695357322693 -0.1615695357322693 -0.3672652840614319 -0.3672652840614319 -0.1615695357322693 -0.3010554015636444 -0.30035901069641113 -0.1615695357322693 -0.1615695357322693 -0.1615695357322693 -0.1615695357322693 -0.1615695357322693 -0.1615695357322693 -0.1754550188779831 -0.1754550188779831 -0.1754550188779831 -0.1592637151479721 -0.15940523147583008 -0.1165333241224289 -0.052085526287555695 -0.05474575236439705 -0.058040425181388855 -0.05474575236439705 -0.05300753563642502 -0.05300753563642502 -0.05300753563642502 -0.014061924070119858 -0.016180966049432755 -0.01679319515824318 -0.003851801622658968 -0.0067079379223287106 -0.005407948046922684 -0.0038776500150561333 -0.00205081794410944 -0.0013559674844145775 -0.0010572826722636819 -0.0010572826722636819
-0.1615695357322693 -0.1615695357322693 -0.1615695357322693 -0.1615695357322693 -0.1615695357322693 -0.1615695357322693 -0.1615695357322693 -0.36511915922164917 -0.36511915922164917 -0.1615695357322693 -0.3010554015636444 -0.30035901069641113 -0.1615695357322693 -0.1615695357322693 -0.1615695357322693 -0.1615695357322693 -0.1615695357322693 -0.1615695357322693 -0.1754550188779831 -0.1754550188779831 -0.1754550188779831 -0.17471781373023987 -0.1611829251050949 -0.1165333241224289 -0.052085526287555695 -0.05474575236439705 -0.058040425181388855 -0.05474575236439705 -0.05300753563642502 -0.05300753563642502 -0.05300753563642502 -0.014061924070119858 -0.016180966049432755 -0.01679319515824318 -0.003851801622658968 -0.0067079379223287106 -0.005407948046922684 -0.0038776500150561333 -0.00205081794410944 -0.0013559674844145775 -0.0010572826722636819 -0.0010572826722636819
-0.1615695357322693 -0.1615695357322693 -0.1615695357322693 -0.1615695357322693 -0.1615695357322693 -0.1615695357322693 -0.1615695357322693 -0.3651027977466583 -0.3651027977466583 -0.1615695357322693 -0.3010554015636444 -0.30035901069641113 -0.1615695357322693 -0.1615695357322693 -0.1615695357322693 -0.1615695357322693 -0.1615695357322693 -0.1615695357322693 -0.1754550188779831 -0.1754550188779831 -0.1754550188779831 -0.17471781373023987 -0.1611829251050949 -0.1165333241224289 -0.052085526287555695 -0.05474575236439705 -0.058040425181388855 -0.05474575236439705 -0.05300753563642502 -0.05300753563642502 -0.05300753563642502 -0.014061924070119858 -0.016180966049432755 -0.01679319515824318 -0.003851801622658968 -0.0067079379223287106 -0.005407948046922684 -0.0038776500150561333 -0.00205081794410944 -0.0013559674844145775 -0.0010572826722636819 -0.0010572826722636819
-0.3648120164871216 -0.3648120164871216 -0.3648120164871216 -0.3648120164871216 -0.3648120164871216 -0.3648120164871216 -0.3648120164871216 -0.1615695357322693 -0.1615695357322693 -0.2900451421737671 -0.1615695357322693 -0.1615695357322693 -0.2900451421737671 -0.2900451421737671 -0.24006681144237518 -0.2334882616996765 -0.22338610887527466 -0.22234123945236206 -0.1615695357322693 -0.1615695357322693 -0.1615695357322693 -0.1592637151479721 -0.15940523147583008 -0.1165333241224289 -0.052085526287555695 -0.06708177924156189 -0.05907215550541878 -0.05889364331960678 -0.05401623249053955 -0.054154571145772934 -0.054185956716537476 -0.014061924070119858 -0.016180966049432755 -0.01679319515824318 -0.003851801622658968 -0.0067079379223287106 -0.005407948046922684 -0.0038776500150561333 -0.00205081794410944 -0.0013559674844145775 -0.0010572826722636819 -0.0010572826722636819
-0.1615695357322693 -0.1615695357322693 -0.1615695357322693 -0.1615695357322693 -0.1615695357322693 -0.1615695357322693 -0.1615695357322693 -0.3646562993526459 -0.3646562993526459 -0.1615695357322693 -0.3010554015636444 -0.30035901069641113 -0.1615695357322693 -0.1615695357322693 -0.1615695357322693 -0.1615695357322693 -0.1615695357322693 -0.1615695357322693 -0.1754550188779831 -0.1754550188779831 -0.1754550188779831 -0.1592637151479721 -0.15940523147583008 -0.1165333241224289 -0.052085526287555695 -0.05474575236439705 -0.058040425181388855 -0.05474575236439705 -0.05300753563642502 -0.05300753563642502 -0.05300753563642502 -0.014061924070119858 -0.016180966049432755 -0.01679319515824318 -0.003851801622658968 -0.0067079379223287106 -0.005407948046922684 -0.0038776500150561333 -0.00205081794410944 -0.0013559674844145775 -0.0010572826722636819 -0.0010572826722636819
-0.16296309232711792 -0.16296309232711792 -0.16296309232711792 -0.16296309232711792 -0.16296309232711792 -0.16296309232711792 -0.16296309232711792 -0.21992141008377075 -0.36453893780708313 -0.2900451421737671 -0.3010554015636444 -0.21992141008377075 -0.2900451421737671 -0.2900451421737671 -0.16296309232711792 -0.16296309232711792 -0.16296309232711792 -0.16296309232711792 -0.18507742881774902 -0.18380200862884521 -0.17797116935253143 -0.1592637151479721 -0.15940523147583008 -0.11695349216461182 -0.052085526287555695 -0.05474575236439705 -0.058040425181388855 -0.05474575236439705 -0.05300753563642502 -0.05300753563642502 -0.05300753563642502 -0.014061924070119858 -0.016180966049432755 -0.01679319515824318 -0.003851801622658968 -0.0067079379223287106 -0.005407948046922684 -0.0038776500150561333 -0.00205081794410944 -0.0013559674844145775 -0.0010572826722636819 -0.0010572826722636819
-0.1615695357322693 -0.1615695357322693 -0.1615695357322693 -0.1615695357322693 -0.1615695357322693 -0.1615695357322693 -0.1615695357322693 -0.3640880882740021 -0.3640880882740021 -0.1615695357322693 -0.3010554015636444 -0.30035901069641113 -0.1615695357322693 -0.1615695357322693 -0.1615695357322693 -0.1615695357322693 -0.1615695357322693 -0.1615695357322693 -0.1754550188779831 -0.1754550188779831 -0.1754550188779831 -0.17471781373023987 -0.1611829251050949 -0.1165333241224289 -0.052085526287555695 -0.05474575236439705 -0.058040425181388855 -0.05474575236439705 -0.05300753563642502 -0.05300753563642502 -0.05300753563642502 -0.014061924070119858 -0.016180966049432755 -0.01679319515824318 -0.003851801622658968 -0.0067079379223287106 -0.005407948046922684 -0.0038776500150561333 -0.00205081794410944 -0.0013559674844145775 -0.0010572826722636819 -0.0010572826722636819
-0.1615695357322693 -0.1615695357322693 -0.1615695357322693 -0.1615695357322693 -0.1615695357322693 -0.1615695357322693 -0.1615695357322693 -0.3630775213241577 -0.3630775213241577 -0.1615695357322693 -0.3010554015636444 -0.30035901069641113 -0.1615695357322693 -0.1615695357322693 -0.1615695357322693 -0.1615695357322693 -0.1615695357322693 -0.1615695357322693 -0.1754550188779831 -0.1754550188779831 -0.1754550188779831 -0.1592637151479721 -0.15940523147583008 -0.1165333241224289 -0.052085526287555695 -0.05474575236439705 -0.058040425181388855 -0.05474575236439705 -0.05300753563642502 -0.05300753563642502 -0.05300753563642502 -0.014061924070119858 -0.016180966049432755 -0.01679319515824318 -0.003851801622658968 -0.0067079379223287106 -0.005407948046922684 -0.0038776500150561333 -0.00205081794410944 -0.0013559674844145775 -0.0010572826722636819 -0.0010572826722636819
-0.1615695357322693 -0.1615695357322693 -0.1615695357322693 -0.1615695357322693 -0.1615695357322693 -0.1615695357322693 -0.1615695357322693 -0.3627285957336426 -0.3627285957336426 -0.1615695357322693 -0.3010554015636444 -0.30035901069641113 -0.1615695357322693 -0.1615695357322693 -0.1615695357322693 -0.1615695357322693 -0.1615695357322693 -0.1615695357322693 -0.1754550188779831 -0.1754550188779831 -0.1754550188779831 -0.1592637151479721 -0.15940523147583008 -0.1165333241224289 -0.052085526287555695 -0.05474575236439705 -0.058040425181388855 -0.05474575236439705 -0.05300753563642502 -0.05300753563642502 -0.05300753563642502 -0.014061924070119858 -0.016180966049432755 -0.01679319515824318 -0.003851801622658968 -0.0067079379223287106 -0.005407948046922684 -0.0038776500150561333 -0.00205081794410944 -0.0013559674844145775 -0.0010572826722636819 -0.0010572826722636819
-0.1615695357322693 -0.1615695357322693 -0.1615695357322693 -0.1615695357322693 -0.1615695357322693 -0.1615695357322693 -0.1615695357322693 -0.3623577952384949 -0.3623577952384949 -0.1615695357322693 -0.3010554015636444 -0.30035901069641113 -0.1615695357322693 -0.1615695357322693 -0.1615695357322693 -0.1615695357322693 -0.1615695357322693 -0.1615695357322693 -0.1754550188779831 -0.1754550188779831 -0.1754550188779831 -0.1592637151479721 -0.15940523147583008 -0.1165333241224289 -0.052085526287555695 -0.05474575236439705 -0.058040425181388855 -0.05474575236439705 -0.05300753563642502 -0.05300753563642502 -0.05300753563642502 -0.014061924070119858 -0.016180966049432755 -0.01679319515824318 -0.003851801622658968 -0.0067079379223287106 -0.005407948046922684 -0.0038776500150561333 -0.00205081794410944 -0.0013559674844145775 -0.0010572826722636819 -0.0010572826722636819
-0.1615695357322693 -0.1615695357322693 -0.1615695357322693 -0.1615695357322693 -0.1615695357322693 -0.1615695357322693 -0.1615695357322693 -0.35369980335235596 -0.2786061763763428 -0.1615695357322693 -0.3010554015636444 -0.30035901069641113 -0.1615695357322693 -0.1615695357322693 -0.1615695357322693 -0.1615695357322693 -0.1615695357322693 -0.1615695357322693 -0.1754550188779831 -0.1754550188779831 -0.1754550188779831 -0.17471781373023987 -0.1611829251050949 -0.1165333241224289 -0.052085526287555695 -0.05474575236439705 -0.058040425181388855 -0.05474575236439705 -0.05300753563642502 -0.05300753563642502 -0.05300753563642502 -0.014061924070119858 -0.016180966049432755 -0.01679319515824318 -0.003851801622658968 -0.0067079379223287106 -0.005407948046922684 -0.0038776500150561333 -0.00205081794410944 -0.0013559674844145775 -0.0010572826722636819 -0.0010572826722636819
-0.3515942394733429 -0.3515942394733429 -0.3515942394733429 -0.3515942394733429 -0.3515942394733429 -0.3515942394733429 -0.3515942394733429 -0.1615695357322693 -0.1615695357322693 -0.3515942394733429 -0.1615695357322693 -0.1615695357322693 -0.29131799936294556 -0.29083529114723206 -0.16407279670238495 -0.16407279670238495 -0.16407279670238495 -0.16407279670238495 -0.1615695357322693 -0.1615695357322693 -0.1615695357322693 -0.1592637151479721 -0.15940523147583008 -0.1165333241224289 -0.052085526287555695 -0.05474575236439705 -0.058040425181388855 -0.05474575236439705 -0.05300753563642502 -0.05300753563642502 -0.05300753563642502 -0.014061924070119858 -0.016180966049432755 -0.01679319515824318 -0.003851801622658968 -0.0067079379223287106 -0.005407948046922684 -0.0038776500150561333 -0.00205081794410944 -0.0013559674844145775 -0.0010572826722636819 -0.0010572826722636819
-0.3470469117164612 -0.3470469117164612 -0.3470469117164612 -0.3470469117164612 -0.3470469117164612 -0.3470469117164612 -0.3470469117164612 -0.1615695357322693 -0.1615695357322693 -0.16296309232711792 -0.1615695357322693 -0.1615695357322693 -0.16296309232711792 -0.16296309232711792 -0.16407279670238495 -0.16407279670238495 -0.16407279670238495 -0.16407279670238495 -0.1615695357322693 -0.1615695357322693 -0.1615695357322693 -0.1592637151479721 -0.15940523147583008 -0.1165333241224289 -0.052085526287555695 -0.05474575236439705 -0.058040425181388855 -0.05474575236439705 -0.05300753563642502 -0.05300753563642502 -0.05300753563642502 -0.014061924070119858 -0.016180966049432755 -0.01679319515824318 -0.003851801622658968 -0.0067079379223287106 -0.005440166685730219 -0.0038776500150561333 -0.00205081794410944 -0.0013559674844145775 -0.0010572826722636819 -0.0010572826722636819
-0.309731125831604 -0.309731125831604 -0.309731125831604 -0.309731125831604 -0.309731125831604 -0.309731125831604 -0.309731125831604 -0.1615695357322693 -0.1615695357322693 -0.2900451421737671 -0.1615695357322693 -0.1615695357322693 -0.2900451421737671 -0.2900451421737671 -0.24006681144237518 -0.2334882616996765 -0.22338610887527466 -0.22234123945236206 -0.1615695357322693 -0.1615695357322693 -0.1615695357322693 -0.1592637151479721 -0.15940523147583008 -0.1165333241224289 -0.052085526287555695 -0.05474575236439705 -0.058040425181388855 -0.05474575236439705 -0.05300753563642502 -0.05300753563642502 -0.05300753563642502 -0.014061924070119858 -0.016180966049432755 -0.01679319515824318 -0.003851801622658968 -0.0067079379223287106 -0.005407948046922684 -0.0038776500150561333 -0.00205081794410944 -0.0013559674844145775 -0.0010572826722636819 -0.0010572826722636819
-0.29700276255607605 -0.29700276255607605 -0.29700276255607605 -0.29700276255607605 -0.29700276255607605 -0.29700276255607605 -0.29700276255607605 -0.1615695357322693 -0.1615695357322693 -0.29700276255607605 -0.1615695357322693 -0.1615695357322693 -0.29131799936294556 -0.29083529114723206 -0.16407279670238495 -0.16407279670238495 -0.16407279670238495 -0.16407279670238495 -0.1615695357322693 -0.1615695357322693 -0.1615695357322693 -0.1592637151479721 -0.15940523147583008 -0.1165333241224289 -0.052085526287555695 -0.05474575236439705 -0.058040425181388855 -0.05474575236439705 -0.05300753563642502 -0.05300753563642502 -0.05300753563642502 -0.014061924070119858 -0.016180966049432755 -0.01679319515824318 -0.003851801622658968 -0.0067079379223287106 -0.005407948046922684 -0.0038776500150561333 -0.00205081794410944 -0.0013559674844145775 -0.0010572826722636819 -0.0010572826722636819
-0.2929580807685852 -0.2929580807685852 -0.2929580807685852 -0.2929580807685852 -0.2929580807685852 -0.2929580807685852 -0.2929580807685852 -0.1754550188779831 -0.1754550188779831 -0.2900451421737671 -0.1754550188779831 -0.1754550188779831 -0.2900451421737671 -0.2900451421737671 -0.24006681144237518 -0.2334882616996765 -0.22338610887527466 -0.22234123945236206 -0.1837901473045349 -0.1837901473045349 -0.17784419655799866 -0.1592637151479721 -0.15940523147583008 -0.1165333241224289 -0.052085526287555695 -0.06708177924156189 -0.05907215550541878 -0.05889364331960678 -0.0581037737429142 -0.05561671033501625 -0.054185956716537476 -0.014061924070119858 -0.016180966049432755 -0.01679319515824318 -0.003851801622658968 -0.0067079379223287106 -0.005407948046922684 -0.0038776500150561333 -0.00205081794410944 -0.0013559674844145775 -0.0010572826722636819 -0.0010572826722636819
-0.262359619140625 -0.262359619140625 -0.262359619140625 -0.262359619140625 -0.262359619140625 -0.262359619140625 -0.262359619140625 -0.1754550188779831 -0.1754550188779831 -0.262359619140625 -0.1754550188779831 -0.1754550188779831 -0.262359619140625 -0.262359619140625 -0.24006681144237518 -0.2334882616996765 -0.22338610887527466 -0.22234123945236206 -0.1754550188779831 -0.1754550188779831 -0.1754550188779831 -0.1592637151479721 -0.15940523147583008 -0.1165333241224289 -0.052085526287555695 -0.06708177924156189 -0.05907215550541878 -0.05889364331960678 -0.05401623249053955 -0.054154571145772934 -0.054185956716537476 -0.014061924070119858 -0.016180966049432755 -0.01679319515824318 -0.003851801622658968 -0.0067079379223287106 -0.005407948046922684 -0.0038776500150561333 -0.00205081794410944 -0.0013559674844145775 -0.0010572826722636819 -0.0010572826722636819
-0.16407279670238495 -0.16407279670238495 -0.16407279670238495 -0.16407279670238495 -0.16407279670238495 -0.16407279670238495 -0.16407279670238495 -0.21992141008377075 -0.21992141008377075 -0.25667616724967957 -0.21992141008377075 -0.21992141008377075 -0.25667616724967957 -0.25667616724967957 -0.21999715268611908 -0.21999715268611908 -0.22338610887527466 -0.21999715268611908 -0.18507742881774902 -0.18380200862884521 -0.17797116935253143 -0.1592637151479721 -0.15940523147583008 -0.1165333241224289 -0.08015865832567215 -0.06708177924156189 -0.05907215550541878 -0.05889364331960678 -0.0581037737429142 -0.05561671033501625 -0.054185956716537476 -0.014061924070119858 -0.016180966049432755 -0.01679319515824318 -0.003851801622658968 -0.0067079379223287106 -0.005407948046922684 -0.0038776500150561333 -0.00205081794410944 -0.0013559674844145775 -0.0010572826722636819 -0.0010572826722636819
-0.16296309232711792 -0.16296309232711792 -0.16296309232711792 -0.16296309232711792 -0.16296309232711792 -0.16296309232711792 -0.16296309232711792 -0.1615695357322693 -0.1615695357322693 -0.21639859676361084 -0.1615695357322693 -0.1615695357322693 -0.21639859676361084 -0.21639859676361084 -0.16296309232711792 -0.16296309232711792 -0.16296309232711792 -0.16296309232711792 -0.1615695357322693 -0.1615695357322693 -0.1615695357322693 -0.1592637151479721 -0.15940523147583008 -0.1165333241224289 -0.052085526287555695 -0.05474575236439705 -0.058040425181388855 -0.05474575236439705 -0.05300753563642502 -0.05300753563642502 -0.05300753563642502 -0.020690811797976494 -0.019370628520846367 -0.01706777699291706 -0.003851801622658968 -0.007142449729144573 -0.005407948046922684 -0.0038776500150561333 -0.00205081794410944 -0.0013559674844145775 -0.0010572826722636819 -0.0010572826722636819
-0.16407279670238495 -0.16407279670238495 -0.16407279670238495 -0.16407279670238495 -0.16407279670238495 -0.16407279670238495 -0.16407279670238495 -0.2037632316350937 -0.2037632316350937 -0.2037632316350937 -0.2037632316350937 -0.2037632316350937 -0.2037632316350937 -0.2037632316350937 -0.19414184987545013 -0.19414184987545013 -0.2037632316350937 -0.19414184987545013 -0.18507742881774902 -0.18380200862884521 -0.17797116935253143 -0.1592637151479721 -0.15940523147583008 -0.1165333241224289 -0.08015865832567215 -0.06708177924156189 -0.05907215550541878 -0.05889364331960678 -0.0581037737429142 -0.05561671033501625 -0.054185956716537476 -0.014061924070119858 -0.016180966049432755 -0.01679319515824318 -0.003851801622658968 -0.0067079379223287106 -0.005407948046922684 -0.0038776500150561333 -0.00205081794410944 -0.0013559674844145775 -0.0010572826722636819 -0.0010572826722636819
-0.16296309232711792 -0.16296309232711792 -0.16296309232711792 -0.16296309232711792 -0.16296309232711792 -0.16296309232711792 -0.16296309232711792 -0.202580988407135 -0.202580988407135 -0.202580988407135 -0.202580988407135 -0.202580988407135 -0.202580988407135 -0.202580988407135 -0.16296309232711792 -0.16296309232711792 -0.16296309232711792 -0.16296309232711792 -0.18507742881774902 -0.18380200862884521 -0.17797116935253143 -0.1592637151479721 -0.15940523147583008 -0.1165333241224289 -0.08015865832567215 -0.06708177924156189 -0.05907215550541878 -0.05889364331960678 -0.0581037737429142 -0.05561671033501625 -0.054185956716537476 -0.014061924070119858 -0.016180966049432755 -0.01679319515824318 -0.003851801622658968 -0.0067079379223287106 -0.005407948046922684 -0.0038776500150561333 -0.00205081794410944 -0.0013559674844145775 -0.0010572826722636819 -0.0010572826722636819
-0.16407279670238495 -0.16407279670238495 -0.16407279670238495 -0.16407279670238495 -0.16407279670238495 -0.16407279670238495 -0.16407279670238495 -0.20205511152744293 -0.20205511152744293 -0.20205511152744293 -0.20205511152744293 -0.20205511152744293 -0.20205511152744293 -0.20205511152744293 -0.19414184987545013 -0.19414184987545013 -0.20205511152744293 -0.19414184987545013 -0.18507742881774902 -0.18380200862884521 -0.17797116935253143 -0.1592637151479721 -0.15940523147583008 -0.1165333241224289 -0.08015865832567215 -0.06708177924156189 -0.05907215550541878 -0.05889364331960678 -0.0581037737429142 -0.05561671033501625 -0.054185956716537476 -0.014061924070119858 -0.016180966049432755 -0.01679319515824318 -0.003851801622658968 -0.0067079379223287106 -0.005407948046922684 -0.0038776500150561333 -0.00205081794410944 -0.0013559674844145775 -0.0010572826722636819 -0.0010572826722636819
-0.16296309232711792 -0.16296309232711792 -0.16296309232711792 -0.16296309232711792 -0.16296309232711792 -0.16296309232711792 -0.16296309232711792 -0.2016717493534088 -0.2016717493534088 -0.2016717493534088 -0.2016717493534088 -0.2016717493534088 -0.2016717493534088 -0.2016717493534088 -0.16296309232711792 -0.16296309232711792 -0.16296309232711792 -0.16296309232711792 -0.18507742881774902 -0.18380200862884521 -0.17797116935253143 -0.1592637151479721 -0.15940523147583008 -0.1165333241224289 -0.08015865832567215 -0.06708177924156189 -0.058040425181388855 -0.0586298331618309 -0.0581037737429142 -0.05561671033501625 -0.054185956716537476 -0.014061924070119858 -0.016180966049432755 -0.01679319515824318 -0.003851801622658968 -0.0067079379223287106 -0.005407948046922684 -0.0038776500150561333 -0.00205081794410944 -0.0013559674844145775 -0.0010572826722636819 -0.0010572826722636819
-0.16296309232711792 -0.16296309232711792 -0.16296309232711792 -0.16296309232711792 -0.16296309232711792 -0.16296309232711792 -0.16296309232711792 -0.20097264647483826 -0.20097264647483826 -0.20097264647483826 -0.20097264647483826 -0.20097264647483826 -0.20097264647483826 -0.20097264647483826 -0.16296309232711792 -0.16296309232711792 -0.16296309232711792 -0.16296309232711792 -0.18507742881774902 -0.18380200862884521 -0.17797116935253143 -0.1592637151479721 -0.15940523147583008 -0.1165333241224289 -0.08015865832567215 -0.06708177924156189 -0.05907215550541878 -0.05889364331960678 -0.0581037737429142 -0.05561671033501625 -0.054185956716537476 -0.014061924070119858 -0.016180966049432755 -0.01679319515824318 -0.003851801622658968 -0.0067079379223287106 -0.005407948046922684 -0.0038776500150561333 -0.00205081794410944 -0.0013559674844145775 -0.0010572826722636819 -0.0010572826722636819
-0.1615695357322693 -0.1615695357322693 -0.1615695357322693 -0.1615695357322693 -0.1615695357322693 -0.1615695357322693 -0.1615695357322693 -0.19809110462665558 -0.19809110462665558 -0.1615695357322693 -0.19809110462665558 -0.19809110462665558 -0.1615695357322693 -0.1615695357322693 -0.1615695357322693 -0.1615695357322693 -0.1615695357322693 -0.1615695357322693 -0.1754550188779831 -0.1754550188779831 -0.1754550188779831 -0.17471781373023987 -0.1611829251050949 -0.1165333241224289 -0.052085526287555695 -0.05474575236439705 -0.058040425181388855 -0.05474575236439705 -0.05300753563642502 -0.05300753563642502 -0.05300753563642502 -0.014061924070119858 -0.016180966049432755 -0.01679319515824318 -0.003851801622658968 -0.0067079379223287106 -0.005407948046922684 -0.0038776500150561333 -0.00205081794410944 -0.0013559674844145775 -0.0010572826722636819 -0.0010572826722636819
-0.16296309232711792 -0.16296309232711792 -0.16296309232711792 -0.16296309232711792 -0.16296309232711792 -0.16296309232711792 -0.16296309232711792 -0.1615695357322693 -0.1615695357322693 -0.19707633554935455 -0.1615695357322693 -0.1615695357322693 -0.19707633554935455 -0.19707633554935455 -0.16296309232711792 -0.16296309232711792 -0.16296309232711792 -0.16296309232711792 -0.1615695357322693 -0.1615695357322693 -0.1615695357322693 -0.1592637151479721 -0.15940523147583008 -0.11695349216461182 -0.052085526287555695 -0.05474575236439705 -0.058040425181388855 -0.05474575236439705 -0.05300753563642502 -0.05300753563642502 -0.05300753563642502 -0.020690811797976494 -0.019370628520846367 -0.01706777699291706 -0.003851801622658968 -0.007142449729144573 -0.005407948046922684 -0.0038776500150561333 -0.00205081794410944 -0.0013559674844145775 -0.001360844587907195 -0.0013595217606052756
-0.1615695357322693 -0.1615695357322693 -0.1615695357322693 -0.1615695357322693 -0.1615695357322693 -0.1615695357322693 -0.1615695357322693 -0.17747198045253754 -0.17747198045253754 -0.1615695357322693 -0.17747198045253754 -0.17747198045253754 -0.1615695357322693 -0.1615695357322693 -0.1615695357322693 -0.1615695357322693 -0.1615695357322693 -0.1615695357322693 -0.1754550188779831 -0.1754550188779831 -0.1754550188779831 -0.1592637151479721 -0.15940523147583008 -0.11695349216461182 -0.052085526287555695 -0.05474575236439705 -0.058040425181388855 -0.05474575236439705 -0.05300753563642502 -0.05300753563642502 -0.05300753563642502 -0.014061924070119858 -0.019370628520846367 -0.01706777699291706 -0.010554410517215729 -0.0067079379223287106 -0.005407948046922684 -0.0038776500150561333 -0.0021474992390722036 -0.0013983335811644793 -0.001360844587907195 -0.0013595217606052756
-0.15730397403240204 -0.15730397403240204 -0.15730397403240204 -0.15730397403240204 -0.15730397403240204 -0.15730397403240204 -0.15730397403240204 -0.15730397403240204 -0.15730397403240204 -0.15730397403240204 -0.15730397403240204 -0.15730397403240204 -0.15730397403240204 -0.15730397403240204 -0.15730397403240204 -0.15730397403240204 -0.15730397403240204 -0.15730397403240204 -0.15730397403240204 -0.15730397403240204 -0.15730397403240204 -0.15730397403240204 -0.15730397403240204 -0.1165333241224289 -0.052085526287555695 -0.05474575236439705 -0.058040425181388855 -0.05474575236439705 -0.05300753563642502 -0.05300753563642502 -0.05300753563642502 -0.014061924070119858 -0.016180966049432755 -0.01679319515824318 -0.010554410517215729 -0.0067079379223287106 -0.005407948046922684 -0.003998737782239914 -0.0021474992390722036 -0.0013559674844145775 -0.0010572826722636819 -0.0010572826722636819
-0.15147267282009125 -0.15147267282009125 -0.15147267282009125 -0.15147267282009125 -0.15147267282009125 -0.15147267282009125 -0.15147267282009125 -0.15147267282009125 -0.15147267282009125 -0.15147267282009125 -0.15147267282009125 -0.15147267282009125 -0.15147267282009125 -0.15147267282009125 -0.15147267282009125 -0.15147267282009125 -0.15147267282009125 -0.15147267282009125 -0.15147267282009125 -0.15147267282009125 -0.15147267282009125 -0.15147267282009125 -0.15147267282009125 -0.1165333241224289 -0.08015865832567215 -0.06708177924156189 -0.05907215550541878 -0.05889364331960678 -0.0581037737429142 -0.05561671033501625 -0.054185956716537476 -0.014061924070119858 -0.016180966049432755 -0.01679319515824318 -0.003851801622658968 -0.0067079379223287106 -0.005407948046922684 -0.0038776500150561333 -0.00205081794410944 -0.0013559674844145775 -0.0010572826722636819 -0.0010572826722636819
-0.14718672633171082 -0.14718672633171082 -0.14718672633171082 -0.14718672633171082 -0.14718672633171082 -0.14718672633171082 -0.14718672633171082 -0.14718672633171082 -0.14718672633171082 -0.14718672633171082 -0.14718672633171082 -0.14718672633171082 -0.14718672633171082 -0.14718672633171082 -0.14718672633171082 -0.14718672633171082 -0.14718672633171082 -0.14718672633171082 -0.14718672633171082 -0.14718672633171082 -0.14718672633171082 -0.14718672633171082 -0.14718672633171082 -0.1165333241224289 -0.052085526287555695 -0.05474575236439705 -0.058040425181388855 -0.05474575236439705 -0.05300753563642502 -0.05300753563642502 -0.05300753563642502 -0.020690811797976494 -0.016180966049432755 -0.01706777699291706 -0.003851801622658968 -0.007142449729144573 -0.005407948046922684 -0.0038776500150561333 -0.00205081794410944 -0.0013559674844145775 -0.0010572826722636819 -0.0010572826722636819
-0.1305205523967743 -0.1305205523967743 -0.1305205523967743 -0.1305205523967743 -0.1305205523967743 -0.1305205523967743 -0.1305205523967743 -0.1305205523967743 -0.1305205523967743 -0.1305205523967743 -0.1305205523967743 -0.1305205523967743 -0.1305205523967743 -0.1305205523967743 -0.1305205523967743 -0.1305205523967743 -0.1305205523967743 -0.1305205523967743 -0.1305205523967743 -0.1305205523967743 -0.1305205523967743 -0.1305205523967743 -0.1305205523967743 -0.1165333241224289 -0.052085526287555695 -0.05474575236439705 -0.058040425181388855 -0.05474575236439705 -0.05300753563642502 -0.05300753563642502 -0.05300753563642502 -0.020690811797976494 -0.016180966049432755 -0.01679319515824318 -0.003851801622658968 -0.007142449729144573 -0.005407948046922684 -0.0038776500150561333 -0.00205081794410944 -0.0013559674844145775 -0.0010572826722636819 -0.0010572826722636819
-0.12128473818302155 -0.12128473818302155 -0.12128473818302155 -0.12128473818302155 -0.12128473818302155 -0.12128473818302155 -0.12128473818302155 -0.12128473818302155 -0.12128473818302155 -0.12128473818302155 -0.12128473818302155 -0.12128473818302155 -0.12128473818302155 -0.12128473818302155 -0.12128473818302155 -0.12128473818302155 -0.12128473818302155 -0.12128473818302155 -0.12128473818302155 -0.12128473818302155 -0.12128473818302155 -0.12128473818302155 -0.12128473818302155 -0.1165333241224289 -0.08015865832567215 -0.06708177924156189 -0.05907215550541878 -0.05889364331960678 -0.0581037737429142 -0.05561671033501625 -0.054185956716537476 -0.014061924070119858 -0.016180966049432755 -0.01679319515824318 -0.003851801622658968 -0.0067079379223287106 -0.005407948046922684 -0.0038776500150561333 -0.00205081794410944 -0.0013559674844145775 -0.0010572826722636819 -0.0010572826722636819
-0.11683231592178345 -0.11683231592178345 -0.11683231592178345 -0.11683231592178345 -0.11683231592178345 -0.11683231592178345 -0.11683231592178345 -0.11683231592178345 -0.11683231592178345 -0.11683231592178345 -0.11683231592178345 -0.11683231592178345 -0.11683231592178345 -0.11683231592178345 -0.11683231592178345 -0.11683231592178345 -0.11683231592178345 -0.11683231592178345 -0.11683231592178345 -0.11683231592178345 -0.11683231592178345 -0.11683231592178345 -0.11683231592178345 -0.1165333241224289 -0.08015865832567215 -0.06708177924156189 -0.05907215550541878 -0.05889364331960678 -0.0581037737429142 -0.05561671033501625 -0.054185956716537476 -0.014061924070119858 -0.016180966049432755 -0.01679319515824318 -0.003851801622658968 -0.0067079379223287106 -0.005407948046922684 -0.0038776500150561333 -0.00205081794410944 -0.0013559674844145775 -0.0010572826722636819 -0.0010572826722636819
-0.11238750070333481 -0.11238750070333481 -0.11238750070333481 -0.11238750070333481 -0.11238750070333481 -0.11238750070333481 -0.11238750070333481 -0.11238750070333481 -0.11238750070333481 -0.11238750070333481 -0.11238750070333481 -0.11238750070333481 -0.11238750070333481 -0.11238750070333481 -0.11238750070333481 -0.11238750070333481 -0.11238750070333481 -0.11238750070333481 -0.11238750070333481 -0.11238750070333481 -0.11238750070333481 -0.11238750070333481 -0.11238750070333481 -0.11238750070333481 -0.08015865832567215 -0.06708177924156189 -0.05907215550541878 -0.05889364331960678 -0.0581037737429142 -0.05561671033501625 -0.054185956716537476 -0.014061924070119858 -0.016180966049432755 -0.01679319515824318 -0.003851801622658968 -0.0067079379223287106 -0.005407948046922684 -0.0038776500150561333 -0.00205081794410944 -0.0013559674844145775 -0.0010572826722636819 -0.0010572826722636819
-0.10641420632600784 -0.10641420632600784 -0.10641420632600784 -0.10641420632600784 -0.10641420632600784 -0.10641420632600784 -0.10641420632600784 -0.10641420632600784 -0.10641420632600784 -0.10641420632600784 -0.10641420632600784 -0.10641420632600784 -0.10641420632600784 -0.10641420632600784 -0.10641420632600784 -0.10641420632600784 -0.10641420632600784 -0.10641420632600784 -0.10641420632600784 -0.10641420632600784 -0.10641420632600784 -0.10641420632600784 -0.10641420632600784 -0.10641420632600784 -0.08015865832567215 -0.06708177924156189 -0.05907215550541878 -0.05889364331960678 -0.0581037737429142 -0.05561671033501625 -0.054185956716537476 -0.014061924070119858 -0.016180966049432755 -0.01679319515824318 -0.003851801622658968 -0.0067079379223287106 -0.005407948046922684 -0.0038776500150561333 -0.00205081794410944 -0.0013559674844145775 -0.0010572826722636819 -0.0010572826722636819
-0.10415442287921906 -0.10415442287921906 -0.10415442287921906 -0.10415442287921906 -0.10415442287921906 -0.10415442287921906 -0.10415442287921906 -0.10415442287921906 -0.10415442287921906 -0.10415442287921906 -0.10415442287921906 -0.10415442287921906 -0.10415442287921906 -0.10415442287921906 -0.10415442287921906 -0.10415442287921906 -0.10415442287921906 -0.10415442287921906 -0.10415442287921906 -0.10415442287921906 -0.10415442287921906 -0.10415442287921906 -0.10415442287921906 -0.10415442287921906 -0.08015865832567215 -0.06708177924156189 -0.05907215550541878 -0.05889364331960678 -0.0581037737429142 -0.05561671033501625 -0.054185956716537476 -0.014061924070119858 -0.016180966049432755 -0.01679319515824318 -0.003851801622658968 -0.0067079379223287106 -0.005407948046922684 -0.0038776500150561333 -0.00205081794410944 -0.0013559674844145775 -0.0010572826722636819 -0.0010572826722636819
-0.09934818744659424 -0.09934818744659424 -0.09934818744659424 -0.09934818744659424 -0.09934818744659424 -0.09934818744659424 -0.09934818744659424 -0.09934818744659424 -0.09934818744659424 -0.09934818744659424 -0.09934818744659424 -0.09934818744659424 -0.09934818744659424 -0.09934818744659424 -0.09934818744659424 -0.09934818744659424 -0.09934818744659424 -0.09934818744659424 -0.09934818744659424 -0.09934818744659424 -0.09934818744659424 -0.09934818744659424 -0.09934818744659424 -0.09934818744659424 -0.08015865832567215 -0.06708177924156189 -0.05907215550541878 -0.05889364331960678 -0.0581037737429142 -0.05561671033501625 -0.054185956716537476 -0.014061924070119858 -0.016180966049432755 -0.01679319515824318 -0.003851801622658968 -0.0067079379223287106 -0.005407948046922684 -0.0038776500150561333 -0.00205081794410944 -0.0013559674844145775 -0.0010572826722636819 -0.0010572826722636819
-0.05085587128996849 -0.05085587128996849 -0.05085587128996849 -0.05085587128996849 -0.05085587128996849 -0.05085587128996849 -0.05085587128996849 -0.05085587128996849 -0.05085587128996849 -0.05085587128996849 -0.05085587128996849 -0.05085587128996849 -0.05085587128996849 -0.05085587128996849 -0.05085587128996849 -0.05085587128996849 -0.05085587128996849 -0.05085587128996849 -0.05085587128996849 -0.05085587128996849 -0.05085587128996849 -0.05085587128996849 -0.05085587128996849 -0.05085587128996849 -0.05085587128996849 -0.05085587128996849 -0.05085587128996849 -0.05085587128996849 -0.05085587128996849 -0.05085587128996849 -0.05085587128996849 -0.014061924070119858 -0.016180966049432755 -0.01679319515824318 -0.003851801622658968 -0.0067079379223287106 -0.005407948046922684 -0.0038776500150561333 -0.00205081794410944 -0.0013559674844145775 -0.0010572826722636819 -0.0010572826722636819
-0.028714803978800774 -0.028714803978800774 -0.028714803978800774 -0.028714803978800774 -0.028714803978800774 -0.028714803978800774 -0.028714803978800774 -0.028714803978800774 -0.028714803978800774 -0.028714803978800774 -0.028714803978800774 -0.028714803978800774 -0.028714803978800774 -0.028714803978800774 -0.028714803978800774 -0.028714803978800774 -0.028714803978800774 -0.028714803978800774 -0.028714803978800774 -0.028714803978800774 -0.028714803978800774 -0.028714803978800774 -0.028714803978800774 -0.028714803978800774 -0.028714803978800774 -0.028714803978800774 -0.028714803978800774 -0.028714803978800774 -0.028714803978800774 -0.028714803978800774 -0.028714803978800774 -0.014061924070119858 -0.016180966049432755 -0.01679319515824318 -0.010554410517215729 -0.0067079379223287106 -0.005407948046922684 -0.003998737782239914 -0.0021474992390722036 -0.0013983335811644793 -0.001360844587907195 -0.0013595217606052756
-0.026321642100811005 -0.026321642100811005 -0.026321642100811005 -0.026321642100811005 -0.026321642100811005 -0.026321642100811005 -0.026321642100811005 -0.026321642100811005 -0.026321642100811005 -0.026321642100811005 -0.026321642100811005 -0.026321642100811005 -0.026321642100811005 -0.026321642100811005 -0.026321642100811005 -0.026321642100811005 -0.026321642100811005 -0.026321642100811005 -0.026321642100811005 -0.026321642100811005 -0.026321642100811005 -0.026321642100811005 -0.026321642100811005 -0.026321642100811005 -0.026321642100811005 -0.026321642100811005 -0.026321642100811005 -0.026321642100811005 -0.026321642100811005 -0.026321642100811005 -0.026321642100811005 -0.014061924070119858 -0.019370628520846367 -0.01679319515824318 -0.010554410517215729 -0.0067079379223287106 -0.005407948046922684 -0.003998737782239914 -0.0021474992390722036 -0.0013983335811644793 -0.001360844587907195 -0.0013595217606052756
-0.010621215216815472 -0.010621215216815472 -0.010621215216815472 -0.010621215216815472 -0.010621215216815472 -0.010621215216815472 -0.010621215216815472 -0.010621215216815472 -0.010621215216815472 -0.010621215216815472 -0.010621215216815472 -0.010621215216815472 -0.010621215216815472 -0.010621215216815472 -0.010621215216815472 -0.010621215216815472 -0.010621215216815472 -0.010621215216815472 -0.010621215216815472 -0.010621215216815472 -0.010621215216815472 -0.010621215216815472 -0.010621215216815472 -0.010621215216815472 -0.010621215216815472 -0.010621215216815472 -0.010621215216815472 -0.010621215216815472 -0.010621215216815472 -0.010621215216815472 -0.010621215216815472 -0.010621215216815472 -0.010621215216815472 -0.010621215216815472 -0.010554410517215729 -0.007142449729144573 -0.005407948046922684 -0.0038776500150561333 -0.0021474992390722036 -0.0013983335811644793 -0.001360844587907195 -0.0013595217606052756
-0.00535994116216898 -0.00535994116216898 -0.00535994116216898 -0.00535994116216898 -0.00535994116216898 -0.00535994116216898 -0.00535994116216898 -0.00535994116216898 -0.00535994116216898 -0.00535994116216898 -0.00535994116216898 -0.00535994116216898 -0.00535994116216898 -0.00535994116216898 -0.00535994116216898 -0.00535994116216898 -0.00535994116216898 -0.00535994116216898 -0.00535994116216898 -0.00535994116216898 -0.00535994116216898 -0.00535994116216898 -0.00535994116216898 -0.00535994116216898 -0.00535994116216898 -0.00535994116216898 -0.00535994116216898 -0.00535994116216898 -0.00535994116216898 -0.00535994116216898 -0.00535994116216898 -0.00535994116216898 -0.00535994116216898 -0.00535994116216898 -0.00535994116216898 -0.00535994116216898 -0.00535994116216898 -0.003998737782239914 -0.0021474992390722036 -0.0013559674844145775 -0.0010572826722636819 -0.0010572826722636819
-0.004777716938406229 -0.004777716938406229 -0.004777716938406229 -0.004777716938406229 -0.004777716938406229 -0.004777716938406229 -0.004777716938406229 -0.004777716938406229 -0.004777716938406229 -0.004777716938406229 -0.004777716938406229 -0.004777716938406229 -0.004777716938406229 -0.004777716938406229 -0.004777716938406229 -0.004777716938406229 -0.004777716938406229 -0.004777716938406229 -0.004777716938406229 -0.004777716938406229 -0.004777716938406229 -0.004777716938406229 -0.004777716938406229 -0.004777716938406229 -0.004777716938406229 -0.004777716938406229 -0.004777716938406229 -0.004777716938406229 -0.004777716938406229 -0.004777716938406229 -0.004777716938406229 -0.004777716938406229 -0.004777716938406229 -0.004777716938406229 -0.004777716938406229 -0.004777716938406229 -0.004777716938406229 -0.003998737782239914 -0.0021474992390722036 -0.0013983335811644793 -0.0013385204365476966 -0.0013385204365476966
-0.004221034701913595 -0.004221034701913595 -0.004221034701913595 -0.004221034701913595 -0.004221034701913595 -0.004221034701913595 -0.004221034701913595 -0.004221034701913595 -0.004221034701913595 -0.004221034701913595 -0.004221034701913595 -0.004221034701913595 -0.004221034701913595 -0.004221034701913595 -0.004221034701913595 -0.004221034701913595 -0.004221034701913595 -0.004221034701913595 -0.004221034701913595 -0.004221034701913595 -0.004221034701913595 -0.004221034701913595 -0.004221034701913595 -0.004221034701913595 -0.004221034701913595 -0.004221034701913595 -0.004221034701913595 -0.004221034701913595 -0.004221034701913595 -0.004221034701913595 -0.004221034701913595 -0.004221034701913595 -0.004221034701913595 -0.004221034701913595 -0.004221034701913595 -0.004221034701913595 -0.004221034701913595 -0.003998737782239914 -0.0021474992390722036 -0.0013983335811644793 -0.0010572826722636819 -0.0010572826722636819
-0.0009202681831084192 -0.0009202681831084192 -0.0009202681831084192 -0.0009202681831084192 -0.0009202681831084192 -0.0009202681831084192 -0.0009202681831084192 -0.0009202681831084192 -0.0009202681831084192 -0.0009202681831084192 -0.0009202681831084192 -0.0009202681831084192 -0.0009202681831084192 -0.0009202681831084192 -0.0009202681831084192 -0.0009202681831084192 -0.0009202681831084192 -0.0009202681831084192 -0.0009202681831084192 -0.0009202681831084192 -0.0009202681831084192 -0.0009202681831084192 -0.0009202681831084192 -0.0009202681831084192 -0.0009202681831084192 -0.0009202681831084192 -0.0009202681831084192 -0.0009202681831084192 -0.0009202681831084192 -0.0009202681831084192 -0.0009202681831084192 -0.0009202681831084192 -0.0009202681831084192 -0.0009202681831084192 -0.0009202681831084192 -0.0009202681831084192 -0.0009202681831084192 -0.0009202681831084192 -0.0009202681831084192 -0.0009202681831084192 -0.0009202681831084192 -0.0009202681831084192
-0.0009020885918289423 -0.0009020885918289423 -0.0009020885918289423 -0.0009020885918289423 -0.0009020885918289423 -0.0009020885918289423 -0.0009020885918289423 -0.0009020885918289423 -0.0009020885918289423 -0.0009020885918289423 -0.0009020885918289423 -0.0009020885918289423 -0.0009020885918289423 -0.0009020885918289423 -0.0009020885918289423 -0.0009020885918289423 -0.0009020885918289423 -0.0009020885918289423 -0.0009020885918289423 -0.0009020885918289423 -0.0009020885918289423 -0.0009020885918289423 -0.0009020885918289423 -0.0009020885918289423 -0.0009020885918289423 -0.0009020885918289423 -0.0009020885918289423 -0.0009020885918289423 -0.0009020885918289423 -0.0009020885918289423 -0.0009020885918289423 -0.0009020885918289423 -0.0009020885918289423 -0.0009020885918289423 -0.0009020885918289423 -0.0009020885918289423 -0.0009020885918289423 -0.0009020885918289423 -0.0009020885918289423 -0.0009020885918289423 -0.0009020885918289423 -0.0009020885918289423
-0.0008342996588908136 -0.0008342996588908136 -0.0008342996588908136 -0.0008342996588908136 -0.0008342996588908136 -0.0008342996588908136 -0.0008342996588908136 -0.0008342996588908136 -0.0008342996588908136 -0.0008342996588908136 -0.0008342996588908136 -0.0008342996588908136 -0.0008342996588908136 -0.0008342996588908136 -0.0008342996588908136 -0.0008342996588908136 -0.0008342996588908136 -0.0008342996588908136 -0.0008342996588908136 -0.0008342996588908136 -0.0008342996588908136 -0.0008342996588908136 -0.0008342996588908136 -0.0008342996588908136 -0.0008342996588908136 -0.0008342996588908136 -0.0008342996588908136 -0.0008342996588908136 -0.0008342996588908136 -0.0008342996588908136 -0.0008342996588908136 -0.0008342996588908136 -0.0008342996588908136 -0.0008342996588908136 -0.0008342996588908136 -0.0008342996588908136 -0.0008342996588908136 -0.0008342996588908136 -0.0008342996588908136 -0.0008342996588908136 -0.0008342996588908136 -0.0008342996588908136