-0.9209510087966919 -0.6658285856246948 -0.6519421935081482 -0.5882657170295715 -0.5881480574607849 -0.441951185464859 -0.21180589497089386 -0.21180589497089386 -0.21180589497089386 -0.36863070726394653 -0.21180589497089386 -0.21180589497089386 -0.21180589497089386 -0.21180589497089386 -0.21180589497089386 -0.21180589497089386 -0.21180589497089386 -0.21180589497089386 -0.21180589497089386 -0.21180589497089386 -0.266182005405426 -0.21180589497089386 -0.20905663073062897 -0.1717650294303894 -0.1721445620059967 -0.1721445620059967 -0.16185438632965088 -0.12646937370300293 -0.0864204466342926 -0.08724544942378998 -0.08709798008203506 -0.06747663766145706 -0.06971634179353714 -0.067937470972538 -0.05224170908331871 -0.03813114017248154 -0.013875516131520271 -0.007903523743152618 -0.007903523743152618 -0.005043469835072756 -0.0014838578645139933 -0.0014838578645139933 -0.0014951491029933095 -0.0017559255938977003 -0.001417631283402443 -0.0007931627915240824
-0.8671109676361084 -0.6658285856246948 -0.6463539004325867 -0.5882657170295715 -0.5881480574607849 -0.441951185464859 -0.21180589497089386 -0.21180589497089386 -0.21180589497089386 -0.36863070726394653 -0.21180589497089386 -0.21180589497089386 -0.21180589497089386 -0.21180589497089386 -0.21180589497089386 -0.21180589497089386 -0.21180589497089386 -0.21180589497089386 -0.21180589497089386 -0.21180589497089386 -0.266182005405426 -0.21180589497089386 -0.21687984466552734 -0.1717650294303894 -0.1721445620059967 -0.1721445620059967 -0.16185438632965088 -0.12646937370300293 -0.0864204466342926 -0.08724544942378998 -0.08709798008203506 -0.06747663766145706 -0.06971634179353714 -0.067937470972538 -0.05224170908331871 -0.03813114017248154 -0.013875516131520271 -0.007903523743152618 -0.007903523743152618 -0.005043469835072756 -0.0014838578645139933 -0.0014838578645139933 -0.0014951491029933095 -0.0017559255938977003 -0.001417631283402443 -0.0007931627915240824
-0.7687152624130249 -0.6658285856246948 -0.6519421935081482 -0.5890753269195557 -0.5890655517578125 -0.441951185464859 -0.30459243059158325 -0.30459243059158325 -0.30459243059158325 -0.36863070726394653 -0.21203939616680145 -0.21203939616680145 -0.21203939616680145 -0.21203939616680145 -0.21203939616680145 -0.21555766463279724 -0.21203939616680145 -0.21203939616680145 -0.21203939616680145 -0.21203939616680145 -0.266182005405426 -0.21919499337673187 -0.20905663073062897 -0.1717650294303894 -0.1721445620059967 -0.1721445620059967 -0.16185438632965088 -0.12646937370300293 -0.0864204466342926 -0.08724544942378998 -0.08709798008203506 -0.06747663766145706 -0.06971634179353714 -0.067937470972538 -0.05224170908331871 -0.03813114017248154 -0.013875516131520271 -0.007903523743152618 -0.007903523743152618 -0.005043469835072756 -0.0014838578645139933 -0.0014838578645139933 -0.0014951491029933095 -0.0017559255938977003 -0.001417631283402443 -0.0007931627915240824
-0.6453858613967896 -0.6453858613967896 -0.6453858613967896 -0.5890753269195557 -0.5890655517578125 -0.5421857833862305 -0.21180589497089386 -0.21180589497089386 -0.21180589497089386 -0.38370880484580994 -0.21180589497089386 -0.21180589497089386 -0.21180589497089386 -0.21180589497089386 -0.21180589497089386 -0.21180589497089386 -0.21180589497089386 -0.21180589497089386 -0.21180589497089386 -0.21180589497089386 -0.266182005405426 -0.21180589497089386 -0.20905663073062897 -0.1717650294303894 -0.1721445620059967 -0.1721445620059967 -0.16185438632965088 -0.12646937370300293 -0.0864204466342926 -0.08724544942378998 -0.08709798008203506 -0.06747663766145706 -0.06971634179353714 -0.067937470972538 -0.05224170908331871 -0.03813114017248154 -0.013875516131520271 -0.007903523743152618 -0.007903523743152618 -0.005043469835072756 -0.0014838578645139933 -0.0014838578645139933 -0.0014951491029933095 -0.0017559255938977003 -0.001417631283402443 -0.0007931627915240824
-0.6370405554771423 -0.6370405554771423 -0.6370405554771423 -0.5890753269195557 -0.5890655517578125 -0.5421857833862305 -0.21555766463279724 -0.21555766463279724 -0.21555766463279724 -0.38370880484580994 -0.21203939616680145 -0.21203939616680145 -0.21203939616680145 -0.21203939616680145 -0.21203939616680145 -0.21555766463279724 -0.21203939616680145 -0.21203939616680145 -0.21203939616680145 -0.21203939616680145 -0.266182005405426 -0.21555766463279724 -0.20905663073062897 -0.1717650294303894 -0.1721445620059967 -0.1721445620059967 -0.16185438632965088 -0.12646937370300293 -0.0864204466342926 -0.08724544942378998 -0.08709798008203506 -0.06747663766145706 -0.06971634179353714 -0.067937470972538 -0.05224170908331871 -0.03813114017248154 -0.013875516131520271 -0.007903523743152618 -0.007903523743152618 -0.005043469835072756 -0.0014838578645139933 -0.0014838578645139933 -0.0014951491029933095 -0.0017559255938977003 -0.001417631283402443 -0.0007931627915240824
-0.21180589497089386 -0.21180589497089386 -0.21180589497089386 -0.21180589497089386 -0.21180589497089386 -0.21180589497089386 -0.21203939616680145 -0.21203939616680145 -0.21203939616680145 -0.21180589497089386 -0.38156163692474365 -0.38032326102256775 -0.3759499490261078 -0.32155469059944153 -0.32155469059944153 -0.21203939616680145 -0.32155469059944153 -0.3267683982849121 -0.32155469059944153 -0.32140079140663147 -0.21180589497089386 -0.21203939616680145 -0.20905663073062897 -0.1717650294303894 -0.1721445620059967 -0.1721445620059967 -0.16185438632965088 -0.12646937370300293 -0.0864204466342926 -0.08724544942378998 -0.08709798008203506 -0.06747663766145706 -0.06971634179353714 -0.067937470972538 -0.05224170908331871 -0.03813114017248154 -0.013875516131520271 -0.007903523743152618 -0.007903523743152618 -0.008852184750139713 -0.002026689238846302 -0.001939344801940024 -0.0018650523852556944 -0.0018127565272152424 -0.0014217965072020888 -0.0007931627915240824
-0.45451098680496216 -0.45451098680496216 -0.45451098680496216 -0.45451098680496216 -0.45451098680496216 -0.45451098680496216 -0.21180589497089386 -0.21180589497089386 -0.21180589497089386 -0.38370880484580994 -0.21180589497089386 -0.21180589497089386 -0.21180589497089386 -0.21180589497089386 -0.21180589497089386 -0.21180589497089386 -0.21180589497089386 -0.21180589497089386 -0.21180589497089386 -0.21180589497089386 -0.266182005405426 -0.21180589497089386 -0.20905663073062897 -0.1717650294303894 -0.1721445620059967 -0.1721445620059967 -0.16185438632965088 -0.12646937370300293 -0.0864204466342926 -0.08724544942378998 -0.08709798008203506 -0.06747663766145706 -0.06971634179353714 -0.067937470972538 -0.05224170908331871 -0.03813114017248154 -0.013875516131520271 -0.007903523743152618 -0.007903523743152618 -0.005043469835072756 -0.0014838578645139933 -0.0014838578645139933 -0.0014951491029933095 -0.0017559255938977003 -0.001417631283402443 -0.0007931627915240824
-0.36863070726394653 -0.36863070726394653 -0.36863070726394653 -0.36863070726394653 -0.36863070726394653 -0.36863070726394653 -0.4006343185901642 -0.4005500078201294 -0.3533361852169037 -0.36863070726394653 -0.21203939616680145 -0.21203939616680145 -0.21203939616680145 -0.21203939616680145 -0.21203939616680145 -0.32692110538482666 -0.21203939616680145 -0.21203939616680145 -0.21203939616680145 -0.21203939616680145 -0.266182005405426 -0.21919499337673187 -0.20905663073062897 -0.1717650294303894 -0.17275021970272064 -0.17266657948493958 -0.16190744936466217 -0.12646937370300293 -0.0864204466342926 -0.08724544942378998 -0.08709798008203506 -0.06747663766145706 -0.06971634179353714 -0.067937470972538 -0.05224170908331871 -0.03813114017248154 -0.013875516131520271 -0.007903523743152618 -0.007903523743152618 -0.005043469835072756 -0.0014838578645139933 -0.0014838578645139933 -0.0014951491029933095 -0.0017559255938977003 -0.001417631283402443 -0.0007931627915240824
-0.36863070726394653 -0.36863070726394653 -0.36863070726394653 -0.36863070726394653 -0.36863070726394653 -0.36863070726394653 -0.3860190510749817 -0.30459243059158325 -0.30459243059158325 -0.36863070726394653 -0.21203939616680145 -0.21203939616680145 -0.21203939616680145 -0.21203939616680145 -0.21203939616680145 -0.32692110538482666 -0.21203939616680145 -0.21203939616680145 -0.21203939616680145 -0.21203939616680145 -0.266182005405426 -0.21919499337673187 -0.20905663073062897 -0.1717650294303894 -0.1721445620059967 -0.1721445620059967 -0.16185438632965088 -0.12646937370300293 -0.09682001918554306 -0.09114637970924377 -0.08709798008203506 -0.06747663766145706 -0.06971634179353714 -0.06883575767278671 -0.05224170908331871 -0.03813114017248154 -0.013875516131520271 -0.007903523743152618 -0.007903523743152618 -0.005043469835072756 -0.0014838578645139933 -0.0014838578645139933 -0.0014951491029933095 -0.0017559255938977003 -0.001417631283402443 -0.0007931627915240824
-0.21180589497089386 -0.21180589497089386 -0.21180589497089386 -0.21180589497089386 -0.21180589497089386 -0.21180589497089386 -0.21203939616680145 -0.21203939616680145 -0.21203939616680145 -0.21180589497089386 -0.36758431792259216 -0.36758431792259216 -0.36758431792259216 -0.3287648558616638 -0.32851094007492065 -0.21203939616680145 -0.3268089294433594 -0.3267683982849121 -0.3244975209236145 -0.32172510027885437 -0.21180589497089386 -0.21203939616680145 -0.20905663073062897 -0.1717650294303894 -0.1721445620059967 -0.1721445620059967 -0.16185438632965088 -0.1325797140598297 -0.0864204466342926 -0.08724544942378998 -0.08709798008203506 -0.06747663766145706 -0.06971634179353714 -0.067937470972538 -0.05224170908331871 -0.03813114017248154 -0.013875516131520271 -0.007903523743152618 -0.007903523743152618 -0.005043469835072756 -0.0014838578645139933 -0.0014838578645139933 -0.0014951491029933095 -0.0017559255938977003 -0.001417631283402443 -0.0007992660393938422
-0.21180589497089386 -0.21180589497089386 -0.21180589497089386 -0.21180589497089386 -0.21180589497089386 -0.21180589497089386 -0.21203939616680145 -0.21203939616680145 -0.21203939616680145 -0.21180589497089386 -0.3672652840614319 -0.3672652840614319 -0.3672652840614319 -0.3287648558616638 -0.32851094007492065 -0.21203939616680145 -0.3268089294433594 -0.3267683982849121 -0.3244975209236145 -0.32172510027885437 -0.21180589497089386 -0.21203939616680145 -0.20905663073062897 -0.1717650294303894 -0.1721445620059967 -0.1721445620059967 -0.16185438632965088 -0.1325797140598297 -0.0864204466342926 -0.08724544942378998 -0.08709798008203506 -0.06747663766145706 -0.06971634179353714 -0.067937470972538 -0.05224170908331871 -0.03813114017248154 -0.013875516131520271 -0.007903523743152618 -0.007903523743152618 -0.005043469835072756 -0.0014838578645139933 -0.0014838578645139933 -0.0014951491029933095 -0.0017559255938977003 -0.001417631283402443 -0.0007992660393938422
-0.21180589497089386 -0.21180589497089386 -0.21180589497089386 -0.21180589497089386 -0.21180589497089386 -0.21180589497089386 -0.21203939616680145 -0.21203939616680145 -0.21203939616680145 -0.21180589497089386 -0.36511915922164917 -0.36511915922164917 -0.36511915922164917 -0.3287648558616638 -0.32851094007492065 -0.21203939616680145 -0.3268089294433594 -0.3267683982849121 -0.3244975209236145 -0.32172510027885437 -0.21180589497089386 -0.21203939616680145 -0.20905663073062897 -0.1717650294303894 -0.1721445620059967 -0.1721445620059967 -0.16185438632965088 -0.1325797140598297 -0.0864204466342926 -0.08724544942378998 -0.08709798008203506 -0.06747663766145706 -0.06971634179353714 -0.067937470972538 -0.05224170908331871 -0.03813114017248154 -0.013875516131520271 -0.007903523743152618 -0.007903523743152618 -0.005043469835072756 -0.0014838578645139933 -0.0014838578645139933 -0.0014951491029933095 -0.0017559255938977003 -0.001417631283402443 -0.0007992660393938422
-0.21180589497089386 -0.21180589497089386 -0.21180589497089386 -0.21180589497089386 -0.21180589497089386 -0.21180589497089386 -0.21203939616680145 -0.21203939616680145 -0.21203939616680145 -0.21180589497089386 -0.3651027977466583 -0.3651027977466583 -0.3651027977466583 -0.3287648558616638 -0.32851094007492065 -0.21203939616680145 -0.3268089294433594 -0.3267683982849121 -0.3244975209236145 -0.32172510027885437 -0.21180589497089386 -0.21203939616680145 -0.20905663073062897 -0.1717650294303894 -0.1721445620059967 -0.1721445620059967 -0.16185438632965088 -0.1325797140598297 -0.0864204466342926 -0.08724544942378998 -0.08709798008203506 -0.06747663766145706 -0.06971634179353714 -0.067937470972538 -0.05224170908331871 -0.03813114017248154 -0.013875516131520271 -0.007903523743152618 -0.007903523743152618 -0.005043469835072756 -0.0014838578645139933 -0.0014838578645139933 -0.0014951491029933095 -0.0017559255938977003 -0.001417631283402443 -0.0007992660393938422
-0.3648120164871216 -0.3648120164871216 -0.3648120164871216 -0.3648120164871216 -0.3648120164871216 -0.3648120164871216 -0.3648120164871216 -0.30459243059158325 -0.30459243059158325 -0.3648120164871216 -0.21203939616680145 -0.21203939616680145 -0.21203939616680145 -0.21203939616680145 -0.21203939616680145 -0.32692110538482666 -0.21203939616680145 -0.21203939616680145 -0.21203939616680145 -0.21203939616680145 -0.266182005405426 -0.21919499337673187 -0.20905663073062897 -0.1717650294303894 -0.1721445620059967 -0.1721445620059967 -0.16185438632965088 -0.12646937370300293 -0.09682001918554306 -0.09114637970924377 -0.08709798008203506 -0.06747663766145706 -0.06971634179353714 -0.06883575767278671 -0.05224170908331871 -0.03813114017248154 -0.013875516131520271 -0.007903523743152618 -0.007903523743152618 -0.005043469835072756 -0.0014838578645139933 -0.0014838578645139933 -0.0014951491029933095 -0.0017559255938977003 -0.001417631283402443 -0.0007931627915240824
-0.21180589497089386 -0.21180589497089386 -0.21180589497089386 -0.21180589497089386 -0.21180589497089386 -0.21180589497089386 -0.21203939616680145 -0.21203939616680145 -0.21203939616680145 -0.21180589497089386 -0.3646562993526459 -0.3646562993526459 -0.3646562993526459 -0.3287648558616638 -0.32851094007492065 -0.21203939616680145 -0.3268089294433594 -0.3267683982849121 -0.3244975209236145 -0.32172510027885437 -0.21180589497089386 -0.21203939616680145 -0.20905663073062897 -0.1717650294303894 -0.1721445620059967 -0.1721445620059967 -0.16185438632965088 -0.1325797140598297 -0.0864204466342926 -0.08724544942378998 -0.08709798008203506 -0.06747663766145706 -0.06971634179353714 -0.067937470972538 -0.05224170908331871 -0.03813114017248154 -0.013875516131520271 -0.007903523743152618 -0.007903523743152618 -0.005043469835072756 -0.0014838578645139933 -0.0014838578645139933 -0.0014951491029933095 -0.0017559255938977003 -0.001417631283402443 -0.0007992660393938422
-0.21180589497089386 -0.21180589497089386 -0.21180589497089386 -0.21180589497089386 -0.21180589497089386 -0.21180589497089386 -0.21919499337673187 -0.21919499337673187 -0.21919499337673187 -0.21180589497089386 -0.36453893780708313 -0.36453893780708313 -0.36453893780708313 -0.32155469059944153 -0.32155469059944153 -0.21555766463279724 -0.32155469059944153 -0.3256593942642212 -0.32155469059944153 -0.32140079140663147 -0.21180589497089386 -0.22496671974658966 -0.20905663073062897 -0.1717650294303894 -0.1721445620059967 -0.1721445620059967 -0.16185438632965088 -0.12646937370300293 -0.0864204466342926 -0.08724544942378998 -0.08709798008203506 -0.06747663766145706 -0.06971634179353714 -0.067937470972538 -0.05224170908331871 -0.03813114017248154 -0.013875516131520271 -0.007903523743152618 -0.007903523743152618 -0.005043469835072756 -0.0014838578645139933 -0.0014838578645139933 -0.0014951491029933095 -0.0017559255938977003 -0.001417631283402443 -0.0007931627915240824
-0.21180589497089386 -0.21180589497089386 -0.21180589497089386 -0.21180589497089386 -0.21180589497089386 -0.21180589497089386 -0.21203939616680145 -0.21203939616680145 -0.21203939616680145 -0.21180589497089386 -0.3640880882740021 -0.3640880882740021 -0.3640880882740021 -0.3287648558616638 -0.32851094007492065 -0.21203939616680145 -0.3268089294433594 -0.3267683982849121 -0.3244975209236145 -0.32172510027885437 -0.21180589497089386 -0.21203939616680145 -0.20905663073062897 -0.1717650294303894 -0.1721445620059967 -0.1721445620059967 -0.16185438632965088 -0.1325797140598297 -0.0864204466342926 -0.08724544942378998 -0.08709798008203506 -0.06747663766145706 -0.06971634179353714 -0.067937470972538 -0.05224170908331871 -0.03813114017248154 -0.013875516131520271 -0.007903523743152618 -0.007903523743152618 -0.005043469835072756 -0.0014838578645139933 -0.0014838578645139933 -0.0014951491029933095 -0.0017559255938977003 -0.001417631283402443 -0.0007992660393938422
-0.21180589497089386 -0.21180589497089386 -0.21180589497089386 -0.21180589497089386 -0.21180589497089386 -0.21180589497089386 -0.21203939616680145 -0.21203939616680145 -0.21203939616680145 -0.21180589497089386 -0.3630775213241577 -0.3630775213241577 -0.3630775213241577 -0.3287648558616638 -0.32851094007492065 -0.21203939616680145 -0.3268089294433594 -0.3267683982849121 -0.3244975209236145 -0.32172510027885437 -0.21180589497089386 -0.21203939616680145 -0.20905663073062897 -0.1717650294303894 -0.1721445620059967 -0.1721445620059967 -0.16185438632965088 -0.1325797140598297 -0.0864204466342926 -0.08724544942378998 -0.08709798008203506 -0.06747663766145706 -0.06971634179353714 -0.067937470972538 -0.05224170908331871 -0.03813114017248154 -0.013875516131520271 -0.007903523743152618 -0.007903523743152618 -0.005043469835072756 -0.0014838578645139933 -0.0014838578645139933 -0.0014951491029933095 -0.0017559255938977003 -0.001417631283402443 -0.0007992660393938422
-0.21180589497089386 -0.21180589497089386 -0.21180589497089386 -0.21180589497089386 -0.21180589497089386 -0.21180589497089386 -0.21203939616680145 -0.21203939616680145 -0.21203939616680145 -0.21180589497089386 -0.3627285957336426 -0.3627285957336426 -0.3627285957336426 -0.3287648558616638 -0.32851094007492065 -0.21203939616680145 -0.3268089294433594 -0.3267683982849121 -0.3244975209236145 -0.32172510027885437 -0.21180589497089386 -0.21203939616680145 -0.20905663073062897 -0.1717650294303894 -0.1721445620059967 -0.1721445620059967 -0.16185438632965088 -0.1325797140598297 -0.0864204466342926 -0.08724544942378998 -0.08709798008203506 -0.06747663766145706 -0.06971634179353714 -0.067937470972538 -0.05224170908331871 -0.03813114017248154 -0.013875516131520271 -0.007903523743152618 -0.007903523743152618 -0.005043469835072756 -0.0014838578645139933 -0.0014838578645139933 -0.0014951491029933095 -0.0017559255938977003 -0.001417631283402443 -0.0007992660393938422
-0.21180589497089386 -0.21180589497089386 -0.21180589497089386 -0.21180589497089386 -0.21180589497089386 -0.21180589497089386 -0.21203939616680145 -0.21203939616680145 -0.21203939616680145 -0.21180589497089386 -0.3623577952384949 -0.3623577952384949 -0.3623577952384949 -0.3287648558616638 -0.32851094007492065 -0.21203939616680145 -0.3268089294433594 -0.3267683982849121 -0.3244975209236145 -0.32172510027885437 -0.21180589497089386 -0.21203939616680145 -0.20905663073062897 -0.1717650294303894 -0.1721445620059967 -0.1721445620059967 -0.16185438632965088 -0.1325797140598297 -0.0864204466342926 -0.08724544942378998 -0.08709798008203506 -0.06747663766145706 -0.06971634179353714 -0.067937470972538 -0.05224170908331871 -0.03813114017248154 -0.013875516131520271 -0.007903523743152618 -0.007903523743152618 -0.005043469835072756 -0.0014838578645139933 -0.0014838578645139933 -0.0014951491029933095 -0.0017559255938977003 -0.001417631283402443 -0.0007992660393938422
-0.21180589497089386 -0.21180589497089386 -0.21180589497089386 -0.21180589497089386 -0.21180589497089386 -0.21180589497089386 -0.21203939616680145 -0.21203939616680145 -0.21203939616680145 -0.21180589497089386 -0.3256593942642212 -0.3256593942642212 -0.35369980335235596 -0.3287648558616638 -0.32851094007492065 -0.21203939616680145 -0.3268089294433594 -0.3256593942642212 -0.3244975209236145 -0.32172510027885437 -0.21180589497089386 -0.21203939616680145 -0.20905663073062897 -0.1717650294303894 -0.1721445620059967 -0.1721445620059967 -0.16185438632965088 -0.1325797140598297 -0.0864204466342926 -0.08724544942378998 -0.08709798008203506 -0.06747663766145706 -0.06971634179353714 -0.067937470972538 -0.05224170908331871 -0.03813114017248154 -0.013875516131520271 -0.007903523743152618 -0.007903523743152618 -0.005043469835072756 -0.0014838578645139933 -0.0014838578645139933 -0.0014951491029933095 -0.0017559255938977003 -0.001417631283402443 -0.0007992660393938422
-0.3515942394733429 -0.3515942394733429 -0.3515942394733429 -0.3515942394733429 -0.3515942394733429 -0.3515942394733429 -0.3515942394733429 -0.3515942394733429 -0.3515942394733429 -0.3515942394733429 -0.21203939616680145 -0.21203939616680145 -0.21203939616680145 -0.21203939616680145 -0.21203939616680145 -0.21555766463279724 -0.21203939616680145 -0.21203939616680145 -0.21203939616680145 -0.21203939616680145 -0.266182005405426 -0.21919499337673187 -0.20905663073062897 -0.1717650294303894 -0.1721445620059967 -0.1721445620059967 -0.16185438632965088 -0.12646937370300293 -0.0864204466342926 -0.08724544942378998 -0.08711788058280945 -0.06747663766145706 -0.06971634179353714 -0.067937470972538 -0.05224170908331871 -0.03813114017248154 -0.013875516131520271 -0.007903523743152618 -0.007903523743152618 -0.005043469835072756 -0.0014838578645139933 -0.0014838578645139933 -0.0014951491029933095 -0.0017559255938977003 -0.001417631283402443 -0.0007931627915240824
-0.3470469117164612 -0.3470469117164612 -0.3470469117164612 -0.3470469117164612 -0.3470469117164612 -0.3470469117164612 -0.21180589497089386 -0.21180589497089386 -0.21180589497089386 -0.3470469117164612 -0.21180589497089386 -0.21180589497089386 -0.21180589497089386 -0.21180589497089386 -0.21180589497089386 -0.21180589497089386 -0.21180589497089386 -0.21180589497089386 -0.21180589497089386 -0.21180589497089386 -0.266182005405426 -0.21180589497089386 -0.20905663073062897 -0.1717650294303894 -0.1721445620059967 -0.1721445620059967 -0.16185438632965088 -0.12646937370300293 -0.0864204466342926 -0.08724544942378998 -0.08709798008203506 -0.06747663766145706 -0.06971634179353714 -0.067937470972538 -0.05224170908331871 -0.03813114017248154 -0.013875516131520271 -0.007903523743152618 -0.007903523743152618 -0.005043469835072756 -0.0014838578645139933 -0.0014838578645139933 -0.0014951491029933095 -0.0017559255938977003 -0.001417631283402443 -0.0007931627915240824
-0.309731125831604 -0.309731125831604 -0.309731125831604 -0.309731125831604 -0.309731125831604 -0.309731125831604 -0.30459243059158325 -0.30459243059158325 -0.30459243059158325 -0.309731125831604 -0.21203939616680145 -0.21203939616680145 -0.21203939616680145 -0.21203939616680145 -0.21203939616680145 -0.309731125831604 -0.21203939616680145 -0.21203939616680145 -0.21203939616680145 -0.21203939616680145 -0.266182005405426 -0.21919499337673187 -0.20905663073062897 -0.1717650294303894 -0.1721445620059967 -0.1721445620059967 -0.16185438632965088 -0.12646937370300293 -0.0864204466342926 -0.08724544942378998 -0.08709798008203506 -0.06747663766145706 -0.06971634179353714 -0.067937470972538 -0.05224170908331871 -0.03813114017248154 -0.013875516131520271 -0.007903523743152618 -0.007903523743152618 -0.005043469835072756 -0.0014838578645139933 -0.0014838578645139933 -0.0014951491029933095 -0.0017559255938977003 -0.001417631283402443 -0.0007931627915240824
-0.29700276255607605 -0.29700276255607605 -0.29700276255607605 -0.29700276255607605 -0.29700276255607605 -0.29700276255607605 -0.29700276255607605 -0.29700276255607605 -0.29700276255607605 -0.29700276255607605 -0.21203939616680145 -0.21203939616680145 -0.21203939616680145 -0.21203939616680145 -0.21203939616680145 -0.21555766463279724 -0.21203939616680145 -0.21203939616680145 -0.21203939616680145 -0.21203939616680145 -0.266182005405426 -0.21919499337673187 -0.20905663073062897 -0.1717650294303894 -0.1721445620059967 -0.1721445620059967 -0.16185438632965088 -0.12646937370300293 -0.0864204466342926 -0.08724544942378998 -0.08709798008203506 -0.06747663766145706 -0.06971634179353714 -0.067937470972538 -0.05224170908331871 -0.03813114017248154 -0.013875516131520271 -0.007903523743152618 -0.007903523743152618 -0.005043469835072756 -0.0014838578645139933 -0.0014838578645139933 -0.0014951491029933095 -0.0017559255938977003 -0.001417631283402443 -0.0007931627915240824
-0.21180589497089386 -0.21180589497089386 -0.21180589497089386 -0.21180589497089386 -0.21180589497089386 -0.21180589497089386 -0.2929580807685852 -0.2929580807685852 -0.2929580807685852 -0.21180589497089386 -0.21203939616680145 -0.21203939616680145 -0.21203939616680145 -0.21203939616680145 -0.21203939616680145 -0.2929580807685852 -0.21203939616680145 -0.21203939616680145 -0.21203939616680145 -0.21203939616680145 -0.21180589497089386 -0.22496671974658966 -0.20905663073062897 -0.1717650294303894 -0.1721445620059967 -0.1721445620059967 -0.16185438632965088 -0.12646937370300293 -0.09682001918554306 -0.09114637970924377 -0.08709798008203506 -0.07049119472503662 -0.06971634179353714 -0.06883575767278671 -0.06690653413534164 -0.03813114017248154 -0.013875516131520271 -0.007903523743152618 -0.007903523743152618 -0.005043469835072756 -0.0014838578645139933 -0.0014838578645139933 -0.0014951491029933095 -0.0017559255938977003 -0.001417631283402443 -0.0007931627915240824
-0.262359619140625 -0.262359619140625 -0.262359619140625 -0.262359619140625 -0.262359619140625 -0.262359619140625 -0.262359619140625 -0.262359619140625 -0.262359619140625 -0.262359619140625 -0.21203939616680145 -0.21203939616680145 -0.21203939616680145 -0.21203939616680145 -0.21203939616680145 -0.262359619140625 -0.21203939616680145 -0.21203939616680145 -0.21203939616680145 -0.21203939616680145 -0.262359619140625 -0.22496671974658966 -0.20905663073062897 -0.1717650294303894 -0.1721445620059967 -0.1721445620059967 -0.16185438632965088 -0.12646937370300293 -0.09682001918554306 -0.09114637970924377 -0.08709798008203506 -0.06747663766145706 -0.06971634179353714 -0.067937470972538 -0.05224170908331871 -0.03813114017248154 -0.013875516131520271 -0.007903523743152618 -0.007903523743152618 -0.005043469835072756 -0.0014838578645139933 -0.0014838578645139933 -0.0014951491029933095 -0.0017559255938977003 -0.001417631283402443 -0.0007931627915240824
-0.21180589497089386 -0.21180589497089386 -0.21180589497089386 -0.21180589497089386 -0.21180589497089386 -0.21180589497089386 -0.25667616724967957 -0.25667616724967957 -0.25667616724967957 -0.21180589497089386 -0.25667616724967957 -0.25667616724967957 -0.25667616724967957 -0.25667616724967957 -0.25667616724967957 -0.25667616724967957 -0.25667616724967957 -0.25667616724967957 -0.25667616724967957 -0.25667616724967957 -0.21180589497089386 -0.22496671974658966 -0.20905663073062897 -0.1717650294303894 -0.17275021970272064 -0.17266657948493958 -0.16185438632965088 -0.12646937370300293 -0.09682001918554306 -0.09114637970924377 -0.08709798008203506 -0.06747663766145706 -0.06971634179353714 -0.06883575767278671 -0.05224170908331871 -0.03813114017248154 -0.013875516131520271 -0.007903523743152618 -0.007903523743152618 -0.005043469835072756 -0.0014838578645139933 -0.0014838578645139933 -0.0014951491029933095 -0.0017559255938977003 -0.001417631283402443 -0.0007931627915240824
-0.21180589497089386 -0.21180589497089386 -0.21180589497089386 -0.21180589497089386 -0.21180589497089386 -0.21180589497089386 -0.21639859676361084 -0.21639859676361084 -0.21639859676361084 -0.21180589497089386 -0.21203939616680145 -0.21203939616680145 -0.21203939616680145 -0.21203939616680145 -0.21203939616680145 -0.21555766463279724 -0.21203939616680145 -0.21203939616680145 -0.21203939616680145 -0.21203939616680145 -0.21180589497089386 -0.21639859676361084 -0.20905663073062897 -0.17301955819129944 -0.17275021970272064 -0.17266657948493958 -0.16190744936466217 -0.12646937370300293 -0.0864204466342926 -0.08724544942378998 -0.08711788058280945 -0.06747663766145706 -0.07029776275157928 -0.067937470972538 -0.05224170908331871 -0.03813114017248154 -0.0211725402623415 -0.018220193684101105 -0.015627341344952583 -0.005043469835072756 -0.0014838578645139933 -0.0014838578645139933 -0.0014951491029933095 -0.0017559255938977003 -0.001417631283402443 -0.0007931627915240824
-0.2037632316350937 -0.2037632316350937 -0.2037632316350937 -0.2037632316350937 -0.2037632316350937 -0.2037632316350937 -0.2037632316350937 -0.2037632316350937 -0.2037632316350937 -0.2037632316350937 -0.2037632316350937 -0.2037632316350937 -0.2037632316350937 -0.2037632316350937 -0.2037632316350937 -0.2037632316350937 -0.2037632316350937 -0.2037632316350937 -0.2037632316350937 -0.2037632316350937 -0.2037632316350937 -0.2037632316350937 -0.2037632316350937 -0.1717650294303894 -0.1721445620059967 -0.1721445620059967 -0.16185438632965088 -0.12646937370300293 -0.09682001918554306 -0.09114637970924377 -0.08709798008203506 -0.07049119472503662 -0.06971634179353714 -0.06883575767278671 -0.06690653413534164 -0.0474000982940197 -0.013875516131520271 -0.007903523743152618 -0.007903523743152618 -0.005043469835072756 -0.0014838578645139933 -0.0014838578645139933 -0.0014951491029933095 -0.0017559255938977003 -0.001417631283402443 -0.0007931627915240824
-0.202580988407135 -0.202580988407135 -0.202580988407135 -0.202580988407135 -0.202580988407135 -0.202580988407135 -0.202580988407135 -0.202580988407135 -0.202580988407135 -0.202580988407135 -0.202580988407135 -0.202580988407135 -0.202580988407135 -0.202580988407135 -0.202580988407135 -0.202580988407135 -0.202580988407135 -0.202580988407135 -0.202580988407135 -0.202580988407135 -0.202580988407135 -0.202580988407135 -0.202580988407135 -0.1717650294303894 -0.1721445620059967 -0.1721445620059967 -0.16185438632965088 -0.12646937370300293 -0.09682001918554306 -0.09114637970924377 -0.08709798008203506 -0.07049119472503662 -0.06971634179353714 -0.06883575767278671 -0.06690653413534164 -0.0474000982940197 -0.013875516131520271 -0.007903523743152618 -0.007903523743152618 -0.005043469835072756 -0.0014838578645139933 -0.0014838578645139933 -0.0014951491029933095 -0.0017559255938977003 -0.001417631283402443 -0.0007931627915240824
-0.20205511152744293 -0.20205511152744293 -0.20205511152744293 -0.20205511152744293 -0.20205511152744293 -0.20205511152744293 -0.20205511152744293 -0.20205511152744293 -0.20205511152744293 -0.20205511152744293 -0.20205511152744293 -0.20205511152744293 -0.20205511152744293 -0.20205511152744293 -0.20205511152744293 -0.20205511152744293 -0.20205511152744293 -0.20205511152744293 -0.20205511152744293 -0.20205511152744293 -0.20205511152744293 -0.20205511152744293 -0.20205511152744293 -0.1717650294303894 -0.1721445620059967 -0.1721445620059967 -0.16185438632965088 -0.12646937370300293 -0.09682001918554306 -0.09114637970924377 -0.08709798008203506 -0.07049119472503662 -0.06971634179353714 -0.06883575767278671 -0.06690653413534164 -0.0474000982940197 -0.013875516131520271 -0.007903523743152618 -0.007903523743152618 -0.005043469835072756 -0.0014838578645139933 -0.0014838578645139933 -0.0014951491029933095 -0.0017559255938977003 -0.001417631283402443 -0.0007931627915240824
-0.2016717493534088 -0.2016717493534088 -0.2016717493534088 -0.2016717493534088 -0.2016717493534088 -0.2016717493534088 -0.2016717493534088 -0.2016717493534088 -0.2016717493534088 -0.2016717493534088 -0.2016717493534088 -0.2016717493534088 -0.2016717493534088 -0.2016717493534088 -0.2016717493534088 -0.2016717493534088 -0.2016717493534088 -0.2016717493534088 -0.2016717493534088 -0.2016717493534088 -0.2016717493534088 -0.2016717493534088 -0.2016717493534088 -0.1717650294303894 -0.1721445620059967 -0.1721445620059967 -0.16185438632965088 -0.12646937370300293 -0.09682001918554306 -0.08724544942378998 -0.08709798008203506 -0.07049119472503662 -0.06971634179353714 -0.06883575767278671 -0.06690653413534164 -0.0474000982940197 -0.013875516131520271 -0.007903523743152618 -0.007903523743152618 -0.005043469835072756 -0.0014838578645139933 -0.0014838578645139933 -0.0014951491029933095 -0.0017559255938977003 -0.001417631283402443 -0.0007931627915240824
-0.20097264647483826 -0.20097264647483826 -0.20097264647483826 -0.20097264647483826 -0.20097264647483826 -0.20097264647483826 -0.20097264647483826 -0.20097264647483826 -0.20097264647483826 -0.20097264647483826 -0.20097264647483826 -0.20097264647483826 -0.20097264647483826 -0.20097264647483826 -0.20097264647483826 -0.20097264647483826 -0.20097264647483826 -0.20097264647483826 -0.20097264647483826 -0.20097264647483826 -0.20097264647483826 -0.20097264647483826 -0.20097264647483826 -0.1717650294303894 -0.1721445620059967 -0.1721445620059967 -0.16185438632965088 -0.12646937370300293 -0.09682001918554306 -0.09114637970924377 -0.08709798008203506 -0.07049119472503662 -0.06971634179353714 -0.06883575767278671 -0.06690653413534164 -0.0474000982940197 -0.013875516131520271 -0.007903523743152618 -0.007903523743152618 -0.005043469835072756 -0.0014838578645139933 -0.0014838578645139933 -0.0014951491029933095 -0.0017559255938977003 -0.001417631283402443 -0.0007931627915240824
-0.19809110462665558 -0.19809110462665558 -0.19809110462665558 -0.19809110462665558 -0.19809110462665558 -0.19809110462665558 -0.19809110462665558 -0.19809110462665558 -0.19809110462665558 -0.19809110462665558 -0.19809110462665558 -0.19809110462665558 -0.19809110462665558 -0.19809110462665558 -0.19809110462665558 -0.19809110462665558 -0.19809110462665558 -0.19809110462665558 -0.19809110462665558 -0.19809110462665558 -0.19809110462665558 -0.19809110462665558 -0.19809110462665558 -0.1717650294303894 -0.1721445620059967 -0.1721445620059967 -0.16185438632965088 -0.1325797140598297 -0.0864204466342926 -0.08724544942378998 -0.08709798008203506 -0.06747663766145706 -0.06971634179353714 -0.067937470972538 -0.05224170908331871 -0.03813114017248154 -0.013875516131520271 -0.007903523743152618 -0.007903523743152618 -0.005043469835072756 -0.0014838578645139933 -0.0014838578645139933 -0.0014951491029933095 -0.0017559255938977003 -0.001417631283402443 -0.0007992660393938422
-0.19707633554935455 -0.19707633554935455 -0.19707633554935455 -0.19707633554935455 -0.19707633554935455 -0.19707633554935455 -0.19707633554935455 -0.19707633554935455 -0.19707633554935455 -0.19707633554935455 -0.19707633554935455 -0.19707633554935455 -0.19707633554935455 -0.19707633554935455 -0.19707633554935455 -0.19707633554935455 -0.19707633554935455 -0.19707633554935455 -0.19707633554935455 -0.19707633554935455 -0.19707633554935455 -0.19707633554935455 -0.19707633554935455 -0.17301955819129944 -0.17275021970272064 -0.17266657948493958 -0.16190744936466217 -0.12646937370300293 -0.0864204466342926 -0.08724544942378998 -0.08711788058280945 -0.06747663766145706 -0.07029776275157928 -0.067937470972538 -0.05224170908331871 -0.03813114017248154 -0.0211725402623415 -0.018220193684101105 -0.015627341344952583 -0.005043469835072756 -0.002026689238846302 -0.001939344801940024 -0.0014951491029933095 -0.0017559255938977003 -0.001417631283402443 -0.0007931627915240824
-0.17747198045253754 -0.17747198045253754 -0.17747198045253754 -0.17747198045253754 -0.17747198045253754 -0.17747198045253754 -0.17747198045253754 -0.17747198045253754 -0.17747198045253754 -0.17747198045253754 -0.17747198045253754 -0.17747198045253754 -0.17747198045253754 -0.17747198045253754 -0.17747198045253754 -0.17747198045253754 -0.17747198045253754 -0.17747198045253754 -0.17747198045253754 -0.17747198045253754 -0.17747198045253754 -0.17747198045253754 -0.17747198045253754 -0.17301955819129944 -0.1721445620059967 -0.1721445620059967 -0.16185438632965088 -0.12646937370300293 -0.0864204466342926 -0.08724544942378998 -0.08709798008203506 -0.06747663766145706 -0.06971634179353714 -0.067937470972538 -0.05224170908331871 -0.03813114017248154 -0.0211725402623415 -0.018220193684101105 -0.015627341344952583 -0.008852184750139713 -0.002026689238846302 -0.001939344801940024 -0.0014951491029933095 -0.0017559255938977003 -0.0014217965072020888 -0.0007931627915240824
-0.15730397403240204 -0.15730397403240204 -0.15730397403240204 -0.15730397403240204 -0.15730397403240204 -0.15730397403240204 -0.15730397403240204 -0.15730397403240204 -0.15730397403240204 -0.15730397403240204 -0.15730397403240204 -0.15730397403240204 -0.15730397403240204 -0.15730397403240204 -0.15730397403240204 -0.15730397403240204 -0.15730397403240204 -0.15730397403240204 -0.15730397403240204 -0.15730397403240204 -0.15730397403240204 -0.15730397403240204 -0.15730397403240204 -0.15730397403240204 -0.15730397403240204 -0.15730397403240204 -0.15730397403240204 -0.12646937370300293 -0.0864204466342926 -0.08724544942378998 -0.08709798008203506 -0.06747663766145706 -0.06971634179353714 -0.067937470972538 -0.05224170908331871 -0.03813114017248154 -0.013875516131520271 -0.007903523743152618 -0.007903523743152618 -0.008852184750139713 -0.0014838578645139933 -0.0014838578645139933 -0.0018650523852556944 -0.0018127565272152424 -0.0014217965072020888 -0.0007931627915240824
-0.15147267282009125 -0.15147267282009125 -0.15147267282009125 -0.15147267282009125 -0.15147267282009125 -0.15147267282009125 -0.15147267282009125 -0.15147267282009125 -0.15147267282009125 -0.15147267282009125 -0.15147267282009125 -0.15147267282009125 -0.15147267282009125 -0.15147267282009125 -0.15147267282009125 -0.15147267282009125 -0.15147267282009125 -0.15147267282009125 -0.15147267282009125 -0.15147267282009125 -0.15147267282009125 -0.15147267282009125 -0.15147267282009125 -0.15147267282009125 -0.15147267282009125 -0.15147267282009125 -0.15147267282009125 -0.12646937370300293 -0.09682001918554306 -0.09114637970924377 -0.08709798008203506 -0.07049119472503662 -0.06971634179353714 -0.06883575767278671 -0.06690653413534164 -0.0474000982940197 -0.013875516131520271 -0.007903523743152618 -0.007903523743152618 -0.005043469835072756 -0.0014838578645139933 -0.0014838578645139933 -0.0014951491029933095 -0.0017559255938977003 -0.001417631283402443 -0.0007931627915240824
-0.14718672633171082 -0.14718672633171082 -0.14718672633171082 -0.14718672633171082 -0.14718672633171082 -0.14718672633171082 -0.14718672633171082 -0.14718672633171082 -0.14718672633171082 -0.14718672633171082 -0.14718672633171082 -0.14718672633171082 -0.14718672633171082 -0.14718672633171082 -0.14718672633171082 -0.14718672633171082 -0.14718672633171082 -0.14718672633171082 -0.14718672633171082 -0.14718672633171082 -0.14718672633171082 -0.14718672633171082 -0.14718672633171082 -0.14718672633171082 -0.14718672633171082 -0.14718672633171082 -0.14718672633171082 -0.12646937370300293 -0.0864204466342926 -0.08724544942378998 -0.08711788058280945 -0.06747663766145706 -0.07029776275157928 -0.067937470972538 -0.05224170908331871 -0.03813114017248154 -0.013875516131520271 -0.013701674528419971 -0.015627341344952583 -0.005043469835072756 -0.0014838578645139933 -0.0014838578645139933 -0.0014951491029933095 -0.0017559255938977003 -0.001417631283402443 -0.0007931627915240824
-0.1305205523967743 -0.1305205523967743 -0.1305205523967743 -0.1305205523967743 -0.1305205523967743 -0.1305205523967743 -0.1305205523967743 -0.1305205523967743 -0.1305205523967743 -0.1305205523967743 -0.1305205523967743 -0.1305205523967743 -0.1305205523967743 -0.1305205523967743 -0.1305205523967743 -0.1305205523967743 -0.1305205523967743 -0.1305205523967743 -0.1305205523967743 -0.1305205523967743 -0.1305205523967743 -0.1305205523967743 -0.1305205523967743 -0.1305205523967743 -0.1305205523967743 -0.1305205523967743 -0.1305205523967743 -0.12646937370300293 -0.0864204466342926 -0.08724544942378998 -0.08711788058280945 -0.06747663766145706 -0.07029776275157928 -0.067937470972538 -0.05224170908331871 -0.03813114017248154 -0.013875516131520271 -0.007903523743152618 -0.007903523743152618 -0.005043469835072756 -0.0014838578645139933 -0.0014838578645139933 -0.0014951491029933095 -0.0017559255938977003 -0.001417631283402443 -0.0007931627915240824
-0.12128473818302155 -0.12128473818302155 -0.12128473818302155 -0.12128473818302155 -0.12128473818302155 -0.12128473818302155 -0.12128473818302155 -0.12128473818302155 -0.12128473818302155 -0.12128473818302155 -0.12128473818302155 -0.12128473818302155 -0.12128473818302155 -0.12128473818302155 -0.12128473818302155 -0.12128473818302155 -0.12128473818302155 -0.12128473818302155 -0.12128473818302155 -0.12128473818302155 -0.12128473818302155 -0.12128473818302155 -0.12128473818302155 -0.12128473818302155 -0.12128473818302155 -0.12128473818302155 -0.12128473818302155 -0.12128473818302155 -0.09682001918554306 -0.09114637970924377 -0.08709798008203506 -0.07049119472503662 -0.06971634179353714 -0.06883575767278671 -0.06690653413534164 -0.0474000982940197 -0.013875516131520271 -0.007903523743152618 -0.007903523743152618 -0.005043469835072756 -0.0014838578645139933 -0.0014838578645139933 -0.0014951491029933095 -0.0017559255938977003 -0.001417631283402443 -0.0007931627915240824
-0.11683231592178345 -0.11683231592178345 -0.11683231592178345 -0.11683231592178345 -0.11683231592178345 -0.11683231592178345 -0.11683231592178345 -0.11683231592178345 -0.11683231592178345 -0.11683231592178345 -0.11683231592178345 -0.11683231592178345 -0.11683231592178345 -0.11683231592178345 -0.11683231592178345 -0.11683231592178345 -0.11683231592178345 -0.11683231592178345 -0.11683231592178345 -0.11683231592178345 -0.11683231592178345 -0.11683231592178345 -0.11683231592178345 -0.11683231592178345 -0.11683231592178345 -0.11683231592178345 -0.11683231592178345 -0.11683231592178345 -0.09682001918554306 -0.09114637970924377 -0.08709798008203506 -0.07049119472503662 -0.06971634179353714 -0.06883575767278671 -0.06690653413534164 -0.0474000982940197 -0.013875516131520271 -0.007903523743152618 -0.007903523743152618 -0.005043469835072756 -0.0014838578645139933 -0.0014838578645139933 -0.0014951491029933095 -0.0017559255938977003 -0.001417631283402443 -0.0007931627915240824
-0.11238750070333481 -0.11238750070333481 -0.11238750070333481 -0.11238750070333481 -0.11238750070333481 -0.11238750070333481 -0.11238750070333481 -0.11238750070333481 -0.11238750070333481 -0.11238750070333481 -0.11238750070333481 -0.11238750070333481 -0.11238750070333481 -0.11238750070333481 -0.11238750070333481 -0.11238750070333481 -0.11238750070333481 -0.11238750070333481 -0.11238750070333481 -0.11238750070333481 -0.11238750070333481 -0.11238750070333481 -0.11238750070333481 -0.11238750070333481 -0.11238750070333481 -0.11238750070333481 -0.11238750070333481 -0.11238750070333481 -0.09682001918554306 -0.09114637970924377 -0.08709798008203506 -0.07049119472503662 -0.06971634179353714 -0.06883575767278671 -0.06690653413534164 -0.0474000982940197 -0.013875516131520271 -0.007903523743152618 -0.007903523743152618 -0.005043469835072756 -0.0014838578645139933 -0.0014838578645139933 -0.0014951491029933095 -0.0017559255938977003 -0.001417631283402443 -0.0007931627915240824
-0.10641420632600784 -0.10641420632600784 -0.10641420632600784 -0.10641420632600784 -0.10641420632600784 -0.10641420632600784 -0.10641420632600784 -0.10641420632600784 -0.10641420632600784 -0.10641420632600784 -0.10641420632600784 -0.10641420632600784 -0.10641420632600784 -0.10641420632600784 -0.10641420632600784 -0.10641420632600784 -0.10641420632600784 -0.10641420632600784 -0.10641420632600784 -0.10641420632600784 -0.10641420632600784 -0.10641420632600784 -0.10641420632600784 -0.10641420632600784 -0.10641420632600784 -0.10641420632600784 -0.10641420632600784 -0.10641420632600784 -0.09682001918554306 -0.09114637970924377 -0.08709798008203506 -0.07049119472503662 -0.06971634179353714 -0.06883575767278671 -0.06690653413534164 -0.0474000982940197 -0.013875516131520271 -0.007903523743152618 -0.007903523743152618 -0.005043469835072756 -0.0014838578645139933 -0.0014838578645139933 -0.0014951491029933095 -0.0017559255938977003 -0.001417631283402443 -0.0007931627915240824
-0.10415442287921906 -0.10415442287921906 -0.10415442287921906 -0.10415442287921906 -0.10415442287921906 -0.10415442287921906 -0.10415442287921906 -0.10415442287921906 -0.10415442287921906 -0.10415442287921906 -0.10415442287921906 -0.10415442287921906 -0.10415442287921906 -0.10415442287921906 -0.10415442287921906 -0.10415442287921906 -0.10415442287921906 -0.10415442287921906 -0.10415442287921906 -0.10415442287921906 -0.10415442287921906 -0.10415442287921906 -0.10415442287921906 -0.10415442287921906 -0.10415442287921906 -0.10415442287921906 -0.10415442287921906 -0.10415442287921906 -0.09682001918554306 -0.09114637970924377 -0.08709798008203506 -0.07049119472503662 -0.06971634179353714 -0.06883575767278671 -0.06690653413534164 -0.0474000982940197 -0.013875516131520271 -0.007903523743152618 -0.007903523743152618 -0.005043469835072756 -0.0014838578645139933 -0.0014838578645139933 -0.0014951491029933095 -0.0017559255938977003 -0.001417631283402443 -0.0007931627915240824
-0.09934818744659424 -0.09934818744659424 -0.09934818744659424 -0.09934818744659424 -0.09934818744659424 -0.09934818744659424 -0.09934818744659424 -0.09934818744659424 -0.09934818744659424 -0.09934818744659424 -0.09934818744659424 -0.09934818744659424 -0.09934818744659424 -0.09934818744659424 -0.09934818744659424 -0.09934818744659424 -0.09934818744659424 -0.09934818744659424 -0.09934818744659424 -0.09934818744659424 -0.09934818744659424 -0.09934818744659424 -0.09934818744659424 -0.09934818744659424 -0.09934818744659424 -0.09934818744659424 -0.09934818744659424 -0.09934818744659424 -0.09682001918554306 -0.09114637970924377 -0.08709798008203506 -0.07049119472503662 -0.06971634179353714 -0.06883575767278671 -0.06690653413534164 -0.0474000982940197 -0.013875516131520271 -0.007903523743152618 -0.007903523743152618 -0.005043469835072756 -0.0014838578645139933 -0.0014838578645139933 -0.0014951491029933095 -0.0017559255938977003 -0.001417631283402443 -0.0007931627915240824
-0.05085587128996849 -0.05085587128996849 -0.05085587128996849 -0.05085587128996849 -0.05085587128996849 -0.05085587128996849 -0.05085587128996849 -0.05085587128996849 -0.05085587128996849 -0.05085587128996849 -0.05085587128996849 -0.05085587128996849 -0.05085587128996849 -0.05085587128996849 -0.05085587128996849 -0.05085587128996849 -0.05085587128996849 -0.05085587128996849 -0.05085587128996849 -0.05085587128996849 -0.05085587128996849 -0.05085587128996849 -0.05085587128996849 -0.05085587128996849 -0.05085587128996849 -0.05085587128996849 -0.05085587128996849 -0.05085587128996849 -0.05085587128996849 -0.05085587128996849 -0.05085587128996849 -0.05085587128996849 -0.05085587128996849 -0.05085587128996849 -0.05085587128996849 -0.0474000982940197 -0.013875516131520271 -0.007903523743152618 -0.007903523743152618 -0.005043469835072756 -0.0014838578645139933 -0.0014838578645139933 -0.0014951491029933095 -0.0017559255938977003 -0.001417631283402443 -0.0007931627915240824
-0.028714803978800774 -0.028714803978800774 -0.028714803978800774 -0.028714803978800774 -0.028714803978800774 -0.028714803978800774 -0.028714803978800774 -0.028714803978800774 -0.028714803978800774 -0.028714803978800774 -0.028714803978800774 -0.028714803978800774 -0.028714803978800774 -0.028714803978800774 -0.028714803978800774 -0.028714803978800774 -0.028714803978800774 -0.028714803978800774 -0.028714803978800774 -0.028714803978800774 -0.028714803978800774 -0.028714803978800774 -0.028714803978800774 -0.028714803978800774 -0.028714803978800774 -0.028714803978800774 -0.028714803978800774 -0.028714803978800774 -0.028714803978800774 -0.028714803978800774 -0.028714803978800774 -0.028714803978800774 -0.028714803978800774 -0.028714803978800774 -0.028714803978800774 -0.028714803978800774 -0.013875516131520271 -0.007903523743152618 -0.007903523743152618 -0.008852184750139713 -0.002026689238846302 -0.0018047424964606762 -0.0018650523852556944 -0.0018127565272152424 -0.0014217965072020888 -0.0007931627915240824
-0.026321642100811005 -0.026321642100811005 -0.026321642100811005 -0.026321642100811005 -0.026321642100811005 -0.026321642100811005 -0.026321642100811005 -0.026321642100811005 -0.026321642100811005 -0.026321642100811005 -0.026321642100811005 -0.026321642100811005 -0.026321642100811005 -0.026321642100811005 -0.026321642100811005 -0.026321642100811005 -0.026321642100811005 -0.026321642100811005 -0.026321642100811005 -0.026321642100811005 -0.026321642100811005 -0.026321642100811005 -0.026321642100811005 -0.026321642100811005 -0.026321642100811005 -0.026321642100811005 -0.026321642100811005 -0.026321642100811005 -0.026321642100811005 -0.026321642100811005 -0.026321642100811005 -0.026321642100811005 -0.026321642100811005 -0.026321642100811005 -0.026321642100811005 -0.026321642100811005 -0.0211725402623415 -0.007903523743152618 -0.007903523743152618 -0.008852184750139713 -0.002026689238846302 -0.001939344801940024 -0.0018650523852556944 -0.0018127565272152424 -0.0014217965072020888 -0.0007931627915240824
-0.010621215216815472 -0.010621215216815472 -0.010621215216815472 -0.010621215216815472 -0.010621215216815472 -0.010621215216815472 -0.010621215216815472 -0.010621215216815472 -0.010621215216815472 -0.010621215216815472 -0.010621215216815472 -0.010621215216815472 -0.010621215216815472 -0.010621215216815472 -0.010621215216815472 -0.010621215216815472 -0.010621215216815472 -0.010621215216815472 -0.010621215216815472 -0.010621215216815472 -0.010621215216815472 -0.010621215216815472 -0.010621215216815472 -0.010621215216815472 -0.010621215216815472 -0.010621215216815472 -0.010621215216815472 -0.010621215216815472 -0.010621215216815472 -0.010621215216815472 -0.010621215216815472 -0.010621215216815472 -0.010621215216815472 -0.010621215216815472 -0.010621215216815472 -0.010621215216815472 -0.010621215216815472 -0.010621215216815472 -0.010621215216815472 -0.008852184750139713 -0.002026689238846302 -0.001939344801940024 -0.0014951491029933095 -0.0017559255938977003 -0.001417631283402443 -0.0007931627915240824
-0.00535994116216898 -0.00535994116216898 -0.00535994116216898 -0.00535994116216898 -0.00535994116216898 -0.00535994116216898 -0.00535994116216898 -0.00535994116216898 -0.00535994116216898 -0.00535994116216898 -0.00535994116216898 -0.00535994116216898 -0.00535994116216898 -0.00535994116216898 -0.00535994116216898 -0.00535994116216898 -0.00535994116216898 -0.00535994116216898 -0.00535994116216898 -0.00535994116216898 -0.00535994116216898 -0.00535994116216898 -0.00535994116216898 -0.00535994116216898 -0.00535994116216898 -0.00535994116216898 -0.00535994116216898 -0.00535994116216898 -0.00535994116216898 -0.00535994116216898 -0.00535994116216898 -0.00535994116216898 -0.00535994116216898 -0.00535994116216898 -0.00535994116216898 -0.00535994116216898 -0.00535994116216898 -0.00535994116216898 -0.00535994116216898 -0.00535994116216898 -0.0014838578645139933 -0.0014838578645139933 -0.0018650523852556944 -0.0018127565272152424 -0.0014217965072020888 -0.0007931627915240824
-0.004777716938406229 -0.004777716938406229 -0.004777716938406229 -0.004777716938406229 -0.004777716938406229 -0.004777716938406229 -0.004777716938406229 -0.004777716938406229 -0.004777716938406229 -0.004777716938406229 -0.004777716938406229 -0.004777716938406229 -0.004777716938406229 -0.004777716938406229 -0.004777716938406229 -0.004777716938406229 -0.004777716938406229 -0.004777716938406229 -0.004777716938406229 -0.004777716938406229 -0.004777716938406229 -0.004777716938406229 -0.004777716938406229 -0.004777716938406229 -0.004777716938406229 -0.004777716938406229 -0.004777716938406229 -0.004777716938406229 -0.004777716938406229 -0.004777716938406229 -0.004777716938406229 -0.004777716938406229 -0.004777716938406229 -0.004777716938406229 -0.004777716938406229 -0.004777716938406229 -0.004777716938406229 -0.004777716938406229 -0.004777716938406229 -0.004777716938406229 -0.0014838578645139933 -0.0014838578645139933 -0.0018650523852556944 -0.0018127565272152424 -0.0014217965072020888 -0.0007931627915240824
-0.004221034701913595 -0.004221034701913595 -0.004221034701913595 -0.004221034701913595 -0.004221034701913595 -0.004221034701913595 -0.004221034701913595 -0.004221034701913595 -0.004221034701913595 -0.004221034701913595 -0.004221034701913595 -0.004221034701913595 -0.004221034701913595 -0.004221034701913595 -0.004221034701913595 -0.004221034701913595 -0.004221034701913595 -0.004221034701913595 -0.004221034701913595 -0.004221034701913595 -0.004221034701913595 -0.004221034701913595 -0.004221034701913595 -0.004221034701913595 -0.004221034701913595 -0.004221034701913595 -0.004221034701913595 -0.004221034701913595 -0.004221034701913595 -0.004221034701913595 -0.004221034701913595 -0.004221034701913595 -0.004221034701913595 -0.004221034701913595 -0.004221034701913595 -0.004221034701913595 -0.004221034701913595 -0.004221034701913595 -0.004221034701913595 -0.004221034701913595 -0.0014838578645139933 -0.0014838578645139933 -0.0018650523852556944 -0.0018127565272152424 -0.0014217965072020888 -0.0007931627915240824
-0.0009202681831084192 -0.0009202681831084192 -0.0009202681831084192 -0.0009202681831084192 -0.0009202681831084192 -0.0009202681831084192 -0.0009202681831084192 -0.0009202681831084192 -0.0009202681831084192 -0.0009202681831084192 -0.0009202681831084192 -0.0009202681831084192 -0.0009202681831084192 -0.0009202681831084192 -0.0009202681831084192 -0.0009202681831084192 -0.0009202681831084192 -0.0009202681831084192 -0.0009202681831084192 -0.0009202681831084192 -0.0009202681831084192 -0.0009202681831084192 -0.0009202681831084192 -0.0009202681831084192 -0.0009202681831084192 -0.0009202681831084192 -0.0009202681831084192 -0.0009202681831084192 -0.0009202681831084192 -0.0009202681831084192 -0.0009202681831084192 -0.0009202681831084192 -0.0009202681831084192 -0.0009202681831084192 -0.0009202681831084192 -0.0009202681831084192 -0.0009202681831084192 -0.0009202681831084192 -0.0009202681831084192 -0.0009202681831084192 -0.0009202681831084192 -0.0009202681831084192 -0.0009202681831084192 -0.0009202681831084192 -0.0009202681831084192 -0.0007992660393938422
-0.0009020885918289423 -0.0009020885918289423 -0.0009020885918289423 -0.0009020885918289423 -0.0009020885918289423 -0.0009020885918289423 -0.0009020885918289423 -0.0009020885918289423 -0.0009020885918289423 -0.0009020885918289423 -0.0009020885918289423 -0.0009020885918289423 -0.0009020885918289423 -0.0009020885918289423 -0.0009020885918289423 -0.0009020885918289423 -0.0009020885918289423 -0.0009020885918289423 -0.0009020885918289423 -0.0009020885918289423 -0.0009020885918289423 -0.0009020885918289423 -0.0009020885918289423 -0.0009020885918289423 -0.0009020885918289423 -0.0009020885918289423 -0.0009020885918289423 -0.0009020885918289423 -0.0009020885918289423 -0.0009020885918289423 -0.0009020885918289423 -0.0009020885918289423 -0.0009020885918289423 -0.0009020885918289423 -0.0009020885918289423 -0.0009020885918289423 -0.0009020885918289423 -0.0009020885918289423 -0.0009020885918289423 -0.0009020885918289423 -0.0009020885918289423 -0.0009020885918289423 -0.0009020885918289423 -0.0009020885918289423 -0.0009020885918289423 -0.0007992660393938422
-0.0008342996588908136 -0.0008342996588908136 -0.0008342996588908136 -0.0008342996588908136 -0.0008342996588908136 -0.0008342996588908136 -0.0008342996588908136 -0.0008342996588908136 -0.0008342996588908136 -0.0008342996588908136 -0.0008342996588908136 -0.0008342996588908136 -0.0008342996588908136 -0.0008342996588908136 -0.0008342996588908136 -0.0008342996588908136 -0.0008342996588908136 -0.0008342996588908136 -0.0008342996588908136 -0.0008342996588908136 -0.0008342996588908136 -0.0008342996588908136 -0.0008342996588908136 -0.0008342996588908136 -0.0008342996588908136 -0.0008342996588908136 -0.0008342996588908136 -0.0008342996588908136 -0.0008342996588908136 -0.0008342996588908136 -0.0008342996588908136 -0.0008342996588908136 -0.0008342996588908136 -0.0008342996588908136 -0.0008342996588908136 -0.0008342996588908136 -0.0008342996588908136 -0.0008342996588908136 -0.0008342996588908136 -0.0008342996588908136 -0.0008342996588908136 -0.0008342996588908136 -0.0008342996588908136 -0.0008342996588908136 -0.0008342996588908136 -0.0007992660393938422