-0.6613038182258606 -0.5664968490600586 -0.5397888422012329 -0.4859009385108948 -0.46437010169029236 -0.46437010169029236 -0.46544593572616577 -0.1615695357322693 -0.1615695357322693 -0.16296309232711792 -0.1615695357322693 -0.1615695357322693 -0.16296309232711792 -0.16296309232711792 -0.16407279670238495 -0.16407279670238495 -0.16407279670238495 -0.16407279670238495 -0.1615695357322693 -0.1615695357322693 -0.1615695357322693 -0.1592637151479721 -0.15940523147583008 -0.1165333241224289 -0.052085526287555695 -0.05474575236439705 -0.058040425181388855 -0.05474575236439705 -0.05300753563642502 -0.05300753563642502 -0.05300753563642502 -0.014061924070119858 -0.016180966049432755 -0.01679319515824318 -0.003851801622658968 -0.0067079379223287106 -0.005407948046922684 -0.0038776500150561333 -0.00205081794410944 -0.0013559674844145775 -0.0010572826722636819 -0.0010572826722636819
-0.6613038182258606 -0.5664968490600586 -0.4487744867801666 -0.4859009385108948 -0.4675371050834656 -0.4665048122406006 -0.4658795893192291 -0.1615695357322693 -0.1615695357322693 -0.2900451421737671 -0.1615695357322693 -0.1615695357322693 -0.2900451421737671 -0.2900451421737671 -0.16407279670238495 -0.16407279670238495 -0.16407279670238495 -0.16407279670238495 -0.1615695357322693 -0.1615695357322693 -0.1615695357322693 -0.1592637151479721 -0.15940523147583008 -0.1165333241224289 -0.052085526287555695 -0.05474575236439705 -0.058040425181388855 -0.05474575236439705 -0.05300753563642502 -0.05300753563642502 -0.05300753563642502 -0.014061924070119858 -0.016180966049432755 -0.01679319515824318 -0.003851801622658968 -0.0067079379223287106 -0.005407948046922684 -0.0038776500150561333 -0.00205081794410944 -0.0013559674844145775 -0.0010572826722636819 -0.0010572826722636819
-0.6519421935081482 -0.5664968490600586 -0.4487744867801666 -0.5370664000511169 -0.4675371050834656 -0.4665048122406006 -0.4658795893192291 -0.1615695357322693 -0.1615695357322693 -0.16296309232711792 -0.1615695357322693 -0.1615695357322693 -0.16296309232711792 -0.16296309232711792 -0.16407279670238495 -0.16407279670238495 -0.16407279670238495 -0.16407279670238495 -0.1615695357322693 -0.1615695357322693 -0.1615695357322693 -0.1592637151479721 -0.15940523147583008 -0.1165333241224289 -0.052085526287555695 -0.05474575236439705 -0.058040425181388855 -0.05474575236439705 -0.05300753563642502 -0.05300753563642502 -0.05300753563642502 -0.014061924070119858 -0.016180966049432755 -0.01679319515824318 -0.003851801622658968 -0.0067079379223287106 -0.005440166685730219 -0.0038776500150561333 -0.00205081794410944 -0.0013559674844145775 -0.0010572826722636819 -0.0010572826722636819
-0.5890753269195557 -0.5664968490600586 -0.4487744867801666 -0.5370664000511169 -0.4675371050834656 -0.4665048122406006 -0.4658795893192291 -0.1615695357322693 -0.1615695357322693 -0.16296309232711792 -0.1615695357322693 -0.1615695357322693 -0.16296309232711792 -0.16296309232711792 -0.16407279670238495 -0.16407279670238495 -0.16407279670238495 -0.16407279670238495 -0.1615695357322693 -0.1615695357322693 -0.1615695357322693 -0.1592637151479721 -0.15940523147583008 -0.1165333241224289 -0.052085526287555695 -0.05474575236439705 -0.058040425181388855 -0.05474575236439705 -0.05300753563642502 -0.05300753563642502 -0.05300753563642502 -0.014061924070119858 -0.016180966049432755 -0.01679319515824318 -0.003851801622658968 -0.0067079379223287106 -0.005407948046922684 -0.0038776500150561333 -0.00205081794410944 -0.0013559674844145775 -0.0010572826722636819 -0.0010572826722636819
-0.5890655517578125 -0.5664968490600586 -0.4487744867801666 -0.5370664000511169 -0.4675371050834656 -0.4665048122406006 -0.4658795893192291 -0.1615695357322693 -0.1615695357322693 -0.16296309232711792 -0.1615695357322693 -0.1615695357322693 -0.16296309232711792 -0.16296309232711792 -0.16407279670238495 -0.16407279670238495 -0.16407279670238495 -0.16407279670238495 -0.1615695357322693 -0.1615695357322693 -0.1615695357322693 -0.1592637151479721 -0.15940523147583008 -0.1165333241224289 -0.052085526287555695 -0.05474575236439705 -0.058040425181388855 -0.05474575236439705 -0.05300753563642502 -0.05300753563642502 -0.05300753563642502 -0.014061924070119858 -0.016180966049432755 -0.01679319515824318 -0.003851801622658968 -0.0067079379223287106 -0.005407948046922684 -0.0038776500150561333 -0.00205081794410944 -0.0013559674844145775 -0.0010572826722636819 -0.0010572826722636819
-0.5421857833862305 -0.5421857833862305 -0.4487744867801666 -0.5370664000511169 -0.4675371050834656 -0.4665048122406006 -0.4658795893192291 -0.1615695357322693 -0.1615695357322693 -0.16296309232711792 -0.1615695357322693 -0.1615695357322693 -0.16296309232711792 -0.16296309232711792 -0.16407279670238495 -0.16407279670238495 -0.16407279670238495 -0.16407279670238495 -0.1615695357322693 -0.1615695357322693 -0.1615695357322693 -0.1592637151479721 -0.15940523147583008 -0.1165333241224289 -0.052085526287555695 -0.05474575236439705 -0.058040425181388855 -0.05474575236439705 -0.05300753563642502 -0.05300753563642502 -0.05300753563642502 -0.014061924070119858 -0.016180966049432755 -0.01679319515824318 -0.003851801622658968 -0.0067079379223287106 -0.005440166685730219 -0.0038776500150561333 -0.00205081794410944 -0.0013559674844145775 -0.0010572826722636819 -0.0010572826722636819
-0.4006343185901642 -0.4006343185901642 -0.4006343185901642 -0.4006343185901642 -0.4006343185901642 -0.4006343185901642 -0.4006343185901642 -0.1615695357322693 -0.1615695357322693 -0.3992580473423004 -0.1615695357322693 -0.1615695357322693 -0.2900451421737671 -0.2900451421737671 -0.19414184987545013 -0.19414184987545013 -0.19414184987545013 -0.19414184987545013 -0.1615695357322693 -0.1615695357322693 -0.1615695357322693 -0.1592637151479721 -0.15940523147583008 -0.1165333241224289 -0.052085526287555695 -0.05474575236439705 -0.058040425181388855 -0.05474575236439705 -0.05300753563642502 -0.05300753563642502 -0.05300753563642502 -0.014061924070119858 -0.016180966049432755 -0.01679319515824318 -0.003851801622658968 -0.0067079379223287106 -0.005407948046922684 -0.0038776500150561333 -0.00205081794410944 -0.0013559674844145775 -0.0010572826722636819 -0.0010572826722636819
-0.4005500078201294 -0.4005500078201294 -0.4005500078201294 -0.4005500078201294 -0.4005500078201294 -0.4005500078201294 -0.4005500078201294 -0.1615695357322693 -0.1615695357322693 -0.3992580473423004 -0.1615695357322693 -0.1615695357322693 -0.29131799936294556 -0.29083529114723206 -0.16407279670238495 -0.16407279670238495 -0.16407279670238495 -0.16407279670238495 -0.1615695357322693 -0.1615695357322693 -0.1615695357322693 -0.1592637151479721 -0.15940523147583008 -0.1165333241224289 -0.052085526287555695 -0.05474575236439705 -0.058040425181388855 -0.05474575236439705 -0.05300753563642502 -0.05300753563642502 -0.05300753563642502 -0.014061924070119858 -0.016180966049432755 -0.01679319515824318 -0.003851801622658968 -0.0067079379223287106 -0.005407948046922684 -0.0038776500150561333 -0.00205081794410944 -0.0013559674844145775 -0.0010572826722636819 -0.0010572826722636819
-0.3978683650493622 -0.3978683650493622 -0.3978683650493622 -0.3978683650493622 -0.3978683650493622 -0.3978683650493622 -0.3978683650493622 -0.1615695357322693 -0.1615695357322693 -0.3978683650493622 -0.1615695357322693 -0.1615695357322693 -0.29131799936294556 -0.29083529114723206 -0.16407279670238495 -0.16407279670238495 -0.16407279670238495 -0.16407279670238495 -0.1615695357322693 -0.1615695357322693 -0.1615695357322693 -0.1592637151479721 -0.15940523147583008 -0.1165333241224289 -0.052085526287555695 -0.05474575236439705 -0.058040425181388855 -0.05474575236439705 -0.05300753563642502 -0.05300753563642502 -0.05300753563642502 -0.014061924070119858 -0.016180966049432755 -0.01679319515824318 -0.003851801622658968 -0.0067079379223287106 -0.005407948046922684 -0.0038776500150561333 -0.00205081794410944 -0.0013559674844145775 -0.0010572826722636819 -0.0010572826722636819
-0.38370880484580994 -0.38370880484580994 -0.38370880484580994 -0.38370880484580994 -0.38370880484580994 -0.38370880484580994 -0.38370880484580994 -0.1615695357322693 -0.1615695357322693 -0.16296309232711792 -0.1615695357322693 -0.1615695357322693 -0.16296309232711792 -0.16296309232711792 -0.16407279670238495 -0.16407279670238495 -0.16407279670238495 -0.16407279670238495 -0.1615695357322693 -0.1615695357322693 -0.1615695357322693 -0.1592637151479721 -0.15940523147583008 -0.1165333241224289 -0.052085526287555695 -0.05474575236439705 -0.058040425181388855 -0.05474575236439705 -0.05300753563642502 -0.05300753563642502 -0.05300753563642502 -0.014061924070119858 -0.016180966049432755 -0.01679319515824318 -0.003851801622658968 -0.0067079379223287106 -0.005440166685730219 -0.0038776500150561333 -0.00205081794410944 -0.0013559674844145775 -0.0010572826722636819 -0.0010572826722636819
-0.1615695357322693 -0.1615695357322693 -0.1615695357322693 -0.1615695357322693 -0.1615695357322693 -0.1615695357322693 -0.1615695357322693 -0.38156163692474365 -0.38156163692474365 -0.1615695357322693 -0.3010554015636444 -0.2674996554851532 -0.1615695357322693 -0.1615695357322693 -0.1615695357322693 -0.1615695357322693 -0.1615695357322693 -0.1615695357322693 -0.1754550188779831 -0.1754550188779831 -0.1754550188779831 -0.1592637151479721 -0.15940523147583008 -0.1165333241224289 -0.052085526287555695 -0.05474575236439705 -0.058040425181388855 -0.05474575236439705 -0.05300753563642502 -0.05300753563642502 -0.05300753563642502 -0.014061924070119858 -0.016180966049432755 -0.01679319515824318 -0.010554410517215729 -0.0067079379223287106 -0.005407948046922684 -0.003998737782239914 -0.0021474992390722036 -0.0013983335811644793 -0.0010572826722636819 -0.0010572826722636819
-0.1615695357322693 -0.1615695357322693 -0.1615695357322693 -0.1615695357322693 -0.1615695357322693 -0.1615695357322693 -0.1615695357322693 -0.38032326102256775 -0.38032326102256775 -0.1615695357322693 -0.3010554015636444 -0.2674996554851532 -0.1615695357322693 -0.1615695357322693 -0.1615695357322693 -0.1615695357322693 -0.1615695357322693 -0.1615695357322693 -0.1754550188779831 -0.1754550188779831 -0.1754550188779831 -0.1592637151479721 -0.15940523147583008 -0.1165333241224289 -0.052085526287555695 -0.05474575236439705 -0.058040425181388855 -0.05474575236439705 -0.05300753563642502 -0.05300753563642502 -0.05300753563642502 -0.014061924070119858 -0.016180966049432755 -0.01679319515824318 -0.010554410517215729 -0.0067079379223287106 -0.005407948046922684 -0.003998737782239914 -0.0021474992390722036 -0.0013983335811644793 -0.0010572826722636819 -0.0010572826722636819
-0.16296309232711792 -0.16296309232711792 -0.16296309232711792 -0.16296309232711792 -0.16296309232711792 -0.16296309232711792 -0.16296309232711792 -0.21992141008377075 -0.3759499490261078 -0.2900451421737671 -0.3010554015636444 -0.21992141008377075 -0.2900451421737671 -0.2900451421737671 -0.16296309232711792 -0.16296309232711792 -0.16296309232711792 -0.16296309232711792 -0.18507742881774902 -0.18380200862884521 -0.17797116935253143 -0.1592637151479721 -0.15940523147583008 -0.11695349216461182 -0.052085526287555695 -0.05474575236439705 -0.058040425181388855 -0.05474575236439705 -0.05300753563642502 -0.05300753563642502 -0.05300753563642502 -0.014061924070119858 -0.016180966049432755 -0.01679319515824318 -0.010554410517215729 -0.0067079379223287106 -0.005407948046922684 -0.0038776500150561333 -0.00205081794410944 -0.0013559674844145775 -0.0010572826722636819 -0.0010572826722636819
-0.1615695357322693 -0.1615695357322693 -0.1615695357322693 -0.1615695357322693 -0.1615695357322693 -0.1615695357322693 -0.1615695357322693 -0.3287648558616638 -0.3287648558616638 -0.1615695357322693 -0.3010554015636444 -0.30035901069641113 -0.1615695357322693 -0.1615695357322693 -0.1615695357322693 -0.1615695357322693 -0.1615695357322693 -0.1615695357322693 -0.1754550188779831 -0.1754550188779831 -0.1754550188779831 -0.1592637151479721 -0.15940523147583008 -0.1165333241224289 -0.052085526287555695 -0.05474575236439705 -0.058040425181388855 -0.05474575236439705 -0.05300753563642502 -0.05300753563642502 -0.05300753563642502 -0.014061924070119858 -0.016180966049432755 -0.01679319515824318 -0.003851801622658968 -0.0067079379223287106 -0.005407948046922684 -0.0038776500150561333 -0.00205081794410944 -0.0013559674844145775 -0.0010572826722636819 -0.0010572826722636819
-0.1615695357322693 -0.1615695357322693 -0.1615695357322693 -0.1615695357322693 -0.1615695357322693 -0.1615695357322693 -0.1615695357322693 -0.32851094007492065 -0.32851094007492065 -0.1615695357322693 -0.3010554015636444 -0.30035901069641113 -0.1615695357322693 -0.1615695357322693 -0.1615695357322693 -0.1615695357322693 -0.1615695357322693 -0.1615695357322693 -0.1754550188779831 -0.1754550188779831 -0.1754550188779831 -0.1592637151479721 -0.15940523147583008 -0.1165333241224289 -0.052085526287555695 -0.05474575236439705 -0.058040425181388855 -0.05474575236439705 -0.05300753563642502 -0.05300753563642502 -0.05300753563642502 -0.014061924070119858 -0.016180966049432755 -0.01679319515824318 -0.003851801622658968 -0.0067079379223287106 -0.005407948046922684 -0.0038776500150561333 -0.00205081794410944 -0.0013559674844145775 -0.0010572826722636819 -0.0010572826722636819
-0.32692110538482666 -0.32692110538482666 -0.32692110538482666 -0.32692110538482666 -0.32692110538482666 -0.32692110538482666 -0.32692110538482666 -0.1615695357322693 -0.1615695357322693 -0.2900451421737671 -0.1615695357322693 -0.1615695357322693 -0.2900451421737671 -0.2900451421737671 -0.24006681144237518 -0.2334882616996765 -0.22338610887527466 -0.22234123945236206 -0.1615695357322693 -0.1615695357322693 -0.1615695357322693 -0.1592637151479721 -0.15940523147583008 -0.1165333241224289 -0.052085526287555695 -0.06708177924156189 -0.05907215550541878 -0.05889364331960678 -0.05401623249053955 -0.054154571145772934 -0.054185956716537476 -0.014061924070119858 -0.016180966049432755 -0.01679319515824318 -0.003851801622658968 -0.0067079379223287106 -0.005407948046922684 -0.0038776500150561333 -0.00205081794410944 -0.0013559674844145775 -0.0010572826722636819 -0.0010572826722636819
-0.1615695357322693 -0.1615695357322693 -0.1615695357322693 -0.1615695357322693 -0.1615695357322693 -0.1615695357322693 -0.1615695357322693 -0.3268089294433594 -0.3268089294433594 -0.1615695357322693 -0.3010554015636444 -0.30035901069641113 -0.1615695357322693 -0.1615695357322693 -0.1615695357322693 -0.1615695357322693 -0.1615695357322693 -0.1615695357322693 -0.1754550188779831 -0.1754550188779831 -0.1754550188779831 -0.1592637151479721 -0.15940523147583008 -0.1165333241224289 -0.052085526287555695 -0.05474575236439705 -0.058040425181388855 -0.05474575236439705 -0.05300753563642502 -0.05300753563642502 -0.05300753563642502 -0.014061924070119858 -0.016180966049432755 -0.01679319515824318 -0.003851801622658968 -0.0067079379223287106 -0.005407948046922684 -0.0038776500150561333 -0.00205081794410944 -0.0013559674844145775 -0.0010572826722636819 -0.0010572826722636819
-0.1615695357322693 -0.1615695357322693 -0.1615695357322693 -0.1615695357322693 -0.1615695357322693 -0.1615695357322693 -0.1615695357322693 -0.3267683982849121 -0.3267683982849121 -0.1615695357322693 -0.3010554015636444 -0.2674996554851532 -0.1615695357322693 -0.1615695357322693 -0.1615695357322693 -0.1615695357322693 -0.1615695357322693 -0.1615695357322693 -0.1754550188779831 -0.1754550188779831 -0.1754550188779831 -0.1592637151479721 -0.15940523147583008 -0.1165333241224289 -0.052085526287555695 -0.05474575236439705 -0.058040425181388855 -0.05474575236439705 -0.05300753563642502 -0.05300753563642502 -0.05300753563642502 -0.014061924070119858 -0.016180966049432755 -0.01679319515824318 -0.003851801622658968 -0.0067079379223287106 -0.005407948046922684 -0.003998737782239914 -0.00205081794410944 -0.0013559674844145775 -0.0010572826722636819 -0.0010572826722636819
-0.1615695357322693 -0.1615695357322693 -0.1615695357322693 -0.1615695357322693 -0.1615695357322693 -0.1615695357322693 -0.1615695357322693 -0.3244975209236145 -0.3244975209236145 -0.1615695357322693 -0.3010554015636444 -0.30035901069641113 -0.1615695357322693 -0.1615695357322693 -0.1615695357322693 -0.1615695357322693 -0.1615695357322693 -0.1615695357322693 -0.1754550188779831 -0.1754550188779831 -0.1754550188779831 -0.1592637151479721 -0.15940523147583008 -0.1165333241224289 -0.052085526287555695 -0.05474575236439705 -0.058040425181388855 -0.05474575236439705 -0.05300753563642502 -0.05300753563642502 -0.05300753563642502 -0.014061924070119858 -0.016180966049432755 -0.01679319515824318 -0.003851801622658968 -0.0067079379223287106 -0.005407948046922684 -0.0038776500150561333 -0.00205081794410944 -0.0013559674844145775 -0.0010572826722636819 -0.0010572826722636819
-0.1615695357322693 -0.1615695357322693 -0.1615695357322693 -0.1615695357322693 -0.1615695357322693 -0.1615695357322693 -0.1615695357322693 -0.32172510027885437 -0.32172510027885437 -0.1615695357322693 -0.3010554015636444 -0.30035901069641113 -0.1615695357322693 -0.1615695357322693 -0.1615695357322693 -0.1615695357322693 -0.1615695357322693 -0.1615695357322693 -0.1754550188779831 -0.1754550188779831 -0.1754550188779831 -0.1592637151479721 -0.1611829251050949 -0.1165333241224289 -0.052085526287555695 -0.05474575236439705 -0.058040425181388855 -0.05474575236439705 -0.05300753563642502 -0.05300753563642502 -0.05300753563642502 -0.014061924070119858 -0.016180966049432755 -0.01679319515824318 -0.003851801622658968 -0.0067079379223287106 -0.005407948046922684 -0.0038776500150561333 -0.00205081794410944 -0.0013559674844145775 -0.0010572826722636819 -0.0010572826722636819
-0.2671950161457062 -0.2671950161457062 -0.2671950161457062 -0.2671950161457062 -0.2671950161457062 -0.2671950161457062 -0.2671950161457062 -0.1615695357322693 -0.1615695357322693 -0.2671950161457062 -0.1615695357322693 -0.1615695357322693 -0.2671950161457062 -0.2671950161457062 -0.16407279670238495 -0.16407279670238495 -0.16407279670238495 -0.16407279670238495 -0.1615695357322693 -0.1615695357322693 -0.1615695357322693 -0.1592637151479721 -0.15940523147583008 -0.1165333241224289 -0.052085526287555695 -0.05474575236439705 -0.058040425181388855 -0.05474575236439705 -0.05300753563642502 -0.05300753563642502 -0.05300753563642502 -0.014061924070119858 -0.016180966049432755 -0.01679319515824318 -0.003851801622658968 -0.0067079379223287106 -0.005407948046922684 -0.0038776500150561333 -0.00205081794410944 -0.0013559674844145775 -0.0010572826722636819 -0.0010572826722636819
-0.16407279670238495 -0.16407279670238495 -0.16407279670238495 -0.16407279670238495 -0.16407279670238495 -0.16407279670238495 -0.16407279670238495 -0.21992141008377075 -0.22496671974658966 -0.22496671974658966 -0.22496671974658966 -0.21992141008377075 -0.22496671974658966 -0.22496671974658966 -0.19414184987545013 -0.19414184987545013 -0.22338610887527466 -0.19414184987545013 -0.18507742881774902 -0.18380200862884521 -0.17797116935253143 -0.1592637151479721 -0.15940523147583008 -0.1165333241224289 -0.08015865832567215 -0.06708177924156189 -0.05907215550541878 -0.05889364331960678 -0.0581037737429142 -0.05561671033501625 -0.054185956716537476 -0.014061924070119858 -0.016180966049432755 -0.01679319515824318 -0.003851801622658968 -0.0067079379223287106 -0.005407948046922684 -0.0038776500150561333 -0.00205081794410944 -0.0013559674844145775 -0.0010572826722636819 -0.0010572826722636819
-0.21687984466552734 -0.21687984466552734 -0.21687984466552734 -0.21687984466552734 -0.21687984466552734 -0.21687984466552734 -0.21687984466552734 -0.1615695357322693 -0.1615695357322693 -0.21687984466552734 -0.1615695357322693 -0.1615695357322693 -0.21687984466552734 -0.21687984466552734 -0.16407279670238495 -0.16407279670238495 -0.16407279670238495 -0.16407279670238495 -0.1615695357322693 -0.1615695357322693 -0.1615695357322693 -0.1592637151479721 -0.15940523147583008 -0.1165333241224289 -0.052085526287555695 -0.05474575236439705 -0.058040425181388855 -0.05474575236439705 -0.05300753563642502 -0.05300753563642502 -0.05300753563642502 -0.014061924070119858 -0.016180966049432755 -0.01679319515824318 -0.003851801622658968 -0.0067079379223287106 -0.005407948046922684 -0.0038776500150561333 -0.00205081794410944 -0.0013559674844145775 -0.0010572826722636819 -0.0010572826722636819
-0.16296309232711792 -0.16296309232711792 -0.16296309232711792 -0.16296309232711792 -0.16296309232711792 -0.16296309232711792 -0.16296309232711792 -0.1615695357322693 -0.1615695357322693 -0.17301955819129944 -0.1615695357322693 -0.1615695357322693 -0.17301955819129944 -0.17301955819129944 -0.16296309232711792 -0.16296309232711792 -0.16296309232711792 -0.16296309232711792 -0.1615695357322693 -0.1615695357322693 -0.1615695357322693 -0.1592637151479721 -0.15940523147583008 -0.11695349216461182 -0.052085526287555695 -0.05474575236439705 -0.058040425181388855 -0.05474575236439705 -0.05300753563642502 -0.05300753563642502 -0.05300753563642502 -0.020690811797976494 -0.019370628520846367 -0.01706777699291706 -0.003851801622658968 -0.007142449729144573 -0.005407948046922684 -0.0038776500150561333 -0.00205081794410944 -0.0013559674844145775 -0.001360844587907195 -0.0013595217606052756
-0.16296309232711792 -0.16296309232711792 -0.16296309232711792 -0.16296309232711792 -0.16296309232711792 -0.16296309232711792 -0.16296309232711792 -0.17275021970272064 -0.17275021970272064 -0.17275021970272064 -0.17275021970272064 -0.17275021970272064 -0.17275021970272064 -0.17275021970272064 -0.16296309232711792 -0.16296309232711792 -0.16296309232711792 -0.16296309232711792 -0.17275021970272064 -0.17275021970272064 -0.17275021970272064 -0.1592637151479721 -0.15940523147583008 -0.1165333241224289 -0.052085526287555695 -0.05474575236439705 -0.058040425181388855 -0.05474575236439705 -0.05300753563642502 -0.05300753563642502 -0.05300753563642502 -0.020690811797976494 -0.016180966049432755 -0.01706777699291706 -0.003851801622658968 -0.007142449729144573 -0.005407948046922684 -0.0038776500150561333 -0.00205081794410944 -0.0013559674844145775 -0.0010572826722636819 -0.0010572826722636819
-0.16296309232711792 -0.16296309232711792 -0.16296309232711792 -0.16296309232711792 -0.16296309232711792 -0.16296309232711792 -0.16296309232711792 -0.17266657948493958 -0.17266657948493958 -0.17266657948493958 -0.17266657948493958 -0.17266657948493958 -0.17266657948493958 -0.17266657948493958 -0.16296309232711792 -0.16296309232711792 -0.16296309232711792 -0.16296309232711792 -0.17266657948493958 -0.17266657948493958 -0.17266657948493958 -0.1592637151479721 -0.15940523147583008 -0.1165333241224289 -0.052085526287555695 -0.05474575236439705 -0.058040425181388855 -0.05474575236439705 -0.05300753563642502 -0.05300753563642502 -0.05300753563642502 -0.020690811797976494 -0.016180966049432755 -0.01706777699291706 -0.003851801622658968 -0.007142449729144573 -0.005407948046922684 -0.0038776500150561333 -0.00205081794410944 -0.0013559674844145775 -0.0010572826722636819 -0.0010572826722636819
-0.16190744936466217 -0.16190744936466217 -0.16190744936466217 -0.16190744936466217 -0.16190744936466217 -0.16190744936466217 -0.16190744936466217 -0.1615695357322693 -0.1615695357322693 -0.16190744936466217 -0.1615695357322693 -0.1615695357322693 -0.16190744936466217 -0.16190744936466217 -0.16190744936466217 -0.16190744936466217 -0.16190744936466217 -0.16190744936466217 -0.1615695357322693 -0.1615695357322693 -0.1615695357322693 -0.1592637151479721 -0.15940523147583008 -0.1165333241224289 -0.052085526287555695 -0.05474575236439705 -0.058040425181388855 -0.05474575236439705 -0.05300753563642502 -0.05300753563642502 -0.05300753563642502 -0.020690811797976494 -0.016180966049432755 -0.01706777699291706 -0.003851801622658968 -0.007142449729144573 -0.005407948046922684 -0.0038776500150561333 -0.00205081794410944 -0.0013559674844145775 -0.0010572826722636819 -0.0010572826722636819
-0.1325797140598297 -0.1325797140598297 -0.1325797140598297 -0.1325797140598297 -0.1325797140598297 -0.1325797140598297 -0.1325797140598297 -0.1325797140598297 -0.1325797140598297 -0.1325797140598297 -0.1325797140598297 -0.1325797140598297 -0.1325797140598297 -0.1325797140598297 -0.1325797140598297 -0.1325797140598297 -0.1325797140598297 -0.1325797140598297 -0.1325797140598297 -0.1325797140598297 -0.1325797140598297 -0.1325797140598297 -0.1325797140598297 -0.1165333241224289 -0.052085526287555695 -0.05474575236439705 -0.058040425181388855 -0.05474575236439705 -0.05300753563642502 -0.05300753563642502 -0.05300753563642502 -0.014061924070119858 -0.016180966049432755 -0.01679319515824318 -0.003851801622658968 -0.0067079379223287106 -0.005407948046922684 -0.0038776500150561333 -0.00205081794410944 -0.0013559674844145775 -0.0010572826722636819 -0.0010572826722636819
-0.09682001918554306 -0.09682001918554306 -0.09682001918554306 -0.09682001918554306 -0.09682001918554306 -0.09682001918554306 -0.09682001918554306 -0.09682001918554306 -0.09682001918554306 -0.09682001918554306 -0.09682001918554306 -0.09682001918554306 -0.09682001918554306 -0.09682001918554306 -0.09682001918554306 -0.09682001918554306 -0.09682001918554306 -0.09682001918554306 -0.09682001918554306 -0.09682001918554306 -0.09682001918554306 -0.09682001918554306 -0.09682001918554306 -0.09682001918554306 -0.08015865832567215 -0.06708177924156189 -0.05907215550541878 -0.05889364331960678 -0.0581037737429142 -0.05561671033501625 -0.054185956716537476 -0.014061924070119858 -0.016180966049432755 -0.01679319515824318 -0.003851801622658968 -0.0067079379223287106 -0.005407948046922684 -0.0038776500150561333 -0.00205081794410944 -0.0013559674844145775 -0.0010572826722636819 -0.0010572826722636819
-0.09114637970924377 -0.09114637970924377 -0.09114637970924377 -0.09114637970924377 -0.09114637970924377 -0.09114637970924377 -0.09114637970924377 -0.09114637970924377 -0.09114637970924377 -0.09114637970924377 -0.09114637970924377 -0.09114637970924377 -0.09114637970924377 -0.09114637970924377 -0.09114637970924377 -0.09114637970924377 -0.09114637970924377 -0.09114637970924377 -0.09114637970924377 -0.09114637970924377 -0.09114637970924377 -0.09114637970924377 -0.09114637970924377 -0.09114637970924377 -0.08015865832567215 -0.06708177924156189 -0.05907215550541878 -0.05889364331960678 -0.0581037737429142 -0.05561671033501625 -0.054185956716537476 -0.014061924070119858 -0.016180966049432755 -0.01679319515824318 -0.003851801622658968 -0.0067079379223287106 -0.005407948046922684 -0.0038776500150561333 -0.00205081794410944 -0.0013559674844145775 -0.0010572826722636819 -0.0010572826722636819
-0.08711788058280945 -0.08711788058280945 -0.08711788058280945 -0.08711788058280945 -0.08711788058280945 -0.08711788058280945 -0.08711788058280945 -0.08711788058280945 -0.08711788058280945 -0.08711788058280945 -0.08711788058280945 -0.08711788058280945 -0.08711788058280945 -0.08711788058280945 -0.08711788058280945 -0.08711788058280945 -0.08711788058280945 -0.08711788058280945 -0.08711788058280945 -0.08711788058280945 -0.08711788058280945 -0.08711788058280945 -0.08711788058280945 -0.08711788058280945 -0.052085526287555695 -0.05474575236439705 -0.058040425181388855 -0.05474575236439705 -0.05300753563642502 -0.05300753563642502 -0.05300753563642502 -0.020690811797976494 -0.016180966049432755 -0.01706777699291706 -0.003851801622658968 -0.007142449729144573 -0.005407948046922684 -0.0038776500150561333 -0.00205081794410944 -0.0013559674844145775 -0.0010572826722636819 -0.0010572826722636819
-0.07049119472503662 -0.07049119472503662 -0.07049119472503662 -0.07049119472503662 -0.07049119472503662 -0.07049119472503662 -0.07049119472503662 -0.07049119472503662 -0.07049119472503662 -0.07049119472503662 -0.07049119472503662 -0.07049119472503662 -0.07049119472503662 -0.07049119472503662 -0.07049119472503662 -0.07049119472503662 -0.07049119472503662 -0.07049119472503662 -0.07049119472503662 -0.07049119472503662 -0.07049119472503662 -0.07049119472503662 -0.07049119472503662 -0.07049119472503662 -0.07049119472503662 -0.06708177924156189 -0.05907215550541878 -0.05889364331960678 -0.0581037737429142 -0.05561671033501625 -0.054185956716537476 -0.014061924070119858 -0.016180966049432755 -0.01679319515824318 -0.003851801622658968 -0.0067079379223287106 -0.005407948046922684 -0.0038776500150561333 -0.00205081794410944 -0.0013559674844145775 -0.0010572826722636819 -0.0010572826722636819
-0.07029776275157928 -0.07029776275157928 -0.07029776275157928 -0.07029776275157928 -0.07029776275157928 -0.07029776275157928 -0.07029776275157928 -0.07029776275157928 -0.07029776275157928 -0.07029776275157928 -0.07029776275157928 -0.07029776275157928 -0.07029776275157928 -0.07029776275157928 -0.07029776275157928 -0.07029776275157928 -0.07029776275157928 -0.07029776275157928 -0.07029776275157928 -0.07029776275157928 -0.07029776275157928 -0.07029776275157928 -0.07029776275157928 -0.07029776275157928 -0.052085526287555695 -0.05474575236439705 -0.058040425181388855 -0.05474575236439705 -0.05300753563642502 -0.05300753563642502 -0.05300753563642502 -0.020690811797976494 -0.016180966049432755 -0.01706777699291706 -0.003851801622658968 -0.007142449729144573 -0.005407948046922684 -0.0038776500150561333 -0.00205081794410944 -0.0013559674844145775 -0.0010572826722636819 -0.0010572826722636819
-0.06883575767278671 -0.06883575767278671 -0.06883575767278671 -0.06883575767278671 -0.06883575767278671 -0.06883575767278671 -0.06883575767278671 -0.06883575767278671 -0.06883575767278671 -0.06883575767278671 -0.06883575767278671 -0.06883575767278671 -0.06883575767278671 -0.06883575767278671 -0.06883575767278671 -0.06883575767278671 -0.06883575767278671 -0.06883575767278671 -0.06883575767278671 -0.06883575767278671 -0.06883575767278671 -0.06883575767278671 -0.06883575767278671 -0.06883575767278671 -0.06883575767278671 -0.06708177924156189 -0.05907215550541878 -0.05889364331960678 -0.0581037737429142 -0.05561671033501625 -0.054185956716537476 -0.014061924070119858 -0.016180966049432755 -0.01679319515824318 -0.003851801622658968 -0.0067079379223287106 -0.005407948046922684 -0.0038776500150561333 -0.00205081794410944 -0.0013559674844145775 -0.0010572826722636819 -0.0010572826722636819
-0.06690653413534164 -0.06690653413534164 -0.06690653413534164 -0.06690653413534164 -0.06690653413534164 -0.06690653413534164 -0.06690653413534164 -0.06690653413534164 -0.06690653413534164 -0.06690653413534164 -0.06690653413534164 -0.06690653413534164 -0.06690653413534164 -0.06690653413534164 -0.06690653413534164 -0.06690653413534164 -0.06690653413534164 -0.06690653413534164 -0.06690653413534164 -0.06690653413534164 -0.06690653413534164 -0.06690653413534164 -0.06690653413534164 -0.06690653413534164 -0.06690653413534164 -0.06690653413534164 -0.05907215550541878 -0.05889364331960678 -0.0581037737429142 -0.05561671033501625 -0.054185956716537476 -0.014061924070119858 -0.016180966049432755 -0.01679319515824318 -0.003851801622658968 -0.0067079379223287106 -0.005407948046922684 -0.0038776500150561333 -0.00205081794410944 -0.0013559674844145775 -0.0010572826722636819 -0.0010572826722636819
-0.0474000982940197 -0.0474000982940197 -0.0474000982940197 -0.0474000982940197 -0.0474000982940197 -0.0474000982940197 -0.0474000982940197 -0.0474000982940197 -0.0474000982940197 -0.0474000982940197 -0.0474000982940197 -0.0474000982940197 -0.0474000982940197 -0.0474000982940197 -0.0474000982940197 -0.0474000982940197 -0.0474000982940197 -0.0474000982940197 -0.0474000982940197 -0.0474000982940197 -0.0474000982940197 -0.0474000982940197 -0.0474000982940197 -0.0474000982940197 -0.0474000982940197 -0.0474000982940197 -0.0474000982940197 -0.0474000982940197 -0.0474000982940197 -0.0474000982940197 -0.0474000982940197 -0.014061924070119858 -0.016180966049432755 -0.01679319515824318 -0.003851801622658968 -0.0067079379223287106 -0.005407948046922684 -0.0038776500150561333 -0.00205081794410944 -0.0013559674844145775 -0.0010572826722636819 -0.0010572826722636819
-0.0211725402623415 -0.0211725402623415 -0.0211725402623415 -0.0211725402623415 -0.0211725402623415 -0.0211725402623415 -0.0211725402623415 -0.0211725402623415 -0.0211725402623415 -0.0211725402623415 -0.0211725402623415 -0.0211725402623415 -0.0211725402623415 -0.0211725402623415 -0.0211725402623415 -0.0211725402623415 -0.0211725402623415 -0.0211725402623415 -0.0211725402623415 -0.0211725402623415 -0.0211725402623415 -0.0211725402623415 -0.0211725402623415 -0.0211725402623415 -0.0211725402623415 -0.0211725402623415 -0.0211725402623415 -0.0211725402623415 -0.0211725402623415 -0.0211725402623415 -0.0211725402623415 -0.020690811797976494 -0.019370628520846367 -0.01706777699291706 -0.010554410517215729 -0.007142449729144573 -0.005407948046922684 -0.0038776500150561333 -0.0021474992390722036 -0.0013983335811644793 -0.001360844587907195 -0.0013595217606052756
-0.018220193684101105 -0.018220193684101105 -0.018220193684101105 -0.018220193684101105 -0.018220193684101105 -0.018220193684101105 -0.018220193684101105 -0.018220193684101105 -0.018220193684101105 -0.018220193684101105 -0.018220193684101105 -0.018220193684101105 -0.018220193684101105 -0.018220193684101105 -0.018220193684101105 -0.018220193684101105 -0.018220193684101105 -0.018220193684101105 -0.018220193684101105 -0.018220193684101105 -0.018220193684101105 -0.018220193684101105 -0.018220193684101105 -0.018220193684101105 -0.018220193684101105 -0.018220193684101105 -0.018220193684101105 -0.018220193684101105 -0.018220193684101105 -0.018220193684101105 -0.018220193684101105 -0.018220193684101105 -0.018220193684101105 -0.01706777699291706 -0.003851801622658968 -0.007142449729144573 -0.005407948046922684 -0.0038776500150561333 -0.00205081794410944 -0.0013983335811644793 -0.001360844587907195 -0.0013595217606052756
-0.015627341344952583 -0.015627341344952583 -0.015627341344952583 -0.015627341344952583 -0.015627341344952583 -0.015627341344952583 -0.015627341344952583 -0.015627341344952583 -0.015627341344952583 -0.015627341344952583 -0.015627341344952583 -0.015627341344952583 -0.015627341344952583 -0.015627341344952583 -0.015627341344952583 -0.015627341344952583 -0.015627341344952583 -0.015627341344952583 -0.015627341344952583 -0.015627341344952583 -0.015627341344952583 -0.015627341344952583 -0.015627341344952583 -0.015627341344952583 -0.015627341344952583 -0.015627341344952583 -0.015627341344952583 -0.015627341344952583 -0.015627341344952583 -0.015627341344952583 -0.015627341344952583 -0.015627341344952583 -0.015627341344952583 -0.015627341344952583 -0.003851801622658968 -0.007142449729144573 -0.005407948046922684 -0.0038776500150561333 -0.00205081794410944 -0.0013983335811644793 -0.001360844587907195 -0.0013595217606052756
-0.008852184750139713 -0.008852184750139713 -0.008852184750139713 -0.008852184750139713 -0.008852184750139713 -0.008852184750139713 -0.008852184750139713 -0.008852184750139713 -0.008852184750139713 -0.008852184750139713 -0.008852184750139713 -0.008852184750139713 -0.008852184750139713 -0.008852184750139713 -0.008852184750139713 -0.008852184750139713 -0.008852184750139713 -0.008852184750139713 -0.008852184750139713 -0.008852184750139713 -0.008852184750139713 -0.008852184750139713 -0.008852184750139713 -0.008852184750139713 -0.008852184750139713 -0.008852184750139713 -0.008852184750139713 -0.008852184750139713 -0.008852184750139713 -0.008852184750139713 -0.008852184750139713 -0.008852184750139713 -0.008852184750139713 -0.008852184750139713 -0.008852184750139713 -0.0067079379223287106 -0.005407948046922684 -0.003998737782239914 -0.0021474992390722036 -0.0013983335811644793 -0.001360844587907195 -0.0013595217606052756
-0.002026689238846302 -0.002026689238846302 -0.002026689238846302 -0.002026689238846302 -0.002026689238846302 -0.002026689238846302 -0.002026689238846302 -0.002026689238846302 -0.002026689238846302 -0.002026689238846302 -0.002026689238846302 -0.002026689238846302 -0.002026689238846302 -0.002026689238846302 -0.002026689238846302 -0.002026689238846302 -0.002026689238846302 -0.002026689238846302 -0.002026689238846302 -0.002026689238846302 -0.002026689238846302 -0.002026689238846302 -0.002026689238846302 -0.002026689238846302 -0.002026689238846302 -0.002026689238846302 -0.002026689238846302 -0.002026689238846302 -0.002026689238846302 -0.002026689238846302 -0.002026689238846302 -0.002026689238846302 -0.002026689238846302 -0.002026689238846302 -0.002026689238846302 -0.002026689238846302 -0.002026689238846302 -0.002026689238846302 -0.002026689238846302 -0.0013983335811644793 -0.001360844587907195 -0.0013595217606052756
-0.001939344801940024 -0.001939344801940024 -0.001939344801940024 -0.001939344801940024 -0.001939344801940024 -0.001939344801940024 -0.001939344801940024 -0.001939344801940024 -0.001939344801940024 -0.001939344801940024 -0.001939344801940024 -0.001939344801940024 -0.001939344801940024 -0.001939344801940024 -0.001939344801940024 -0.001939344801940024 -0.001939344801940024 -0.001939344801940024 -0.001939344801940024 -0.001939344801940024 -0.001939344801940024 -0.001939344801940024 -0.001939344801940024 -0.001939344801940024 -0.001939344801940024 -0.001939344801940024 -0.001939344801940024 -0.001939344801940024 -0.001939344801940024 -0.001939344801940024 -0.001939344801940024 -0.001939344801940024 -0.001939344801940024 -0.001939344801940024 -0.001939344801940024 -0.001939344801940024 -0.001939344801940024 -0.001939344801940024 -0.001939344801940024 -0.0013983335811644793 -0.001360844587907195 -0.0013595217606052756
-0.0018650523852556944 -0.0018650523852556944 -0.0018650523852556944 -0.0018650523852556944 -0.0018650523852556944 -0.0018650523852556944 -0.0018650523852556944 -0.0018650523852556944 -0.0018650523852556944 -0.0018650523852556944 -0.0018650523852556944 -0.0018650523852556944 -0.0018650523852556944 -0.0018650523852556944 -0.0018650523852556944 -0.0018650523852556944 -0.0018650523852556944 -0.0018650523852556944 -0.0018650523852556944 -0.0018650523852556944 -0.0018650523852556944 -0.0018650523852556944 -0.0018650523852556944 -0.0018650523852556944 -0.0018650523852556944 -0.0018650523852556944 -0.0018650523852556944 -0.0018650523852556944 -0.0018650523852556944 -0.0018650523852556944 -0.0018650523852556944 -0.0018650523852556944 -0.0018650523852556944 -0.0018650523852556944 -0.0018650523852556944 -0.0018650523852556944 -0.0018650523852556944 -0.0018650523852556944 -0.0018650523852556944 -0.0013559674844145775 -0.0010572826722636819 -0.0010572826722636819
-0.0018127565272152424 -0.0018127565272152424 -0.0018127565272152424 -0.0018127565272152424 -0.0018127565272152424 -0.0018127565272152424 -0.0018127565272152424 -0.0018127565272152424 -0.0018127565272152424 -0.0018127565272152424 -0.0018127565272152424 -0.0018127565272152424 -0.0018127565272152424 -0.0018127565272152424 -0.0018127565272152424 -0.0018127565272152424 -0.0018127565272152424 -0.0018127565272152424 -0.0018127565272152424 -0.0018127565272152424 -0.0018127565272152424 -0.0018127565272152424 -0.0018127565272152424 -0.0018127565272152424 -0.0018127565272152424 -0.0018127565272152424 -0.0018127565272152424 -0.0018127565272152424 -0.0018127565272152424 -0.0018127565272152424 -0.0018127565272152424 -0.0018127565272152424 -0.0018127565272152424 -0.0018127565272152424 -0.0018127565272152424 -0.0018127565272152424 -0.0018127565272152424 -0.0018127565272152424 -0.0018127565272152424 -0.0013983335811644793 -0.0010572826722636819 -0.0010572826722636819
-0.0014217965072020888 -0.0014217965072020888 -0.0014217965072020888 -0.0014217965072020888 -0.0014217965072020888 -0.0014217965072020888 -0.0014217965072020888 -0.0014217965072020888 -0.0014217965072020888 -0.0014217965072020888 -0.0014217965072020888 -0.0014217965072020888 -0.0014217965072020888 -0.0014217965072020888 -0.0014217965072020888 -0.0014217965072020888 -0.0014217965072020888 -0.0014217965072020888 -0.0014217965072020888 -0.0014217965072020888 -0.0014217965072020888 -0.0014217965072020888 -0.0014217965072020888 -0.0014217965072020888 -0.0014217965072020888 -0.0014217965072020888 -0.0014217965072020888 -0.0014217965072020888 -0.0014217965072020888 -0.0014217965072020888 -0.0014217965072020888 -0.0014217965072020888 -0.0014217965072020888 -0.0014217965072020888 -0.0014217965072020888 -0.0014217965072020888 -0.0014217965072020888 -0.0014217965072020888 -0.0014217965072020888 -0.0013983335811644793 -0.001360844587907195 -0.0013595217606052756
-0.0007992660393938422 -0.0007992660393938422 -0.0007992660393938422 -0.0007992660393938422 -0.0007992660393938422 -0.0007992660393938422 -0.0007992660393938422 -0.0007992660393938422 -0.0007992660393938422 -0.0007992660393938422 -0.0007992660393938422 -0.0007992660393938422 -0.0007992660393938422 -0.0007992660393938422 -0.0007992660393938422 -0.0007992660393938422 -0.0007992660393938422 -0.0007992660393938422 -0.0007992660393938422 -0.0007992660393938422 -0.0007992660393938422 -0.0007992660393938422 -0.0007992660393938422 -0.0007992660393938422 -0.0007992660393938422 -0.0007992660393938422 -0.0007992660393938422 -0.0007992660393938422 -0.0007992660393938422 -0.0007992660393938422 -0.0007992660393938422 -0.0007992660393938422 -0.0007992660393938422 -0.0007992660393938422 -0.0007992660393938422 -0.0007992660393938422 -0.0007992660393938422 -0.0007992660393938422 -0.0007992660393938422 -0.0007992660393938422 -0.0007992660393938422 -0.0007992660393938422