-0.6613038182258606 -0.5664968490600586 -0.5397888422012329 -0.4859009385108948 -0.46437010169029236 -0.46437010169029236 -0.46544593572616577 -0.1615695357322693 -0.1615695357322693 -0.16296309232711792 -0.1615695357322693 -0.1615695357322693 -0.16296309232711792 -0.16296309232711792 -0.16407279670238495 -0.16407279670238495 -0.16407279670238495 -0.16407279670238495 -0.1615695357322693 -0.1615695357322693 -0.1615695357322693 -0.1592637151479721 -0.15940523147583008 -0.1165333241224289 -0.052085526287555695 -0.05474575236439705 -0.058040425181388855 -0.05474575236439705 -0.05300753563642502 -0.05300753563642502 -0.05300753563642502 -0.014061924070119858 -0.016180966049432755 -0.01679319515824318 -0.003851801622658968 -0.0067079379223287106 -0.005407948046922684 -0.0038776500150561333 -0.00205081794410944 -0.0013559674844145775 -0.0010572826722636819 -0.0010572826722636819
-0.6361806392669678 -0.5664968490600586 -0.4487744867801666 -0.5370664000511169 -0.4675371050834656 -0.4665048122406006 -0.4658795893192291 -0.1615695357322693 -0.1615695357322693 -0.16296309232711792 -0.1615695357322693 -0.1615695357322693 -0.16296309232711792 -0.16296309232711792 -0.16407279670238495 -0.16407279670238495 -0.16407279670238495 -0.16407279670238495 -0.1615695357322693 -0.1615695357322693 -0.1615695357322693 -0.1592637151479721 -0.15940523147583008 -0.1165333241224289 -0.052085526287555695 -0.05474575236439705 -0.058040425181388855 -0.05474575236439705 -0.05300753563642502 -0.05300753563642502 -0.05300753563642502 -0.014061924070119858 -0.016180966049432755 -0.01679319515824318 -0.003851801622658968 -0.0067079379223287106 -0.005440166685730219 -0.0038776500150561333 -0.00205081794410944 -0.0013559674844145775 -0.0010572826722636819 -0.0010572826722636819
-0.6080069541931152 -0.5664968490600586 -0.4487744867801666 -0.4859009385108948 -0.4675371050834656 -0.4665048122406006 -0.4658795893192291 -0.1615695357322693 -0.1615695357322693 -0.2900451421737671 -0.1615695357322693 -0.1615695357322693 -0.2900451421737671 -0.2900451421737671 -0.16407279670238495 -0.16407279670238495 -0.16407279670238495 -0.16407279670238495 -0.1615695357322693 -0.1615695357322693 -0.1615695357322693 -0.1592637151479721 -0.15940523147583008 -0.1165333241224289 -0.052085526287555695 -0.05474575236439705 -0.058040425181388855 -0.05474575236439705 -0.05300753563642502 -0.05300753563642502 -0.05300753563642502 -0.014061924070119858 -0.016180966049432755 -0.01679319515824318 -0.003851801622658968 -0.0067079379223287106 -0.005407948046922684 -0.0038776500150561333 -0.00205081794410944 -0.0013559674844145775 -0.0010572826722636819 -0.0010572826722636819
-0.5827341675758362 -0.5664968490600586 -0.4487744867801666 -0.5370664000511169 -0.4675371050834656 -0.4665048122406006 -0.4658795893192291 -0.1615695357322693 -0.1615695357322693 -0.16296309232711792 -0.1615695357322693 -0.1615695357322693 -0.16296309232711792 -0.16296309232711792 -0.16407279670238495 -0.16407279670238495 -0.16407279670238495 -0.16407279670238495 -0.1615695357322693 -0.1615695357322693 -0.1615695357322693 -0.1592637151479721 -0.15940523147583008 -0.1165333241224289 -0.052085526287555695 -0.05474575236439705 -0.058040425181388855 -0.05474575236439705 -0.05300753563642502 -0.05300753563642502 -0.05300753563642502 -0.014061924070119858 -0.016180966049432755 -0.01679319515824318 -0.003851801622658968 -0.0067079379223287106 -0.005407948046922684 -0.0038776500150561333 -0.00205081794410944 -0.0013559674844145775 -0.0010572826722636819 -0.0010572826722636819
-0.5220178365707397 -0.5220178365707397 -0.4487744867801666 -0.5220178365707397 -0.4675371050834656 -0.4665048122406006 -0.4658795893192291 -0.1615695357322693 -0.1615695357322693 -0.16296309232711792 -0.1615695357322693 -0.1615695357322693 -0.16296309232711792 -0.16296309232711792 -0.16407279670238495 -0.16407279670238495 -0.16407279670238495 -0.16407279670238495 -0.1615695357322693 -0.1615695357322693 -0.1615695357322693 -0.1592637151479721 -0.15940523147583008 -0.1165333241224289 -0.052085526287555695 -0.05474575236439705 -0.058040425181388855 -0.05474575236439705 -0.05300753563642502 -0.05300753563642502 -0.05300753563642502 -0.014061924070119858 -0.016180966049432755 -0.01679319515824318 -0.003851801622658968 -0.0067079379223287106 -0.005440166685730219 -0.0038776500150561333 -0.00205081794410944 -0.0013559674844145775 -0.0010572826722636819 -0.0010572826722636819
-0.4487744867801666 -0.4487744867801666 -0.4487744867801666 -0.4487744867801666 -0.4487744867801666 -0.4487744867801666 -0.4487744867801666 -0.1615695357322693 -0.1615695357322693 -0.3992580473423004 -0.1615695357322693 -0.1615695357322693 -0.29131799936294556 -0.29083529114723206 -0.16407279670238495 -0.16407279670238495 -0.16407279670238495 -0.16407279670238495 -0.1615695357322693 -0.1615695357322693 -0.1615695357322693 -0.1592637151479721 -0.15940523147583008 -0.1165333241224289 -0.052085526287555695 -0.05474575236439705 -0.058040425181388855 -0.05474575236439705 -0.05300753563642502 -0.05300753563642502 -0.05300753563642502 -0.014061924070119858 -0.016180966049432755 -0.01679319515824318 -0.003851801622658968 -0.007142449729144573 -0.005407948046922684 -0.0038776500150561333 -0.00205081794410944 -0.0013559674844145775 -0.0010572826722636819 -0.0010572826722636819
-0.4315861165523529 -0.4315861165523529 -0.4315861165523529 -0.4315861165523529 -0.4315861165523529 -0.4315861165523529 -0.4315861165523529 -0.1615695357322693 -0.1615695357322693 -0.3992580473423004 -0.1615695357322693 -0.1615695357322693 -0.29131799936294556 -0.29083529114723206 -0.16407279670238495 -0.16407279670238495 -0.16407279670238495 -0.16407279670238495 -0.1615695357322693 -0.1615695357322693 -0.1615695357322693 -0.1592637151479721 -0.15940523147583008 -0.1165333241224289 -0.052085526287555695 -0.05474575236439705 -0.058040425181388855 -0.05474575236439705 -0.05300753563642502 -0.05300753563642502 -0.05300753563642502 -0.014061924070119858 -0.016180966049432755 -0.01679319515824318 -0.003851801622658968 -0.0067079379223287106 -0.005407948046922684 -0.0038776500150561333 -0.00205081794410944 -0.0013559674844145775 -0.0010572826722636819 -0.0010572826722636819
-0.1615695357322693 -0.1615695357322693 -0.1615695357322693 -0.1615695357322693 -0.1615695357322693 -0.1615695357322693 -0.1615695357322693 -0.40052148699760437 -0.40052148699760437 -0.1615695357322693 -0.3010554015636444 -0.2674996554851532 -0.1615695357322693 -0.1615695357322693 -0.1615695357322693 -0.1615695357322693 -0.1615695357322693 -0.1615695357322693 -0.1754550188779831 -0.1754550188779831 -0.1754550188779831 -0.1592637151479721 -0.15940523147583008 -0.1165333241224289 -0.052085526287555695 -0.05474575236439705 -0.058040425181388855 -0.05474575236439705 -0.05300753563642502 -0.05300753563642502 -0.05300753563642502 -0.014061924070119858 -0.016180966049432755 -0.01679319515824318 -0.010554410517215729 -0.0067079379223287106 -0.005407948046922684 -0.003998737782239914 -0.0021474992390722036 -0.0013983335811644793 -0.0010572826722636819 -0.0010572826722636819
-0.1615695357322693 -0.1615695357322693 -0.1615695357322693 -0.1615695357322693 -0.1615695357322693 -0.1615695357322693 -0.1615695357322693 -0.39947324991226196 -0.39947324991226196 -0.1615695357322693 -0.3010554015636444 -0.2674996554851532 -0.1615695357322693 -0.1615695357322693 -0.1615695357322693 -0.1615695357322693 -0.1615695357322693 -0.1615695357322693 -0.1754550188779831 -0.1754550188779831 -0.1754550188779831 -0.1592637151479721 -0.15940523147583008 -0.1165333241224289 -0.052085526287555695 -0.05474575236439705 -0.058040425181388855 -0.05474575236439705 -0.05300753563642502 -0.05300753563642502 -0.05300753563642502 -0.014061924070119858 -0.016180966049432755 -0.01679319515824318 -0.010554410517215729 -0.0067079379223287106 -0.005407948046922684 -0.003998737782239914 -0.0021474992390722036 -0.0013559674844145775 -0.0010572826722636819 -0.0010572826722636819
-0.39277809858322144 -0.39277809858322144 -0.39277809858322144 -0.39277809858322144 -0.39277809858322144 -0.39277809858322144 -0.39277809858322144 -0.1754550188779831 -0.1754550188779831 -0.2900451421737671 -0.1754550188779831 -0.1754550188779831 -0.2900451421737671 -0.2900451421737671 -0.24006681144237518 -0.2334882616996765 -0.22338610887527466 -0.22234123945236206 -0.1754550188779831 -0.1754550188779831 -0.1754550188779831 -0.1592637151479721 -0.15940523147583008 -0.1165333241224289 -0.052085526287555695 -0.06708177924156189 -0.05907215550541878 -0.05889364331960678 -0.05401623249053955 -0.05561671033501625 -0.054185956716537476 -0.014061924070119858 -0.016180966049432755 -0.01679319515824318 -0.003851801622658968 -0.0067079379223287106 -0.005407948046922684 -0.0038776500150561333 -0.00205081794410944 -0.0013559674844145775 -0.0010572826722636819 -0.0010572826722636819
-0.3912236988544464 -0.3912236988544464 -0.3912236988544464 -0.3912236988544464 -0.3912236988544464 -0.3912236988544464 -0.3912236988544464 -0.1615695357322693 -0.1615695357322693 -0.16296309232711792 -0.1615695357322693 -0.1615695357322693 -0.16296309232711792 -0.16296309232711792 -0.16407279670238495 -0.16407279670238495 -0.16407279670238495 -0.16407279670238495 -0.1615695357322693 -0.1615695357322693 -0.1615695357322693 -0.1592637151479721 -0.15940523147583008 -0.1165333241224289 -0.052085526287555695 -0.05474575236439705 -0.058040425181388855 -0.05474575236439705 -0.05300753563642502 -0.05300753563642502 -0.05300753563642502 -0.014061924070119858 -0.016180966049432755 -0.01679319515824318 -0.003851801622658968 -0.0067079379223287106 -0.005440166685730219 -0.0038776500150561333 -0.00205081794410944 -0.0013559674844145775 -0.0010572826722636819 -0.0010572826722636819
-0.3597078323364258 -0.3597078323364258 -0.3597078323364258 -0.3597078323364258 -0.3597078323364258 -0.3597078323364258 -0.3597078323364258 -0.1615695357322693 -0.1615695357322693 -0.3597078323364258 -0.1615695357322693 -0.1615695357322693 -0.29131799936294556 -0.29083529114723206 -0.16407279670238495 -0.16407279670238495 -0.16407279670238495 -0.16407279670238495 -0.1615695357322693 -0.1615695357322693 -0.1615695357322693 -0.1592637151479721 -0.15940523147583008 -0.1165333241224289 -0.052085526287555695 -0.05474575236439705 -0.058040425181388855 -0.05474575236439705 -0.05300753563642502 -0.05300753563642502 -0.05300753563642502 -0.014061924070119858 -0.016180966049432755 -0.01679319515824318 -0.003851801622658968 -0.0067079379223287106 -0.005407948046922684 -0.0038776500150561333 -0.00205081794410944 -0.0013559674844145775 -0.0010572826722636819 -0.0010572826722636819
-0.16296309232711792 -0.16296309232711792 -0.16296309232711792 -0.16296309232711792 -0.16296309232711792 -0.16296309232711792 -0.16296309232711792 -0.2674996554851532 -0.35963159799575806 -0.2900451421737671 -0.3010554015636444 -0.2674996554851532 -0.2900451421737671 -0.2900451421737671 -0.16296309232711792 -0.16296309232711792 -0.16296309232711792 -0.16296309232711792 -0.1837901473045349 -0.18380200862884521 -0.17797116935253143 -0.1592637151479721 -0.15940523147583008 -0.11695349216461182 -0.052085526287555695 -0.05474575236439705 -0.058040425181388855 -0.05474575236439705 -0.05300753563642502 -0.05300753563642502 -0.05300753563642502 -0.014061924070119858 -0.016180966049432755 -0.01679319515824318 -0.010554410517215729 -0.0067079379223287106 -0.005407948046922684 -0.0038776500150561333 -0.0021474992390722036 -0.0013559674844145775 -0.0010572826722636819 -0.0010572826722636819
-0.3582318425178528 -0.3582318425178528 -0.3582318425178528 -0.3582318425178528 -0.3582318425178528 -0.3582318425178528 -0.3582318425178528 -0.1615695357322693 -0.1615695357322693 -0.3582318425178528 -0.1615695357322693 -0.1615695357322693 -0.2900451421737671 -0.2900451421737671 -0.21999715268611908 -0.21999715268611908 -0.22338610887527466 -0.21999715268611908 -0.1615695357322693 -0.1615695357322693 -0.1615695357322693 -0.1592637151479721 -0.15940523147583008 -0.1165333241224289 -0.052085526287555695 -0.05474575236439705 -0.058040425181388855 -0.05474575236439705 -0.05300753563642502 -0.05300753563642502 -0.05300753563642502 -0.014061924070119858 -0.016180966049432755 -0.01679319515824318 -0.003851801622658968 -0.0067079379223287106 -0.005407948046922684 -0.0038776500150561333 -0.00205081794410944 -0.0013559674844145775 -0.0010572826722636819 -0.0010572826722636819
-0.1615695357322693 -0.1615695357322693 -0.1615695357322693 -0.1615695357322693 -0.1615695357322693 -0.1615695357322693 -0.1615695357322693 -0.3054013252258301 -0.3054013252258301 -0.1615695357322693 -0.3010554015636444 -0.30035901069641113 -0.1615695357322693 -0.1615695357322693 -0.1615695357322693 -0.1615695357322693 -0.1615695357322693 -0.1615695357322693 -0.1754550188779831 -0.1754550188779831 -0.1754550188779831 -0.1592637151479721 -0.15940523147583008 -0.1165333241224289 -0.052085526287555695 -0.05474575236439705 -0.058040425181388855 -0.05474575236439705 -0.05300753563642502 -0.05300753563642502 -0.05300753563642502 -0.014061924070119858 -0.016180966049432755 -0.01679319515824318 -0.003851801622658968 -0.0067079379223287106 -0.005407948046922684 -0.0038776500150561333 -0.00205081794410944 -0.0013559674844145775 -0.0010572826722636819 -0.0010572826722636819
-0.1615695357322693 -0.1615695357322693 -0.1615695357322693 -0.1615695357322693 -0.1615695357322693 -0.1615695357322693 -0.1615695357322693 -0.30441537499427795 -0.30441537499427795 -0.1615695357322693 -0.3010554015636444 -0.30035901069641113 -0.1615695357322693 -0.1615695357322693 -0.1615695357322693 -0.1615695357322693 -0.1615695357322693 -0.1615695357322693 -0.1754550188779831 -0.1754550188779831 -0.1754550188779831 -0.1592637151479721 -0.15940523147583008 -0.1165333241224289 -0.052085526287555695 -0.05474575236439705 -0.058040425181388855 -0.05474575236439705 -0.05300753563642502 -0.05300753563642502 -0.05300753563642502 -0.014061924070119858 -0.016180966049432755 -0.01679319515824318 -0.003851801622658968 -0.0067079379223287106 -0.005407948046922684 -0.0038776500150561333 -0.00205081794410944 -0.0013559674844145775 -0.0010572826722636819 -0.0010572826722636819
-0.1615695357322693 -0.1615695357322693 -0.1615695357322693 -0.1615695357322693 -0.1615695357322693 -0.1615695357322693 -0.1615695357322693 -0.3039133846759796 -0.3039133846759796 -0.1615695357322693 -0.3010554015636444 -0.30035901069641113 -0.1615695357322693 -0.1615695357322693 -0.1615695357322693 -0.1615695357322693 -0.1615695357322693 -0.1615695357322693 -0.1754550188779831 -0.1754550188779831 -0.1754550188779831 -0.1592637151479721 -0.15940523147583008 -0.1165333241224289 -0.052085526287555695 -0.05474575236439705 -0.058040425181388855 -0.05474575236439705 -0.05300753563642502 -0.05300753563642502 -0.05300753563642502 -0.014061924070119858 -0.016180966049432755 -0.01679319515824318 -0.003851801622658968 -0.0067079379223287106 -0.005407948046922684 -0.0038776500150561333 -0.00205081794410944 -0.0013559674844145775 -0.0010572826722636819 -0.0010572826722636819
-0.1615695357322693 -0.1615695357322693 -0.1615695357322693 -0.1615695357322693 -0.1615695357322693 -0.1615695357322693 -0.1615695357322693 -0.2841779291629791 -0.2841779291629791 -0.1615695357322693 -0.2841779291629791 -0.2841779291629791 -0.1615695357322693 -0.1615695357322693 -0.1615695357322693 -0.1615695357322693 -0.1615695357322693 -0.1615695357322693 -0.1754550188779831 -0.1754550188779831 -0.1754550188779831 -0.17471781373023987 -0.1611829251050949 -0.1165333241224289 -0.052085526287555695 -0.05474575236439705 -0.058040425181388855 -0.05474575236439705 -0.05300753563642502 -0.05300753563642502 -0.05300753563642502 -0.014061924070119858 -0.016180966049432755 -0.01679319515824318 -0.003851801622658968 -0.0067079379223287106 -0.005407948046922684 -0.0038776500150561333 -0.00205081794410944 -0.0013559674844145775 -0.0010572826722636819 -0.0010572826722636819
-0.1615695357322693 -0.1615695357322693 -0.1615695357322693 -0.1615695357322693 -0.1615695357322693 -0.1615695357322693 -0.1615695357322693 -0.28210216760635376 -0.2786061763763428 -0.1615695357322693 -0.28210216760635376 -0.28210216760635376 -0.1615695357322693 -0.1615695357322693 -0.1615695357322693 -0.1615695357322693 -0.1615695357322693 -0.1615695357322693 -0.1754550188779831 -0.1754550188779831 -0.1754550188779831 -0.17471781373023987 -0.1611829251050949 -0.1165333241224289 -0.052085526287555695 -0.05474575236439705 -0.058040425181388855 -0.05474575236439705 -0.05300753563642502 -0.05300753563642502 -0.05300753563642502 -0.014061924070119858 -0.016180966049432755 -0.01679319515824318 -0.003851801622658968 -0.0067079379223287106 -0.005407948046922684 -0.0038776500150561333 -0.00205081794410944 -0.0013559674844145775 -0.0010572826722636819 -0.0010572826722636819
-0.2588525414466858 -0.2588525414466858 -0.2588525414466858 -0.2588525414466858 -0.2588525414466858 -0.2588525414466858 -0.2588525414466858 -0.1615695357322693 -0.1615695357322693 -0.2588525414466858 -0.1615695357322693 -0.1615695357322693 -0.2588525414466858 -0.2588525414466858 -0.16407279670238495 -0.16407279670238495 -0.16407279670238495 -0.16407279670238495 -0.1615695357322693 -0.1615695357322693 -0.1615695357322693 -0.1592637151479721 -0.15940523147583008 -0.1165333241224289 -0.052085526287555695 -0.05474575236439705 -0.058040425181388855 -0.05474575236439705 -0.05300753563642502 -0.05300753563642502 -0.05300753563642502 -0.014061924070119858 -0.016180966049432755 -0.01679319515824318 -0.003851801622658968 -0.0067079379223287106 -0.005407948046922684 -0.0038776500150561333 -0.00205081794410944 -0.0013559674844145775 -0.0010572826722636819 -0.0010572826722636819
-0.22929535806179047 -0.22929535806179047 -0.22929535806179047 -0.22929535806179047 -0.22929535806179047 -0.22929535806179047 -0.22929535806179047 -0.1615695357322693 -0.1615695357322693 -0.22929535806179047 -0.1615695357322693 -0.1615695357322693 -0.22929535806179047 -0.22929535806179047 -0.16407279670238495 -0.16407279670238495 -0.16407279670238495 -0.16407279670238495 -0.1615695357322693 -0.1615695357322693 -0.1615695357322693 -0.1592637151479721 -0.15940523147583008 -0.1165333241224289 -0.052085526287555695 -0.05474575236439705 -0.058040425181388855 -0.05474575236439705 -0.05300753563642502 -0.05300753563642502 -0.05300753563642502 -0.014061924070119858 -0.016180966049432755 -0.01679319515824318 -0.003851801622658968 -0.0067079379223287106 -0.005407948046922684 -0.0038776500150561333 -0.00205081794410944 -0.0013559674844145775 -0.0010572826722636819 -0.0010572826722636819
-0.13801051676273346 -0.13801051676273346 -0.13801051676273346 -0.13801051676273346 -0.13801051676273346 -0.13801051676273346 -0.13801051676273346 -0.13801051676273346 -0.13801051676273346 -0.13801051676273346 -0.13801051676273346 -0.13801051676273346 -0.13801051676273346 -0.13801051676273346 -0.13801051676273346 -0.13801051676273346 -0.13801051676273346 -0.13801051676273346 -0.13801051676273346 -0.13801051676273346 -0.13801051676273346 -0.13801051676273346 -0.13801051676273346 -0.1165333241224289 -0.052085526287555695 -0.05474575236439705 -0.058040425181388855 -0.05474575236439705 -0.05300753563642502 -0.05300753563642502 -0.05300753563642502 -0.020690811797976494 -0.016180966049432755 -0.01706777699291706 -0.003851801622658968 -0.007142449729144573 -0.005407948046922684 -0.0038776500150561333 -0.00205081794410944 -0.0013559674844145775 -0.0010572826722636819 -0.0010572826722636819
-0.11975529789924622 -0.11975529789924622 -0.11975529789924622 -0.11975529789924622 -0.11975529789924622 -0.11975529789924622 -0.11975529789924622 -0.11975529789924622 -0.11975529789924622 -0.11975529789924622 -0.11975529789924622 -0.11975529789924622 -0.11975529789924622 -0.11975529789924622 -0.11975529789924622 -0.11975529789924622 -0.11975529789924622 -0.11975529789924622 -0.11975529789924622 -0.11975529789924622 -0.11975529789924622 -0.11975529789924622 -0.11975529789924622 -0.1165333241224289 -0.052085526287555695 -0.05474575236439705 -0.058040425181388855 -0.05474575236439705 -0.05300753563642502 -0.05300753563642502 -0.05300753563642502 -0.014061924070119858 -0.016180966049432755 -0.01679319515824318 -0.003851801622658968 -0.0067079379223287106 -0.005407948046922684 -0.0038776500150561333 -0.00205081794410944 -0.0013559674844145775 -0.0010572826722636819 -0.0010572826722636819
-0.09806552529335022 -0.09806552529335022 -0.09806552529335022 -0.09806552529335022 -0.09806552529335022 -0.09806552529335022 -0.09806552529335022 -0.09806552529335022 -0.09806552529335022 -0.09806552529335022 -0.09806552529335022 -0.09806552529335022 -0.09806552529335022 -0.09806552529335022 -0.09806552529335022 -0.09806552529335022 -0.09806552529335022 -0.09806552529335022 -0.09806552529335022 -0.09806552529335022 -0.09806552529335022 -0.09806552529335022 -0.09806552529335022 -0.09806552529335022 -0.052085526287555695 -0.05474575236439705 -0.058040425181388855 -0.05474575236439705 -0.05300753563642502 -0.05300753563642502 -0.05300753563642502 -0.020690811797976494 -0.019370628520846367 -0.01706777699291706 -0.003851801622658968 -0.007142449729144573 -0.005407948046922684 -0.0038776500150561333 -0.00205081794410944 -0.0013559674844145775 -0.0010572826722636819 -0.0010572826722636819
-0.09373216331005096 -0.09373216331005096 -0.09373216331005096 -0.09373216331005096 -0.09373216331005096 -0.09373216331005096 -0.09373216331005096 -0.09373216331005096 -0.09373216331005096 -0.09373216331005096 -0.09373216331005096 -0.09373216331005096 -0.09373216331005096 -0.09373216331005096 -0.09373216331005096 -0.09373216331005096 -0.09373216331005096 -0.09373216331005096 -0.09373216331005096 -0.09373216331005096 -0.09373216331005096 -0.09373216331005096 -0.09373216331005096 -0.09373216331005096 -0.08015865832567215 -0.06708177924156189 -0.05907215550541878 -0.05889364331960678 -0.0581037737429142 -0.05561671033501625 -0.054185956716537476 -0.014061924070119858 -0.016180966049432755 -0.01679319515824318 -0.003851801622658968 -0.0067079379223287106 -0.005407948046922684 -0.0038776500150561333 -0.00205081794410944 -0.0013559674844145775 -0.0010572826722636819 -0.0010572826722636819
-0.0853637233376503 -0.0853637233376503 -0.0853637233376503 -0.0853637233376503 -0.0853637233376503 -0.0853637233376503 -0.0853637233376503 -0.0853637233376503 -0.0853637233376503 -0.0853637233376503 -0.0853637233376503 -0.0853637233376503 -0.0853637233376503 -0.0853637233376503 -0.0853637233376503 -0.0853637233376503 -0.0853637233376503 -0.0853637233376503 -0.0853637233376503 -0.0853637233376503 -0.0853637233376503 -0.0853637233376503 -0.0853637233376503 -0.0853637233376503 -0.052085526287555695 -0.05474575236439705 -0.058040425181388855 -0.05474575236439705 -0.05300753563642502 -0.05300753563642502 -0.05300753563642502 -0.014061924070119858 -0.016180966049432755 -0.01679319515824318 -0.003851801622658968 -0.0067079379223287106 -0.005407948046922684 -0.0038776500150561333 -0.00205081794410944 -0.0013559674844145775 -0.0010572826722636819 -0.0010572826722636819
-0.06873224675655365 -0.06873224675655365 -0.06873224675655365 -0.06873224675655365 -0.06873224675655365 -0.06873224675655365 -0.06873224675655365 -0.06873224675655365 -0.06873224675655365 -0.06873224675655365 -0.06873224675655365 -0.06873224675655365 -0.06873224675655365 -0.06873224675655365 -0.06873224675655365 -0.06873224675655365 -0.06873224675655365 -0.06873224675655365 -0.06873224675655365 -0.06873224675655365 -0.06873224675655365 -0.06873224675655365 -0.06873224675655365 -0.06873224675655365 -0.06873224675655365 -0.06708177924156189 -0.05907215550541878 -0.05889364331960678 -0.0581037737429142 -0.05561671033501625 -0.054185956716537476 -0.014061924070119858 -0.016180966049432755 -0.01679319515824318 -0.003851801622658968 -0.0067079379223287106 -0.005407948046922684 -0.0038776500150561333 -0.00205081794410944 -0.0013559674844145775 -0.0010572826722636819 -0.0010572826722636819
-0.06348293274641037 -0.06348293274641037 -0.06348293274641037 -0.06348293274641037 -0.06348293274641037 -0.06348293274641037 -0.06348293274641037 -0.06348293274641037 -0.06348293274641037 -0.06348293274641037 -0.06348293274641037 -0.06348293274641037 -0.06348293274641037 -0.06348293274641037 -0.06348293274641037 -0.06348293274641037 -0.06348293274641037 -0.06348293274641037 -0.06348293274641037 -0.06348293274641037 -0.06348293274641037 -0.06348293274641037 -0.06348293274641037 -0.06348293274641037 -0.06348293274641037 -0.06348293274641037 -0.05907215550541878 -0.05889364331960678 -0.0581037737429142 -0.05561671033501625 -0.054185956716537476 -0.014061924070119858 -0.016180966049432755 -0.01679319515824318 -0.003851801622658968 -0.0067079379223287106 -0.005407948046922684 -0.0038776500150561333 -0.00205081794410944 -0.0013559674844145775 -0.0010572826722636819 -0.0010572826722636819
-0.06339956820011139 -0.06339956820011139 -0.06339956820011139 -0.06339956820011139 -0.06339956820011139 -0.06339956820011139 -0.06339956820011139 -0.06339956820011139 -0.06339956820011139 -0.06339956820011139 -0.06339956820011139 -0.06339956820011139 -0.06339956820011139 -0.06339956820011139 -0.06339956820011139 -0.06339956820011139 -0.06339956820011139 -0.06339956820011139 -0.06339956820011139 -0.06339956820011139 -0.06339956820011139 -0.06339956820011139 -0.06339956820011139 -0.06339956820011139 -0.052085526287555695 -0.05474575236439705 -0.058040425181388855 -0.05474575236439705 -0.05300753563642502 -0.05300753563642502 -0.05300753563642502 -0.020690811797976494 -0.019370628520846367 -0.01706777699291706 -0.003851801622658968 -0.007142449729144573 -0.005407948046922684 -0.0038776500150561333 -0.00205081794410944 -0.0013559674844145775 -0.0010572826722636819 -0.0010572826722636819
-0.06233195215463638 -0.06233195215463638 -0.06233195215463638 -0.06233195215463638 -0.06233195215463638 -0.06233195215463638 -0.06233195215463638 -0.06233195215463638 -0.06233195215463638 -0.06233195215463638 -0.06233195215463638 -0.06233195215463638 -0.06233195215463638 -0.06233195215463638 -0.06233195215463638 -0.06233195215463638 -0.06233195215463638 -0.06233195215463638 -0.06233195215463638 -0.06233195215463638 -0.06233195215463638 -0.06233195215463638 -0.06233195215463638 -0.06233195215463638 -0.06233195215463638 -0.05474575236439705 -0.058040425181388855 -0.05474575236439705 -0.0581037737429142 -0.05561671033501625 -0.054154571145772934 -0.014061924070119858 -0.016180966049432755 -0.01679319515824318 -0.003851801622658968 -0.0067079379223287106 -0.005407948046922684 -0.0038776500150561333 -0.00205081794410944 -0.0013559674844145775 -0.0010572826722636819 -0.0010572826722636819
-0.05986380577087402 -0.05986380577087402 -0.05986380577087402 -0.05986380577087402 -0.05986380577087402 -0.05986380577087402 -0.05986380577087402 -0.05986380577087402 -0.05986380577087402 -0.05986380577087402 -0.05986380577087402 -0.05986380577087402 -0.05986380577087402 -0.05986380577087402 -0.05986380577087402 -0.05986380577087402 -0.05986380577087402 -0.05986380577087402 -0.05986380577087402 -0.05986380577087402 -0.05986380577087402 -0.05986380577087402 -0.05986380577087402 -0.05986380577087402 -0.05986380577087402 -0.05986380577087402 -0.05907215550541878 -0.05889364331960678 -0.0581037737429142 -0.05561671033501625 -0.054185956716537476 -0.014061924070119858 -0.016180966049432755 -0.01679319515824318 -0.003851801622658968 -0.0067079379223287106 -0.005407948046922684 -0.0038776500150561333 -0.00205081794410944 -0.0013559674844145775 -0.0010572826722636819 -0.0010572826722636819
-0.04388311505317688 -0.04388311505317688 -0.04388311505317688 -0.04388311505317688 -0.04388311505317688 -0.04388311505317688 -0.04388311505317688 -0.04388311505317688 -0.04388311505317688 -0.04388311505317688 -0.04388311505317688 -0.04388311505317688 -0.04388311505317688 -0.04388311505317688 -0.04388311505317688 -0.04388311505317688 -0.04388311505317688 -0.04388311505317688 -0.04388311505317688 -0.04388311505317688 -0.04388311505317688 -0.04388311505317688 -0.04388311505317688 -0.04388311505317688 -0.04388311505317688 -0.04388311505317688 -0.04388311505317688 -0.04388311505317688 -0.04388311505317688 -0.04388311505317688 -0.04388311505317688 -0.020690811797976494 -0.019370628520846367 -0.01706777699291706 -0.003851801622658968 -0.007142449729144573 -0.005407948046922684 -0.0038776500150561333 -0.00205081794410944 -0.0013559674844145775 -0.001360844587907195 -0.0013595217606052756
-0.04353869706392288 -0.04353869706392288 -0.04353869706392288 -0.04353869706392288 -0.04353869706392288 -0.04353869706392288 -0.04353869706392288 -0.04353869706392288 -0.04353869706392288 -0.04353869706392288 -0.04353869706392288 -0.04353869706392288 -0.04353869706392288 -0.04353869706392288 -0.04353869706392288 -0.04353869706392288 -0.04353869706392288 -0.04353869706392288 -0.04353869706392288 -0.04353869706392288 -0.04353869706392288 -0.04353869706392288 -0.04353869706392288 -0.04353869706392288 -0.04353869706392288 -0.04353869706392288 -0.04353869706392288 -0.04353869706392288 -0.04353869706392288 -0.04353869706392288 -0.04353869706392288 -0.020690811797976494 -0.019370628520846367 -0.01706777699291706 -0.003851801622658968 -0.007142449729144573 -0.005407948046922684 -0.0038776500150561333 -0.00205081794410944 -0.0013559674844145775 -0.001360844587907195 -0.0013595217606052756
-0.03985840827226639 -0.03985840827226639 -0.03985840827226639 -0.03985840827226639 -0.03985840827226639 -0.03985840827226639 -0.03985840827226639 -0.03985840827226639 -0.03985840827226639 -0.03985840827226639 -0.03985840827226639 -0.03985840827226639 -0.03985840827226639 -0.03985840827226639 -0.03985840827226639 -0.03985840827226639 -0.03985840827226639 -0.03985840827226639 -0.03985840827226639 -0.03985840827226639 -0.03985840827226639 -0.03985840827226639 -0.03985840827226639 -0.03985840827226639 -0.03985840827226639 -0.03985840827226639 -0.03985840827226639 -0.03985840827226639 -0.03985840827226639 -0.03985840827226639 -0.03985840827226639 -0.020690811797976494 -0.019370628520846367 -0.01706777699291706 -0.003851801622658968 -0.007142449729144573 -0.005407948046922684 -0.0038776500150561333 -0.00205081794410944 -0.0013983335811644793 -0.001360844587907195 -0.0013595217606052756
-0.03316054865717888 -0.03316054865717888 -0.03316054865717888 -0.03316054865717888 -0.03316054865717888 -0.03316054865717888 -0.03316054865717888 -0.03316054865717888 -0.03316054865717888 -0.03316054865717888 -0.03316054865717888 -0.03316054865717888 -0.03316054865717888 -0.03316054865717888 -0.03316054865717888 -0.03316054865717888 -0.03316054865717888 -0.03316054865717888 -0.03316054865717888 -0.03316054865717888 -0.03316054865717888 -0.03316054865717888 -0.03316054865717888 -0.03316054865717888 -0.03316054865717888 -0.03316054865717888 -0.03316054865717888 -0.03316054865717888 -0.03316054865717888 -0.03316054865717888 -0.03316054865717888 -0.020690811797976494 -0.019370628520846367 -0.01706777699291706 -0.003851801622658968 -0.007142449729144573 -0.005407948046922684 -0.0038776500150561333 -0.00205081794410944 -0.0013983335811644793 -0.001360844587907195 -0.0013595217606052756
-0.03192748501896858 -0.03192748501896858 -0.03192748501896858 -0.03192748501896858 -0.03192748501896858 -0.03192748501896858 -0.03192748501896858 -0.03192748501896858 -0.03192748501896858 -0.03192748501896858 -0.03192748501896858 -0.03192748501896858 -0.03192748501896858 -0.03192748501896858 -0.03192748501896858 -0.03192748501896858 -0.03192748501896858 -0.03192748501896858 -0.03192748501896858 -0.03192748501896858 -0.03192748501896858 -0.03192748501896858 -0.03192748501896858 -0.03192748501896858 -0.03192748501896858 -0.03192748501896858 -0.03192748501896858 -0.03192748501896858 -0.03192748501896858 -0.03192748501896858 -0.03192748501896858 -0.020690811797976494 -0.019370628520846367 -0.01706777699291706 -0.010554410517215729 -0.007142449729144573 -0.005407948046922684 -0.0038776500150561333 -0.0021474992390722036 -0.0013983335811644793 -0.001360844587907195 -0.0013595217606052756
-0.031462162733078 -0.031462162733078 -0.031462162733078 -0.031462162733078 -0.031462162733078 -0.031462162733078 -0.031462162733078 -0.031462162733078 -0.031462162733078 -0.031462162733078 -0.031462162733078 -0.031462162733078 -0.031462162733078 -0.031462162733078 -0.031462162733078 -0.031462162733078 -0.031462162733078 -0.031462162733078 -0.031462162733078 -0.031462162733078 -0.031462162733078 -0.031462162733078 -0.031462162733078 -0.031462162733078 -0.031462162733078 -0.031462162733078 -0.031462162733078 -0.031462162733078 -0.031462162733078 -0.031462162733078 -0.031462162733078 -0.014061924070119858 -0.019370628520846367 -0.01706777699291706 -0.010554410517215729 -0.0067079379223287106 -0.005407948046922684 -0.0038776500150561333 -0.0021474992390722036 -0.0013983335811644793 -0.001360844587907195 -0.0013595217606052756
-0.0253803338855505 -0.0253803338855505 -0.0253803338855505 -0.0253803338855505 -0.0253803338855505 -0.0253803338855505 -0.0253803338855505 -0.0253803338855505 -0.0253803338855505 -0.0253803338855505 -0.0253803338855505 -0.0253803338855505 -0.0253803338855505 -0.0253803338855505 -0.0253803338855505 -0.0253803338855505 -0.0253803338855505 -0.0253803338855505 -0.0253803338855505 -0.0253803338855505 -0.0253803338855505 -0.0253803338855505 -0.0253803338855505 -0.0253803338855505 -0.0253803338855505 -0.0253803338855505 -0.0253803338855505 -0.0253803338855505 -0.0253803338855505 -0.0253803338855505 -0.0253803338855505 -0.020690811797976494 -0.019370628520846367 -0.01706777699291706 -0.010554410517215729 -0.007142449729144573 -0.005407948046922684 -0.0038776500150561333 -0.0021474992390722036 -0.0013983335811644793 -0.001360844587907195 -0.0013595217606052756
-0.014210824854671955 -0.014210824854671955 -0.014210824854671955 -0.014210824854671955 -0.014210824854671955 -0.014210824854671955 -0.014210824854671955 -0.014210824854671955 -0.014210824854671955 -0.014210824854671955 -0.014210824854671955 -0.014210824854671955 -0.014210824854671955 -0.014210824854671955 -0.014210824854671955 -0.014210824854671955 -0.014210824854671955 -0.014210824854671955 -0.014210824854671955 -0.014210824854671955 -0.014210824854671955 -0.014210824854671955 -0.014210824854671955 -0.014210824854671955 -0.014210824854671955 -0.014210824854671955 -0.014210824854671955 -0.014210824854671955 -0.014210824854671955 -0.014210824854671955 -0.014210824854671955 -0.014061924070119858 -0.014210824854671955 -0.014210824854671955 -0.010554410517215729 -0.0067079379223287106 -0.005407948046922684 -0.003998737782239914 -0.0021474992390722036 -0.0013983335811644793 -0.001360844587907195 -0.0013595217606052756
-0.0032970283646136522 -0.0032970283646136522 -0.0032970283646136522 -0.0032970283646136522 -0.0032970283646136522 -0.0032970283646136522 -0.0032970283646136522 -0.0032970283646136522 -0.0032970283646136522 -0.0032970283646136522 -0.0032970283646136522 -0.0032970283646136522 -0.0032970283646136522 -0.0032970283646136522 -0.0032970283646136522 -0.0032970283646136522 -0.0032970283646136522 -0.0032970283646136522 -0.0032970283646136522 -0.0032970283646136522 -0.0032970283646136522 -0.0032970283646136522 -0.0032970283646136522 -0.0032970283646136522 -0.0032970283646136522 -0.0032970283646136522 -0.0032970283646136522 -0.0032970283646136522 -0.0032970283646136522 -0.0032970283646136522 -0.0032970283646136522 -0.0032970283646136522 -0.0032970283646136522 -0.0032970283646136522 -0.0032970283646136522 -0.0032970283646136522 -0.0032970283646136522 -0.0032970283646136522 -0.0021474992390722036 -0.0013559674844145775 -0.0010572826722636819 -0.0010572826722636819
-0.000985178747214377 -0.000985178747214377 -0.000985178747214377 -0.000985178747214377 -0.000985178747214377 -0.000985178747214377 -0.000985178747214377 -0.000985178747214377 -0.000985178747214377 -0.000985178747214377 -0.000985178747214377 -0.000985178747214377 -0.000985178747214377 -0.000985178747214377 -0.000985178747214377 -0.000985178747214377 -0.000985178747214377 -0.000985178747214377 -0.000985178747214377 -0.000985178747214377 -0.000985178747214377 -0.000985178747214377 -0.000985178747214377 -0.000985178747214377 -0.000985178747214377 -0.000985178747214377 -0.000985178747214377 -0.000985178747214377 -0.000985178747214377 -0.000985178747214377 -0.000985178747214377 -0.000985178747214377 -0.000985178747214377 -0.000985178747214377 -0.000985178747214377 -0.000985178747214377 -0.000985178747214377 -0.000985178747214377 -0.000985178747214377 -0.000985178747214377 -0.000985178747214377 -0.000985178747214377
-0.0008634392870590091 -0.0008634392870590091 -0.0008634392870590091 -0.0008634392870590091 -0.0008634392870590091 -0.0008634392870590091 -0.0008634392870590091 -0.0008634392870590091 -0.0008634392870590091 -0.0008634392870590091 -0.0008634392870590091 -0.0008634392870590091 -0.0008634392870590091 -0.0008634392870590091 -0.0008634392870590091 -0.0008634392870590091 -0.0008634392870590091 -0.0008634392870590091 -0.0008634392870590091 -0.0008634392870590091 -0.0008634392870590091 -0.0008634392870590091 -0.0008634392870590091 -0.0008634392870590091 -0.0008634392870590091 -0.0008634392870590091 -0.0008634392870590091 -0.0008634392870590091 -0.0008634392870590091 -0.0008634392870590091 -0.0008634392870590091 -0.0008634392870590091 -0.0008634392870590091 -0.0008634392870590091 -0.0008634392870590091 -0.0008634392870590091 -0.0008634392870590091 -0.0008634392870590091 -0.0008634392870590091 -0.0008634392870590091 -0.0008634392870590091 -0.0008634392870590091
-0.0003723319969139993 -0.0003723319969139993 -0.0003723319969139993 -0.0003723319969139993 -0.0003723319969139993 -0.0003723319969139993 -0.0003723319969139993 -0.0003723319969139993 -0.0003723319969139993 -0.0003723319969139993 -0.0003723319969139993 -0.0003723319969139993 -0.0003723319969139993 -0.0003723319969139993 -0.0003723319969139993 -0.0003723319969139993 -0.0003723319969139993 -0.0003723319969139993 -0.0003723319969139993 -0.0003723319969139993 -0.0003723319969139993 -0.0003723319969139993 -0.0003723319969139993 -0.0003723319969139993 -0.0003723319969139993 -0.0003723319969139993 -0.0003723319969139993 -0.0003723319969139993 -0.0003723319969139993 -0.0003723319969139993 -0.0003723319969139993 -0.0003723319969139993 -0.0003723319969139993 -0.0003723319969139993 -0.0003723319969139993 -0.0003723319969139993 -0.0003723319969139993 -0.0003723319969139993 -0.0003723319969139993 -0.0003723319969139993 -0.0003723319969139993 -0.0003723319969139993
-0.00027816317742690444 -0.00027816317742690444 -0.00027816317742690444 -0.00027816317742690444 -0.00027816317742690444 -0.00027816317742690444 -0.00027816317742690444 -0.00027816317742690444 -0.00027816317742690444 -0.00027816317742690444 -0.00027816317742690444 -0.00027816317742690444 -0.00027816317742690444 -0.00027816317742690444 -0.00027816317742690444 -0.00027816317742690444 -0.00027816317742690444 -0.00027816317742690444 -0.00027816317742690444 -0.00027816317742690444 -0.00027816317742690444 -0.00027816317742690444 -0.00027816317742690444 -0.00027816317742690444 -0.00027816317742690444 -0.00027816317742690444 -0.00027816317742690444 -0.00027816317742690444 -0.00027816317742690444 -0.00027816317742690444 -0.00027816317742690444 -0.00027816317742690444 -0.00027816317742690444 -0.00027816317742690444 -0.00027816317742690444 -0.00027816317742690444 -0.00027816317742690444 -0.00027816317742690444 -0.00027816317742690444 -0.00027816317742690444 -0.00027816317742690444 -0.00027816317742690444