-0.6567639112472534 -0.52729731798172 -0.4656822681427002 -0.13870640099048615 -0.11909510940313339 -0.11909510940313339 -0.24309398233890533 -0.24309398233890533 -0.13870640099048615 -0.2878563404083252 -0.13870640099048615 -0.11909510940313339 -0.11909510940313339 -0.11909510940313339 -0.13870640099048615 -0.13870640099048615 -0.13870640099048615 -0.11909510940313339 -0.13870640099048615 -0.11909510940313339 -0.11909510940313339 -0.137908473610878 -0.17526650428771973 -0.11909510940313339 -0.1490073800086975 -0.11909510940313339 -0.13923507928848267 -0.09469714760780334 -0.0958484560251236 -0.097232885658741 -0.06503166258335114 -0.01744312047958374 -0.003064436838030815 -0.004268617369234562 -0.004095420707017183 -0.0032423590309917927 -0.003440634813159704 -0.0025670339819043875 -0.002427223604172468 -0.0023635639809072018 -0.0020986662711948156 -0.0014561560237780213 -0.0014561560237780213 -0.0014561560237780213 -0.0011018209625035524 -0.0011018209625035524 -0.0009636748000048101 -0.00025940098566934466
-0.4164305627346039 -0.52729731798172 -0.4656822681427002 -0.17976684868335724 -0.11909510940313339 -0.11909510940313339 -0.24309398233890533 -0.24309398233890533 -0.17976684868335724 -0.2878563404083252 -0.17976684868335724 -0.11909510940313339 -0.11909510940313339 -0.11909510940313339 -0.17976684868335724 -0.17976684868335724 -0.17976684868335724 -0.11909510940313339 -0.17976684868335724 -0.11909510940313339 -0.11909510940313339 -0.137908473610878 -0.17526650428771973 -0.11909510940313339 -0.1490073800086975 -0.11909510940313339 -0.13923507928848267 -0.09469714760780334 -0.0958484560251236 -0.09917137026786804 -0.07352732867002487 -0.01744312047958374 -0.003064436838030815 -0.004268617369234562 -0.004095420707017183 -0.0032423590309917927 -0.003440634813159704 -0.0025670339819043875 -0.002427223604172468 -0.0023635639809072018 -0.0020986662711948156 -0.0014561560237780213 -0.0014561560237780213 -0.0014561560237780213 -0.0011018209625035524 -0.0011018209625035524 -0.0009636748000048101 -0.00025940098566934466
-0.4164305627346039 -0.52729731798172 -0.4656822681427002 -0.17976684868335724 -0.11909510940313339 -0.11909510940313339 -0.24309398233890533 -0.24309398233890533 -0.17976684868335724 -0.2878563404083252 -0.17976684868335724 -0.11909510940313339 -0.11909510940313339 -0.11909510940313339 -0.17976684868335724 -0.17976684868335724 -0.17976684868335724 -0.11909510940313339 -0.17976684868335724 -0.11909510940313339 -0.11909510940313339 -0.137908473610878 -0.17526650428771973 -0.11909510940313339 -0.1490073800086975 -0.11909510940313339 -0.13923507928848267 -0.09469714760780334 -0.0958484560251236 -0.09917137026786804 -0.07352732867002487 -0.01744312047958374 -0.003064436838030815 -0.004268617369234562 -0.004095420707017183 -0.0032423590309917927 -0.003440634813159704 -0.0025670339819043875 -0.002427223604172468 -0.0023635639809072018 -0.0020986662711948156 -0.0014561560237780213 -0.0014561560237780213 -0.0014561560237780213 -0.0011018209625035524 -0.0011018209625035524 -0.0009636748000048101 -0.00025940098566934466
-0.49677950143814087 -0.49677950143814087 -0.4656822681427002 -0.17976684868335724 -0.11909510940313339 -0.11909510940313339 -0.24309398233890533 -0.24309398233890533 -0.17976684868335724 -0.2878563404083252 -0.17976684868335724 -0.11909510940313339 -0.11909510940313339 -0.11909510940313339 -0.17976684868335724 -0.17976684868335724 -0.17976684868335724 -0.11909510940313339 -0.17976684868335724 -0.11909510940313339 -0.11909510940313339 -0.137908473610878 -0.17015136778354645 -0.11909510940313339 -0.1490073800086975 -0.11909510940313339 -0.13909131288528442 -0.09469714760780334 -0.0958484560251236 -0.097232885658741 -0.06503166258335114 -0.01744312047958374 -0.003064436838030815 -0.004268617369234562 -0.0026078352238982916 -0.0032423590309917927 -0.003440634813159704 -0.0025670339819043875 -0.002427223604172468 -0.0023635639809072018 -0.0020986662711948156 -0.0014561560237780213 -0.0014561560237780213 -0.0014561560237780213 -0.0011018209625035524 -0.0011018209625035524 -0.0009636748000048101 -0.00025940098566934466
-0.4164305627346039 -0.4815588593482971 -0.4656822681427002 -0.20147503912448883 -0.11909510940313339 -0.11909510940313339 -0.24309398233890533 -0.24309398233890533 -0.20147503912448883 -0.2878563404083252 -0.20147503912448883 -0.11909510940313339 -0.11909510940313339 -0.11909510940313339 -0.20147503912448883 -0.2512240707874298 -0.17976684868335724 -0.11909510940313339 -0.20893804728984833 -0.11909510940313339 -0.11909510940313339 -0.137908473610878 -0.17015136778354645 -0.11909510940313339 -0.1490073800086975 -0.11909510940313339 -0.13923507928848267 -0.09469714760780334 -0.0958484560251236 -0.09917137026786804 -0.07352732867002487 -0.01744312047958374 -0.003064436838030815 -0.004268617369234562 -0.0026078352238982916 -0.0032423590309917927 -0.003440634813159704 -0.0025670339819043875 -0.002427223604172468 -0.0023635639809072018 -0.0020986662711948156 -0.0014561560237780213 -0.0014561560237780213 -0.0014561560237780213 -0.0011018209625035524 -0.0011018209625035524 -0.0009636748000048101 -0.00025940098566934466
-0.4164305627346039 -0.48136961460113525 -0.4656822681427002 -0.20147503912448883 -0.11909510940313339 -0.11909510940313339 -0.24309398233890533 -0.24309398233890533 -0.20147503912448883 -0.2878563404083252 -0.20147503912448883 -0.11909510940313339 -0.11909510940313339 -0.11909510940313339 -0.20147503912448883 -0.2512240707874298 -0.17976684868335724 -0.11909510940313339 -0.20893804728984833 -0.11909510940313339 -0.11909510940313339 -0.137908473610878 -0.17015136778354645 -0.11909510940313339 -0.1490073800086975 -0.11909510940313339 -0.13923507928848267 -0.09469714760780334 -0.0958484560251236 -0.09917137026786804 -0.07352732867002487 -0.01744312047958374 -0.003064436838030815 -0.004268617369234562 -0.0026078352238982916 -0.0032423590309917927 -0.003440634813159704 -0.0025670339819043875 -0.002427223604172468 -0.0023635639809072018 -0.0020986662711948156 -0.0014561560237780213 -0.0014561560237780213 -0.0014561560237780213 -0.0011018209625035524 -0.0011018209625035524 -0.0009636748000048101 -0.00025940098566934466
-0.11909510940313339 -0.11909510940313339 -0.11909510940313339 -0.11909510940313339 -0.31530776619911194 -0.31530776619911194 -0.11909510940313339 -0.11909510940313339 -0.11909510940313339 -0.11909510940313339 -0.11909510940313339 -0.25980862975120544 -0.2757350504398346 -0.27559393644332886 -0.11909510940313339 -0.11909510940313339 -0.11909510940313339 -0.2226572036743164 -0.11909510940313339 -0.20645968616008759 -0.18569016456604004 -0.11909510940313339 -0.11909510940313339 -0.12625432014465332 -0.11909510940313339 -0.1347985863685608 -0.11909510940313339 -0.09469714760780334 -0.0958484560251236 -0.097232885658741 -0.06503166258335114 -0.01744312047958374 -0.0052572512067854404 -0.004270800389349461 -0.0026078352238982916 -0.003476206911727786 -0.0034637541975826025 -0.002694382332265377 -0.0024585872888565063 -0.0023659139405936003 -0.002277260646224022 -0.0014561560237780213 -0.0014561560237780213 -0.0014561560237780213 -0.0011018209625035524 -0.0011018209625035524 -0.0009636748000048101 -0.00025940098566934466
-0.4161570370197296 -0.4161570370197296 -0.4161570370197296 -0.13870640099048615 -0.11909510940313339 -0.11909510940313339 -0.24309398233890533 -0.24309398233890533 -0.13870640099048615 -0.2878563404083252 -0.13870640099048615 -0.11909510940313339 -0.11909510940313339 -0.11909510940313339 -0.13870640099048615 -0.13870640099048615 -0.13870640099048615 -0.11909510940313339 -0.13870640099048615 -0.11909510940313339 -0.11909510940313339 -0.137908473610878 -0.17015136778354645 -0.11909510940313339 -0.1490073800086975 -0.11909510940313339 -0.13909131288528442 -0.09469714760780334 -0.0958484560251236 -0.097232885658741 -0.06503166258335114 -0.01744312047958374 -0.003064436838030815 -0.004268617369234562 -0.0026078352238982916 -0.0032423590309917927 -0.003440634813159704 -0.0025670339819043875 -0.002427223604172468 -0.0023635639809072018 -0.0020986662711948156 -0.0014561560237780213 -0.0014561560237780213 -0.0014561560237780213 -0.0011018209625035524 -0.0011018209625035524 -0.0009636748000048101 -0.00025940098566934466
-0.2878563404083252 -0.2878563404083252 -0.2878563404083252 -0.13870640099048615 -0.11909510940313339 -0.11909510940313339 -0.30066800117492676 -0.2923862040042877 -0.13870640099048615 -0.2878563404083252 -0.13870640099048615 -0.11909510940313339 -0.11909510940313339 -0.11909510940313339 -0.13870640099048615 -0.13870640099048615 -0.13870640099048615 -0.11909510940313339 -0.13870640099048615 -0.11909510940313339 -0.11909510940313339 -0.137908473610878 -0.17015136778354645 -0.11909510940313339 -0.1490073800086975 -0.11909510940313339 -0.13909131288528442 -0.09469714760780334 -0.10226161777973175 -0.097232885658741 -0.06503166258335114 -0.01744312047958374 -0.003064436838030815 -0.004268617369234562 -0.0026078352238982916 -0.0032423590309917927 -0.003440634813159704 -0.0025670339819043875 -0.002427223604172468 -0.0023635639809072018 -0.0020986662711948156 -0.0014561560237780213 -0.0014561560237780213 -0.0014561560237780213 -0.0011018209625035524 -0.0011018209625035524 -0.0009636748000048101 -0.00025940098566934466
-0.11909510940313339 -0.11909510940313339 -0.11909510940313339 -0.11909510940313339 -0.31714963912963867 -0.3159102201461792 -0.11909510940313339 -0.11909510940313339 -0.11909510940313339 -0.11909510940313339 -0.11909510940313339 -0.28642702102661133 -0.27680912613868713 -0.2759076654911041 -0.11909510940313339 -0.11909510940313339 -0.11909510940313339 -0.2226572036743164 -0.11909510940313339 -0.20645968616008759 -0.18569016456604004 -0.11909510940313339 -0.11909510940313339 -0.12625432014465332 -0.11909510940313339 -0.1347985863685608 -0.11909510940313339 -0.09469714760780334 -0.0958484560251236 -0.097232885658741 -0.06503166258335114 -0.01744312047958374 -0.003064436838030815 -0.004268617369234562 -0.0026078352238982916 -0.0032423590309917927 -0.003440634813159704 -0.0025670339819043875 -0.002427223604172468 -0.0023635639809072018 -0.0020986662711948156 -0.0014561560237780213 -0.0014561560237780213 -0.0014561560237780213 -0.0012635678285732865 -0.001122305286116898 -0.0010003636125475168 -0.00025940098566934466
-0.1490073800086975 -0.1490073800086975 -0.1490073800086975 -0.13870640099048615 -0.25980862975120544 -0.25980862975120544 -0.1490073800086975 -0.1490073800086975 -0.13870640099048615 -0.1490073800086975 -0.13870640099048615 -0.25980862975120544 -0.25980862975120544 -0.25980862975120544 -0.13870640099048615 -0.13870640099048615 -0.13870640099048615 -0.2226572036743164 -0.13870640099048615 -0.20645968616008759 -0.18569016456604004 -0.137908473610878 -0.1490073800086975 -0.12625432014465332 -0.1490073800086975 -0.1347985863685608 -0.13909131288528442 -0.1318504363298416 -0.0958484560251236 -0.097232885658741 -0.06503166258335114 -0.01744312047958374 -0.0052572512067854404 -0.004268617369234562 -0.0026078352238982916 -0.0032423590309917927 -0.003440634813159704 -0.002694382332265377 -0.0024585872888565063 -0.0023659139405936003 -0.002277260646224022 -0.0014561560237780213 -0.0014561560237780213 -0.0014561560237780213 -0.0011018209625035524 -0.0011018209625035524 -0.0009636748000048101 -0.00025940098566934466
-0.24309398233890533 -0.24309398233890533 -0.24309398233890533 -0.30921468138694763 -0.11909510940313339 -0.11909510940313339 -0.30066800117492676 -0.2923862040042877 -0.26747098565101624 -0.24309398233890533 -0.24362193048000336 -0.11909510940313339 -0.11909510940313339 -0.11909510940313339 -0.24362193048000336 -0.20147503912448883 -0.17976684868335724 -0.11909510940313339 -0.1996425837278366 -0.11909510940313339 -0.11909510940313339 -0.137908473610878 -0.17015136778354645 -0.11909510940313339 -0.1490073800086975 -0.11909510940313339 -0.13909131288528442 -0.09469714760780334 -0.0958484560251236 -0.097232885658741 -0.06503166258335114 -0.01744312047958374 -0.003064436838030815 -0.004268617369234562 -0.0026078352238982916 -0.0032423590309917927 -0.003440634813159704 -0.0025670339819043875 -0.002427223604172468 -0.0023635639809072018 -0.0020986662711948156 -0.0014561560237780213 -0.0014561560237780213 -0.0014561560237780213 -0.0011018209625035524 -0.0011018209625035524 -0.0009636748000048101 -0.00025940098566934466
-0.2568877637386322 -0.2568877637386322 -0.2568877637386322 -0.13870640099048615 -0.11909510940313339 -0.11909510940313339 -0.2568877637386322 -0.2568877637386322 -0.13870640099048615 -0.2568877637386322 -0.13870640099048615 -0.11909510940313339 -0.11909510940313339 -0.11909510940313339 -0.13870640099048615 -0.13870640099048615 -0.13870640099048615 -0.11909510940313339 -0.13870640099048615 -0.11909510940313339 -0.11909510940313339 -0.137908473610878 -0.17015136778354645 -0.11909510940313339 -0.1490073800086975 -0.11909510940313339 -0.13909131288528442 -0.09469714760780334 -0.0958484560251236 -0.097232885658741 -0.06503166258335114 -0.01744312047958374 -0.003064436838030815 -0.004268617369234562 -0.0026078352238982916 -0.0032423590309917927 -0.003440634813159704 -0.0025670339819043875 -0.002427223604172468 -0.0023635639809072018 -0.0020986662711948156 -0.0014561560237780213 -0.0014561560237780213 -0.0014561560237780213 -0.0011018209625035524 -0.0011018209625035524 -0.0009636748000048101 -0.00025940098566934466
-0.24309398233890533 -0.24309398233890533 -0.24309398233890533 -0.25279858708381653 -0.11909510940313339 -0.11909510940313339 -0.25279858708381653 -0.25279858708381653 -0.25279858708381653 -0.24309398233890533 -0.25279858708381653 -0.11909510940313339 -0.11909510940313339 -0.11909510940313339 -0.25160935521125793 -0.2512240707874298 -0.23302502930164337 -0.11909510940313339 -0.1996425837278366 -0.11909510940313339 -0.11909510940313339 -0.137908473610878 -0.17015136778354645 -0.11909510940313339 -0.14962300658226013 -0.11909510940313339 -0.13909131288528442 -0.09469714760780334 -0.0958484560251236 -0.097232885658741 -0.06503166258335114 -0.01744312047958374 -0.003064436838030815 -0.004268617369234562 -0.0026078352238982916 -0.0032423590309917927 -0.003440634813159704 -0.0025670339819043875 -0.002427223604172468 -0.0023635639809072018 -0.0020986662711948156 -0.0014561560237780213 -0.0014561560237780213 -0.0014561560237780213 -0.0011018209625035524 -0.0011018209625035524 -0.0009636748000048101 -0.00025940098566934466
-0.24309398233890533 -0.24309398233890533 -0.24309398233890533 -0.25268423557281494 -0.11909510940313339 -0.11909510940313339 -0.25268423557281494 -0.25268423557281494 -0.25268423557281494 -0.24309398233890533 -0.25268423557281494 -0.11909510940313339 -0.11909510940313339 -0.11909510940313339 -0.25160935521125793 -0.2512240707874298 -0.17976684868335724 -0.11909510940313339 -0.1996425837278366 -0.11909510940313339 -0.11909510940313339 -0.137908473610878 -0.17015136778354645 -0.11909510940313339 -0.14962300658226013 -0.11909510940313339 -0.13909131288528442 -0.09469714760780334 -0.0958484560251236 -0.097232885658741 -0.06503166258335114 -0.01744312047958374 -0.003064436838030815 -0.004268617369234562 -0.0026078352238982916 -0.0032423590309917927 -0.003440634813159704 -0.0025670339819043875 -0.002427223604172468 -0.0023635639809072018 -0.0020986662711948156 -0.0014561560237780213 -0.0014561560237780213 -0.0014561560237780213 -0.0011018209625035524 -0.0011018209625035524 -0.0009636748000048101 -0.00025940098566934466
-0.24309398233890533 -0.24309398233890533 -0.24309398233890533 -0.251110702753067 -0.11909510940313339 -0.11909510940313339 -0.251110702753067 -0.251110702753067 -0.251110702753067 -0.24309398233890533 -0.251110702753067 -0.11909510940313339 -0.11909510940313339 -0.11909510940313339 -0.251110702753067 -0.251110702753067 -0.17976684868335724 -0.11909510940313339 -0.20893804728984833 -0.11909510940313339 -0.11909510940313339 -0.137908473610878 -0.17015136778354645 -0.11909510940313339 -0.14962300658226013 -0.11909510940313339 -0.13909131288528442 -0.09469714760780334 -0.0958484560251236 -0.097232885658741 -0.06503166258335114 -0.01744312047958374 -0.003064436838030815 -0.004268617369234562 -0.0026078352238982916 -0.0032423590309917927 -0.003440634813159704 -0.0025670339819043875 -0.002427223604172468 -0.0023635639809072018 -0.0020986662711948156 -0.0014561560237780213 -0.0014561560237780213 -0.0014561560237780213 -0.0011018209625035524 -0.0011018209625035524 -0.0009636748000048101 -0.00025940098566934466
-0.24309398233890533 -0.24309398233890533 -0.24309398233890533 -0.24898019433021545 -0.11909510940313339 -0.11909510940313339 -0.24309398233890533 -0.24309398233890533 -0.24898019433021545 -0.24309398233890533 -0.24898019433021545 -0.11909510940313339 -0.11909510940313339 -0.11909510940313339 -0.24898019433021545 -0.24898019433021545 -0.17976684868335724 -0.11909510940313339 -0.20893804728984833 -0.11909510940313339 -0.11909510940313339 -0.137908473610878 -0.17015136778354645 -0.11909510940313339 -0.1490073800086975 -0.11909510940313339 -0.13909131288528442 -0.09469714760780334 -0.0958484560251236 -0.097232885658741 -0.06503166258335114 -0.01744312047958374 -0.003064436838030815 -0.004268617369234562 -0.0026078352238982916 -0.0032423590309917927 -0.003440634813159704 -0.0025670339819043875 -0.002427223604172468 -0.0023635639809072018 -0.0020986662711948156 -0.0014561560237780213 -0.0014561560237780213 -0.0014561560237780213 -0.0011018209625035524 -0.0011018209625035524 -0.0009636748000048101 -0.00025940098566934466
-0.20325231552124023 -0.20325231552124023 -0.20325231552124023 -0.20325231552124023 -0.12625432014465332 -0.12625432014465332 -0.20325231552124023 -0.20325231552124023 -0.20325231552124023 -0.20325231552124023 -0.20325231552124023 -0.12625432014465332 -0.12625432014465332 -0.12625432014465332 -0.20325231552124023 -0.20147503912448883 -0.20325231552124023 -0.12625432014465332 -0.1996425837278366 -0.12625432014465332 -0.12625432014465332 -0.18234120309352875 -0.17015136778354645 -0.15304984152317047 -0.14962300658226013 -0.12625432014465332 -0.13909131288528442 -0.09469714760780334 -0.0958484560251236 -0.097232885658741 -0.06503166258335114 -0.01744312047958374 -0.003064436838030815 -0.004268617369234562 -0.0026078352238982916 -0.0032423590309917927 -0.003440634813159704 -0.0025670339819043875 -0.002427223604172468 -0.0023635639809072018 -0.0020986662711948156 -0.0014561560237780213 -0.0014561560237780213 -0.0014561560237780213 -0.0011018209625035524 -0.0011018209625035524 -0.0009636748000048101 -0.00025940098566934466
-0.18944048881530762 -0.18944048881530762 -0.18944048881530762 -0.18944048881530762 -0.18569016456604004 -0.18569016456604004 -0.18944048881530762 -0.18944048881530762 -0.18944048881530762 -0.18944048881530762 -0.18944048881530762 -0.18569016456604004 -0.18569016456604004 -0.18569016456604004 -0.18944048881530762 -0.18944048881530762 -0.18944048881530762 -0.1890641152858734 -0.18944048881530762 -0.18944048881530762 -0.18944048881530762 -0.18234120309352875 -0.17015136778354645 -0.15304984152317047 -0.14962300658226013 -0.13998518884181976 -0.13909131288528442 -0.09469714760780334 -0.0958484560251236 -0.097232885658741 -0.06503166258335114 -0.01744312047958374 -0.003064436838030815 -0.004268617369234562 -0.0026078352238982916 -0.0032423590309917927 -0.003440634813159704 -0.0025670339819043875 -0.002427223604172468 -0.0023635639809072018 -0.0020986662711948156 -0.0014561560237780213 -0.0014561560237780213 -0.0014561560237780213 -0.0011018209625035524 -0.0011018209625035524 -0.0009636748000048101 -0.0004603234410751611
-0.14317761361598969 -0.14317761361598969 -0.14317761361598969 -0.13870640099048615 -0.14317761361598969 -0.14317761361598969 -0.14317761361598969 -0.14317761361598969 -0.13870640099048615 -0.14317761361598969 -0.13870640099048615 -0.14317761361598969 -0.14317761361598969 -0.14317761361598969 -0.13870640099048615 -0.13870640099048615 -0.13870640099048615 -0.14317761361598969 -0.13870640099048615 -0.14317761361598969 -0.14317761361598969 -0.137908473610878 -0.14317761361598969 -0.12625432014465332 -0.14317761361598969 -0.1347985863685608 -0.13909131288528442 -0.1318504363298416 -0.0958484560251236 -0.097232885658741 -0.06503166258335114 -0.02099633403122425 -0.003064436838030815 -0.004268617369234562 -0.0026078352238982916 -0.0032423590309917927 -0.003440634813159704 -0.0025670339819043875 -0.002427223604172468 -0.0023659139405936003 -0.002277260646224022 -0.0020996173843741417 -0.002099212259054184 -0.0017466580029577017 -0.0011018209625035524 -0.0011018209625035524 -0.0009636748000048101 -0.00025940098566934466
-0.14090657234191895 -0.14090657234191895 -0.14090657234191895 -0.13870640099048615 -0.14090657234191895 -0.14090657234191895 -0.14090657234191895 -0.14090657234191895 -0.13870640099048615 -0.14090657234191895 -0.13870640099048615 -0.14090657234191895 -0.14090657234191895 -0.14090657234191895 -0.13870640099048615 -0.13870640099048615 -0.13870640099048615 -0.14090657234191895 -0.13870640099048615 -0.14090657234191895 -0.14090657234191895 -0.137908473610878 -0.14090657234191895 -0.12625432014465332 -0.14090657234191895 -0.1347985863685608 -0.13909131288528442 -0.1318504363298416 -0.0958484560251236 -0.097232885658741 -0.06503166258335114 -0.02099633403122425 -0.0052572512067854404 -0.004268617369234562 -0.0026078352238982916 -0.0032423590309917927 -0.003440634813159704 -0.002694382332265377 -0.002427223604172468 -0.0023659139405936003 -0.002277260646224022 -0.0020996173843741417 -0.002099212259054184 -0.0017466580029577017 -0.0011018209625035524 -0.0011018209625035524 -0.0009636748000048101 -0.00025940098566934466
-0.11578278243541718 -0.11578278243541718 -0.11578278243541718 -0.11578278243541718 -0.11578278243541718 -0.11578278243541718 -0.11578278243541718 -0.11578278243541718 -0.11578278243541718 -0.11578278243541718 -0.11578278243541718 -0.11578278243541718 -0.11578278243541718 -0.11578278243541718 -0.11578278243541718 -0.11578278243541718 -0.11578278243541718 -0.11578278243541718 -0.11578278243541718 -0.11578278243541718 -0.11578278243541718 -0.11578278243541718 -0.11578278243541718 -0.11578278243541718 -0.11578278243541718 -0.11578278243541718 -0.11578278243541718 -0.09469714760780334 -0.0958484560251236 -0.097232885658741 -0.06503166258335114 -0.01744312047958374 -0.003064436838030815 -0.004268617369234562 -0.0026078352238982916 -0.0032423590309917927 -0.003440634813159704 -0.0025670339819043875 -0.002427223604172468 -0.0023635639809072018 -0.0020986662711948156 -0.0014561560237780213 -0.0014561560237780213 -0.0014561560237780213 -0.0012635678285732865 -0.0011443827534094453 -0.0010003636125475168 -0.0004603234410751611
-0.03581899777054787 -0.03581899777054787 -0.03581899777054787 -0.03581899777054787 -0.03581899777054787 -0.03581899777054787 -0.03581899777054787 -0.03581899777054787 -0.03581899777054787 -0.03581899777054787 -0.03581899777054787 -0.03581899777054787 -0.03581899777054787 -0.03581899777054787 -0.03581899777054787 -0.03581899777054787 -0.03581899777054787 -0.03581899777054787 -0.03581899777054787 -0.03581899777054787 -0.03581899777054787 -0.03581899777054787 -0.03581899777054787 -0.03581899777054787 -0.03581899777054787 -0.03581899777054787 -0.03581899777054787 -0.03581899777054787 -0.03581899777054787 -0.03581899777054787 -0.03581899777054787 -0.01744312047958374 -0.003064436838030815 -0.004268617369234562 -0.0026078352238982916 -0.0032423590309917927 -0.003440634813159704 -0.0025670339819043875 -0.002427223604172468 -0.0023635639809072018 -0.0020986662711948156 -0.0014561560237780213 -0.0014561560237780213 -0.0014561560237780213 -0.0011018209625035524 -0.0011018209625035524 -0.0009636748000048101 -0.00025940098566934466
-0.027669548988342285 -0.027669548988342285 -0.027669548988342285 -0.027669548988342285 -0.027669548988342285 -0.027669548988342285 -0.027669548988342285 -0.027669548988342285 -0.027669548988342285 -0.027669548988342285 -0.027669548988342285 -0.027669548988342285 -0.027669548988342285 -0.027669548988342285 -0.027669548988342285 -0.027669548988342285 -0.027669548988342285 -0.027669548988342285 -0.027669548988342285 -0.027669548988342285 -0.027669548988342285 -0.027669548988342285 -0.027669548988342285 -0.027669548988342285 -0.027669548988342285 -0.027669548988342285 -0.027669548988342285 -0.027669548988342285 -0.027669548988342285 -0.027669548988342285 -0.027669548988342285 -0.01744312047958374 -0.003064436838030815 -0.004268617369234562 -0.0026078352238982916 -0.0032423590309917927 -0.003440634813159704 -0.0025670339819043875 -0.002427223604172468 -0.0023635639809072018 -0.0020986662711948156 -0.0014561560237780213 -0.0014561560237780213 -0.0014561560237780213 -0.0011018209625035524 -0.0011018209625035524 -0.0009636748000048101 -0.00025940098566934466
-0.026680486276745796 -0.026680486276745796 -0.026680486276745796 -0.026680486276745796 -0.026680486276745796 -0.026680486276745796 -0.026680486276745796 -0.026680486276745796 -0.026680486276745796 -0.026680486276745796 -0.026680486276745796 -0.026680486276745796 -0.026680486276745796 -0.026680486276745796 -0.026680486276745796 -0.026680486276745796 -0.026680486276745796 -0.026680486276745796 -0.026680486276745796 -0.026680486276745796 -0.026680486276745796 -0.026680486276745796 -0.026680486276745796 -0.026680486276745796 -0.026680486276745796 -0.026680486276745796 -0.026680486276745796 -0.026680486276745796 -0.026680486276745796 -0.026680486276745796 -0.026680486276745796 -0.02099633403122425 -0.0052572512067854404 -0.004268617369234562 -0.0026078352238982916 -0.0032423590309917927 -0.003440634813159704 -0.002694382332265377 -0.0024585872888565063 -0.0023659139405936003 -0.002277260646224022 -0.0020996173843741417 -0.002099212259054184 -0.0017466580029577017 -0.0011018209625035524 -0.0011018209625035524 -0.0009636748000048101 -0.00025940098566934466
-0.020261822268366814 -0.020261822268366814 -0.020261822268366814 -0.020261822268366814 -0.020261822268366814 -0.020261822268366814 -0.020261822268366814 -0.020261822268366814 -0.020261822268366814 -0.020261822268366814 -0.020261822268366814 -0.020261822268366814 -0.020261822268366814 -0.020261822268366814 -0.020261822268366814 -0.020261822268366814 -0.020261822268366814 -0.020261822268366814 -0.020261822268366814 -0.020261822268366814 -0.020261822268366814 -0.020261822268366814 -0.020261822268366814 -0.020261822268366814 -0.020261822268366814 -0.020261822268366814 -0.020261822268366814 -0.020261822268366814 -0.020261822268366814 -0.020261822268366814 -0.020261822268366814 -0.020261822268366814 -0.003064436838030815 -0.004268617369234562 -0.0026078352238982916 -0.0032423590309917927 -0.003440634813159704 -0.0025670339819043875 -0.002427223604172468 -0.0023635639809072018 -0.0020986662711948156 -0.0020996173843741417 -0.002099212259054184 -0.0015889059286564589 -0.0011018209625035524 -0.0011018209625035524 -0.0009636748000048101 -0.00025940098566934466
-0.019772179424762726 -0.019772179424762726 -0.019772179424762726 -0.019772179424762726 -0.019772179424762726 -0.019772179424762726 -0.019772179424762726 -0.019772179424762726 -0.019772179424762726 -0.019772179424762726 -0.019772179424762726 -0.019772179424762726 -0.019772179424762726 -0.019772179424762726 -0.019772179424762726 -0.019772179424762726 -0.019772179424762726 -0.019772179424762726 -0.019772179424762726 -0.019772179424762726 -0.019772179424762726 -0.019772179424762726 -0.019772179424762726 -0.019772179424762726 -0.019772179424762726 -0.019772179424762726 -0.019772179424762726 -0.019772179424762726 -0.019772179424762726 -0.019772179424762726 -0.019772179424762726 -0.019772179424762726 -0.003064436838030815 -0.004268617369234562 -0.0026078352238982916 -0.0032423590309917927 -0.003440634813159704 -0.0025670339819043875 -0.002427223604172468 -0.0023635639809072018 -0.0020986662711948156 -0.0020966886077076197 -0.002099212259054184 -0.0015889059286564589 -0.0011018209625035524 -0.0011018209625035524 -0.0009636748000048101 -0.00025940098566934466
-0.011903726495802402 -0.011903726495802402 -0.011903726495802402 -0.011903726495802402 -0.011903726495802402 -0.011903726495802402 -0.011903726495802402 -0.011903726495802402 -0.011903726495802402 -0.011903726495802402 -0.011903726495802402 -0.011903726495802402 -0.011903726495802402 -0.011903726495802402 -0.011903726495802402 -0.011903726495802402 -0.011903726495802402 -0.011903726495802402 -0.011903726495802402 -0.011903726495802402 -0.011903726495802402 -0.011903726495802402 -0.011903726495802402 -0.011903726495802402 -0.011903726495802402 -0.011903726495802402 -0.011903726495802402 -0.011903726495802402 -0.011903726495802402 -0.011903726495802402 -0.011903726495802402 -0.011903726495802402 -0.0052572512067854404 -0.004270800389349461 -0.0026078352238982916 -0.003476206911727786 -0.0034637541975826025 -0.002694382332265377 -0.0024585872888565063 -0.0023659139405936003 -0.002277260646224022 -0.0020996173843741417 -0.002099212259054184 -0.0017466580029577017 -0.0011018209625035524 -0.0011018209625035524 -0.0009636748000048101 -0.00025940098566934466
-0.010645153932273388 -0.010645153932273388 -0.010645153932273388 -0.010645153932273388 -0.010645153932273388 -0.010645153932273388 -0.010645153932273388 -0.010645153932273388 -0.010645153932273388 -0.010645153932273388 -0.010645153932273388 -0.010645153932273388 -0.010645153932273388 -0.010645153932273388 -0.010645153932273388 -0.010645153932273388 -0.010645153932273388 -0.010645153932273388 -0.010645153932273388 -0.010645153932273388 -0.010645153932273388 -0.010645153932273388 -0.010645153932273388 -0.010645153932273388 -0.010645153932273388 -0.010645153932273388 -0.010645153932273388 -0.010645153932273388 -0.010645153932273388 -0.010645153932273388 -0.010645153932273388 -0.010645153932273388 -0.003064436838030815 -0.004268617369234562 -0.0026078352238982916 -0.0032423590309917927 -0.003440634813159704 -0.0025670339819043875 -0.002427223604172468 -0.0023659139405936003 -0.002277260646224022 -0.0020996173843741417 -0.002099212259054184 -0.0017466580029577017 -0.0011018209625035524 -0.0011018209625035524 -0.0009636748000048101 -0.00025940098566934466
-0.005506837274879217 -0.005506837274879217 -0.005506837274879217 -0.005506837274879217 -0.005506837274879217 -0.005506837274879217 -0.005506837274879217 -0.005506837274879217 -0.005506837274879217 -0.005506837274879217 -0.005506837274879217 -0.005506837274879217 -0.005506837274879217 -0.005506837274879217 -0.005506837274879217 -0.005506837274879217 -0.005506837274879217 -0.005506837274879217 -0.005506837274879217 -0.005506837274879217 -0.005506837274879217 -0.005506837274879217 -0.005506837274879217 -0.005506837274879217 -0.005506837274879217 -0.005506837274879217 -0.005506837274879217 -0.005506837274879217 -0.005506837274879217 -0.005506837274879217 -0.005506837274879217 -0.005506837274879217 -0.0052572512067854404 -0.004270800389349461 -0.0026078352238982916 -0.003476206911727786 -0.0034637541975826025 -0.002694382332265377 -0.0024585872888565063 -0.0023659139405936003 -0.002277260646224022 -0.0014561560237780213 -0.0014561560237780213 -0.0014561560237780213 -0.0011018209625035524 -0.0011018209625035524 -0.0009636748000048101 -0.00025940098566934466
-0.0048507521860301495 -0.0048507521860301495 -0.0048507521860301495 -0.0048507521860301495 -0.0048507521860301495 -0.0048507521860301495 -0.0048507521860301495 -0.0048507521860301495 -0.0048507521860301495 -0.0048507521860301495 -0.0048507521860301495 -0.0048507521860301495 -0.0048507521860301495 -0.0048507521860301495 -0.0048507521860301495 -0.0048507521860301495 -0.0048507521860301495 -0.0048507521860301495 -0.0048507521860301495 -0.0048507521860301495 -0.0048507521860301495 -0.0048507521860301495 -0.0048507521860301495 -0.0048507521860301495 -0.0048507521860301495 -0.0048507521860301495 -0.0048507521860301495 -0.0048507521860301495 -0.0048507521860301495 -0.0048507521860301495 -0.0048507521860301495 -0.0048507521860301495 -0.003064436838030815 -0.004268617369234562 -0.0026078352238982916 -0.0032423590309917927 -0.003440634813159704 -0.0025670339819043875 -0.002427223604172468 -0.0023635639809072018 -0.0020986662711948156 -0.0014561560237780213 -0.0014561560237780213 -0.0014561560237780213 -0.0011018209625035524 -0.0011018209625035524 -0.0009636748000048101 -0.00025940098566934466
-0.004593424499034882 -0.004593424499034882 -0.004593424499034882 -0.004593424499034882 -0.004593424499034882 -0.004593424499034882 -0.004593424499034882 -0.004593424499034882 -0.004593424499034882 -0.004593424499034882 -0.004593424499034882 -0.004593424499034882 -0.004593424499034882 -0.004593424499034882 -0.004593424499034882 -0.004593424499034882 -0.004593424499034882 -0.004593424499034882 -0.004593424499034882 -0.004593424499034882 -0.004593424499034882 -0.004593424499034882 -0.004593424499034882 -0.004593424499034882 -0.004593424499034882 -0.004593424499034882 -0.004593424499034882 -0.004593424499034882 -0.004593424499034882 -0.004593424499034882 -0.004593424499034882 -0.004593424499034882 -0.004593424499034882 -0.004270800389349461 -0.0026078352238982916 -0.003476206911727786 -0.0034637541975826025 -0.002694382332265377 -0.0024585872888565063 -0.0023659139405936003 -0.002277260646224022 -0.0020966886077076197 -0.0020966886077076197 -0.0017466580029577017 -0.0011018209625035524 -0.0011018209625035524 -0.0009636748000048101 -0.00025940098566934466
-0.0038778625894337893 -0.0038778625894337893 -0.0038778625894337893 -0.0038778625894337893 -0.0038778625894337893 -0.0038778625894337893 -0.0038778625894337893 -0.0038778625894337893 -0.0038778625894337893 -0.0038778625894337893 -0.0038778625894337893 -0.0038778625894337893 -0.0038778625894337893 -0.0038778625894337893 -0.0038778625894337893 -0.0038778625894337893 -0.0038778625894337893 -0.0038778625894337893 -0.0038778625894337893 -0.0038778625894337893 -0.0038778625894337893 -0.0038778625894337893 -0.0038778625894337893 -0.0038778625894337893 -0.0038778625894337893 -0.0038778625894337893 -0.0038778625894337893 -0.0038778625894337893 -0.0038778625894337893 -0.0038778625894337893 -0.0038778625894337893 -0.0038778625894337893 -0.0038778625894337893 -0.0038778625894337893 -0.0026078352238982916 -0.003476206911727786 -0.0034637541975826025 -0.002694382332265377 -0.0024585872888565063 -0.0023659139405936003 -0.002277260646224022 -0.0020996173843741417 -0.0020966886077076197 -0.0017466580029577017 -0.0011018209625035524 -0.0011018209625035524 -0.0009636748000048101 -0.00025940098566934466
-0.003433086210861802 -0.003433086210861802 -0.003433086210861802 -0.003433086210861802 -0.003433086210861802 -0.003433086210861802 -0.003433086210861802 -0.003433086210861802 -0.003433086210861802 -0.003433086210861802 -0.003433086210861802 -0.003433086210861802 -0.003433086210861802 -0.003433086210861802 -0.003433086210861802 -0.003433086210861802 -0.003433086210861802 -0.003433086210861802 -0.003433086210861802 -0.003433086210861802 -0.003433086210861802 -0.003433086210861802 -0.003433086210861802 -0.003433086210861802 -0.003433086210861802 -0.003433086210861802 -0.003433086210861802 -0.003433086210861802 -0.003433086210861802 -0.003433086210861802 -0.003433086210861802 -0.003433086210861802 -0.003064436838030815 -0.003433086210861802 -0.0026078352238982916 -0.0032423590309917927 -0.003433086210861802 -0.0025670339819043875 -0.002427223604172468 -0.0023635639809072018 -0.0020986662711948156 -0.0014561560237780213 -0.0014561560237780213 -0.0014561560237780213 -0.0011018209625035524 -0.0011018209625035524 -0.0009636748000048101 -0.00025940098566934466
-0.0030595543794333935 -0.0030595543794333935 -0.0030595543794333935 -0.0030595543794333935 -0.0030595543794333935 -0.0030595543794333935 -0.0030595543794333935 -0.0030595543794333935 -0.0030595543794333935 -0.0030595543794333935 -0.0030595543794333935 -0.0030595543794333935 -0.0030595543794333935 -0.0030595543794333935 -0.0030595543794333935 -0.0030595543794333935 -0.0030595543794333935 -0.0030595543794333935 -0.0030595543794333935 -0.0030595543794333935 -0.0030595543794333935 -0.0030595543794333935 -0.0030595543794333935 -0.0030595543794333935 -0.0030595543794333935 -0.0030595543794333935 -0.0030595543794333935 -0.0030595543794333935 -0.0030595543794333935 -0.0030595543794333935 -0.0030595543794333935 -0.0030595543794333935 -0.0030595543794333935 -0.0030595543794333935 -0.0026078352238982916 -0.0030595543794333935 -0.0030595543794333935 -0.002694382332265377 -0.0024585872888565063 -0.0023659139405936003 -0.002277260646224022 -0.0020996173843741417 -0.002099212259054184 -0.0017466580029577017 -0.0011018209625035524 -0.0011018209625035524 -0.0009636748000048101 -0.00025940098566934466
-0.002326847054064274 -0.002326847054064274 -0.002326847054064274 -0.002326847054064274 -0.002326847054064274 -0.002326847054064274 -0.002326847054064274 -0.002326847054064274 -0.002326847054064274 -0.002326847054064274 -0.002326847054064274 -0.002326847054064274 -0.002326847054064274 -0.002326847054064274 -0.002326847054064274 -0.002326847054064274 -0.002326847054064274 -0.002326847054064274 -0.002326847054064274 -0.002326847054064274 -0.002326847054064274 -0.002326847054064274 -0.002326847054064274 -0.002326847054064274 -0.002326847054064274 -0.002326847054064274 -0.002326847054064274 -0.002326847054064274 -0.002326847054064274 -0.002326847054064274 -0.002326847054064274 -0.002326847054064274 -0.002326847054064274 -0.002326847054064274 -0.002326847054064274 -0.002326847054064274 -0.002326847054064274 -0.002326847054064274 -0.002326847054064274 -0.002326847054064274 -0.002277260646224022 -0.0020996173843741417 -0.002099212259054184 -0.0017466580029577017 -0.0011018209625035524 -0.0011018209625035524 -0.0009636748000048101 -0.00025940098566934466
-0.0016790005611255765 -0.0016790005611255765 -0.0016790005611255765 -0.0016790005611255765 -0.0016790005611255765 -0.0016790005611255765 -0.0016790005611255765 -0.0016790005611255765 -0.0016790005611255765 -0.0016790005611255765 -0.0016790005611255765 -0.0016790005611255765 -0.0016790005611255765 -0.0016790005611255765 -0.0016790005611255765 -0.0016790005611255765 -0.0016790005611255765 -0.0016790005611255765 -0.0016790005611255765 -0.0016790005611255765 -0.0016790005611255765 -0.0016790005611255765 -0.0016790005611255765 -0.0016790005611255765 -0.0016790005611255765 -0.0016790005611255765 -0.0016790005611255765 -0.0016790005611255765 -0.0016790005611255765 -0.0016790005611255765 -0.0016790005611255765 -0.0016790005611255765 -0.0016790005611255765 -0.0016790005611255765 -0.0016790005611255765 -0.0016790005611255765 -0.0016790005611255765 -0.0016790005611255765 -0.0016790005611255765 -0.0016790005611255765 -0.0016790005611255765 -0.0016790005611255765 -0.0016790005611255765 -0.0016790005611255765 -0.0011018209625035524 -0.0011018209625035524 -0.0009636748000048101 -0.00025940098566934466
-0.0014981060521677136 -0.0014981060521677136 -0.0014981060521677136 -0.0014981060521677136 -0.0014981060521677136 -0.0014981060521677136 -0.0014981060521677136 -0.0014981060521677136 -0.0014981060521677136 -0.0014981060521677136 -0.0014981060521677136 -0.0014981060521677136 -0.0014981060521677136 -0.0014981060521677136 -0.0014981060521677136 -0.0014981060521677136 -0.0014981060521677136 -0.0014981060521677136 -0.0014981060521677136 -0.0014981060521677136 -0.0014981060521677136 -0.0014981060521677136 -0.0014981060521677136 -0.0014981060521677136 -0.0014981060521677136 -0.0014981060521677136 -0.0014981060521677136 -0.0014981060521677136 -0.0014981060521677136 -0.0014981060521677136 -0.0014981060521677136 -0.0014981060521677136 -0.0014981060521677136 -0.0014981060521677136 -0.0014981060521677136 -0.0014981060521677136 -0.0014981060521677136 -0.0014981060521677136 -0.0014981060521677136 -0.0014981060521677136 -0.0014981060521677136 -0.0014981060521677136 -0.0014981060521677136 -0.0014981060521677136 -0.0011018209625035524 -0.0011018209625035524 -0.0009636748000048101 -0.00025940098566934466
-0.0012740357778966427 -0.0012740357778966427 -0.0012740357778966427 -0.0012740357778966427 -0.0012740357778966427 -0.0012740357778966427 -0.0012740357778966427 -0.0012740357778966427 -0.0012740357778966427 -0.0012740357778966427 -0.0012740357778966427 -0.0012740357778966427 -0.0012740357778966427 -0.0012740357778966427 -0.0012740357778966427 -0.0012740357778966427 -0.0012740357778966427 -0.0012740357778966427 -0.0012740357778966427 -0.0012740357778966427 -0.0012740357778966427 -0.0012740357778966427 -0.0012740357778966427 -0.0012740357778966427 -0.0012740357778966427 -0.0012740357778966427 -0.0012740357778966427 -0.0012740357778966427 -0.0012740357778966427 -0.0012740357778966427 -0.0012740357778966427 -0.0012740357778966427 -0.0012740357778966427 -0.0012740357778966427 -0.0012740357778966427 -0.0012740357778966427 -0.0012740357778966427 -0.0012740357778966427 -0.0012740357778966427 -0.0012740357778966427 -0.0012740357778966427 -0.0012740357778966427 -0.0012740357778966427 -0.0012740357778966427 -0.0012635678285732865 -0.0011443827534094453 -0.0010003636125475168 -0.00025940098566934466