-0.5566901564598083 -0.5135712027549744 -0.5219770669937134 -0.5212392210960388 -0.3963709771633148 -0.18790216743946075 -0.18790216743946075 -0.1275186538696289 -0.1275186538696289 -0.1275186538696289 -0.1275186538696289 -0.1275186538696289 -0.29417937994003296 -0.1829623579978943 -0.18790216743946075 -0.1829623579978943 -0.18790216743946075 -0.1275186538696289 -0.1275186538696289 -0.1275186538696289 -0.18790216743946075 -0.11387056112289429 -0.11387056112289429 -0.15765830874443054 -0.1275186538696289 -0.12359347194433212 -0.08638069033622742 -0.08638069033622742 -0.0688323900103569 -0.07324295490980148 -0.04665679857134819 -0.004573935642838478 -0.0026207820046693087 -0.0011911147739738226 -0.0018653590232133865 -0.0018743579275906086 -0.0014714781427755952 -0.0009918218711391091 -0.0014283540658652782 -0.0008998595294542611 -0.0006738962256349623 -0.0009918218711391091 -0.0009426274336874485 -0.0009517124854028225 -0.0008839037618599832 -0.0007633605855517089 -0.0005858420627191663
-0.45049214363098145 -0.45049214363098145 -0.5219770669937134 -0.5212392210960388 -0.3963709771633148 -0.2563033401966095 -0.2563033401966095 -0.1275186538696289 -0.1275186538696289 -0.1275186538696289 -0.1275186538696289 -0.1275186538696289 -0.29417937994003296 -0.1829623579978943 -0.2563033401966095 -0.1829623579978943 -0.2563033401966095 -0.1275186538696289 -0.1275186538696289 -0.1275186538696289 -0.18854258954524994 -0.11387056112289429 -0.11387056112289429 -0.15765830874443054 -0.1275186538696289 -0.12359347194433212 -0.08638069033622742 -0.08638069033622742 -0.0688323900103569 -0.07372438907623291 -0.04951196536421776 -0.004573935642838478 -0.0026207820046693087 -0.0011911147739738226 -0.0018653590232133865 -0.0018743579275906086 -0.0014714781427755952 -0.0009918218711391091 -0.0014283540658652782 -0.0008998595294542611 -0.0006738962256349623 -0.0009918218711391091 -0.0009426274336874485 -0.0009517124854028225 -0.0008839037618599832 -0.0007633605855517089 -0.0005858420627191663
-0.5397888422012329 -0.5397888422012329 -0.5219770669937134 -0.5212392210960388 -0.3516891598701477 -0.18790216743946075 -0.18790216743946075 -0.1275186538696289 -0.1275186538696289 -0.1275186538696289 -0.1275186538696289 -0.1275186538696289 -0.2925999164581299 -0.1829623579978943 -0.18790216743946075 -0.1829623579978943 -0.18790216743946075 -0.1275186538696289 -0.1275186538696289 -0.1275186538696289 -0.18790216743946075 -0.11387056112289429 -0.11387056112289429 -0.14319483935832977 -0.1275186538696289 -0.12359347194433212 -0.08638069033622742 -0.08638069033622742 -0.0688323900103569 -0.07324295490980148 -0.04665679857134819 -0.004573935642838478 -0.0026207820046693087 -0.0011911147739738226 -0.0018653590232133865 -0.0018743579275906086 -0.0014714781427755952 -0.0009918218711391091 -0.000735043897293508 -0.0008998595294542611 -0.0006738962256349623 -0.0009918218711391091 -0.0009426274336874485 -0.0009517124854028225 -0.0008839037618599832 -0.0007633605855517089 -0.0005858420627191663
-0.45049214363098145 -0.45049214363098145 -0.5219770669937134 -0.5212392210960388 -0.3963709771633148 -0.18790216743946075 -0.18790216743946075 -0.1275186538696289 -0.1275186538696289 -0.1275186538696289 -0.1275186538696289 -0.1275186538696289 -0.29417937994003296 -0.1829623579978943 -0.18790216743946075 -0.1829623579978943 -0.18790216743946075 -0.1275186538696289 -0.1275186538696289 -0.1275186538696289 -0.18790216743946075 -0.11387056112289429 -0.11387056112289429 -0.15765830874443054 -0.1275186538696289 -0.12359347194433212 -0.08638069033622742 -0.08638069033622742 -0.0688323900103569 -0.07372438907623291 -0.04951196536421776 -0.004573935642838478 -0.0026207820046693087 -0.0011911147739738226 -0.0018653590232133865 -0.0018743579275906086 -0.0014714781427755952 -0.0009918218711391091 -0.0014283540658652782 -0.0008998595294542611 -0.0006738962256349623 -0.0009918218711391091 -0.0009426274336874485 -0.0009517124854028225 -0.0008839037618599832 -0.0007633605855517089 -0.0005858420627191663
-0.45049214363098145 -0.45049214363098145 -0.4675371050834656 -0.4675371050834656 -0.3963709771633148 -0.27516552805900574 -0.27516552805900574 -0.1275186538696289 -0.1275186538696289 -0.1275186538696289 -0.1275186538696289 -0.1275186538696289 -0.29417937994003296 -0.1829623579978943 -0.27516552805900574 -0.1829623579978943 -0.27108871936798096 -0.1275186538696289 -0.1275186538696289 -0.1275186538696289 -0.18854258954524994 -0.11387056112289429 -0.11387056112289429 -0.14319483935832977 -0.1275186538696289 -0.12359347194433212 -0.08638069033622742 -0.08638069033622742 -0.0688323900103569 -0.07372438907623291 -0.04951196536421776 -0.004573935642838478 -0.0026207820046693087 -0.0011911147739738226 -0.0018653590232133865 -0.0018743579275906086 -0.0014714781427755952 -0.0009918218711391091 -0.000735043897293508 -0.0008998595294542611 -0.0006738962256349623 -0.0009918218711391091 -0.0009426274336874485 -0.0009517124854028225 -0.0008839037618599832 -0.0007633605855517089 -0.0005858420627191663
-0.45049214363098145 -0.45049214363098145 -0.4665048122406006 -0.4665048122406006 -0.3963709771633148 -0.27516552805900574 -0.27516552805900574 -0.1275186538696289 -0.1275186538696289 -0.1275186538696289 -0.1275186538696289 -0.1275186538696289 -0.29417937994003296 -0.1829623579978943 -0.27516552805900574 -0.1829623579978943 -0.27108871936798096 -0.1275186538696289 -0.1275186538696289 -0.1275186538696289 -0.18854258954524994 -0.11387056112289429 -0.11387056112289429 -0.14319483935832977 -0.1275186538696289 -0.12359347194433212 -0.08638069033622742 -0.08638069033622742 -0.0688323900103569 -0.07372438907623291 -0.04951196536421776 -0.004573935642838478 -0.0026207820046693087 -0.0011911147739738226 -0.0018653590232133865 -0.0018743579275906086 -0.0014714781427755952 -0.0009918218711391091 -0.000735043897293508 -0.0008998595294542611 -0.0006738962256349623 -0.0009918218711391091 -0.0009426274336874485 -0.0009517124854028225 -0.0008839037618599832 -0.0007633605855517089 -0.0005858420627191663
-0.45049214363098145 -0.45049214363098145 -0.4658795893192291 -0.4658795893192291 -0.3963709771633148 -0.27516552805900574 -0.27516552805900574 -0.1275186538696289 -0.1275186538696289 -0.1275186538696289 -0.1275186538696289 -0.1275186538696289 -0.29417937994003296 -0.1829623579978943 -0.27516552805900574 -0.1829623579978943 -0.27108871936798096 -0.1275186538696289 -0.1275186538696289 -0.1275186538696289 -0.18854258954524994 -0.11387056112289429 -0.11387056112289429 -0.14319483935832977 -0.1275186538696289 -0.12359347194433212 -0.08638069033622742 -0.08638069033622742 -0.0688323900103569 -0.07372438907623291 -0.04951196536421776 -0.004573935642838478 -0.0026207820046693087 -0.0011911147739738226 -0.0018653590232133865 -0.0018743579275906086 -0.0014714781427755952 -0.0009918218711391091 -0.000735043897293508 -0.0008998595294542611 -0.0006738962256349623 -0.0009918218711391091 -0.0009426274336874485 -0.0009517124854028225 -0.0008839037618599832 -0.0007633605855517089 -0.0005858420627191663
-0.1275186538696289 -0.1275186538696289 -0.1275186538696289 -0.1275186538696289 -0.1275186538696289 -0.1275186538696289 -0.1275186538696289 -0.3356591761112213 -0.3355735242366791 -0.33490511775016785 -0.3338298499584198 -0.3283228576183319 -0.1275186538696289 -0.1275186538696289 -0.1275186538696289 -0.1275186538696289 -0.1275186538696289 -0.2555549442768097 -0.2330417037010193 -0.21625451743602753 -0.1275186538696289 -0.11387056112289429 -0.11387056112289429 -0.1275186538696289 -0.1553960144519806 -0.12359347194433212 -0.08638069033622742 -0.08638069033622742 -0.0688323900103569 -0.07324295490980148 -0.04665679857134819 -0.004573935642838478 -0.0026207820046693087 -0.0011911147739738226 -0.0018653590232133865 -0.0018743579275906086 -0.0014714781427755952 -0.0009918218711391091 -0.000735043897293508 -0.001167216571047902 -0.0006738962256349623 -0.0009918218711391091 -0.0010177057702094316 -0.0010173635091632605 -0.0009796078084036708 -0.0009013345115818083 -0.0005858420627191663
-0.1275186538696289 -0.1275186538696289 -0.1275186538696289 -0.1275186538696289 -0.1275186538696289 -0.1275186538696289 -0.1275186538696289 -0.3278619945049286 -0.3278619945049286 -0.3278619945049286 -0.3278619945049286 -0.3278619945049286 -0.1275186538696289 -0.1275186538696289 -0.1275186538696289 -0.1275186538696289 -0.1275186538696289 -0.2555549442768097 -0.22697097063064575 -0.21625451743602753 -0.1275186538696289 -0.1973884403705597 -0.1973884403705597 -0.1275186538696289 -0.1553960144519806 -0.12359347194433212 -0.08638069033622742 -0.08638069033622742 -0.0688323900103569 -0.07324295490980148 -0.04665679857134819 -0.004573935642838478 -0.002817036584019661 -0.0025496550370007753 -0.0019288401817902923 -0.0018991358811035752 -0.0016798160504549742 -0.0015304737025871873 -0.000735043897293508 -0.0008998595294542611 -0.0006738962256349623 -0.0011269166134297848 -0.0009426274336874485 -0.0009517124854028225 -0.0008839037618599832 -0.0007633605855517089 -0.0005858420627191663
-0.1829623579978943 -0.1829623579978943 -0.1829623579978943 -0.1829623579978943 -0.1829623579978943 -0.1829623579978943 -0.1829623579978943 -0.1275186538696289 -0.1275186538696289 -0.1275186538696289 -0.1275186538696289 -0.1275186538696289 -0.1829623579978943 -0.2869264483451843 -0.1829623579978943 -0.27173084020614624 -0.1829623579978943 -0.1275186538696289 -0.1275186538696289 -0.1275186538696289 -0.1829623579978943 -0.11387056112289429 -0.11387056112289429 -0.14319483935832977 -0.1275186538696289 -0.12359347194433212 -0.09026852995157242 -0.09616377204656601 -0.0688323900103569 -0.07324295490980148 -0.04665679857134819 -0.004614503122866154 -0.0026207820046693087 -0.0011911147739738226 -0.0018653590232133865 -0.0018743579275906086 -0.0014714781427755952 -0.0009918218711391091 -0.000735043897293508 -0.0008998595294542611 -0.0006738962256349623 -0.0009918218711391091 -0.0009426274336874485 -0.0009517124854028225 -0.0008839037618599832 -0.0007633605855517089 -0.0005858420627191663
-0.1829623579978943 -0.1829623579978943 -0.1829623579978943 -0.1829623579978943 -0.1829623579978943 -0.1829623579978943 -0.1829623579978943 -0.3010554015636444 -0.3010554015636444 -0.3010554015636444 -0.3010554015636444 -0.3010554015636444 -0.1829623579978943 -0.1829623579978943 -0.1829623579978943 -0.1829623579978943 -0.1829623579978943 -0.2555549442768097 -0.22697097063064575 -0.21625451743602753 -0.1829623579978943 -0.1973884403705597 -0.1973884403705597 -0.14319483935832977 -0.1553960144519806 -0.12359347194433212 -0.08638069033622742 -0.08638069033622742 -0.0688323900103569 -0.07324295490980148 -0.04665679857134819 -0.004573935642838478 -0.0026207820046693087 -0.0025496550370007753 -0.0018653590232133865 -0.0018743579275906086 -0.0014714781427755952 -0.0015304737025871873 -0.000735043897293508 -0.0008998595294542611 -0.0006738962256349623 -0.0011269166134297848 -0.0009426274336874485 -0.0009517124854028225 -0.0008839037618599832 -0.0007633605855517089 -0.0007566274143755436
-0.1275186538696289 -0.1275186538696289 -0.1275186538696289 -0.1275186538696289 -0.1275186538696289 -0.1275186538696289 -0.1275186538696289 -0.30035901069641113 -0.30035901069641113 -0.30035901069641113 -0.30035901069641113 -0.30035901069641113 -0.1275186538696289 -0.1275186538696289 -0.1275186538696289 -0.1275186538696289 -0.1275186538696289 -0.2555549442768097 -0.2330417037010193 -0.20522645115852356 -0.1275186538696289 -0.11387056112289429 -0.11387056112289429 -0.1275186538696289 -0.15556135773658752 -0.12359347194433212 -0.08638069033622742 -0.08638069033622742 -0.0688323900103569 -0.07324295490980148 -0.04665679857134819 -0.004573935642838478 -0.0026207820046693087 -0.0011911147739738226 -0.0018653590232133865 -0.0018743579275906086 -0.0014714781427755952 -0.0009918218711391091 -0.000735043897293508 -0.001167216571047902 -0.0006738962256349623 -0.0009918218711391091 -0.0010177057702094316 -0.0010173635091632605 -0.0009796078084036708 -0.0009013345115818083 -0.0005858420627191663
-0.29131799936294556 -0.29131799936294556 -0.29131799936294556 -0.29131799936294556 -0.29131799936294556 -0.18790216743946075 -0.18790216743946075 -0.1275186538696289 -0.1275186538696289 -0.1275186538696289 -0.1275186538696289 -0.1275186538696289 -0.29131799936294556 -0.26893842220306396 -0.18790216743946075 -0.26893842220306396 -0.18790216743946075 -0.1275186538696289 -0.1275186538696289 -0.1275186538696289 -0.18790216743946075 -0.11387056112289429 -0.11387056112289429 -0.14319483935832977 -0.1275186538696289 -0.12359347194433212 -0.08638069033622742 -0.08638069033622742 -0.0688323900103569 -0.07324295490980148 -0.04665679857134819 -0.004573935642838478 -0.0026207820046693087 -0.0011911147739738226 -0.0018653590232133865 -0.0018743579275906086 -0.0014714781427755952 -0.0009918218711391091 -0.000735043897293508 -0.0008998595294542611 -0.0006738962256349623 -0.0009918218711391091 -0.0009426274336874485 -0.0009517124854028225 -0.0008839037618599832 -0.0007633605855517089 -0.0005858420627191663
-0.29083529114723206 -0.29083529114723206 -0.29083529114723206 -0.29083529114723206 -0.29083529114723206 -0.18790216743946075 -0.18790216743946075 -0.1275186538696289 -0.1275186538696289 -0.1275186538696289 -0.1275186538696289 -0.1275186538696289 -0.29083529114723206 -0.26893842220306396 -0.18790216743946075 -0.26893842220306396 -0.18790216743946075 -0.1275186538696289 -0.1275186538696289 -0.1275186538696289 -0.18790216743946075 -0.11387056112289429 -0.11387056112289429 -0.14319483935832977 -0.1275186538696289 -0.12359347194433212 -0.08638069033622742 -0.08638069033622742 -0.0688323900103569 -0.07324295490980148 -0.04665679857134819 -0.004573935642838478 -0.0026207820046693087 -0.0011911147739738226 -0.0018653590232133865 -0.0018743579275906086 -0.0014714781427755952 -0.0009918218711391091 -0.000735043897293508 -0.0008998595294542611 -0.0006738962256349623 -0.0009918218711391091 -0.0009426274336874485 -0.0009517124854028225 -0.0008839037618599832 -0.0007633605855517089 -0.0005858420627191663
-0.24006681144237518 -0.24006681144237518 -0.24006681144237518 -0.24006681144237518 -0.24006681144237518 -0.24006681144237518 -0.24006681144237518 -0.1275186538696289 -0.1275186538696289 -0.1275186538696289 -0.1275186538696289 -0.1275186538696289 -0.24006681144237518 -0.24006681144237518 -0.24006681144237518 -0.24006681144237518 -0.24006681144237518 -0.1275186538696289 -0.1275186538696289 -0.1275186538696289 -0.1986081302165985 -0.11387056112289429 -0.11387056112289429 -0.14319483935832977 -0.1275186538696289 -0.12359347194433212 -0.08638069033622742 -0.08638069033622742 -0.0688323900103569 -0.07324295490980148 -0.04665679857134819 -0.004573935642838478 -0.0026207820046693087 -0.0011911147739738226 -0.0018653590232133865 -0.0018743579275906086 -0.0014714781427755952 -0.0009918218711391091 -0.000735043897293508 -0.0008998595294542611 -0.0006738962256349623 -0.0009918218711391091 -0.0009426274336874485 -0.0009517124854028225 -0.0008839037618599832 -0.0007633605855517089 -0.0005858420627191663
-0.18790216743946075 -0.18790216743946075 -0.18790216743946075 -0.18790216743946075 -0.18790216743946075 -0.2334882616996765 -0.2334882616996765 -0.1275186538696289 -0.1275186538696289 -0.1275186538696289 -0.1275186538696289 -0.1275186538696289 -0.18790216743946075 -0.2334882616996765 -0.2334882616996765 -0.2334882616996765 -0.2334882616996765 -0.1275186538696289 -0.1275186538696289 -0.1275186538696289 -0.1986081302165985 -0.11387056112289429 -0.11387056112289429 -0.14319483935832977 -0.1275186538696289 -0.12359347194433212 -0.08638069033622742 -0.08638069033622742 -0.0688323900103569 -0.07324295490980148 -0.04665679857134819 -0.004573935642838478 -0.0026207820046693087 -0.0011911147739738226 -0.0018653590232133865 -0.0018743579275906086 -0.0014714781427755952 -0.0009918218711391091 -0.000735043897293508 -0.0008998595294542611 -0.0006738962256349623 -0.0009918218711391091 -0.0009426274336874485 -0.0009517124854028225 -0.0008839037618599832 -0.0007633605855517089 -0.0005858420627191663
-0.18790216743946075 -0.18790216743946075 -0.18790216743946075 -0.18790216743946075 -0.18790216743946075 -0.22338610887527466 -0.22338610887527466 -0.1275186538696289 -0.1275186538696289 -0.1275186538696289 -0.1275186538696289 -0.1275186538696289 -0.18790216743946075 -0.22338610887527466 -0.22338610887527466 -0.22338610887527466 -0.22338610887527466 -0.1275186538696289 -0.1275186538696289 -0.1275186538696289 -0.1986081302165985 -0.11387056112289429 -0.11387056112289429 -0.14319483935832977 -0.1275186538696289 -0.12359347194433212 -0.08638069033622742 -0.08638069033622742 -0.0688323900103569 -0.07324295490980148 -0.04665679857134819 -0.004573935642838478 -0.0026207820046693087 -0.0011911147739738226 -0.0018653590232133865 -0.0018743579275906086 -0.0014714781427755952 -0.0009918218711391091 -0.000735043897293508 -0.0008998595294542611 -0.0006738962256349623 -0.0009918218711391091 -0.0009426274336874485 -0.0009517124854028225 -0.0008839037618599832 -0.0007633605855517089 -0.0005858420627191663
-0.22234123945236206 -0.22234123945236206 -0.22234123945236206 -0.22234123945236206 -0.22234123945236206 -0.22234123945236206 -0.22234123945236206 -0.1275186538696289 -0.1275186538696289 -0.1275186538696289 -0.1275186538696289 -0.1275186538696289 -0.22234123945236206 -0.22234123945236206 -0.22234123945236206 -0.22234123945236206 -0.22234123945236206 -0.1275186538696289 -0.1275186538696289 -0.1275186538696289 -0.1986081302165985 -0.11387056112289429 -0.11387056112289429 -0.14319483935832977 -0.1275186538696289 -0.12359347194433212 -0.08638069033622742 -0.08638069033622742 -0.0688323900103569 -0.07324295490980148 -0.04665679857134819 -0.004573935642838478 -0.0026207820046693087 -0.0011911147739738226 -0.0018653590232133865 -0.0018743579275906086 -0.0014714781427755952 -0.0009918218711391091 -0.000735043897293508 -0.0008998595294542611 -0.0006738962256349623 -0.0009918218711391091 -0.0009426274336874485 -0.0009517124854028225 -0.0008839037618599832 -0.0007633605855517089 -0.0005858420627191663
-0.18507742881774902 -0.18507742881774902 -0.18507742881774902 -0.18507742881774902 -0.18507742881774902 -0.18507742881774902 -0.18507742881774902 -0.18507742881774902 -0.18507742881774902 -0.18507742881774902 -0.18507742881774902 -0.18507742881774902 -0.18507742881774902 -0.18507742881774902 -0.18507742881774902 -0.18507742881774902 -0.18507742881774902 -0.18507742881774902 -0.18507742881774902 -0.18507742881774902 -0.18507742881774902 -0.11387056112289429 -0.11387056112289429 -0.14319483935832977 -0.1553960144519806 -0.13632632791996002 -0.08638069033622742 -0.08638069033622742 -0.07462990283966064 -0.07324295490980148 -0.04665679857134819 -0.004573935642838478 -0.0026207820046693087 -0.0011911147739738226 -0.0018653590232133865 -0.0018743579275906086 -0.0014714781427755952 -0.0009918218711391091 -0.000735043897293508 -0.0008998595294542611 -0.0006738962256349623 -0.0009918218711391091 -0.0009426274336874485 -0.0009517124854028225 -0.0008839037618599832 -0.0007633605855517089 -0.0005858420627191663
-0.18380200862884521 -0.18380200862884521 -0.18380200862884521 -0.18380200862884521 -0.18380200862884521 -0.18380200862884521 -0.18380200862884521 -0.18380200862884521 -0.18380200862884521 -0.18380200862884521 -0.18380200862884521 -0.18380200862884521 -0.18380200862884521 -0.18380200862884521 -0.18380200862884521 -0.18380200862884521 -0.18380200862884521 -0.18380200862884521 -0.18380200862884521 -0.18380200862884521 -0.18380200862884521 -0.11387056112289429 -0.11387056112289429 -0.14319483935832977 -0.1553960144519806 -0.13632632791996002 -0.08638069033622742 -0.08638069033622742 -0.07462990283966064 -0.07324295490980148 -0.04665679857134819 -0.004573935642838478 -0.0026207820046693087 -0.0011911147739738226 -0.0018653590232133865 -0.0018743579275906086 -0.0014714781427755952 -0.0009918218711391091 -0.000735043897293508 -0.0008998595294542611 -0.0006738962256349623 -0.0009918218711391091 -0.0009426274336874485 -0.0009517124854028225 -0.0008839037618599832 -0.0007633605855517089 -0.0005858420627191663
-0.17797116935253143 -0.17797116935253143 -0.17797116935253143 -0.17797116935253143 -0.17797116935253143 -0.17797116935253143 -0.17797116935253143 -0.17797116935253143 -0.17797116935253143 -0.17797116935253143 -0.17797116935253143 -0.17797116935253143 -0.17797116935253143 -0.17797116935253143 -0.17797116935253143 -0.17797116935253143 -0.17797116935253143 -0.17797116935253143 -0.17797116935253143 -0.17797116935253143 -0.17797116935253143 -0.11387056112289429 -0.11387056112289429 -0.14319483935832977 -0.15556135773658752 -0.13632632791996002 -0.08638069033622742 -0.08638069033622742 -0.07462990283966064 -0.07324295490980148 -0.04665679857134819 -0.004573935642838478 -0.0026207820046693087 -0.0011911147739738226 -0.0018653590232133865 -0.0018743579275906086 -0.0014714781427755952 -0.0009918218711391091 -0.000735043897293508 -0.0008998595294542611 -0.0006738962256349623 -0.0009918218711391091 -0.0009426274336874485 -0.0009517124854028225 -0.0008839037618599832 -0.0007633605855517089 -0.0005858420627191663
-0.1275186538696289 -0.1275186538696289 -0.1275186538696289 -0.1275186538696289 -0.1275186538696289 -0.1275186538696289 -0.1275186538696289 -0.17471781373023987 -0.17471781373023987 -0.17471781373023987 -0.17471781373023987 -0.17471781373023987 -0.1275186538696289 -0.1275186538696289 -0.1275186538696289 -0.1275186538696289 -0.1275186538696289 -0.17471781373023987 -0.17471781373023987 -0.17471781373023987 -0.1275186538696289 -0.11387056112289429 -0.11387056112289429 -0.1275186538696289 -0.15556135773658752 -0.13632632791996002 -0.08638069033622742 -0.08638069033622742 -0.07462990283966064 -0.07324295490980148 -0.04665679857134819 -0.004573935642838478 -0.0026207820046693087 -0.0011911147739738226 -0.0018653590232133865 -0.0018743579275906086 -0.0014714781427755952 -0.0009918218711391091 -0.000735043897293508 -0.001167216571047902 -0.0006738962256349623 -0.0009918218711391091 -0.0009426274336874485 -0.0009517124854028225 -0.0009796078084036708 -0.0007633605855517089 -0.0005858420627191663
-0.1275186538696289 -0.1275186538696289 -0.1275186538696289 -0.1275186538696289 -0.1275186538696289 -0.1275186538696289 -0.1275186538696289 -0.1611829251050949 -0.1611829251050949 -0.1611829251050949 -0.1611829251050949 -0.1611829251050949 -0.1275186538696289 -0.1275186538696289 -0.1275186538696289 -0.1275186538696289 -0.1275186538696289 -0.1611829251050949 -0.1611829251050949 -0.1611829251050949 -0.1275186538696289 -0.11387056112289429 -0.11387056112289429 -0.1275186538696289 -0.15556135773658752 -0.12359347194433212 -0.08638069033622742 -0.08638069033622742 -0.07462990283966064 -0.07324295490980148 -0.04665679857134819 -0.004573935642838478 -0.0026207820046693087 -0.0011911147739738226 -0.0018653590232133865 -0.0018743579275906086 -0.0014714781427755952 -0.0009918218711391091 -0.000735043897293508 -0.001167216571047902 -0.0006738962256349623 -0.0009918218711391091 -0.0010177057702094316 -0.0010173635091632605 -0.0009796078084036708 -0.0007633605855517089 -0.0005858420627191663
-0.11695349216461182 -0.11695349216461182 -0.11695349216461182 -0.11695349216461182 -0.11695349216461182 -0.11695349216461182 -0.11695349216461182 -0.11695349216461182 -0.11695349216461182 -0.11695349216461182 -0.11695349216461182 -0.11695349216461182 -0.11695349216461182 -0.11695349216461182 -0.11695349216461182 -0.11695349216461182 -0.11695349216461182 -0.11695349216461182 -0.11695349216461182 -0.11695349216461182 -0.11695349216461182 -0.11695349216461182 -0.11695349216461182 -0.11695349216461182 -0.11695349216461182 -0.11695349216461182 -0.10087157040834427 -0.09026852995157242 -0.0688323900103569 -0.07324295490980148 -0.04665679857134819 -0.004573935642838478 -0.0026207820046693087 -0.0025496550370007753 -0.0018653590232133865 -0.0018743579275906086 -0.0014714781427755952 -0.0015304737025871873 -0.000735043897293508 -0.0008998595294542611 -0.0011666553327813745 -0.0011269166134297848 -0.0009426274336874485 -0.0009517124854028225 -0.0008839037618599832 -0.0007633605855517089 -0.0007566274143755436
-0.08015865832567215 -0.08015865832567215 -0.08015865832567215 -0.08015865832567215 -0.08015865832567215 -0.08015865832567215 -0.08015865832567215 -0.08015865832567215 -0.08015865832567215 -0.08015865832567215 -0.08015865832567215 -0.08015865832567215 -0.08015865832567215 -0.08015865832567215 -0.08015865832567215 -0.08015865832567215 -0.08015865832567215 -0.08015865832567215 -0.08015865832567215 -0.08015865832567215 -0.08015865832567215 -0.08015865832567215 -0.08015865832567215 -0.08015865832567215 -0.08015865832567215 -0.08015865832567215 -0.08015865832567215 -0.08015865832567215 -0.07462990283966064 -0.07324295490980148 -0.04665679857134819 -0.004573935642838478 -0.0026207820046693087 -0.0011911147739738226 -0.0018653590232133865 -0.0018743579275906086 -0.0014714781427755952 -0.0009918218711391091 -0.000735043897293508 -0.0008998595294542611 -0.0006738962256349623 -0.0009918218711391091 -0.0009426274336874485 -0.0009517124854028225 -0.0008839037618599832 -0.0007633605855517089 -0.0005858420627191663
-0.06708177924156189 -0.06708177924156189 -0.06708177924156189 -0.06708177924156189 -0.06708177924156189 -0.06708177924156189 -0.06708177924156189 -0.06708177924156189 -0.06708177924156189 -0.06708177924156189 -0.06708177924156189 -0.06708177924156189 -0.06708177924156189 -0.06708177924156189 -0.06708177924156189 -0.06708177924156189 -0.06708177924156189 -0.06708177924156189 -0.06708177924156189 -0.06708177924156189 -0.06708177924156189 -0.06708177924156189 -0.06708177924156189 -0.06708177924156189 -0.06708177924156189 -0.06708177924156189 -0.06708177924156189 -0.06708177924156189 -0.06708177924156189 -0.06708177924156189 -0.04665679857134819 -0.004573935642838478 -0.0026207820046693087 -0.0011911147739738226 -0.0018653590232133865 -0.0018743579275906086 -0.0014714781427755952 -0.0009918218711391091 -0.000735043897293508 -0.0008998595294542611 -0.0006738962256349623 -0.0009918218711391091 -0.0009426274336874485 -0.0009517124854028225 -0.0008839037618599832 -0.0007633605855517089 -0.0005858420627191663
-0.05907215550541878 -0.05907215550541878 -0.05907215550541878 -0.05907215550541878 -0.05907215550541878 -0.05907215550541878 -0.05907215550541878 -0.05907215550541878 -0.05907215550541878 -0.05907215550541878 -0.05907215550541878 -0.05907215550541878 -0.05907215550541878 -0.05907215550541878 -0.05907215550541878 -0.05907215550541878 -0.05907215550541878 -0.05907215550541878 -0.05907215550541878 -0.05907215550541878 -0.05907215550541878 -0.05907215550541878 -0.05907215550541878 -0.05907215550541878 -0.05907215550541878 -0.05907215550541878 -0.05907215550541878 -0.05907215550541878 -0.05907215550541878 -0.05907215550541878 -0.04665679857134819 -0.004573935642838478 -0.0026207820046693087 -0.0011911147739738226 -0.0018653590232133865 -0.0018743579275906086 -0.0014714781427755952 -0.0009918218711391091 -0.000735043897293508 -0.0008998595294542611 -0.0006738962256349623 -0.0009918218711391091 -0.0009426274336874485 -0.0009517124854028225 -0.0008839037618599832 -0.0007633605855517089 -0.0005858420627191663
-0.05889364331960678 -0.05889364331960678 -0.05889364331960678 -0.05889364331960678 -0.05889364331960678 -0.05889364331960678 -0.05889364331960678 -0.05889364331960678 -0.05889364331960678 -0.05889364331960678 -0.05889364331960678 -0.05889364331960678 -0.05889364331960678 -0.05889364331960678 -0.05889364331960678 -0.05889364331960678 -0.05889364331960678 -0.05889364331960678 -0.05889364331960678 -0.05889364331960678 -0.05889364331960678 -0.05889364331960678 -0.05889364331960678 -0.05889364331960678 -0.05889364331960678 -0.05889364331960678 -0.05889364331960678 -0.05889364331960678 -0.05889364331960678 -0.05889364331960678 -0.04665679857134819 -0.004573935642838478 -0.0026207820046693087 -0.0011911147739738226 -0.0018653590232133865 -0.0018743579275906086 -0.0014714781427755952 -0.0009918218711391091 -0.000735043897293508 -0.0008998595294542611 -0.0006738962256349623 -0.0009918218711391091 -0.0009426274336874485 -0.0009517124854028225 -0.0008839037618599832 -0.0007633605855517089 -0.0005858420627191663
-0.0581037737429142 -0.0581037737429142 -0.0581037737429142 -0.0581037737429142 -0.0581037737429142 -0.0581037737429142 -0.0581037737429142 -0.0581037737429142 -0.0581037737429142 -0.0581037737429142 -0.0581037737429142 -0.0581037737429142 -0.0581037737429142 -0.0581037737429142 -0.0581037737429142 -0.0581037737429142 -0.0581037737429142 -0.0581037737429142 -0.0581037737429142 -0.0581037737429142 -0.0581037737429142 -0.0581037737429142 -0.0581037737429142 -0.0581037737429142 -0.0581037737429142 -0.0581037737429142 -0.0581037737429142 -0.0581037737429142 -0.0581037737429142 -0.0581037737429142 -0.04665679857134819 -0.004573935642838478 -0.0026207820046693087 -0.0011911147739738226 -0.0018653590232133865 -0.0018743579275906086 -0.0014714781427755952 -0.0009918218711391091 -0.000735043897293508 -0.0008998595294542611 -0.0006738962256349623 -0.0009918218711391091 -0.0009426274336874485 -0.0009517124854028225 -0.0008839037618599832 -0.0007633605855517089 -0.0005858420627191663
-0.05561671033501625 -0.05561671033501625 -0.05561671033501625 -0.05561671033501625 -0.05561671033501625 -0.05561671033501625 -0.05561671033501625 -0.05561671033501625 -0.05561671033501625 -0.05561671033501625 -0.05561671033501625 -0.05561671033501625 -0.05561671033501625 -0.05561671033501625 -0.05561671033501625 -0.05561671033501625 -0.05561671033501625 -0.05561671033501625 -0.05561671033501625 -0.05561671033501625 -0.05561671033501625 -0.05561671033501625 -0.05561671033501625 -0.05561671033501625 -0.05561671033501625 -0.05561671033501625 -0.05561671033501625 -0.05561671033501625 -0.05561671033501625 -0.05561671033501625 -0.04665679857134819 -0.004573935642838478 -0.0026207820046693087 -0.0011911147739738226 -0.0018653590232133865 -0.0018743579275906086 -0.0014714781427755952 -0.0009918218711391091 -0.000735043897293508 -0.0008998595294542611 -0.0006738962256349623 -0.0009918218711391091 -0.0009426274336874485 -0.0009517124854028225 -0.0008839037618599832 -0.0007633605855517089 -0.0005858420627191663
-0.054185956716537476 -0.054185956716537476 -0.054185956716537476 -0.054185956716537476 -0.054185956716537476 -0.054185956716537476 -0.054185956716537476 -0.054185956716537476 -0.054185956716537476 -0.054185956716537476 -0.054185956716537476 -0.054185956716537476 -0.054185956716537476 -0.054185956716537476 -0.054185956716537476 -0.054185956716537476 -0.054185956716537476 -0.054185956716537476 -0.054185956716537476 -0.054185956716537476 -0.054185956716537476 -0.054185956716537476 -0.054185956716537476 -0.054185956716537476 -0.054185956716537476 -0.054185956716537476 -0.054185956716537476 -0.054185956716537476 -0.054185956716537476 -0.054185956716537476 -0.04665679857134819 -0.004573935642838478 -0.0026207820046693087 -0.0011911147739738226 -0.0018653590232133865 -0.0018743579275906086 -0.0014714781427755952 -0.0009918218711391091 -0.000735043897293508 -0.0008998595294542611 -0.0006738962256349623 -0.0009918218711391091 -0.0009426274336874485 -0.0009517124854028225 -0.0008839037618599832 -0.0007633605855517089 -0.0005858420627191663
-0.020690811797976494 -0.020690811797976494 -0.020690811797976494 -0.020690811797976494 -0.020690811797976494 -0.020690811797976494 -0.020690811797976494 -0.020690811797976494 -0.020690811797976494 -0.020690811797976494 -0.020690811797976494 -0.020690811797976494 -0.020690811797976494 -0.020690811797976494 -0.020690811797976494 -0.020690811797976494 -0.020690811797976494 -0.020690811797976494 -0.020690811797976494 -0.020690811797976494 -0.020690811797976494 -0.020690811797976494 -0.020690811797976494 -0.020690811797976494 -0.020690811797976494 -0.020690811797976494 -0.020690811797976494 -0.020690811797976494 -0.020690811797976494 -0.020690811797976494 -0.020690811797976494 -0.004614503122866154 -0.0026207820046693087 -0.0011911147739738226 -0.0018653590232133865 -0.0018743579275906086 -0.0014714781427755952 -0.0009918218711391091 -0.000735043897293508 -0.0008998595294542611 -0.0011666553327813745 -0.0009918218711391091 -0.0009426274336874485 -0.0009517124854028225 -0.0008839037618599832 -0.0007633605855517089 -0.0005858420627191663
-0.019370628520846367 -0.019370628520846367 -0.019370628520846367 -0.019370628520846367 -0.019370628520846367 -0.019370628520846367 -0.019370628520846367 -0.019370628520846367 -0.019370628520846367 -0.019370628520846367 -0.019370628520846367 -0.019370628520846367 -0.019370628520846367 -0.019370628520846367 -0.019370628520846367 -0.019370628520846367 -0.019370628520846367 -0.019370628520846367 -0.019370628520846367 -0.019370628520846367 -0.019370628520846367 -0.019370628520846367 -0.019370628520846367 -0.019370628520846367 -0.019370628520846367 -0.019370628520846367 -0.019370628520846367 -0.019370628520846367 -0.019370628520846367 -0.019370628520846367 -0.019370628520846367 -0.004573935642838478 -0.0026207820046693087 -0.0025496550370007753 -0.0018653590232133865 -0.0018743579275906086 -0.0014714781427755952 -0.0015304737025871873 -0.000735043897293508 -0.0008998595294542611 -0.0011666553327813745 -0.0011269166134297848 -0.0009426274336874485 -0.0009517124854028225 -0.0008839037618599832 -0.0007633605855517089 -0.0007566274143755436
-0.01706777699291706 -0.01706777699291706 -0.01706777699291706 -0.01706777699291706 -0.01706777699291706 -0.01706777699291706 -0.01706777699291706 -0.01706777699291706 -0.01706777699291706 -0.01706777699291706 -0.01706777699291706 -0.01706777699291706 -0.01706777699291706 -0.01706777699291706 -0.01706777699291706 -0.01706777699291706 -0.01706777699291706 -0.01706777699291706 -0.01706777699291706 -0.01706777699291706 -0.01706777699291706 -0.01706777699291706 -0.01706777699291706 -0.01706777699291706 -0.01706777699291706 -0.01706777699291706 -0.01706777699291706 -0.01706777699291706 -0.01706777699291706 -0.01706777699291706 -0.01706777699291706 -0.004614503122866154 -0.0026207820046693087 -0.0011911147739738226 -0.0018653590232133865 -0.0018743579275906086 -0.0014714781427755952 -0.0009918218711391091 -0.000735043897293508 -0.0008998595294542611 -0.0011666553327813745 -0.0009918218711391091 -0.0009426274336874485 -0.0009517124854028225 -0.0008839037618599832 -0.0007633605855517089 -0.0005858420627191663
-0.010554410517215729 -0.010554410517215729 -0.010554410517215729 -0.010554410517215729 -0.010554410517215729 -0.010554410517215729 -0.010554410517215729 -0.010554410517215729 -0.010554410517215729 -0.010554410517215729 -0.010554410517215729 -0.010554410517215729 -0.010554410517215729 -0.010554410517215729 -0.010554410517215729 -0.010554410517215729 -0.010554410517215729 -0.010554410517215729 -0.010554410517215729 -0.010554410517215729 -0.010554410517215729 -0.010554410517215729 -0.010554410517215729 -0.010554410517215729 -0.010554410517215729 -0.010554410517215729 -0.010554410517215729 -0.010554410517215729 -0.010554410517215729 -0.010554410517215729 -0.010554410517215729 -0.004573935642838478 -0.002817036584019661 -0.0025496550370007753 -0.0019288401817902923 -0.0018991358811035752 -0.0016798160504549742 -0.0015304737025871873 -0.000735043897293508 -0.0008998595294542611 -0.0011666553327813745 -0.0011269166134297848 -0.0009426274336874485 -0.0009517124854028225 -0.0008839037618599832 -0.0007633605855517089 -0.0007566274143755436
-0.007142449729144573 -0.007142449729144573 -0.007142449729144573 -0.007142449729144573 -0.007142449729144573 -0.007142449729144573 -0.007142449729144573 -0.007142449729144573 -0.007142449729144573 -0.007142449729144573 -0.007142449729144573 -0.007142449729144573 -0.007142449729144573 -0.007142449729144573 -0.007142449729144573 -0.007142449729144573 -0.007142449729144573 -0.007142449729144573 -0.007142449729144573 -0.007142449729144573 -0.007142449729144573 -0.007142449729144573 -0.007142449729144573 -0.007142449729144573 -0.007142449729144573 -0.007142449729144573 -0.007142449729144573 -0.007142449729144573 -0.007142449729144573 -0.007142449729144573 -0.007142449729144573 -0.004614503122866154 -0.0026207820046693087 -0.0011911147739738226 -0.0018653590232133865 -0.0018743579275906086 -0.0014714781427755952 -0.0009918218711391091 -0.000735043897293508 -0.0008998595294542611 -0.0006738962256349623 -0.0009918218711391091 -0.0009426274336874485 -0.0009517124854028225 -0.0008839037618599832 -0.0007633605855517089 -0.0005858420627191663
-0.005440166685730219 -0.005440166685730219 -0.005440166685730219 -0.005440166685730219 -0.005440166685730219 -0.005440166685730219 -0.005440166685730219 -0.005440166685730219 -0.005440166685730219 -0.005440166685730219 -0.005440166685730219 -0.005440166685730219 -0.005440166685730219 -0.005440166685730219 -0.005440166685730219 -0.005440166685730219 -0.005440166685730219 -0.005440166685730219 -0.005440166685730219 -0.005440166685730219 -0.005440166685730219 -0.005440166685730219 -0.005440166685730219 -0.005440166685730219 -0.005440166685730219 -0.005440166685730219 -0.005440166685730219 -0.005440166685730219 -0.005440166685730219 -0.005440166685730219 -0.005440166685730219 -0.004573935642838478 -0.0026207820046693087 -0.0011911147739738226 -0.0018653590232133865 -0.0018743579275906086 -0.0014714781427755952 -0.0009918218711391091 -0.0014283540658652782 -0.0008998595294542611 -0.0006738962256349623 -0.0009918218711391091 -0.0009426274336874485 -0.0009517124854028225 -0.0008839037618599832 -0.0007633605855517089 -0.0005858420627191663
-0.003998737782239914 -0.003998737782239914 -0.003998737782239914 -0.003998737782239914 -0.003998737782239914 -0.003998737782239914 -0.003998737782239914 -0.003998737782239914 -0.003998737782239914 -0.003998737782239914 -0.003998737782239914 -0.003998737782239914 -0.003998737782239914 -0.003998737782239914 -0.003998737782239914 -0.003998737782239914 -0.003998737782239914 -0.003998737782239914 -0.003998737782239914 -0.003998737782239914 -0.003998737782239914 -0.003998737782239914 -0.003998737782239914 -0.003998737782239914 -0.003998737782239914 -0.003998737782239914 -0.003998737782239914 -0.003998737782239914 -0.003998737782239914 -0.003998737782239914 -0.003998737782239914 -0.003998737782239914 -0.002817036584019661 -0.0025496550370007753 -0.0019288401817902923 -0.0018991358811035752 -0.0016798160504549742 -0.0015304737025871873 -0.000735043897293508 -0.0008998595294542611 -0.0006738962256349623 -0.0011269166134297848 -0.0009426274336874485 -0.0009517124854028225 -0.0008839037618599832 -0.0007633605855517089 -0.0005858420627191663
-0.0021474992390722036 -0.0021474992390722036 -0.0021474992390722036 -0.0021474992390722036 -0.0021474992390722036 -0.0021474992390722036 -0.0021474992390722036 -0.0021474992390722036 -0.0021474992390722036 -0.0021474992390722036 -0.0021474992390722036 -0.0021474992390722036 -0.0021474992390722036 -0.0021474992390722036 -0.0021474992390722036 -0.0021474992390722036 -0.0021474992390722036 -0.0021474992390722036 -0.0021474992390722036 -0.0021474992390722036 -0.0021474992390722036 -0.0021474992390722036 -0.0021474992390722036 -0.0021474992390722036 -0.0021474992390722036 -0.0021474992390722036 -0.0021474992390722036 -0.0021474992390722036 -0.0021474992390722036 -0.0021474992390722036 -0.0021474992390722036 -0.0021474992390722036 -0.0021474992390722036 -0.0021474992390722036 -0.0019288401817902923 -0.0018991358811035752 -0.0016798160504549742 -0.0015304737025871873 -0.000735043897293508 -0.0008998595294542611 -0.0011666553327813745 -0.0011269166134297848 -0.0009426274336874485 -0.0009517124854028225 -0.0008839037618599832 -0.0007633605855517089 -0.0007566274143755436
-0.0013983335811644793 -0.0013983335811644793 -0.0013983335811644793 -0.0013983335811644793 -0.0013983335811644793 -0.0013983335811644793 -0.0013983335811644793 -0.0013983335811644793 -0.0013983335811644793 -0.0013983335811644793 -0.0013983335811644793 -0.0013983335811644793 -0.0013983335811644793 -0.0013983335811644793 -0.0013983335811644793 -0.0013983335811644793 -0.0013983335811644793 -0.0013983335811644793 -0.0013983335811644793 -0.0013983335811644793 -0.0013983335811644793 -0.0013983335811644793 -0.0013983335811644793 -0.0013983335811644793 -0.0013983335811644793 -0.0013983335811644793 -0.0013983335811644793 -0.0013983335811644793 -0.0013983335811644793 -0.0013983335811644793 -0.0013983335811644793 -0.0013983335811644793 -0.0013983335811644793 -0.0013983335811644793 -0.0013983335811644793 -0.0013983335811644793 -0.0013983335811644793 -0.0013983335811644793 -0.000735043897293508 -0.0008998595294542611 -0.0011666553327813745 -0.0011269166134297848 -0.0009426274336874485 -0.0009517124854028225 -0.0008839037618599832 -0.0007633605855517089 -0.0007566274143755436
-0.001360844587907195 -0.001360844587907195 -0.001360844587907195 -0.001360844587907195 -0.001360844587907195 -0.001360844587907195 -0.001360844587907195 -0.001360844587907195 -0.001360844587907195 -0.001360844587907195 -0.001360844587907195 -0.001360844587907195 -0.001360844587907195 -0.001360844587907195 -0.001360844587907195 -0.001360844587907195 -0.001360844587907195 -0.001360844587907195 -0.001360844587907195 -0.001360844587907195 -0.001360844587907195 -0.001360844587907195 -0.001360844587907195 -0.001360844587907195 -0.001360844587907195 -0.001360844587907195 -0.001360844587907195 -0.001360844587907195 -0.001360844587907195 -0.001360844587907195 -0.001360844587907195 -0.001360844587907195 -0.001360844587907195 -0.001360844587907195 -0.001360844587907195 -0.001360844587907195 -0.001360844587907195 -0.001360844587907195 -0.000735043897293508 -0.0008998595294542611 -0.0011666553327813745 -0.0011269166134297848 -0.0009426274336874485 -0.0009517124854028225 -0.0008839037618599832 -0.0007633605855517089 -0.0007566274143755436
-0.0013595217606052756 -0.0013595217606052756 -0.0013595217606052756 -0.0013595217606052756 -0.0013595217606052756 -0.0013595217606052756 -0.0013595217606052756 -0.0013595217606052756 -0.0013595217606052756 -0.0013595217606052756 -0.0013595217606052756 -0.0013595217606052756 -0.0013595217606052756 -0.0013595217606052756 -0.0013595217606052756 -0.0013595217606052756 -0.0013595217606052756 -0.0013595217606052756 -0.0013595217606052756 -0.0013595217606052756 -0.0013595217606052756 -0.0013595217606052756 -0.0013595217606052756 -0.0013595217606052756 -0.0013595217606052756 -0.0013595217606052756 -0.0013595217606052756 -0.0013595217606052756 -0.0013595217606052756 -0.0013595217606052756 -0.0013595217606052756 -0.0013595217606052756 -0.0013595217606052756 -0.0013595217606052756 -0.0013595217606052756 -0.0013595217606052756 -0.0013595217606052756 -0.0013595217606052756 -0.000735043897293508 -0.0008998595294542611 -0.0011666553327813745 -0.0011269166134297848 -0.0009426274336874485 -0.0009517124854028225 -0.0008839037618599832 -0.0007633605855517089 -0.0007566274143755436