-0.5672623515129089 -0.5547893047332764 -0.5450852513313293 -0.4390336871147156 -0.3938695192337036 -0.13077637553215027 -0.13077637553215027 -0.13077637553215027 -0.3938695192337036 -0.13077637553215027 -0.13077637553215027 -0.36418938636779785 -0.19065213203430176 -0.19065213203430176 -0.19065213203430176 -0.19065213203430176 -0.13077637553215027 -0.19065213203430176 -0.13077637553215027 -0.19065213203430176 -0.13077637553215027 -0.13077637553215027 -0.19065213203430176 -0.19065213203430176 -0.19065213203430176 -0.18431222438812256 -0.16774003207683563 -0.13077637553215027 -0.18709281086921692 -0.18431222438812256 -0.12920399010181427 -0.17301736772060394 -0.12920399010181427 -0.17542514204978943 -0.15052007138729095 -0.08348725736141205 -0.08348725736141205 -0.062675841152668 -0.035062845796346664 -0.0029575892258435488 -0.003002873854711652 -0.001963019371032715 -0.0012783055426552892 -0.000990282162092626 -0.000990282162092626 -0.0010826551588252187 -0.000794630846939981 -0.000990282162092626 -0.0006941705360077322 -0.0007446265080943704 -0.0007446265080943704 -0.000712122127879411
-0.4277589023113251 -0.5547893047332764 -0.5450852513313293 -0.4390336871147156 -0.4234939217567444 -0.13077637553215027 -0.13077637553215027 -0.13077637553215027 -0.3959192931652069 -0.13077637553215027 -0.13077637553215027 -0.36418938636779785 -0.19065213203430176 -0.19065213203430176 -0.19065213203430176 -0.19065213203430176 -0.13077637553215027 -0.19065213203430176 -0.13077637553215027 -0.19065213203430176 -0.13077637553215027 -0.13077637553215027 -0.19065213203430176 -0.19065213203430176 -0.19065213203430176 -0.18431222438812256 -0.16774003207683563 -0.13077637553215027 -0.18709281086921692 -0.18431222438812256 -0.12920399010181427 -0.17301736772060394 -0.12920399010181427 -0.17542514204978943 -0.15052007138729095 -0.08348725736141205 -0.08348725736141205 -0.06874362379312515 -0.03513892740011215 -0.0029575892258435488 -0.003002873854711652 -0.001963019371032715 -0.0012783055426552892 -0.000990282162092626 -0.000990282162092626 -0.0010826551588252187 -0.000794630846939981 -0.000990282162092626 -0.0006941705360077322 -0.0007446265080943704 -0.0007446265080943704 -0.000712122127879411
-0.5397888422012329 -0.5397888422012329 -0.5397888422012329 -0.4335419237613678 -0.3938695192337036 -0.13077637553215027 -0.13077637553215027 -0.13077637553215027 -0.3938695192337036 -0.13077637553215027 -0.13077637553215027 -0.35045677423477173 -0.19065213203430176 -0.19065213203430176 -0.19065213203430176 -0.19065213203430176 -0.13077637553215027 -0.19065213203430176 -0.13077637553215027 -0.19065213203430176 -0.13077637553215027 -0.13077637553215027 -0.19065213203430176 -0.19065213203430176 -0.19065213203430176 -0.18431222438812256 -0.16774003207683563 -0.13077637553215027 -0.18709281086921692 -0.18431222438812256 -0.12920399010181427 -0.17301736772060394 -0.12920399010181427 -0.17542514204978943 -0.15052007138729095 -0.08348725736141205 -0.08348725736141205 -0.062675841152668 -0.035062845796346664 -0.0029575892258435488 -0.0023774292785674334 -0.001963019371032715 -0.0012783055426552892 -0.000990282162092626 -0.000990282162092626 -0.0010826551588252187 -0.000794630846939981 -0.000990282162092626 -0.0006941705360077322 -0.0007446265080943704 -0.0007446265080943704 -0.000712122127879411
-0.4277589023113251 -0.5370664000511169 -0.5370664000511169 -0.4390336871147156 -0.4234939217567444 -0.13077637553215027 -0.13077637553215027 -0.13077637553215027 -0.3959192931652069 -0.13077637553215027 -0.13077637553215027 -0.36418938636779785 -0.19065213203430176 -0.19065213203430176 -0.19065213203430176 -0.19065213203430176 -0.13077637553215027 -0.19065213203430176 -0.13077637553215027 -0.19065213203430176 -0.13077637553215027 -0.13077637553215027 -0.19065213203430176 -0.19065213203430176 -0.19065213203430176 -0.18431222438812256 -0.16774003207683563 -0.13077637553215027 -0.18709281086921692 -0.18431222438812256 -0.12920399010181427 -0.17301736772060394 -0.12920399010181427 -0.17542514204978943 -0.15052007138729095 -0.08348725736141205 -0.08348725736141205 -0.06874362379312515 -0.03513892740011215 -0.0029575892258435488 -0.003002873854711652 -0.001963019371032715 -0.0012783055426552892 -0.000990282162092626 -0.000990282162092626 -0.0010826551588252187 -0.000794630846939981 -0.000990282162092626 -0.0006941705360077322 -0.0007446265080943704 -0.0007446265080943704 -0.000712122127879411
-0.4277589023113251 -0.4675371050834656 -0.4675371050834656 -0.4390336871147156 -0.4234939217567444 -0.13077637553215027 -0.13077637553215027 -0.13077637553215027 -0.3959192931652069 -0.13077637553215027 -0.13077637553215027 -0.36418938636779785 -0.30278801918029785 -0.30278801918029785 -0.30278801918029785 -0.30278801918029785 -0.13077637553215027 -0.20553210377693176 -0.13077637553215027 -0.20553210377693176 -0.13077637553215027 -0.13077637553215027 -0.2446269541978836 -0.20553210377693176 -0.2413385510444641 -0.18431222438812256 -0.16774003207683563 -0.13077637553215027 -0.18709281086921692 -0.18431222438812256 -0.12920399010181427 -0.17884650826454163 -0.12920399010181427 -0.17542514204978943 -0.15052007138729095 -0.08348725736141205 -0.08348725736141205 -0.06874362379312515 -0.03513892740011215 -0.0029575892258435488 -0.0023774292785674334 -0.001963019371032715 -0.0012783055426552892 -0.000990282162092626 -0.000990282162092626 -0.0010826551588252187 -0.000794630846939981 -0.000990282162092626 -0.0006941705360077322 -0.0007446265080943704 -0.0007446265080943704 -0.000712122127879411
-0.4277589023113251 -0.4665048122406006 -0.4665048122406006 -0.4390336871147156 -0.4234939217567444 -0.13077637553215027 -0.13077637553215027 -0.13077637553215027 -0.3959192931652069 -0.13077637553215027 -0.13077637553215027 -0.36418938636779785 -0.30278801918029785 -0.30278801918029785 -0.30278801918029785 -0.30278801918029785 -0.13077637553215027 -0.20553210377693176 -0.13077637553215027 -0.20553210377693176 -0.13077637553215027 -0.13077637553215027 -0.2446269541978836 -0.20553210377693176 -0.2413385510444641 -0.18431222438812256 -0.16774003207683563 -0.13077637553215027 -0.18709281086921692 -0.18431222438812256 -0.12920399010181427 -0.17884650826454163 -0.12920399010181427 -0.17542514204978943 -0.15052007138729095 -0.08348725736141205 -0.08348725736141205 -0.06874362379312515 -0.03513892740011215 -0.0029575892258435488 -0.0023774292785674334 -0.001963019371032715 -0.0012783055426552892 -0.000990282162092626 -0.000990282162092626 -0.0010826551588252187 -0.000794630846939981 -0.000990282162092626 -0.0006941705360077322 -0.0007446265080943704 -0.0007446265080943704 -0.000712122127879411
-0.4277589023113251 -0.4658795893192291 -0.4658795893192291 -0.4390336871147156 -0.4234939217567444 -0.13077637553215027 -0.13077637553215027 -0.13077637553215027 -0.3959192931652069 -0.13077637553215027 -0.13077637553215027 -0.36418938636779785 -0.30278801918029785 -0.30278801918029785 -0.30278801918029785 -0.30278801918029785 -0.13077637553215027 -0.20553210377693176 -0.13077637553215027 -0.20553210377693176 -0.13077637553215027 -0.13077637553215027 -0.2446269541978836 -0.20553210377693176 -0.2413385510444641 -0.18431222438812256 -0.16774003207683563 -0.13077637553215027 -0.18709281086921692 -0.18431222438812256 -0.12920399010181427 -0.17884650826454163 -0.12920399010181427 -0.17542514204978943 -0.15052007138729095 -0.08348725736141205 -0.08348725736141205 -0.06874362379312515 -0.03513892740011215 -0.0029575892258435488 -0.0023774292785674334 -0.001963019371032715 -0.0012783055426552892 -0.000990282162092626 -0.000990282162092626 -0.0010826551588252187 -0.000794630846939981 -0.000990282162092626 -0.0006941705360077322 -0.0007446265080943704 -0.0007446265080943704 -0.000712122127879411
-0.13077637553215027 -0.13077637553215027 -0.13077637553215027 -0.13077637553215027 -0.13077637553215027 -0.400587797164917 -0.3992850184440613 -0.39817023277282715 -0.13077637553215027 -0.39339154958724976 -0.387540727853775 -0.13077637553215027 -0.13077637553215027 -0.13077637553215027 -0.13077637553215027 -0.13077637553215027 -0.3137294352054596 -0.13077637553215027 -0.29613935947418213 -0.13077637553215027 -0.27256616950035095 -0.24219420552253723 -0.13077637553215027 -0.13077637553215027 -0.13077637553215027 -0.13077637553215027 -0.13077637553215027 -0.17186638712882996 -0.13077637553215027 -0.13077637553215027 -0.12920399010181427 -0.13077637553215027 -0.12920399010181427 -0.13077637553215027 -0.13077637553215027 -0.08348725736141205 -0.08348725736141205 -0.062675841152668 -0.035062845796346664 -0.0029575892258435488 -0.0023774292785674334 -0.001963019371032715 -0.0012783055426552892 -0.001263063633814454 -0.001152997137978673 -0.0010826551588252187 -0.0011140882270410657 -0.0011011005844920874 -0.0010723596205934882 -0.0007446265080943704 -0.0007446265080943704 -0.000712122127879411
-0.13077637553215027 -0.13077637553215027 -0.13077637553215027 -0.13077637553215027 -0.13077637553215027 -0.3873599171638489 -0.3873599171638489 -0.3873599171638489 -0.13077637553215027 -0.3873599171638489 -0.3873599171638489 -0.13077637553215027 -0.13077637553215027 -0.13077637553215027 -0.13077637553215027 -0.13077637553215027 -0.29517120122909546 -0.13077637553215027 -0.29613935947418213 -0.13077637553215027 -0.27256616950035095 -0.24219420552253723 -0.13077637553215027 -0.13077637553215027 -0.13077637553215027 -0.13077637553215027 -0.13077637553215027 -0.17186638712882996 -0.13077637553215027 -0.13077637553215027 -0.17828752100467682 -0.13077637553215027 -0.17828752100467682 -0.13077637553215027 -0.13077637553215027 -0.08348725736141205 -0.08348725736141205 -0.062675841152668 -0.035062845796346664 -0.0030503857415169477 -0.0023774292785674334 -0.0020055174827575684 -0.0012844307348132133 -0.000990282162092626 -0.000990282162092626 -0.0011325725354254246 -0.000794630846939981 -0.000990282162092626 -0.0006941705360077322 -0.0007446265080943704 -0.0007446265080943704 -0.000712122127879411
-0.19065213203430176 -0.19065213203430176 -0.19065213203430176 -0.19065213203430176 -0.19065213203430176 -0.13077637553215027 -0.13077637553215027 -0.13077637553215027 -0.19065213203430176 -0.13077637553215027 -0.13077637553215027 -0.19065213203430176 -0.20553210377693176 -0.20553210377693176 -0.20553210377693176 -0.20553210377693176 -0.13077637553215027 -0.3010440468788147 -0.13077637553215027 -0.29310670495033264 -0.13077637553215027 -0.13077637553215027 -0.20553210377693176 -0.23878709971904755 -0.20553210377693176 -0.18431222438812256 -0.16774003207683563 -0.13077637553215027 -0.18709281086921692 -0.18431222438812256 -0.12920399010181427 -0.17301736772060394 -0.12920399010181427 -0.17542514204978943 -0.15052007138729095 -0.08692114800214767 -0.09327024966478348 -0.062675841152668 -0.035062845796346664 -0.0029575892258435488 -0.0023774292785674334 -0.001963019371032715 -0.0012783055426552892 -0.000990282162092626 -0.000990282162092626 -0.0010826551588252187 -0.000794630846939981 -0.000990282162092626 -0.0006941705360077322 -0.0007446265080943704 -0.0007446265080943704 -0.000712122127879411
-0.13077637553215027 -0.13077637553215027 -0.13077637553215027 -0.13077637553215027 -0.13077637553215027 -0.29517120122909546 -0.29517120122909546 -0.29517120122909546 -0.13077637553215027 -0.29517120122909546 -0.29517120122909546 -0.13077637553215027 -0.13077637553215027 -0.13077637553215027 -0.13077637553215027 -0.13077637553215027 -0.29517120122909546 -0.13077637553215027 -0.29613935947418213 -0.13077637553215027 -0.27256616950035095 -0.24219420552253723 -0.13077637553215027 -0.13077637553215027 -0.13077637553215027 -0.13077637553215027 -0.13077637553215027 -0.17186638712882996 -0.13077637553215027 -0.13077637553215027 -0.17828752100467682 -0.13077637553215027 -0.17866407334804535 -0.13077637553215027 -0.13077637553215027 -0.08348725736141205 -0.08348725736141205 -0.062675841152668 -0.035062845796346664 -0.0029575892258435488 -0.0023774292785674334 -0.001963019371032715 -0.0012783055426552892 -0.000990282162092626 -0.000990282162092626 -0.0011325725354254246 -0.000794630846939981 -0.000990282162092626 -0.0006941705360077322 -0.0007446265080943704 -0.0007446265080943704 -0.000712122127879411
-0.13077637553215027 -0.13077637553215027 -0.13077637553215027 -0.13077637553215027 -0.13077637553215027 -0.30035901069641113 -0.30035901069641113 -0.30035901069641113 -0.13077637553215027 -0.30035901069641113 -0.30035901069641113 -0.13077637553215027 -0.13077637553215027 -0.13077637553215027 -0.13077637553215027 -0.13077637553215027 -0.30035901069641113 -0.13077637553215027 -0.23856127262115479 -0.13077637553215027 -0.23856127262115479 -0.24513974785804749 -0.13077637553215027 -0.13077637553215027 -0.13077637553215027 -0.13077637553215027 -0.13077637553215027 -0.17186638712882996 -0.13077637553215027 -0.13077637553215027 -0.12920399010181427 -0.13077637553215027 -0.12920399010181427 -0.13077637553215027 -0.13077637553215027 -0.08348725736141205 -0.08348725736141205 -0.062675841152668 -0.035062845796346664 -0.0029575892258435488 -0.0023774292785674334 -0.001963019371032715 -0.0012783055426552892 -0.001263063633814454 -0.001152997137978673 -0.0010826551588252187 -0.0011140882270410657 -0.0011011005844920874 -0.0010723596205934882 -0.0007446265080943704 -0.0007446265080943704 -0.000712122127879411
-0.29131799936294556 -0.29131799936294556 -0.29131799936294556 -0.29131799936294556 -0.29131799936294556 -0.13077637553215027 -0.13077637553215027 -0.13077637553215027 -0.29131799936294556 -0.13077637553215027 -0.13077637553215027 -0.29131799936294556 -0.20553210377693176 -0.20553210377693176 -0.20553210377693176 -0.20553210377693176 -0.13077637553215027 -0.29131799936294556 -0.13077637553215027 -0.28342708945274353 -0.13077637553215027 -0.13077637553215027 -0.20553210377693176 -0.24165035784244537 -0.20553210377693176 -0.18431222438812256 -0.16774003207683563 -0.13077637553215027 -0.18709281086921692 -0.18431222438812256 -0.12920399010181427 -0.17301736772060394 -0.12920399010181427 -0.17542514204978943 -0.15052007138729095 -0.08348725736141205 -0.08348725736141205 -0.062675841152668 -0.035062845796346664 -0.0029575892258435488 -0.0023774292785674334 -0.001963019371032715 -0.0012783055426552892 -0.000990282162092626 -0.000990282162092626 -0.0010826551588252187 -0.000794630846939981 -0.000990282162092626 -0.0006941705360077322 -0.0007446265080943704 -0.0007446265080943704 -0.000712122127879411
-0.29083529114723206 -0.29083529114723206 -0.29083529114723206 -0.29083529114723206 -0.29083529114723206 -0.13077637553215027 -0.13077637553215027 -0.13077637553215027 -0.29083529114723206 -0.13077637553215027 -0.13077637553215027 -0.29083529114723206 -0.20553210377693176 -0.20553210377693176 -0.20553210377693176 -0.20553210377693176 -0.13077637553215027 -0.29083529114723206 -0.13077637553215027 -0.28342708945274353 -0.13077637553215027 -0.13077637553215027 -0.20553210377693176 -0.24165035784244537 -0.20553210377693176 -0.18431222438812256 -0.16774003207683563 -0.13077637553215027 -0.18709281086921692 -0.18431222438812256 -0.12920399010181427 -0.17301736772060394 -0.12920399010181427 -0.17542514204978943 -0.15052007138729095 -0.08348725736141205 -0.08348725736141205 -0.062675841152668 -0.035062845796346664 -0.0029575892258435488 -0.0023774292785674334 -0.001963019371032715 -0.0012783055426552892 -0.000990282162092626 -0.000990282162092626 -0.0010826551588252187 -0.000794630846939981 -0.000990282162092626 -0.0006941705360077322 -0.0007446265080943704 -0.0007446265080943704 -0.000712122127879411
-0.24006681144237518 -0.24006681144237518 -0.24006681144237518 -0.24006681144237518 -0.24006681144237518 -0.13077637553215027 -0.13077637553215027 -0.13077637553215027 -0.24006681144237518 -0.13077637553215027 -0.13077637553215027 -0.24006681144237518 -0.24006681144237518 -0.24006681144237518 -0.24006681144237518 -0.24006681144237518 -0.13077637553215027 -0.23878709971904755 -0.13077637553215027 -0.23878709971904755 -0.13077637553215027 -0.13077637553215027 -0.24006681144237518 -0.23878709971904755 -0.24006681144237518 -0.2158622145652771 -0.16774003207683563 -0.13077637553215027 -0.1894124448299408 -0.1873703896999359 -0.12920399010181427 -0.17884650826454163 -0.12920399010181427 -0.17542514204978943 -0.15052007138729095 -0.08348725736141205 -0.08348725736141205 -0.062675841152668 -0.035062845796346664 -0.0029575892258435488 -0.0023774292785674334 -0.001963019371032715 -0.0012783055426552892 -0.000990282162092626 -0.000990282162092626 -0.0010826551588252187 -0.000794630846939981 -0.000990282162092626 -0.0006941705360077322 -0.0007446265080943704 -0.0007446265080943704 -0.000712122127879411
-0.2334882616996765 -0.2334882616996765 -0.2334882616996765 -0.2334882616996765 -0.2334882616996765 -0.13077637553215027 -0.13077637553215027 -0.13077637553215027 -0.2334882616996765 -0.13077637553215027 -0.13077637553215027 -0.2334882616996765 -0.2334882616996765 -0.2334882616996765 -0.2334882616996765 -0.2334882616996765 -0.13077637553215027 -0.2334882616996765 -0.13077637553215027 -0.2334882616996765 -0.13077637553215027 -0.13077637553215027 -0.2334882616996765 -0.2334882616996765 -0.2334882616996765 -0.2158622145652771 -0.16774003207683563 -0.13077637553215027 -0.1894124448299408 -0.18842558562755585 -0.12920399010181427 -0.17301736772060394 -0.12920399010181427 -0.17798691987991333 -0.15052007138729095 -0.08348725736141205 -0.08348725736141205 -0.062675841152668 -0.035062845796346664 -0.0029575892258435488 -0.0023774292785674334 -0.001963019371032715 -0.0012783055426552892 -0.000990282162092626 -0.000990282162092626 -0.0010826551588252187 -0.000794630846939981 -0.000990282162092626 -0.0006941705360077322 -0.0007446265080943704 -0.0007446265080943704 -0.000712122127879411
-0.19065213203430176 -0.19065213203430176 -0.19065213203430176 -0.19065213203430176 -0.19065213203430176 -0.13077637553215027 -0.13077637553215027 -0.13077637553215027 -0.19065213203430176 -0.13077637553215027 -0.13077637553215027 -0.19065213203430176 -0.22338610887527466 -0.22338610887527466 -0.22338610887527466 -0.22338610887527466 -0.13077637553215027 -0.22338610887527466 -0.13077637553215027 -0.22338610887527466 -0.13077637553215027 -0.13077637553215027 -0.22338610887527466 -0.22338610887527466 -0.22338610887527466 -0.2158622145652771 -0.21294549107551575 -0.13077637553215027 -0.1894124448299408 -0.18842558562755585 -0.12920399010181427 -0.17301736772060394 -0.12920399010181427 -0.17798691987991333 -0.15052007138729095 -0.08348725736141205 -0.08348725736141205 -0.062675841152668 -0.035062845796346664 -0.0029575892258435488 -0.0023774292785674334 -0.001963019371032715 -0.0012783055426552892 -0.000990282162092626 -0.000990282162092626 -0.0010826551588252187 -0.000794630846939981 -0.000990282162092626 -0.0006941705360077322 -0.0007446265080943704 -0.0007446265080943704 -0.000712122127879411
-0.22234123945236206 -0.22234123945236206 -0.22234123945236206 -0.22234123945236206 -0.22234123945236206 -0.13077637553215027 -0.13077637553215027 -0.13077637553215027 -0.22234123945236206 -0.13077637553215027 -0.13077637553215027 -0.22234123945236206 -0.22234123945236206 -0.22234123945236206 -0.22234123945236206 -0.22234123945236206 -0.13077637553215027 -0.22234123945236206 -0.13077637553215027 -0.22234123945236206 -0.13077637553215027 -0.13077637553215027 -0.22234123945236206 -0.22234123945236206 -0.22234123945236206 -0.2158622145652771 -0.16774003207683563 -0.13077637553215027 -0.1894124448299408 -0.1873703896999359 -0.12920399010181427 -0.17884650826454163 -0.12920399010181427 -0.17542514204978943 -0.15052007138729095 -0.08348725736141205 -0.08348725736141205 -0.062675841152668 -0.035062845796346664 -0.0029575892258435488 -0.0023774292785674334 -0.001963019371032715 -0.0012783055426552892 -0.000990282162092626 -0.000990282162092626 -0.0010826551588252187 -0.000794630846939981 -0.000990282162092626 -0.0006941705360077322 -0.0007446265080943704 -0.0007446265080943704 -0.000712122127879411
-0.18507742881774902 -0.18507742881774902 -0.18507742881774902 -0.18507742881774902 -0.18507742881774902 -0.18507742881774902 -0.18507742881774902 -0.18507742881774902 -0.18507742881774902 -0.18507742881774902 -0.18507742881774902 -0.18507742881774902 -0.18507742881774902 -0.18507742881774902 -0.18507742881774902 -0.18507742881774902 -0.18507742881774902 -0.18507742881774902 -0.18507742881774902 -0.18507742881774902 -0.18507742881774902 -0.18507742881774902 -0.18507742881774902 -0.18507742881774902 -0.18507742881774902 -0.18507742881774902 -0.18507742881774902 -0.18507742881774902 -0.18507742881774902 -0.18507742881774902 -0.12920399010181427 -0.17301736772060394 -0.12920399010181427 -0.17798691987991333 -0.16792267560958862 -0.08348725736141205 -0.08348725736141205 -0.062675841152668 -0.035062845796346664 -0.0029575892258435488 -0.0023774292785674334 -0.001963019371032715 -0.0012783055426552892 -0.000990282162092626 -0.000990282162092626 -0.0010826551588252187 -0.000794630846939981 -0.000990282162092626 -0.0006941705360077322 -0.0007446265080943704 -0.0007446265080943704 -0.000712122127879411
-0.18380200862884521 -0.18380200862884521 -0.18380200862884521 -0.18380200862884521 -0.18380200862884521 -0.18380200862884521 -0.18380200862884521 -0.18380200862884521 -0.18380200862884521 -0.18380200862884521 -0.18380200862884521 -0.18380200862884521 -0.18380200862884521 -0.18380200862884521 -0.18380200862884521 -0.18380200862884521 -0.18380200862884521 -0.18380200862884521 -0.18380200862884521 -0.18380200862884521 -0.18380200862884521 -0.18380200862884521 -0.18380200862884521 -0.18380200862884521 -0.18380200862884521 -0.18380200862884521 -0.18380200862884521 -0.18380200862884521 -0.18380200862884521 -0.18380200862884521 -0.12920399010181427 -0.17301736772060394 -0.12920399010181427 -0.17798691987991333 -0.16792267560958862 -0.08348725736141205 -0.08348725736141205 -0.062675841152668 -0.035062845796346664 -0.0029575892258435488 -0.0023774292785674334 -0.001963019371032715 -0.0012783055426552892 -0.000990282162092626 -0.000990282162092626 -0.0010826551588252187 -0.000794630846939981 -0.000990282162092626 -0.0006941705360077322 -0.0007446265080943704 -0.0007446265080943704 -0.000712122127879411
-0.17797116935253143 -0.17797116935253143 -0.17797116935253143 -0.17797116935253143 -0.17797116935253143 -0.17797116935253143 -0.17797116935253143 -0.17797116935253143 -0.17797116935253143 -0.17797116935253143 -0.17797116935253143 -0.17797116935253143 -0.17797116935253143 -0.17797116935253143 -0.17797116935253143 -0.17797116935253143 -0.17797116935253143 -0.17797116935253143 -0.17797116935253143 -0.17797116935253143 -0.17797116935253143 -0.17797116935253143 -0.17797116935253143 -0.17797116935253143 -0.17797116935253143 -0.17797116935253143 -0.17797116935253143 -0.17797116935253143 -0.17797116935253143 -0.17797116935253143 -0.12920399010181427 -0.17301736772060394 -0.12920399010181427 -0.17797116935253143 -0.16792267560958862 -0.08348725736141205 -0.08348725736141205 -0.062675841152668 -0.035062845796346664 -0.0029575892258435488 -0.0023774292785674334 -0.001963019371032715 -0.0012783055426552892 -0.000990282162092626 -0.000990282162092626 -0.0010826551588252187 -0.000794630846939981 -0.000990282162092626 -0.0006941705360077322 -0.0007446265080943704 -0.0007446265080943704 -0.000712122127879411
-0.16774003207683563 -0.16774003207683563 -0.16774003207683563 -0.16774003207683563 -0.16774003207683563 -0.17471781373023987 -0.17471781373023987 -0.17471781373023987 -0.16774003207683563 -0.17471781373023987 -0.17471781373023987 -0.16774003207683563 -0.16774003207683563 -0.16774003207683563 -0.16774003207683563 -0.16774003207683563 -0.17471781373023987 -0.16774003207683563 -0.17471781373023987 -0.16774003207683563 -0.17471781373023987 -0.17471781373023987 -0.16774003207683563 -0.16774003207683563 -0.16774003207683563 -0.16774003207683563 -0.17471781373023987 -0.17471781373023987 -0.16774003207683563 -0.16774003207683563 -0.12920399010181427 -0.16774003207683563 -0.12920399010181427 -0.16774003207683563 -0.16792267560958862 -0.08348725736141205 -0.08348725736141205 -0.062675841152668 -0.035062845796346664 -0.0029575892258435488 -0.0023774292785674334 -0.001963019371032715 -0.0012783055426552892 -0.0010167064610868692 -0.001152997137978673 -0.0010826551588252187 -0.000794630846939981 -0.000990282162092626 -0.0006941705360077322 -0.0007446265080943704 -0.0007446265080943704 -0.000712122127879411
-0.1611829251050949 -0.1611829251050949 -0.1611829251050949 -0.1611829251050949 -0.1611829251050949 -0.1611829251050949 -0.1611829251050949 -0.1611829251050949 -0.1611829251050949 -0.1611829251050949 -0.1611829251050949 -0.1611829251050949 -0.1611829251050949 -0.1611829251050949 -0.1611829251050949 -0.1611829251050949 -0.1611829251050949 -0.1611829251050949 -0.1611829251050949 -0.1611829251050949 -0.1611829251050949 -0.1611829251050949 -0.1611829251050949 -0.1611829251050949 -0.1611829251050949 -0.1611829251050949 -0.1611829251050949 -0.1611829251050949 -0.1611829251050949 -0.1611829251050949 -0.12920399010181427 -0.1611829251050949 -0.12920399010181427 -0.1611829251050949 -0.1611829251050949 -0.08348725736141205 -0.08348725736141205 -0.062675841152668 -0.035062845796346664 -0.0029575892258435488 -0.0023774292785674334 -0.001963019371032715 -0.0012783055426552892 -0.001263063633814454 -0.001152997137978673 -0.0010826551588252187 -0.0011140882270410657 -0.0011011005844920874 -0.0006941705360077322 -0.0007446265080943704 -0.0007446265080943704 -0.000712122127879411
-0.11695349216461182 -0.11695349216461182 -0.11695349216461182 -0.11695349216461182 -0.11695349216461182 -0.11695349216461182 -0.11695349216461182 -0.11695349216461182 -0.11695349216461182 -0.11695349216461182 -0.11695349216461182 -0.11695349216461182 -0.11695349216461182 -0.11695349216461182 -0.11695349216461182 -0.11695349216461182 -0.11695349216461182 -0.11695349216461182 -0.11695349216461182 -0.11695349216461182 -0.11695349216461182 -0.11695349216461182 -0.11695349216461182 -0.11695349216461182 -0.11695349216461182 -0.11695349216461182 -0.11695349216461182 -0.11695349216461182 -0.11695349216461182 -0.11695349216461182 -0.11695349216461182 -0.11695349216461182 -0.11695349216461182 -0.11695349216461182 -0.11695349216461182 -0.09443574398756027 -0.08692114800214767 -0.062675841152668 -0.035062845796346664 -0.0029575892258435488 -0.0023774292785674334 -0.001963019371032715 -0.0012844307348132133 -0.000990282162092626 -0.000990282162092626 -0.0011325725354254246 -0.000794630846939981 -0.000990282162092626 -0.0006941705360077322 -0.0007883887737989426 -0.000782817485742271 -0.0007333061657845974
-0.08015865832567215 -0.08015865832567215 -0.08015865832567215 -0.08015865832567215 -0.08015865832567215 -0.08015865832567215 -0.08015865832567215 -0.08015865832567215 -0.08015865832567215 -0.08015865832567215 -0.08015865832567215 -0.08015865832567215 -0.08015865832567215 -0.08015865832567215 -0.08015865832567215 -0.08015865832567215 -0.08015865832567215 -0.08015865832567215 -0.08015865832567215 -0.08015865832567215 -0.08015865832567215 -0.08015865832567215 -0.08015865832567215 -0.08015865832567215 -0.08015865832567215 -0.08015865832567215 -0.08015865832567215 -0.08015865832567215 -0.08015865832567215 -0.08015865832567215 -0.08015865832567215 -0.08015865832567215 -0.08015865832567215 -0.08015865832567215 -0.08015865832567215 -0.08015865832567215 -0.08015865832567215 -0.062675841152668 -0.035062845796346664 -0.0029575892258435488 -0.0023774292785674334 -0.001963019371032715 -0.0012783055426552892 -0.000990282162092626 -0.000990282162092626 -0.0010826551588252187 -0.000794630846939981 -0.000990282162092626 -0.0006941705360077322 -0.0007446265080943704 -0.0007446265080943704 -0.000712122127879411
-0.06708177924156189 -0.06708177924156189 -0.06708177924156189 -0.06708177924156189 -0.06708177924156189 -0.06708177924156189 -0.06708177924156189 -0.06708177924156189 -0.06708177924156189 -0.06708177924156189 -0.06708177924156189 -0.06708177924156189 -0.06708177924156189 -0.06708177924156189 -0.06708177924156189 -0.06708177924156189 -0.06708177924156189 -0.06708177924156189 -0.06708177924156189 -0.06708177924156189 -0.06708177924156189 -0.06708177924156189 -0.06708177924156189 -0.06708177924156189 -0.06708177924156189 -0.06708177924156189 -0.06708177924156189 -0.06708177924156189 -0.06708177924156189 -0.06708177924156189 -0.06708177924156189 -0.06708177924156189 -0.06708177924156189 -0.06708177924156189 -0.06708177924156189 -0.06708177924156189 -0.06708177924156189 -0.062675841152668 -0.035062845796346664 -0.0029575892258435488 -0.0023774292785674334 -0.001963019371032715 -0.0012783055426552892 -0.000990282162092626 -0.000990282162092626 -0.0010826551588252187 -0.000794630846939981 -0.000990282162092626 -0.0006941705360077322 -0.0007446265080943704 -0.0007446265080943704 -0.000712122127879411
-0.05907215550541878 -0.05907215550541878 -0.05907215550541878 -0.05907215550541878 -0.05907215550541878 -0.05907215550541878 -0.05907215550541878 -0.05907215550541878 -0.05907215550541878 -0.05907215550541878 -0.05907215550541878 -0.05907215550541878 -0.05907215550541878 -0.05907215550541878 -0.05907215550541878 -0.05907215550541878 -0.05907215550541878 -0.05907215550541878 -0.05907215550541878 -0.05907215550541878 -0.05907215550541878 -0.05907215550541878 -0.05907215550541878 -0.05907215550541878 -0.05907215550541878 -0.05907215550541878 -0.05907215550541878 -0.05907215550541878 -0.05907215550541878 -0.05907215550541878 -0.05907215550541878 -0.05907215550541878 -0.05907215550541878 -0.05907215550541878 -0.05907215550541878 -0.05907215550541878 -0.05907215550541878 -0.05907215550541878 -0.035062845796346664 -0.0029575892258435488 -0.0023774292785674334 -0.001963019371032715 -0.0012783055426552892 -0.000990282162092626 -0.000990282162092626 -0.0010826551588252187 -0.000794630846939981 -0.000990282162092626 -0.0006941705360077322 -0.0007446265080943704 -0.0007446265080943704 -0.000712122127879411
-0.05889364331960678 -0.05889364331960678 -0.05889364331960678 -0.05889364331960678 -0.05889364331960678 -0.05889364331960678 -0.05889364331960678 -0.05889364331960678 -0.05889364331960678 -0.05889364331960678 -0.05889364331960678 -0.05889364331960678 -0.05889364331960678 -0.05889364331960678 -0.05889364331960678 -0.05889364331960678 -0.05889364331960678 -0.05889364331960678 -0.05889364331960678 -0.05889364331960678 -0.05889364331960678 -0.05889364331960678 -0.05889364331960678 -0.05889364331960678 -0.05889364331960678 -0.05889364331960678 -0.05889364331960678 -0.05889364331960678 -0.05889364331960678 -0.05889364331960678 -0.05889364331960678 -0.05889364331960678 -0.05889364331960678 -0.05889364331960678 -0.05889364331960678 -0.05889364331960678 -0.05889364331960678 -0.05889364331960678 -0.035062845796346664 -0.0029575892258435488 -0.0023774292785674334 -0.001963019371032715 -0.0012783055426552892 -0.000990282162092626 -0.000990282162092626 -0.0010826551588252187 -0.000794630846939981 -0.000990282162092626 -0.0006941705360077322 -0.0007446265080943704 -0.0007446265080943704 -0.000712122127879411
-0.0581037737429142 -0.0581037737429142 -0.0581037737429142 -0.0581037737429142 -0.0581037737429142 -0.0581037737429142 -0.0581037737429142 -0.0581037737429142 -0.0581037737429142 -0.0581037737429142 -0.0581037737429142 -0.0581037737429142 -0.0581037737429142 -0.0581037737429142 -0.0581037737429142 -0.0581037737429142 -0.0581037737429142 -0.0581037737429142 -0.0581037737429142 -0.0581037737429142 -0.0581037737429142 -0.0581037737429142 -0.0581037737429142 -0.0581037737429142 -0.0581037737429142 -0.0581037737429142 -0.0581037737429142 -0.0581037737429142 -0.0581037737429142 -0.0581037737429142 -0.0581037737429142 -0.0581037737429142 -0.0581037737429142 -0.0581037737429142 -0.0581037737429142 -0.0581037737429142 -0.0581037737429142 -0.0581037737429142 -0.035062845796346664 -0.0029575892258435488 -0.0023774292785674334 -0.001963019371032715 -0.0012783055426552892 -0.000990282162092626 -0.000990282162092626 -0.0010826551588252187 -0.000794630846939981 -0.000990282162092626 -0.0006941705360077322 -0.0007446265080943704 -0.0007446265080943704 -0.000712122127879411
-0.05561671033501625 -0.05561671033501625 -0.05561671033501625 -0.05561671033501625 -0.05561671033501625 -0.05561671033501625 -0.05561671033501625 -0.05561671033501625 -0.05561671033501625 -0.05561671033501625 -0.05561671033501625 -0.05561671033501625 -0.05561671033501625 -0.05561671033501625 -0.05561671033501625 -0.05561671033501625 -0.05561671033501625 -0.05561671033501625 -0.05561671033501625 -0.05561671033501625 -0.05561671033501625 -0.05561671033501625 -0.05561671033501625 -0.05561671033501625 -0.05561671033501625 -0.05561671033501625 -0.05561671033501625 -0.05561671033501625 -0.05561671033501625 -0.05561671033501625 -0.05561671033501625 -0.05561671033501625 -0.05561671033501625 -0.05561671033501625 -0.05561671033501625 -0.05561671033501625 -0.05561671033501625 -0.05561671033501625 -0.035062845796346664 -0.0029575892258435488 -0.0023774292785674334 -0.001963019371032715 -0.0012783055426552892 -0.000990282162092626 -0.000990282162092626 -0.0010826551588252187 -0.000794630846939981 -0.000990282162092626 -0.0006941705360077322 -0.0007446265080943704 -0.0007446265080943704 -0.000712122127879411
-0.054185956716537476 -0.054185956716537476 -0.054185956716537476 -0.054185956716537476 -0.054185956716537476 -0.054185956716537476 -0.054185956716537476 -0.054185956716537476 -0.054185956716537476 -0.054185956716537476 -0.054185956716537476 -0.054185956716537476 -0.054185956716537476 -0.054185956716537476 -0.054185956716537476 -0.054185956716537476 -0.054185956716537476 -0.054185956716537476 -0.054185956716537476 -0.054185956716537476 -0.054185956716537476 -0.054185956716537476 -0.054185956716537476 -0.054185956716537476 -0.054185956716537476 -0.054185956716537476 -0.054185956716537476 -0.054185956716537476 -0.054185956716537476 -0.054185956716537476 -0.054185956716537476 -0.054185956716537476 -0.054185956716537476 -0.054185956716537476 -0.054185956716537476 -0.054185956716537476 -0.054185956716537476 -0.054185956716537476 -0.035062845796346664 -0.0029575892258435488 -0.0023774292785674334 -0.001963019371032715 -0.0012783055426552892 -0.000990282162092626 -0.000990282162092626 -0.0010826551588252187 -0.000794630846939981 -0.000990282162092626 -0.0006941705360077322 -0.0007446265080943704 -0.0007446265080943704 -0.000712122127879411
-0.020690811797976494 -0.020690811797976494 -0.020690811797976494 -0.020690811797976494 -0.020690811797976494 -0.020690811797976494 -0.020690811797976494 -0.020690811797976494 -0.020690811797976494 -0.020690811797976494 -0.020690811797976494 -0.020690811797976494 -0.020690811797976494 -0.020690811797976494 -0.020690811797976494 -0.020690811797976494 -0.020690811797976494 -0.020690811797976494 -0.020690811797976494 -0.020690811797976494 -0.020690811797976494 -0.020690811797976494 -0.020690811797976494 -0.020690811797976494 -0.020690811797976494 -0.020690811797976494 -0.020690811797976494 -0.020690811797976494 -0.020690811797976494 -0.020690811797976494 -0.020690811797976494 -0.020690811797976494 -0.020690811797976494 -0.020690811797976494 -0.020690811797976494 -0.020690811797976494 -0.020690811797976494 -0.020690811797976494 -0.020690811797976494 -0.0029575892258435488 -0.0023774292785674334 -0.001963019371032715 -0.0012783055426552892 -0.000990282162092626 -0.000990282162092626 -0.0010826551588252187 -0.000794630846939981 -0.000990282162092626 -0.0006941705360077322 -0.0007446265080943704 -0.0007446265080943704 -0.000712122127879411
-0.019370628520846367 -0.019370628520846367 -0.019370628520846367 -0.019370628520846367 -0.019370628520846367 -0.019370628520846367 -0.019370628520846367 -0.019370628520846367 -0.019370628520846367 -0.019370628520846367 -0.019370628520846367 -0.019370628520846367 -0.019370628520846367 -0.019370628520846367 -0.019370628520846367 -0.019370628520846367 -0.019370628520846367 -0.019370628520846367 -0.019370628520846367 -0.019370628520846367 -0.019370628520846367 -0.019370628520846367 -0.019370628520846367 -0.019370628520846367 -0.019370628520846367 -0.019370628520846367 -0.019370628520846367 -0.019370628520846367 -0.019370628520846367 -0.019370628520846367 -0.019370628520846367 -0.019370628520846367 -0.019370628520846367 -0.019370628520846367 -0.019370628520846367 -0.019370628520846367 -0.019370628520846367 -0.019370628520846367 -0.019370628520846367 -0.0029575892258435488 -0.0023774292785674334 -0.001963019371032715 -0.0012783055426552892 -0.000990282162092626 -0.000990282162092626 -0.0011325725354254246 -0.000794630846939981 -0.000990282162092626 -0.0006941705360077322 -0.0007883887737989426 -0.000782817485742271 -0.0007333061657845974
-0.01706777699291706 -0.01706777699291706 -0.01706777699291706 -0.01706777699291706 -0.01706777699291706 -0.01706777699291706 -0.01706777699291706 -0.01706777699291706 -0.01706777699291706 -0.01706777699291706 -0.01706777699291706 -0.01706777699291706 -0.01706777699291706 -0.01706777699291706 -0.01706777699291706 -0.01706777699291706 -0.01706777699291706 -0.01706777699291706 -0.01706777699291706 -0.01706777699291706 -0.01706777699291706 -0.01706777699291706 -0.01706777699291706 -0.01706777699291706 -0.01706777699291706 -0.01706777699291706 -0.01706777699291706 -0.01706777699291706 -0.01706777699291706 -0.01706777699291706 -0.01706777699291706 -0.01706777699291706 -0.01706777699291706 -0.01706777699291706 -0.01706777699291706 -0.01706777699291706 -0.01706777699291706 -0.01706777699291706 -0.01706777699291706 -0.0029575892258435488 -0.0023774292785674334 -0.001963019371032715 -0.0012783055426552892 -0.000990282162092626 -0.000990282162092626 -0.0010826551588252187 -0.000794630846939981 -0.000990282162092626 -0.0006941705360077322 -0.0007883887737989426 -0.000782817485742271 -0.000712122127879411
-0.010554410517215729 -0.010554410517215729 -0.010554410517215729 -0.010554410517215729 -0.010554410517215729 -0.010554410517215729 -0.010554410517215729 -0.010554410517215729 -0.010554410517215729 -0.010554410517215729 -0.010554410517215729 -0.010554410517215729 -0.010554410517215729 -0.010554410517215729 -0.010554410517215729 -0.010554410517215729 -0.010554410517215729 -0.010554410517215729 -0.010554410517215729 -0.010554410517215729 -0.010554410517215729 -0.010554410517215729 -0.010554410517215729 -0.010554410517215729 -0.010554410517215729 -0.010554410517215729 -0.010554410517215729 -0.010554410517215729 -0.010554410517215729 -0.010554410517215729 -0.010554410517215729 -0.010554410517215729 -0.010554410517215729 -0.010554410517215729 -0.010554410517215729 -0.010554410517215729 -0.010554410517215729 -0.010554410517215729 -0.010554410517215729 -0.0030503857415169477 -0.0023774292785674334 -0.0020055174827575684 -0.0012844307348132133 -0.000990282162092626 -0.000990282162092626 -0.0011325725354254246 -0.000794630846939981 -0.000990282162092626 -0.0006941705360077322 -0.0007883887737989426 -0.000782817485742271 -0.0007333061657845974
-0.007142449729144573 -0.007142449729144573 -0.007142449729144573 -0.007142449729144573 -0.007142449729144573 -0.007142449729144573 -0.007142449729144573 -0.007142449729144573 -0.007142449729144573 -0.007142449729144573 -0.007142449729144573 -0.007142449729144573 -0.007142449729144573 -0.007142449729144573 -0.007142449729144573 -0.007142449729144573 -0.007142449729144573 -0.007142449729144573 -0.007142449729144573 -0.007142449729144573 -0.007142449729144573 -0.007142449729144573 -0.007142449729144573 -0.007142449729144573 -0.007142449729144573 -0.007142449729144573 -0.007142449729144573 -0.007142449729144573 -0.007142449729144573 -0.007142449729144573 -0.007142449729144573 -0.007142449729144573 -0.007142449729144573 -0.007142449729144573 -0.007142449729144573 -0.007142449729144573 -0.007142449729144573 -0.007142449729144573 -0.007142449729144573 -0.0029575892258435488 -0.0023774292785674334 -0.001963019371032715 -0.0012783055426552892 -0.000990282162092626 -0.000990282162092626 -0.0010826551588252187 -0.000794630846939981 -0.000990282162092626 -0.0006941705360077322 -0.0007446265080943704 -0.0007446265080943704 -0.000712122127879411
-0.005440166685730219 -0.005440166685730219 -0.005440166685730219 -0.005440166685730219 -0.005440166685730219 -0.005440166685730219 -0.005440166685730219 -0.005440166685730219 -0.005440166685730219 -0.005440166685730219 -0.005440166685730219 -0.005440166685730219 -0.005440166685730219 -0.005440166685730219 -0.005440166685730219 -0.005440166685730219 -0.005440166685730219 -0.005440166685730219 -0.005440166685730219 -0.005440166685730219 -0.005440166685730219 -0.005440166685730219 -0.005440166685730219 -0.005440166685730219 -0.005440166685730219 -0.005440166685730219 -0.005440166685730219 -0.005440166685730219 -0.005440166685730219 -0.005440166685730219 -0.005440166685730219 -0.005440166685730219 -0.005440166685730219 -0.005440166685730219 -0.005440166685730219 -0.005440166685730219 -0.005440166685730219 -0.005440166685730219 -0.005440166685730219 -0.0029575892258435488 -0.003002873854711652 -0.001963019371032715 -0.0012783055426552892 -0.000990282162092626 -0.000990282162092626 -0.0010826551588252187 -0.000794630846939981 -0.000990282162092626 -0.0006941705360077322 -0.0007446265080943704 -0.0007446265080943704 -0.000712122127879411
-0.003998737782239914 -0.003998737782239914 -0.003998737782239914 -0.003998737782239914 -0.003998737782239914 -0.003998737782239914 -0.003998737782239914 -0.003998737782239914 -0.003998737782239914 -0.003998737782239914 -0.003998737782239914 -0.003998737782239914 -0.003998737782239914 -0.003998737782239914 -0.003998737782239914 -0.003998737782239914 -0.003998737782239914 -0.003998737782239914 -0.003998737782239914 -0.003998737782239914 -0.003998737782239914 -0.003998737782239914 -0.003998737782239914 -0.003998737782239914 -0.003998737782239914 -0.003998737782239914 -0.003998737782239914 -0.003998737782239914 -0.003998737782239914 -0.003998737782239914 -0.003998737782239914 -0.003998737782239914 -0.003998737782239914 -0.003998737782239914 -0.003998737782239914 -0.003998737782239914 -0.003998737782239914 -0.003998737782239914 -0.003998737782239914 -0.0030503857415169477 -0.0023774292785674334 -0.0020055174827575684 -0.0012844307348132133 -0.000990282162092626 -0.000990282162092626 -0.0011325725354254246 -0.000794630846939981 -0.000990282162092626 -0.0006941705360077322 -0.0007446265080943704 -0.0007446265080943704 -0.000712122127879411
-0.0021474992390722036 -0.0021474992390722036 -0.0021474992390722036 -0.0021474992390722036 -0.0021474992390722036 -0.0021474992390722036 -0.0021474992390722036 -0.0021474992390722036 -0.0021474992390722036 -0.0021474992390722036 -0.0021474992390722036 -0.0021474992390722036 -0.0021474992390722036 -0.0021474992390722036 -0.0021474992390722036 -0.0021474992390722036 -0.0021474992390722036 -0.0021474992390722036 -0.0021474992390722036 -0.0021474992390722036 -0.0021474992390722036 -0.0021474992390722036 -0.0021474992390722036 -0.0021474992390722036 -0.0021474992390722036 -0.0021474992390722036 -0.0021474992390722036 -0.0021474992390722036 -0.0021474992390722036 -0.0021474992390722036 -0.0021474992390722036 -0.0021474992390722036 -0.0021474992390722036 -0.0021474992390722036 -0.0021474992390722036 -0.0021474992390722036 -0.0021474992390722036 -0.0021474992390722036 -0.0021474992390722036 -0.0021474992390722036 -0.0021474992390722036 -0.0020055174827575684 -0.0012844307348132133 -0.000990282162092626 -0.000990282162092626 -0.0011325725354254246 -0.000794630846939981 -0.000990282162092626 -0.0006941705360077322 -0.0007883887737989426 -0.000782817485742271 -0.0007333061657845974
-0.0013983335811644793 -0.0013983335811644793 -0.0013983335811644793 -0.0013983335811644793 -0.0013983335811644793 -0.0013983335811644793 -0.0013983335811644793 -0.0013983335811644793 -0.0013983335811644793 -0.0013983335811644793 -0.0013983335811644793 -0.0013983335811644793 -0.0013983335811644793 -0.0013983335811644793 -0.0013983335811644793 -0.0013983335811644793 -0.0013983335811644793 -0.0013983335811644793 -0.0013983335811644793 -0.0013983335811644793 -0.0013983335811644793 -0.0013983335811644793 -0.0013983335811644793 -0.0013983335811644793 -0.0013983335811644793 -0.0013983335811644793 -0.0013983335811644793 -0.0013983335811644793 -0.0013983335811644793 -0.0013983335811644793 -0.0013983335811644793 -0.0013983335811644793 -0.0013983335811644793 -0.0013983335811644793 -0.0013983335811644793 -0.0013983335811644793 -0.0013983335811644793 -0.0013983335811644793 -0.0013983335811644793 -0.0013983335811644793 -0.0013983335811644793 -0.0013983335811644793 -0.0012844307348132133 -0.000990282162092626 -0.000990282162092626 -0.0011325725354254246 -0.000794630846939981 -0.000990282162092626 -0.0006941705360077322 -0.0007883887737989426 -0.000782817485742271 -0.0007333061657845974
-0.001360844587907195 -0.001360844587907195 -0.001360844587907195 -0.001360844587907195 -0.001360844587907195 -0.001360844587907195 -0.001360844587907195 -0.001360844587907195 -0.001360844587907195 -0.001360844587907195 -0.001360844587907195 -0.001360844587907195 -0.001360844587907195 -0.001360844587907195 -0.001360844587907195 -0.001360844587907195 -0.001360844587907195 -0.001360844587907195 -0.001360844587907195 -0.001360844587907195 -0.001360844587907195 -0.001360844587907195 -0.001360844587907195 -0.001360844587907195 -0.001360844587907195 -0.001360844587907195 -0.001360844587907195 -0.001360844587907195 -0.001360844587907195 -0.001360844587907195 -0.001360844587907195 -0.001360844587907195 -0.001360844587907195 -0.001360844587907195 -0.001360844587907195 -0.001360844587907195 -0.001360844587907195 -0.001360844587907195 -0.001360844587907195 -0.001360844587907195 -0.001360844587907195 -0.001360844587907195 -0.0012844307348132133 -0.000990282162092626 -0.000990282162092626 -0.0011325725354254246 -0.000794630846939981 -0.000990282162092626 -0.0006941705360077322 -0.0007883887737989426 -0.000782817485742271 -0.0007333061657845974
-0.0013595217606052756 -0.0013595217606052756 -0.0013595217606052756 -0.0013595217606052756 -0.0013595217606052756 -0.0013595217606052756 -0.0013595217606052756 -0.0013595217606052756 -0.0013595217606052756 -0.0013595217606052756 -0.0013595217606052756 -0.0013595217606052756 -0.0013595217606052756 -0.0013595217606052756 -0.0013595217606052756 -0.0013595217606052756 -0.0013595217606052756 -0.0013595217606052756 -0.0013595217606052756 -0.0013595217606052756 -0.0013595217606052756 -0.0013595217606052756 -0.0013595217606052756 -0.0013595217606052756 -0.0013595217606052756 -0.0013595217606052756 -0.0013595217606052756 -0.0013595217606052756 -0.0013595217606052756 -0.0013595217606052756 -0.0013595217606052756 -0.0013595217606052756 -0.0013595217606052756 -0.0013595217606052756 -0.0013595217606052756 -0.0013595217606052756 -0.0013595217606052756 -0.0013595217606052756 -0.0013595217606052756 -0.0013595217606052756 -0.0013595217606052756 -0.0013595217606052756 -0.0012844307348132133 -0.000990282162092626 -0.000990282162092626 -0.0011325725354254246 -0.000794630846939981 -0.000990282162092626 -0.0006941705360077322 -0.0007883887737989426 -0.000782817485742271 -0.0007333061657845974