-0.41082775592803955 -0.540635883808136 -0.4813940227031708 -0.15014219284057617 -0.15014219284057617 -0.23135621845722198 -0.11140314489603043 -0.2673846483230591 -0.2673846483230591 -0.23135621845722198 -0.28055116534233093 -0.15014219284057617 -0.15014219284057617 -0.15014219284057617 -0.11140314489603043 -0.15014219284057617 -0.15014219284057617 -0.11574030667543411 -0.11140314489603043 -0.11140314489603043 -0.11140314489603043 -0.11140314489603043 -0.14827632904052734 -0.11140314489603043 -0.12295447289943695 -0.11440322548151016 -0.10330824553966522 -0.08327828347682953 -0.07100258767604828 -0.057324305176734924 -0.0021115578711032867 -0.004927592817693949 -0.0048660533502697945 -0.0036451583728194237 -0.002990358741953969 -0.0020504905842244625 -0.001073810737580061 -0.00173016800545156 -0.0014935905346646905 -0.0014501441037282348 -0.0002810426813084632
-0.41082775592803955 -0.540635883808136 -0.4813940227031708 -0.15014219284057617 -0.15014219284057617 -0.23135621845722198 -0.11140314489603043 -0.2673846483230591 -0.2673846483230591 -0.23135621845722198 -0.28055116534233093 -0.15014219284057617 -0.15014219284057617 -0.15014219284057617 -0.11140314489603043 -0.15014219284057617 -0.15014219284057617 -0.11574030667543411 -0.11140314489603043 -0.11140314489603043 -0.11140314489603043 -0.11140314489603043 -0.14827632904052734 -0.11140314489603043 -0.12295447289943695 -0.11440322548151016 -0.10330824553966522 -0.08327828347682953 -0.07100258767604828 -0.057324305176734924 -0.0021115578711032867 -0.004927592817693949 -0.0048660533502697945 -0.0036451583728194237 -0.002990358741953969 -0.0020504905842244625 -0.001073810737580061 -0.00173016800545156 -0.0014935905346646905 -0.0014501441037282348 -0.0002810426813084632
-0.5397888422012329 -0.5397888422012329 -0.4813940227031708 -0.15014219284057617 -0.15014219284057617 -0.23135621845722198 -0.11140314489603043 -0.2673846483230591 -0.2673846483230591 -0.23135621845722198 -0.27162888646125793 -0.15014219284057617 -0.15014219284057617 -0.15014219284057617 -0.11140314489603043 -0.15014219284057617 -0.15014219284057617 -0.11574030667543411 -0.11140314489603043 -0.11140314489603043 -0.11140314489603043 -0.11140314489603043 -0.14827632904052734 -0.11140314489603043 -0.12295447289943695 -0.11440322548151016 -0.10330824553966522 -0.08327828347682953 -0.07100258767604828 -0.057324305176734924 -0.0021115578711032867 -0.004927592817693949 -0.0036565272603183985 -0.0036451583728194237 -0.002990358741953969 -0.0020504905842244625 -0.001073810737580061 -0.00173016800545156 -0.0014935905346646905 -0.0014501441037282348 -0.0002810426813084632
-0.41082775592803955 -0.47807836532592773 -0.4813940227031708 -0.15014219284057617 -0.15014219284057617 -0.23135621845722198 -0.11140314489603043 -0.2673846483230591 -0.2673846483230591 -0.23135621845722198 -0.28055116534233093 -0.15014219284057617 -0.15014219284057617 -0.15014219284057617 -0.11140314489603043 -0.15014219284057617 -0.15014219284057617 -0.11574030667543411 -0.11140314489603043 -0.11140314489603043 -0.11140314489603043 -0.11140314489603043 -0.14827632904052734 -0.11140314489603043 -0.12295447289943695 -0.11440322548151016 -0.10330824553966522 -0.08327828347682953 -0.07100258767604828 -0.057324305176734924 -0.0021115578711032867 -0.004927592817693949 -0.0048660533502697945 -0.0036451583728194237 -0.002990358741953969 -0.0020504905842244625 -0.001073810737580061 -0.00173016800545156 -0.0014935905346646905 -0.0014501441037282348 -0.0002810426813084632
-0.41082775592803955 -0.4675371050834656 -0.4675371050834656 -0.15014219284057617 -0.15014219284057617 -0.23135621845722198 -0.15963749587535858 -0.2673846483230591 -0.2673846483230591 -0.23135621845722198 -0.28055116534233093 -0.15014219284057617 -0.15014219284057617 -0.15014219284057617 -0.15963749587535858 -0.15014219284057617 -0.15014219284057617 -0.11574030667543411 -0.15963749587535858 -0.11870801448822021 -0.15963749587535858 -0.15963749587535858 -0.14827632904052734 -0.15005972981452942 -0.12295447289943695 -0.11440322548151016 -0.10504858195781708 -0.08327828347682953 -0.07100258767604828 -0.057324305176734924 -0.0021115578711032867 -0.004927592817693949 -0.0036565272603183985 -0.0036451583728194237 -0.002990358741953969 -0.0020504905842244625 -0.001073810737580061 -0.00173016800545156 -0.0014935905346646905 -0.0014501441037282348 -0.0002810426813084632
-0.41082775592803955 -0.4665048122406006 -0.4665048122406006 -0.15014219284057617 -0.15014219284057617 -0.23135621845722198 -0.15963749587535858 -0.2673846483230591 -0.2673846483230591 -0.23135621845722198 -0.28055116534233093 -0.15014219284057617 -0.15014219284057617 -0.15014219284057617 -0.15963749587535858 -0.15014219284057617 -0.15014219284057617 -0.11574030667543411 -0.15963749587535858 -0.11870801448822021 -0.15963749587535858 -0.15963749587535858 -0.14827632904052734 -0.15005972981452942 -0.12295447289943695 -0.11440322548151016 -0.10504858195781708 -0.08327828347682953 -0.07100258767604828 -0.057324305176734924 -0.0021115578711032867 -0.004927592817693949 -0.0036565272603183985 -0.0036451583728194237 -0.002990358741953969 -0.0020504905842244625 -0.001073810737580061 -0.00173016800545156 -0.0014935905346646905 -0.0014501441037282348 -0.0002810426813084632
-0.41082775592803955 -0.4658795893192291 -0.4658795893192291 -0.15014219284057617 -0.15014219284057617 -0.23135621845722198 -0.15963749587535858 -0.2673846483230591 -0.2673846483230591 -0.23135621845722198 -0.28055116534233093 -0.15014219284057617 -0.15014219284057617 -0.15014219284057617 -0.15963749587535858 -0.15014219284057617 -0.15014219284057617 -0.11574030667543411 -0.15963749587535858 -0.11870801448822021 -0.15963749587535858 -0.15963749587535858 -0.14827632904052734 -0.15005972981452942 -0.12295447289943695 -0.11440322548151016 -0.10504858195781708 -0.08327828347682953 -0.07100258767604828 -0.057324305176734924 -0.0021115578711032867 -0.004927592817693949 -0.0036565272603183985 -0.0036451583728194237 -0.002990358741953969 -0.0020504905842244625 -0.001073810737580061 -0.00173016800545156 -0.0014935905346646905 -0.0014501441037282348 -0.0002810426813084632
-0.15014219284057617 -0.15014219284057617 -0.15014219284057617 -0.30899786949157715 -0.3077261447906494 -0.15014219284057617 -0.11140314489603043 -0.15014219284057617 -0.15014219284057617 -0.15014219284057617 -0.15014219284057617 -0.26465466618537903 -0.2426358461380005 -0.2353917360305786 -0.11140314489603043 -0.21133172512054443 -0.21133172512054443 -0.11574030667543411 -0.11140314489603043 -0.11140314489603043 -0.11140314489603043 -0.11140314489603043 -0.14827632904052734 -0.11140314489603043 -0.12295447289943695 -0.11440322548151016 -0.10330824553966522 -0.08327828347682953 -0.07100258767604828 -0.057324305176734924 -0.0021115578711032867 -0.004927592817693949 -0.0036565272603183985 -0.0036451583728194237 -0.002990358741953969 -0.0020504905842244625 -0.001073810737580061 -0.00173016800545156 -0.0014935905346646905 -0.0014501441037282348 -0.00032089839805848897
-0.15014219284057617 -0.15014219284057617 -0.15014219284057617 -0.30705809593200684 -0.30705809593200684 -0.15014219284057617 -0.11140314489603043 -0.15014219284057617 -0.15014219284057617 -0.15014219284057617 -0.15014219284057617 -0.26465466618537903 -0.2426358461380005 -0.21553868055343628 -0.11140314489603043 -0.21996909379959106 -0.21996909379959106 -0.1883522868156433 -0.11140314489603043 -0.11140314489603043 -0.11140314489603043 -0.11140314489603043 -0.14827632904052734 -0.11140314489603043 -0.12295447289943695 -0.11440322548151016 -0.10330824553966522 -0.08327828347682953 -0.07100258767604828 -0.057324305176734924 -0.006719053722918034 -0.005291888490319252 -0.0036565272603183985 -0.003860123222693801 -0.003271251218393445 -0.0024812661577016115 -0.001073810737580061 -0.002002311171963811 -0.0014935905346646905 -0.0014501441037282348 -0.0002810426813084632
-0.23135621845722198 -0.23135621845722198 -0.23135621845722198 -0.15014219284057617 -0.15014219284057617 -0.3013837933540344 -0.11140314489603043 -0.23135621845722198 -0.23135621845722198 -0.28523412346839905 -0.23135621845722198 -0.15014219284057617 -0.15014219284057617 -0.15014219284057617 -0.11140314489603043 -0.15014219284057617 -0.15014219284057617 -0.11574030667543411 -0.11140314489603043 -0.11140314489603043 -0.11140314489603043 -0.11140314489603043 -0.14827632904052734 -0.11140314489603043 -0.12295447289943695 -0.13072046637535095 -0.10330824553966522 -0.08327828347682953 -0.07100258767604828 -0.057324305176734924 -0.0021115578711032867 -0.004927592817693949 -0.0036565272603183985 -0.0036451583728194237 -0.002990358741953969 -0.0020504905842244625 -0.001073810737580061 -0.00173016800545156 -0.0014935905346646905 -0.0014501441037282348 -0.0002810426813084632
-0.23135621845722198 -0.23135621845722198 -0.23135621845722198 -0.21553868055343628 -0.21553868055343628 -0.23135621845722198 -0.11140314489603043 -0.23135621845722198 -0.23135621845722198 -0.23135621845722198 -0.23135621845722198 -0.26465466618537903 -0.2426358461380005 -0.21553868055343628 -0.11140314489603043 -0.22202779352664948 -0.22136190533638 -0.1883522868156433 -0.11140314489603043 -0.11140314489603043 -0.11140314489603043 -0.11140314489603043 -0.14827632904052734 -0.11140314489603043 -0.12295447289943695 -0.11440322548151016 -0.10330824553966522 -0.08327828347682953 -0.07100258767604828 -0.057324305176734924 -0.006719053722918034 -0.004927592817693949 -0.0036565272603183985 -0.0036451583728194237 -0.002990358741953969 -0.0024812661577016115 -0.001073810737580061 -0.002002311171963811 -0.0015697585185989738 -0.0014501441037282348 -0.0002810426813084632
-0.15014219284057617 -0.15014219284057617 -0.15014219284057617 -0.30035901069641113 -0.30035901069641113 -0.15014219284057617 -0.11140314489603043 -0.15014219284057617 -0.15014219284057617 -0.15014219284057617 -0.15014219284057617 -0.2053440511226654 -0.2426358461380005 -0.2353917360305786 -0.11140314489603043 -0.21133172512054443 -0.21133172512054443 -0.11574030667543411 -0.11140314489603043 -0.11140314489603043 -0.11140314489603043 -0.11140314489603043 -0.14827632904052734 -0.11140314489603043 -0.13264356553554535 -0.11440322548151016 -0.10330824553966522 -0.08327828347682953 -0.07100258767604828 -0.057324305176734924 -0.0021115578711032867 -0.004927592817693949 -0.0036565272603183985 -0.0036451583728194237 -0.002990358741953969 -0.0020504905842244625 -0.001073810737580061 -0.00173016800545156 -0.0014935905346646905 -0.0014501441037282348 -0.00032089839805848897
-0.29131799936294556 -0.29131799936294556 -0.29131799936294556 -0.15014219284057617 -0.15014219284057617 -0.2734315097332001 -0.11140314489603043 -0.29131799936294556 -0.29131799936294556 -0.28523412346839905 -0.27162888646125793 -0.15014219284057617 -0.15014219284057617 -0.15014219284057617 -0.11140314489603043 -0.15014219284057617 -0.15014219284057617 -0.11574030667543411 -0.11140314489603043 -0.11140314489603043 -0.11140314489603043 -0.11140314489603043 -0.14827632904052734 -0.11140314489603043 -0.12295447289943695 -0.11440322548151016 -0.10330824553966522 -0.08327828347682953 -0.07100258767604828 -0.057324305176734924 -0.0021115578711032867 -0.004927592817693949 -0.0036565272603183985 -0.0036451583728194237 -0.002990358741953969 -0.0020504905842244625 -0.001073810737580061 -0.00173016800545156 -0.0014935905346646905 -0.0014501441037282348 -0.0002810426813084632
-0.29083529114723206 -0.29083529114723206 -0.29083529114723206 -0.15014219284057617 -0.15014219284057617 -0.2734315097332001 -0.11140314489603043 -0.29083529114723206 -0.29083529114723206 -0.28523412346839905 -0.27162888646125793 -0.15014219284057617 -0.15014219284057617 -0.15014219284057617 -0.11140314489603043 -0.15014219284057617 -0.15014219284057617 -0.11574030667543411 -0.11140314489603043 -0.11140314489603043 -0.11140314489603043 -0.11140314489603043 -0.14827632904052734 -0.11140314489603043 -0.12295447289943695 -0.11440322548151016 -0.10330824553966522 -0.08327828347682953 -0.07100258767604828 -0.057324305176734924 -0.0021115578711032867 -0.004927592817693949 -0.0036565272603183985 -0.0036451583728194237 -0.002990358741953969 -0.0020504905842244625 -0.001073810737580061 -0.00173016800545156 -0.0014935905346646905 -0.0014501441037282348 -0.0002810426813084632
-0.23135621845722198 -0.23135621845722198 -0.23135621845722198 -0.15014219284057617 -0.15014219284057617 -0.23135621845722198 -0.24006681144237518 -0.23135621845722198 -0.23135621845722198 -0.23135621845722198 -0.23135621845722198 -0.15014219284057617 -0.15014219284057617 -0.15014219284057617 -0.22692687809467316 -0.15014219284057617 -0.15014219284057617 -0.11574030667543411 -0.18440662324428558 -0.11870801448822021 -0.16529521346092224 -0.16494475305080414 -0.14827632904052734 -0.15005972981452942 -0.12295447289943695 -0.11440322548151016 -0.10504858195781708 -0.08327828347682953 -0.07100258767604828 -0.057324305176734924 -0.0021115578711032867 -0.004927592817693949 -0.0036565272603183985 -0.0036451583728194237 -0.002990358741953969 -0.0020504905842244625 -0.001073810737580061 -0.00173016800545156 -0.0014935905346646905 -0.0014501441037282348 -0.0002810426813084632
-0.23135621845722198 -0.23135621845722198 -0.23135621845722198 -0.15014219284057617 -0.15014219284057617 -0.2334882616996765 -0.2334882616996765 -0.23135621845722198 -0.23135621845722198 -0.2334882616996765 -0.23135621845722198 -0.15014219284057617 -0.15014219284057617 -0.15014219284057617 -0.22692687809467316 -0.15014219284057617 -0.15014219284057617 -0.11574030667543411 -0.18440662324428558 -0.11870801448822021 -0.16529521346092224 -0.16494475305080414 -0.15131965279579163 -0.15005972981452942 -0.12295447289943695 -0.11440322548151016 -0.10330824553966522 -0.08327828347682953 -0.07100258767604828 -0.057324305176734924 -0.0021115578711032867 -0.004927592817693949 -0.0036565272603183985 -0.0036451583728194237 -0.002990358741953969 -0.0020504905842244625 -0.001073810737580061 -0.00173016800545156 -0.0014935905346646905 -0.0014501441037282348 -0.0002810426813084632
-0.22338610887527466 -0.22338610887527466 -0.22338610887527466 -0.15014219284057617 -0.15014219284057617 -0.22338610887527466 -0.22338610887527466 -0.22338610887527466 -0.22338610887527466 -0.22338610887527466 -0.22338610887527466 -0.15014219284057617 -0.15014219284057617 -0.15014219284057617 -0.22338610887527466 -0.15014219284057617 -0.15014219284057617 -0.11574030667543411 -0.18440662324428558 -0.16848623752593994 -0.16529521346092224 -0.16494475305080414 -0.15131965279579163 -0.13456568121910095 -0.12295447289943695 -0.11440322548151016 -0.10330824553966522 -0.08327828347682953 -0.07100258767604828 -0.057324305176734924 -0.0021115578711032867 -0.004927592817693949 -0.0036565272603183985 -0.0036451583728194237 -0.002990358741953969 -0.0020504905842244625 -0.001073810737580061 -0.00173016800545156 -0.0014935905346646905 -0.0014501441037282348 -0.0002810426813084632
-0.22234123945236206 -0.22234123945236206 -0.22234123945236206 -0.15014219284057617 -0.15014219284057617 -0.22234123945236206 -0.22234123945236206 -0.22234123945236206 -0.22234123945236206 -0.22234123945236206 -0.22234123945236206 -0.15014219284057617 -0.15014219284057617 -0.15014219284057617 -0.22234123945236206 -0.15014219284057617 -0.15014219284057617 -0.11574030667543411 -0.18440662324428558 -0.11870801448822021 -0.16529521346092224 -0.16494475305080414 -0.14827632904052734 -0.15005972981452942 -0.12295447289943695 -0.11440322548151016 -0.10504858195781708 -0.08327828347682953 -0.07100258767604828 -0.057324305176734924 -0.0021115578711032867 -0.004927592817693949 -0.0036565272603183985 -0.0036451583728194237 -0.002990358741953969 -0.0020504905842244625 -0.001073810737580061 -0.00173016800545156 -0.0014935905346646905 -0.0014501441037282348 -0.0002810426813084632
-0.18507742881774902 -0.18507742881774902 -0.18507742881774902 -0.1707010269165039 -0.1707010269165039 -0.18507742881774902 -0.18507742881774902 -0.18507742881774902 -0.18507742881774902 -0.18507742881774902 -0.18507742881774902 -0.18507742881774902 -0.18507742881774902 -0.1707010269165039 -0.18507742881774902 -0.18507742881774902 -0.18507742881774902 -0.11574030667543411 -0.18440662324428558 -0.16848623752593994 -0.16529521346092224 -0.16494475305080414 -0.15131965279579163 -0.13456568121910095 -0.12295447289943695 -0.11440322548151016 -0.10330824553966522 -0.10362999886274338 -0.07414674013853073 -0.06844377517700195 -0.0021115578711032867 -0.004927592817693949 -0.0036565272603183985 -0.0036451583728194237 -0.002990358741953969 -0.0020504905842244625 -0.001073810737580061 -0.00173016800545156 -0.0014935905346646905 -0.0014501441037282348 -0.0002810426813084632
-0.18380200862884521 -0.18380200862884521 -0.18380200862884521 -0.1707010269165039 -0.1707010269165039 -0.18380200862884521 -0.1634272187948227 -0.18380200862884521 -0.18380200862884521 -0.18380200862884521 -0.18380200862884521 -0.18380200862884521 -0.18380200862884521 -0.1707010269165039 -0.1634272187948227 -0.18380200862884521 -0.18380200862884521 -0.11574030667543411 -0.18380200862884521 -0.16848623752593994 -0.16529521346092224 -0.1634272187948227 -0.15131965279579163 -0.13456568121910095 -0.12295447289943695 -0.11440322548151016 -0.10330824553966522 -0.10362999886274338 -0.07414674013853073 -0.06844377517700195 -0.0021115578711032867 -0.004927592817693949 -0.0036565272603183985 -0.0036451583728194237 -0.002990358741953969 -0.0020504905842244625 -0.001073810737580061 -0.00173016800545156 -0.0014935905346646905 -0.0014501441037282348 -0.0002810426813084632
-0.17797116935253143 -0.17797116935253143 -0.17797116935253143 -0.1707010269165039 -0.1707010269165039 -0.17797116935253143 -0.15963749587535858 -0.17797116935253143 -0.17797116935253143 -0.17797116935253143 -0.17797116935253143 -0.17797116935253143 -0.17797116935253143 -0.1707010269165039 -0.15963749587535858 -0.17797116935253143 -0.17797116935253143 -0.11574030667543411 -0.15963749587535858 -0.16848623752593994 -0.15963749587535858 -0.15963749587535858 -0.15131965279579163 -0.13456568121910095 -0.13264356553554535 -0.11440322548151016 -0.10330824553966522 -0.10362999886274338 -0.07414674013853073 -0.06844377517700195 -0.0021115578711032867 -0.004927592817693949 -0.0036565272603183985 -0.0036451583728194237 -0.002990358741953969 -0.0020504905842244625 -0.001073810737580061 -0.00173016800545156 -0.0014935905346646905 -0.0014501441037282348 -0.0002810426813084632
-0.15014219284057617 -0.15014219284057617 -0.15014219284057617 -0.17471781373023987 -0.17471781373023987 -0.15014219284057617 -0.11870801448822021 -0.15014219284057617 -0.15014219284057617 -0.15014219284057617 -0.15014219284057617 -0.17471781373023987 -0.17471781373023987 -0.17471781373023987 -0.11870801448822021 -0.17471781373023987 -0.17471781373023987 -0.11574030667543411 -0.11870801448822021 -0.16848623752593994 -0.11870801448822021 -0.11870801448822021 -0.14827632904052734 -0.11870801448822021 -0.13264356553554535 -0.11440322548151016 -0.10330824553966522 -0.10362999886274338 -0.07414674013853073 -0.06844377517700195 -0.0021115578711032867 -0.004927592817693949 -0.0036565272603183985 -0.0036451583728194237 -0.002990358741953969 -0.0020504905842244625 -0.001073810737580061 -0.00173016800545156 -0.0014935905346646905 -0.0014501441037282348 -0.00032089839805848897
-0.15014219284057617 -0.15014219284057617 -0.15014219284057617 -0.1611829251050949 -0.1611829251050949 -0.15014219284057617 -0.11140314489603043 -0.15014219284057617 -0.15014219284057617 -0.15014219284057617 -0.15014219284057617 -0.1611829251050949 -0.1611829251050949 -0.1611829251050949 -0.11140314489603043 -0.1611829251050949 -0.1611829251050949 -0.11574030667543411 -0.11140314489603043 -0.11140314489603043 -0.11140314489603043 -0.11140314489603043 -0.14827632904052734 -0.11140314489603043 -0.13264356553554535 -0.11440322548151016 -0.10330824553966522 -0.10362999886274338 -0.07414674013853073 -0.06844377517700195 -0.0021115578711032867 -0.004927592817693949 -0.0036565272603183985 -0.0036451583728194237 -0.002990358741953969 -0.0020504905842244625 -0.001073810737580061 -0.00173016800545156 -0.0014935905346646905 -0.0014501441037282348 -0.00032089839805848897
-0.11695349216461182 -0.11695349216461182 -0.11695349216461182 -0.11695349216461182 -0.11695349216461182 -0.11695349216461182 -0.11140314489603043 -0.11695349216461182 -0.11695349216461182 -0.11695349216461182 -0.11695349216461182 -0.11695349216461182 -0.11695349216461182 -0.11695349216461182 -0.11140314489603043 -0.11695349216461182 -0.11695349216461182 -0.11695349216461182 -0.11140314489603043 -0.11140314489603043 -0.11140314489603043 -0.11140314489603043 -0.11695349216461182 -0.11140314489603043 -0.11695349216461182 -0.11695349216461182 -0.10330824553966522 -0.08327828347682953 -0.07100258767604828 -0.057324305176734924 -0.006719053722918034 -0.004927592817693949 -0.0036565272603183985 -0.0036451583728194237 -0.002990358741953969 -0.0024812661577016115 -0.0021935561671853065 -0.002002311171963811 -0.0015697585185989738 -0.0015142576303333044 -0.0002810426813084632
-0.08015865832567215 -0.08015865832567215 -0.08015865832567215 -0.08015865832567215 -0.08015865832567215 -0.08015865832567215 -0.08015865832567215 -0.08015865832567215 -0.08015865832567215 -0.08015865832567215 -0.08015865832567215 -0.08015865832567215 -0.08015865832567215 -0.08015865832567215 -0.08015865832567215 -0.08015865832567215 -0.08015865832567215 -0.08015865832567215 -0.08015865832567215 -0.08015865832567215 -0.08015865832567215 -0.08015865832567215 -0.08015865832567215 -0.08015865832567215 -0.08015865832567215 -0.08015865832567215 -0.08015865832567215 -0.08015865832567215 -0.07414674013853073 -0.06844377517700195 -0.0021115578711032867 -0.004927592817693949 -0.0036565272603183985 -0.0036451583728194237 -0.002990358741953969 -0.0020504905842244625 -0.001073810737580061 -0.00173016800545156 -0.0014935905346646905 -0.0014501441037282348 -0.0002810426813084632
-0.06708177924156189 -0.06708177924156189 -0.06708177924156189 -0.06708177924156189 -0.06708177924156189 -0.06708177924156189 -0.06708177924156189 -0.06708177924156189 -0.06708177924156189 -0.06708177924156189 -0.06708177924156189 -0.06708177924156189 -0.06708177924156189 -0.06708177924156189 -0.06708177924156189 -0.06708177924156189 -0.06708177924156189 -0.06708177924156189 -0.06708177924156189 -0.06708177924156189 -0.06708177924156189 -0.06708177924156189 -0.06708177924156189 -0.06708177924156189 -0.06708177924156189 -0.06708177924156189 -0.06708177924156189 -0.06708177924156189 -0.06708177924156189 -0.057324305176734924 -0.0021115578711032867 -0.004927592817693949 -0.0036565272603183985 -0.0036451583728194237 -0.002990358741953969 -0.0020504905842244625 -0.001073810737580061 -0.00173016800545156 -0.0014935905346646905 -0.0014501441037282348 -0.0002810426813084632
-0.05907215550541878 -0.05907215550541878 -0.05907215550541878 -0.05907215550541878 -0.05907215550541878 -0.05907215550541878 -0.05907215550541878 -0.05907215550541878 -0.05907215550541878 -0.05907215550541878 -0.05907215550541878 -0.05907215550541878 -0.05907215550541878 -0.05907215550541878 -0.05907215550541878 -0.05907215550541878 -0.05907215550541878 -0.05907215550541878 -0.05907215550541878 -0.05907215550541878 -0.05907215550541878 -0.05907215550541878 -0.05907215550541878 -0.05907215550541878 -0.05907215550541878 -0.05907215550541878 -0.05907215550541878 -0.05907215550541878 -0.05907215550541878 -0.057324305176734924 -0.0021115578711032867 -0.004927592817693949 -0.0036565272603183985 -0.0036451583728194237 -0.002990358741953969 -0.0020504905842244625 -0.001073810737580061 -0.00173016800545156 -0.0014935905346646905 -0.0014501441037282348 -0.0002810426813084632
-0.05889364331960678 -0.05889364331960678 -0.05889364331960678 -0.05889364331960678 -0.05889364331960678 -0.05889364331960678 -0.05889364331960678 -0.05889364331960678 -0.05889364331960678 -0.05889364331960678 -0.05889364331960678 -0.05889364331960678 -0.05889364331960678 -0.05889364331960678 -0.05889364331960678 -0.05889364331960678 -0.05889364331960678 -0.05889364331960678 -0.05889364331960678 -0.05889364331960678 -0.05889364331960678 -0.05889364331960678 -0.05889364331960678 -0.05889364331960678 -0.05889364331960678 -0.05889364331960678 -0.05889364331960678 -0.05889364331960678 -0.05889364331960678 -0.057324305176734924 -0.0021115578711032867 -0.004927592817693949 -0.0036565272603183985 -0.0036451583728194237 -0.002990358741953969 -0.0020504905842244625 -0.001073810737580061 -0.00173016800545156 -0.0014935905346646905 -0.0014501441037282348 -0.0002810426813084632
-0.0581037737429142 -0.0581037737429142 -0.0581037737429142 -0.0581037737429142 -0.0581037737429142 -0.0581037737429142 -0.0581037737429142 -0.0581037737429142 -0.0581037737429142 -0.0581037737429142 -0.0581037737429142 -0.0581037737429142 -0.0581037737429142 -0.0581037737429142 -0.0581037737429142 -0.0581037737429142 -0.0581037737429142 -0.0581037737429142 -0.0581037737429142 -0.0581037737429142 -0.0581037737429142 -0.0581037737429142 -0.0581037737429142 -0.0581037737429142 -0.0581037737429142 -0.0581037737429142 -0.0581037737429142 -0.0581037737429142 -0.0581037737429142 -0.0581037737429142 -0.0021115578711032867 -0.004927592817693949 -0.0036565272603183985 -0.0036451583728194237 -0.002990358741953969 -0.0020504905842244625 -0.001073810737580061 -0.00173016800545156 -0.0014935905346646905 -0.0014501441037282348 -0.0002810426813084632
-0.05561671033501625 -0.05561671033501625 -0.05561671033501625 -0.05561671033501625 -0.05561671033501625 -0.05561671033501625 -0.05561671033501625 -0.05561671033501625 -0.05561671033501625 -0.05561671033501625 -0.05561671033501625 -0.05561671033501625 -0.05561671033501625 -0.05561671033501625 -0.05561671033501625 -0.05561671033501625 -0.05561671033501625 -0.05561671033501625 -0.05561671033501625 -0.05561671033501625 -0.05561671033501625 -0.05561671033501625 -0.05561671033501625 -0.05561671033501625 -0.05561671033501625 -0.05561671033501625 -0.05561671033501625 -0.05561671033501625 -0.05561671033501625 -0.05561671033501625 -0.0021115578711032867 -0.004927592817693949 -0.0036565272603183985 -0.0036451583728194237 -0.002990358741953969 -0.0020504905842244625 -0.001073810737580061 -0.00173016800545156 -0.0014935905346646905 -0.0014501441037282348 -0.0002810426813084632
-0.054185956716537476 -0.054185956716537476 -0.054185956716537476 -0.054185956716537476 -0.054185956716537476 -0.054185956716537476 -0.054185956716537476 -0.054185956716537476 -0.054185956716537476 -0.054185956716537476 -0.054185956716537476 -0.054185956716537476 -0.054185956716537476 -0.054185956716537476 -0.054185956716537476 -0.054185956716537476 -0.054185956716537476 -0.054185956716537476 -0.054185956716537476 -0.054185956716537476 -0.054185956716537476 -0.054185956716537476 -0.054185956716537476 -0.054185956716537476 -0.054185956716537476 -0.054185956716537476 -0.054185956716537476 -0.054185956716537476 -0.054185956716537476 -0.054185956716537476 -0.0021115578711032867 -0.004927592817693949 -0.0036565272603183985 -0.0036451583728194237 -0.002990358741953969 -0.0020504905842244625 -0.001073810737580061 -0.00173016800545156 -0.0014935905346646905 -0.0014501441037282348 -0.0002810426813084632
-0.020690811797976494 -0.020690811797976494 -0.020690811797976494 -0.020690811797976494 -0.020690811797976494 -0.020690811797976494 -0.020690811797976494 -0.020690811797976494 -0.020690811797976494 -0.020690811797976494 -0.020690811797976494 -0.020690811797976494 -0.020690811797976494 -0.020690811797976494 -0.020690811797976494 -0.020690811797976494 -0.020690811797976494 -0.020690811797976494 -0.020690811797976494 -0.020690811797976494 -0.020690811797976494 -0.020690811797976494 -0.020690811797976494 -0.020690811797976494 -0.020690811797976494 -0.020690811797976494 -0.020690811797976494 -0.020690811797976494 -0.020690811797976494 -0.020690811797976494 -0.0021115578711032867 -0.004927592817693949 -0.0036565272603183985 -0.0036451583728194237 -0.002990358741953969 -0.0020504905842244625 -0.0021935561671853065 -0.00173016800545156 -0.0014935905346646905 -0.0014501441037282348 -0.0002810426813084632
-0.019370628520846367 -0.019370628520846367 -0.019370628520846367 -0.019370628520846367 -0.019370628520846367 -0.019370628520846367 -0.019370628520846367 -0.019370628520846367 -0.019370628520846367 -0.019370628520846367 -0.019370628520846367 -0.019370628520846367 -0.019370628520846367 -0.019370628520846367 -0.019370628520846367 -0.019370628520846367 -0.019370628520846367 -0.019370628520846367 -0.019370628520846367 -0.019370628520846367 -0.019370628520846367 -0.019370628520846367 -0.019370628520846367 -0.019370628520846367 -0.019370628520846367 -0.019370628520846367 -0.019370628520846367 -0.019370628520846367 -0.019370628520846367 -0.019370628520846367 -0.006719053722918034 -0.004927592817693949 -0.0036565272603183985 -0.0036451583728194237 -0.002990358741953969 -0.0024812661577016115 -0.0021935561671853065 -0.002002311171963811 -0.0015697585185989738 -0.0015142576303333044 -0.0002810426813084632
-0.01706777699291706 -0.01706777699291706 -0.01706777699291706 -0.01706777699291706 -0.01706777699291706 -0.01706777699291706 -0.01706777699291706 -0.01706777699291706 -0.01706777699291706 -0.01706777699291706 -0.01706777699291706 -0.01706777699291706 -0.01706777699291706 -0.01706777699291706 -0.01706777699291706 -0.01706777699291706 -0.01706777699291706 -0.01706777699291706 -0.01706777699291706 -0.01706777699291706 -0.01706777699291706 -0.01706777699291706 -0.01706777699291706 -0.01706777699291706 -0.01706777699291706 -0.01706777699291706 -0.01706777699291706 -0.01706777699291706 -0.01706777699291706 -0.01706777699291706 -0.0021115578711032867 -0.004927592817693949 -0.0036565272603183985 -0.0036451583728194237 -0.002990358741953969 -0.0020504905842244625 -0.0021935561671853065 -0.00173016800545156 -0.0014935905346646905 -0.0014501441037282348 -0.0002810426813084632
-0.010554410517215729 -0.010554410517215729 -0.010554410517215729 -0.010554410517215729 -0.010554410517215729 -0.010554410517215729 -0.010554410517215729 -0.010554410517215729 -0.010554410517215729 -0.010554410517215729 -0.010554410517215729 -0.010554410517215729 -0.010554410517215729 -0.010554410517215729 -0.010554410517215729 -0.010554410517215729 -0.010554410517215729 -0.010554410517215729 -0.010554410517215729 -0.010554410517215729 -0.010554410517215729 -0.010554410517215729 -0.010554410517215729 -0.010554410517215729 -0.010554410517215729 -0.010554410517215729 -0.010554410517215729 -0.010554410517215729 -0.010554410517215729 -0.010554410517215729 -0.006719053722918034 -0.005291888490319252 -0.0036565272603183985 -0.003860123222693801 -0.003271251218393445 -0.0024812661577016115 -0.0021935561671853065 -0.002002311171963811 -0.0015697585185989738 -0.0015142576303333044 -0.0002810426813084632
-0.007142449729144573 -0.007142449729144573 -0.007142449729144573 -0.007142449729144573 -0.007142449729144573 -0.007142449729144573 -0.007142449729144573 -0.007142449729144573 -0.007142449729144573 -0.007142449729144573 -0.007142449729144573 -0.007142449729144573 -0.007142449729144573 -0.007142449729144573 -0.007142449729144573 -0.007142449729144573 -0.007142449729144573 -0.007142449729144573 -0.007142449729144573 -0.007142449729144573 -0.007142449729144573 -0.007142449729144573 -0.007142449729144573 -0.007142449729144573 -0.007142449729144573 -0.007142449729144573 -0.007142449729144573 -0.007142449729144573 -0.007142449729144573 -0.007142449729144573 -0.0021115578711032867 -0.004927592817693949 -0.0036565272603183985 -0.0036451583728194237 -0.002990358741953969 -0.0020504905842244625 -0.001073810737580061 -0.00173016800545156 -0.0014935905346646905 -0.0014501441037282348 -0.0002810426813084632
-0.005440166685730219 -0.005440166685730219 -0.005440166685730219 -0.005440166685730219 -0.005440166685730219 -0.005440166685730219 -0.005440166685730219 -0.005440166685730219 -0.005440166685730219 -0.005440166685730219 -0.005440166685730219 -0.005440166685730219 -0.005440166685730219 -0.005440166685730219 -0.005440166685730219 -0.005440166685730219 -0.005440166685730219 -0.005440166685730219 -0.005440166685730219 -0.005440166685730219 -0.005440166685730219 -0.005440166685730219 -0.005440166685730219 -0.005440166685730219 -0.005440166685730219 -0.005440166685730219 -0.005440166685730219 -0.005440166685730219 -0.005440166685730219 -0.005440166685730219 -0.0021115578711032867 -0.004927592817693949 -0.0048660533502697945 -0.0036451583728194237 -0.002990358741953969 -0.0020504905842244625 -0.001073810737580061 -0.00173016800545156 -0.0014935905346646905 -0.0014501441037282348 -0.0002810426813084632
-0.003998737782239914 -0.003998737782239914 -0.003998737782239914 -0.003998737782239914 -0.003998737782239914 -0.003998737782239914 -0.003998737782239914 -0.003998737782239914 -0.003998737782239914 -0.003998737782239914 -0.003998737782239914 -0.003998737782239914 -0.003998737782239914 -0.003998737782239914 -0.003998737782239914 -0.003998737782239914 -0.003998737782239914 -0.003998737782239914 -0.003998737782239914 -0.003998737782239914 -0.003998737782239914 -0.003998737782239914 -0.003998737782239914 -0.003998737782239914 -0.003998737782239914 -0.003998737782239914 -0.003998737782239914 -0.003998737782239914 -0.003998737782239914 -0.003998737782239914 -0.003998737782239914 -0.003998737782239914 -0.0036565272603183985 -0.003860123222693801 -0.003271251218393445 -0.0024812661577016115 -0.001073810737580061 -0.002002311171963811 -0.0014935905346646905 -0.0014501441037282348 -0.0002810426813084632
-0.0021474992390722036 -0.0021474992390722036 -0.0021474992390722036 -0.0021474992390722036 -0.0021474992390722036 -0.0021474992390722036 -0.0021474992390722036 -0.0021474992390722036 -0.0021474992390722036 -0.0021474992390722036 -0.0021474992390722036 -0.0021474992390722036 -0.0021474992390722036 -0.0021474992390722036 -0.0021474992390722036 -0.0021474992390722036 -0.0021474992390722036 -0.0021474992390722036 -0.0021474992390722036 -0.0021474992390722036 -0.0021474992390722036 -0.0021474992390722036 -0.0021474992390722036 -0.0021474992390722036 -0.0021474992390722036 -0.0021474992390722036 -0.0021474992390722036 -0.0021474992390722036 -0.0021474992390722036 -0.0021474992390722036 -0.0021474992390722036 -0.0021474992390722036 -0.0021474992390722036 -0.0021474992390722036 -0.0021474992390722036 -0.0021474992390722036 -0.0021474992390722036 -0.002002311171963811 -0.0015697585185989738 -0.0015142576303333044 -0.0002810426813084632
-0.0013983335811644793 -0.0013983335811644793 -0.0013983335811644793 -0.0013983335811644793 -0.0013983335811644793 -0.0013983335811644793 -0.0013983335811644793 -0.0013983335811644793 -0.0013983335811644793 -0.0013983335811644793 -0.0013983335811644793 -0.0013983335811644793 -0.0013983335811644793 -0.0013983335811644793 -0.0013983335811644793 -0.0013983335811644793 -0.0013983335811644793 -0.0013983335811644793 -0.0013983335811644793 -0.0013983335811644793 -0.0013983335811644793 -0.0013983335811644793 -0.0013983335811644793 -0.0013983335811644793 -0.0013983335811644793 -0.0013983335811644793 -0.0013983335811644793 -0.0013983335811644793 -0.0013983335811644793 -0.0013983335811644793 -0.0013983335811644793 -0.0013983335811644793 -0.0013983335811644793 -0.0013983335811644793 -0.0013983335811644793 -0.0013983335811644793 -0.0013983335811644793 -0.0013983335811644793 -0.0013983335811644793 -0.0013983335811644793 -0.0002810426813084632
-0.001360844587907195 -0.001360844587907195 -0.001360844587907195 -0.001360844587907195 -0.001360844587907195 -0.001360844587907195 -0.001360844587907195 -0.001360844587907195 -0.001360844587907195 -0.001360844587907195 -0.001360844587907195 -0.001360844587907195 -0.001360844587907195 -0.001360844587907195 -0.001360844587907195 -0.001360844587907195 -0.001360844587907195 -0.001360844587907195 -0.001360844587907195 -0.001360844587907195 -0.001360844587907195 -0.001360844587907195 -0.001360844587907195 -0.001360844587907195 -0.001360844587907195 -0.001360844587907195 -0.001360844587907195 -0.001360844587907195 -0.001360844587907195 -0.001360844587907195 -0.001360844587907195 -0.001360844587907195 -0.001360844587907195 -0.001360844587907195 -0.001360844587907195 -0.001360844587907195 -0.001360844587907195 -0.001360844587907195 -0.001360844587907195 -0.001360844587907195 -0.0002810426813084632
-0.0013595217606052756 -0.0013595217606052756 -0.0013595217606052756 -0.0013595217606052756 -0.0013595217606052756 -0.0013595217606052756 -0.0013595217606052756 -0.0013595217606052756 -0.0013595217606052756 -0.0013595217606052756 -0.0013595217606052756 -0.0013595217606052756 -0.0013595217606052756 -0.0013595217606052756 -0.0013595217606052756 -0.0013595217606052756 -0.0013595217606052756 -0.0013595217606052756 -0.0013595217606052756 -0.0013595217606052756 -0.0013595217606052756 -0.0013595217606052756 -0.0013595217606052756 -0.0013595217606052756 -0.0013595217606052756 -0.0013595217606052756 -0.0013595217606052756 -0.0013595217606052756 -0.0013595217606052756 -0.0013595217606052756 -0.0013595217606052756 -0.0013595217606052756 -0.0013595217606052756 -0.0013595217606052756 -0.0013595217606052756 -0.0013595217606052756 -0.0013595217606052756 -0.0013595217606052756 -0.0013595217606052756 -0.0013595217606052756 -0.0002810426813084632