-0.5672623515129089 -0.540635883808136 -0.4813940227031708 -0.15014219284057617 -0.15014219284057617 -0.23135621845722198 -0.11140314489603043 -0.2673846483230591 -0.2673846483230591 -0.23135621845722198 -0.27162888646125793 -0.15014219284057617 -0.15014219284057617 -0.15014219284057617 -0.11140314489603043 -0.15014219284057617 -0.15014219284057617 -0.11574030667543411 -0.11140314489603043 -0.11140314489603043 -0.11140314489603043 -0.11140314489603043 -0.14827632904052734 -0.11140314489603043 -0.12295447289943695 -0.11440322548151016 -0.10330824553966522 -0.08327828347682953 -0.07100258767604828 -0.057324305176734924 -0.0021115578711032867 -0.004927592817693949 -0.0036565272603183985 -0.0036451583728194237 -0.002990358741953969 -0.0020504905842244625 -0.001073810737580061 -0.00173016800545156 -0.0014935905346646905 -0.0014501441037282348 -0.0002810426813084632
-0.41082775592803955 -0.540635883808136 -0.4813940227031708 -0.15014219284057617 -0.15014219284057617 -0.23135621845722198 -0.11140314489603043 -0.2673846483230591 -0.2673846483230591 -0.23135621845722198 -0.28055116534233093 -0.15014219284057617 -0.15014219284057617 -0.15014219284057617 -0.11140314489603043 -0.15014219284057617 -0.15014219284057617 -0.11574030667543411 -0.11140314489603043 -0.11140314489603043 -0.11140314489603043 -0.11140314489603043 -0.14827632904052734 -0.11140314489603043 -0.12295447289943695 -0.11440322548151016 -0.10330824553966522 -0.08327828347682953 -0.07100258767604828 -0.057324305176734924 -0.0021115578711032867 -0.004927592817693949 -0.0048660533502697945 -0.0036451583728194237 -0.002990358741953969 -0.0020504905842244625 -0.001073810737580061 -0.00173016800545156 -0.0014935905346646905 -0.0014501441037282348 -0.0002810426813084632
-0.5450852513313293 -0.540635883808136 -0.4813940227031708 -0.15014219284057617 -0.15014219284057617 -0.23135621845722198 -0.11140314489603043 -0.2673846483230591 -0.2673846483230591 -0.23135621845722198 -0.28055116534233093 -0.15014219284057617 -0.15014219284057617 -0.15014219284057617 -0.11140314489603043 -0.15014219284057617 -0.15014219284057617 -0.11574030667543411 -0.11140314489603043 -0.11140314489603043 -0.11140314489603043 -0.11140314489603043 -0.14827632904052734 -0.11140314489603043 -0.12295447289943695 -0.11440322548151016 -0.10330824553966522 -0.08327828347682953 -0.07100258767604828 -0.057324305176734924 -0.0021115578711032867 -0.004927592817693949 -0.0048660533502697945 -0.0036451583728194237 -0.002990358741953969 -0.0020504905842244625 -0.001073810737580061 -0.00173016800545156 -0.0014935905346646905 -0.0014501441037282348 -0.0002810426813084632
-0.41082775592803955 -0.4390336871147156 -0.4390336871147156 -0.15014219284057617 -0.15014219284057617 -0.23135621845722198 -0.11140314489603043 -0.2673846483230591 -0.2673846483230591 -0.23135621845722198 -0.28055116534233093 -0.15014219284057617 -0.15014219284057617 -0.15014219284057617 -0.11140314489603043 -0.15014219284057617 -0.15014219284057617 -0.11574030667543411 -0.11140314489603043 -0.11140314489603043 -0.11140314489603043 -0.11140314489603043 -0.14827632904052734 -0.11140314489603043 -0.12295447289943695 -0.11440322548151016 -0.10504858195781708 -0.08327828347682953 -0.07100258767604828 -0.057324305176734924 -0.0021115578711032867 -0.004927592817693949 -0.0048660533502697945 -0.0036451583728194237 -0.002990358741953969 -0.0020504905842244625 -0.001073810737580061 -0.00173016800545156 -0.0014935905346646905 -0.0014501441037282348 -0.0002810426813084632
-0.41082775592803955 -0.4234939217567444 -0.4234939217567444 -0.15014219284057617 -0.15014219284057617 -0.23135621845722198 -0.15963749587535858 -0.2673846483230591 -0.2673846483230591 -0.23135621845722198 -0.28055116534233093 -0.15014219284057617 -0.15014219284057617 -0.15014219284057617 -0.15963749587535858 -0.15014219284057617 -0.15014219284057617 -0.11574030667543411 -0.15963749587535858 -0.11870801448822021 -0.15963749587535858 -0.15963749587535858 -0.14827632904052734 -0.15005972981452942 -0.12295447289943695 -0.11440322548151016 -0.10504858195781708 -0.08327828347682953 -0.07100258767604828 -0.057324305176734924 -0.0021115578711032867 -0.004927592817693949 -0.0036565272603183985 -0.0036451583728194237 -0.002990358741953969 -0.0020504905842244625 -0.001073810737580061 -0.00173016800545156 -0.0014935905346646905 -0.0014501441037282348 -0.0002810426813084632
-0.15014219284057617 -0.15014219284057617 -0.15014219284057617 -0.30899786949157715 -0.3077261447906494 -0.15014219284057617 -0.11140314489603043 -0.15014219284057617 -0.15014219284057617 -0.15014219284057617 -0.15014219284057617 -0.26465466618537903 -0.2426358461380005 -0.2353917360305786 -0.11140314489603043 -0.21133172512054443 -0.21133172512054443 -0.11574030667543411 -0.11140314489603043 -0.11140314489603043 -0.11140314489603043 -0.11140314489603043 -0.14827632904052734 -0.11140314489603043 -0.12295447289943695 -0.11440322548151016 -0.10330824553966522 -0.08327828347682953 -0.07100258767604828 -0.057324305176734924 -0.0021115578711032867 -0.004927592817693949 -0.0036565272603183985 -0.0036451583728194237 -0.002990358741953969 -0.0020504905842244625 -0.001073810737580061 -0.00173016800545156 -0.0014935905346646905 -0.0014501441037282348 -0.00032089839805848897
-0.15014219284057617 -0.15014219284057617 -0.15014219284057617 -0.30899786949157715 -0.3077261447906494 -0.15014219284057617 -0.11140314489603043 -0.15014219284057617 -0.15014219284057617 -0.15014219284057617 -0.15014219284057617 -0.26465466618537903 -0.2426358461380005 -0.2353917360305786 -0.11140314489603043 -0.21133172512054443 -0.21133172512054443 -0.11574030667543411 -0.11140314489603043 -0.11140314489603043 -0.11140314489603043 -0.11140314489603043 -0.14827632904052734 -0.11140314489603043 -0.12295447289943695 -0.11440322548151016 -0.10330824553966522 -0.08327828347682953 -0.07100258767604828 -0.057324305176734924 -0.0021115578711032867 -0.004927592817693949 -0.0036565272603183985 -0.0036451583728194237 -0.002990358741953969 -0.0020504905842244625 -0.001073810737580061 -0.00173016800545156 -0.0014935905346646905 -0.0014501441037282348 -0.00032089839805848897
-0.15014219284057617 -0.15014219284057617 -0.15014219284057617 -0.30899786949157715 -0.3077261447906494 -0.15014219284057617 -0.11140314489603043 -0.15014219284057617 -0.15014219284057617 -0.15014219284057617 -0.15014219284057617 -0.2053440511226654 -0.2426358461380005 -0.2353917360305786 -0.11140314489603043 -0.21133172512054443 -0.21133172512054443 -0.11574030667543411 -0.11140314489603043 -0.11140314489603043 -0.11140314489603043 -0.11140314489603043 -0.14827632904052734 -0.11140314489603043 -0.12295447289943695 -0.11440322548151016 -0.10330824553966522 -0.08327828347682953 -0.07100258767604828 -0.057324305176734924 -0.0021115578711032867 -0.004927592817693949 -0.0036565272603183985 -0.0036451583728194237 -0.002990358741953969 -0.0020504905842244625 -0.001073810737580061 -0.00173016800545156 -0.0014935905346646905 -0.0014501441037282348 -0.00032089839805848897
-0.3959192931652069 -0.3959192931652069 -0.3959192931652069 -0.15014219284057617 -0.15014219284057617 -0.23135621845722198 -0.15963749587535858 -0.2673846483230591 -0.2673846483230591 -0.23135621845722198 -0.28055116534233093 -0.15014219284057617 -0.15014219284057617 -0.15014219284057617 -0.15963749587535858 -0.15014219284057617 -0.15014219284057617 -0.11574030667543411 -0.15963749587535858 -0.11870801448822021 -0.15963749587535858 -0.15963749587535858 -0.14827632904052734 -0.15005972981452942 -0.12295447289943695 -0.11440322548151016 -0.10504858195781708 -0.08327828347682953 -0.07100258767604828 -0.057324305176734924 -0.0021115578711032867 -0.004927592817693949 -0.0048660533502697945 -0.0036451583728194237 -0.002990358741953969 -0.0020504905842244625 -0.001073810737580061 -0.00173016800545156 -0.0014935905346646905 -0.0014501441037282348 -0.0002810426813084632
-0.15014219284057617 -0.15014219284057617 -0.15014219284057617 -0.30899786949157715 -0.3077261447906494 -0.15014219284057617 -0.11140314489603043 -0.15014219284057617 -0.15014219284057617 -0.15014219284057617 -0.15014219284057617 -0.2053440511226654 -0.2426358461380005 -0.2353917360305786 -0.11140314489603043 -0.21133172512054443 -0.21133172512054443 -0.11574030667543411 -0.11140314489603043 -0.11140314489603043 -0.11140314489603043 -0.11140314489603043 -0.14827632904052734 -0.11140314489603043 -0.12295447289943695 -0.11440322548151016 -0.10330824553966522 -0.08327828347682953 -0.07100258767604828 -0.057324305176734924 -0.0021115578711032867 -0.004927592817693949 -0.0036565272603183985 -0.0036451583728194237 -0.002990358741953969 -0.0020504905842244625 -0.001073810737580061 -0.00173016800545156 -0.0014935905346646905 -0.0014501441037282348 -0.00032089839805848897
-0.15014219284057617 -0.15014219284057617 -0.15014219284057617 -0.30899786949157715 -0.3077261447906494 -0.15014219284057617 -0.11140314489603043 -0.15014219284057617 -0.15014219284057617 -0.15014219284057617 -0.15014219284057617 -0.2053440511226654 -0.2426358461380005 -0.2353917360305786 -0.11140314489603043 -0.21133172512054443 -0.21133172512054443 -0.11574030667543411 -0.11140314489603043 -0.11140314489603043 -0.11140314489603043 -0.11140314489603043 -0.14827632904052734 -0.11140314489603043 -0.12295447289943695 -0.11440322548151016 -0.10330824553966522 -0.08327828347682953 -0.07100258767604828 -0.057324305176734924 -0.0021115578711032867 -0.004927592817693949 -0.0036565272603183985 -0.0036451583728194237 -0.002990358741953969 -0.0020504905842244625 -0.001073810737580061 -0.00173016800545156 -0.0014935905346646905 -0.0014501441037282348 -0.00032089839805848897
-0.36418938636779785 -0.36418938636779785 -0.36418938636779785 -0.15014219284057617 -0.15014219284057617 -0.23135621845722198 -0.11140314489603043 -0.2673846483230591 -0.2673846483230591 -0.23135621845722198 -0.28055116534233093 -0.15014219284057617 -0.15014219284057617 -0.15014219284057617 -0.11140314489603043 -0.15014219284057617 -0.15014219284057617 -0.11574030667543411 -0.11140314489603043 -0.11140314489603043 -0.11140314489603043 -0.11140314489603043 -0.14827632904052734 -0.11140314489603043 -0.12295447289943695 -0.11440322548151016 -0.10330824553966522 -0.08327828347682953 -0.07100258767604828 -0.057324305176734924 -0.0021115578711032867 -0.004927592817693949 -0.0048660533502697945 -0.0036451583728194237 -0.002990358741953969 -0.0020504905842244625 -0.001073810737580061 -0.00173016800545156 -0.0014935905346646905 -0.0014501441037282348 -0.0002810426813084632
-0.23135621845722198 -0.23135621845722198 -0.23135621845722198 -0.15014219284057617 -0.15014219284057617 -0.2734315097332001 -0.2997679114341736 -0.23135621845722198 -0.23135621845722198 -0.2734315097332001 -0.23135621845722198 -0.15014219284057617 -0.15014219284057617 -0.15014219284057617 -0.22692687809467316 -0.15014219284057617 -0.15014219284057617 -0.11574030667543411 -0.18440662324428558 -0.16848623752593994 -0.16529521346092224 -0.16494475305080414 -0.15131965279579163 -0.13456568121910095 -0.12295447289943695 -0.11440322548151016 -0.10330824553966522 -0.08327828347682953 -0.07100258767604828 -0.057324305176734924 -0.0021115578711032867 -0.004927592817693949 -0.0036565272603183985 -0.0036451583728194237 -0.002990358741953969 -0.0020504905842244625 -0.001073810737580061 -0.00173016800545156 -0.0014935905346646905 -0.0014501441037282348 -0.0002810426813084632
-0.23135621845722198 -0.23135621845722198 -0.23135621845722198 -0.15014219284057617 -0.15014219284057617 -0.2734315097332001 -0.2997679114341736 -0.23135621845722198 -0.23135621845722198 -0.2734315097332001 -0.23135621845722198 -0.15014219284057617 -0.15014219284057617 -0.15014219284057617 -0.22692687809467316 -0.15014219284057617 -0.15014219284057617 -0.11574030667543411 -0.18440662324428558 -0.11870801448822021 -0.16529521346092224 -0.16494475305080414 -0.15131965279579163 -0.15005972981452942 -0.12295447289943695 -0.11440322548151016 -0.10330824553966522 -0.08327828347682953 -0.07100258767604828 -0.057324305176734924 -0.0021115578711032867 -0.004927592817693949 -0.0036565272603183985 -0.0036451583728194237 -0.002990358741953969 -0.0020504905842244625 -0.001073810737580061 -0.00173016800545156 -0.0014935905346646905 -0.0014501441037282348 -0.0002810426813084632
-0.23135621845722198 -0.23135621845722198 -0.23135621845722198 -0.15014219284057617 -0.15014219284057617 -0.2734315097332001 -0.2997679114341736 -0.23135621845722198 -0.23135621845722198 -0.2734315097332001 -0.23135621845722198 -0.15014219284057617 -0.15014219284057617 -0.15014219284057617 -0.22692687809467316 -0.15014219284057617 -0.15014219284057617 -0.11574030667543411 -0.18440662324428558 -0.11870801448822021 -0.16529521346092224 -0.16494475305080414 -0.15131965279579163 -0.15005972981452942 -0.12295447289943695 -0.11440322548151016 -0.10330824553966522 -0.08327828347682953 -0.07100258767604828 -0.057324305176734924 -0.0021115578711032867 -0.004927592817693949 -0.0036565272603183985 -0.0036451583728194237 -0.002990358741953969 -0.0020504905842244625 -0.001073810737580061 -0.00173016800545156 -0.0014935905346646905 -0.0014501441037282348 -0.0002810426813084632
-0.23135621845722198 -0.23135621845722198 -0.23135621845722198 -0.15014219284057617 -0.15014219284057617 -0.23135621845722198 -0.2997679114341736 -0.23135621845722198 -0.23135621845722198 -0.23135621845722198 -0.23135621845722198 -0.15014219284057617 -0.15014219284057617 -0.15014219284057617 -0.22692687809467316 -0.15014219284057617 -0.15014219284057617 -0.11574030667543411 -0.18440662324428558 -0.11870801448822021 -0.16529521346092224 -0.16494475305080414 -0.14827632904052734 -0.15005972981452942 -0.12295447289943695 -0.11440322548151016 -0.10504858195781708 -0.08327828347682953 -0.07100258767604828 -0.057324305176734924 -0.0021115578711032867 -0.004927592817693949 -0.0036565272603183985 -0.0036451583728194237 -0.002990358741953969 -0.0020504905842244625 -0.001073810737580061 -0.00173016800545156 -0.0014935905346646905 -0.0014501441037282348 -0.0002810426813084632
-0.15014219284057617 -0.15014219284057617 -0.15014219284057617 -0.30899786949157715 -0.3077261447906494 -0.15014219284057617 -0.11140314489603043 -0.15014219284057617 -0.15014219284057617 -0.15014219284057617 -0.15014219284057617 -0.2053440511226654 -0.2426358461380005 -0.2353917360305786 -0.11140314489603043 -0.21133172512054443 -0.21133172512054443 -0.11574030667543411 -0.11140314489603043 -0.11140314489603043 -0.11140314489603043 -0.11140314489603043 -0.14827632904052734 -0.11140314489603043 -0.13264356553554535 -0.11440322548151016 -0.10330824553966522 -0.08327828347682953 -0.07100258767604828 -0.057324305176734924 -0.0021115578711032867 -0.004927592817693949 -0.0036565272603183985 -0.0036451583728194237 -0.002990358741953969 -0.0020504905842244625 -0.001073810737580061 -0.00173016800545156 -0.0014935905346646905 -0.0014501441037282348 -0.00032089839805848897
-0.23135621845722198 -0.23135621845722198 -0.23135621845722198 -0.15014219284057617 -0.15014219284057617 -0.3010440468788147 -0.11140314489603043 -0.23135621845722198 -0.23135621845722198 -0.28523412346839905 -0.23135621845722198 -0.15014219284057617 -0.15014219284057617 -0.15014219284057617 -0.11140314489603043 -0.15014219284057617 -0.15014219284057617 -0.11574030667543411 -0.11140314489603043 -0.11140314489603043 -0.11140314489603043 -0.11140314489603043 -0.14827632904052734 -0.11140314489603043 -0.12295447289943695 -0.13072046637535095 -0.10330824553966522 -0.08327828347682953 -0.07100258767604828 -0.057324305176734924 -0.0021115578711032867 -0.004927592817693949 -0.0036565272603183985 -0.0036451583728194237 -0.002990358741953969 -0.0020504905842244625 -0.001073810737580061 -0.00173016800545156 -0.0014935905346646905 -0.0014501441037282348 -0.0002810426813084632
-0.15014219284057617 -0.15014219284057617 -0.15014219284057617 -0.29613935947418213 -0.29613935947418213 -0.15014219284057617 -0.11140314489603043 -0.15014219284057617 -0.15014219284057617 -0.15014219284057617 -0.15014219284057617 -0.26465466618537903 -0.2426358461380005 -0.21553868055343628 -0.11140314489603043 -0.21996909379959106 -0.21996909379959106 -0.11574030667543411 -0.11140314489603043 -0.11140314489603043 -0.11140314489603043 -0.11140314489603043 -0.14827632904052734 -0.11140314489603043 -0.12295447289943695 -0.11440322548151016 -0.10330824553966522 -0.08327828347682953 -0.07100258767604828 -0.057324305176734924 -0.006719053722918034 -0.005291888490319252 -0.0036565272603183985 -0.003860123222693801 -0.003271251218393445 -0.0024812661577016115 -0.001073810737580061 -0.002002311171963811 -0.0014935905346646905 -0.0014501441037282348 -0.0002810426813084632
-0.23135621845722198 -0.23135621845722198 -0.23135621845722198 -0.15014219284057617 -0.15014219284057617 -0.29310670495033264 -0.11870801448822021 -0.23135621845722198 -0.23135621845722198 -0.28523412346839905 -0.23135621845722198 -0.15014219284057617 -0.15014219284057617 -0.15014219284057617 -0.11870801448822021 -0.15014219284057617 -0.15014219284057617 -0.11574030667543411 -0.11870801448822021 -0.11870801448822021 -0.11870801448822021 -0.11870801448822021 -0.14827632904052734 -0.11870801448822021 -0.12295447289943695 -0.13072046637535095 -0.10330824553966522 -0.08327828347682953 -0.07100258767604828 -0.057324305176734924 -0.0021115578711032867 -0.004927592817693949 -0.0036565272603183985 -0.0036451583728194237 -0.002990358741953969 -0.0020504905842244625 -0.001073810737580061 -0.00173016800545156 -0.0014935905346646905 -0.0014501441037282348 -0.0002810426813084632
-0.23135621845722198 -0.23135621845722198 -0.23135621845722198 -0.27256616950035095 -0.27256616950035095 -0.23135621845722198 -0.11140314489603043 -0.23135621845722198 -0.23135621845722198 -0.23135621845722198 -0.23135621845722198 -0.26465466618537903 -0.2426358461380005 -0.21553868055343628 -0.11140314489603043 -0.22202779352664948 -0.22136190533638 -0.1883522868156433 -0.11140314489603043 -0.11140314489603043 -0.11140314489603043 -0.11140314489603043 -0.14827632904052734 -0.11140314489603043 -0.12295447289943695 -0.11440322548151016 -0.10330824553966522 -0.08327828347682953 -0.07100258767604828 -0.057324305176734924 -0.006719053722918034 -0.004927592817693949 -0.0036565272603183985 -0.0036451583728194237 -0.002990358741953969 -0.0024812661577016115 -0.001073810737580061 -0.002002311171963811 -0.0014935905346646905 -0.0014501441037282348 -0.0002810426813084632
-0.15014219284057617 -0.15014219284057617 -0.15014219284057617 -0.24513974785804749 -0.24513974785804749 -0.15014219284057617 -0.11870801448822021 -0.15014219284057617 -0.15014219284057617 -0.15014219284057617 -0.15014219284057617 -0.2053440511226654 -0.2426358461380005 -0.2353917360305786 -0.11870801448822021 -0.21133172512054443 -0.21133172512054443 -0.11574030667543411 -0.11870801448822021 -0.16848623752593994 -0.11870801448822021 -0.11870801448822021 -0.14827632904052734 -0.11870801448822021 -0.13264356553554535 -0.11440322548151016 -0.10330824553966522 -0.10362999886274338 -0.07414674013853073 -0.06844377517700195 -0.0021115578711032867 -0.004927592817693949 -0.0036565272603183985 -0.0036451583728194237 -0.002990358741953969 -0.0020504905842244625 -0.001073810737580061 -0.00173016800545156 -0.0014935905346646905 -0.0014501441037282348 -0.00032089839805848897
-0.23135621845722198 -0.23135621845722198 -0.23135621845722198 -0.15014219284057617 -0.15014219284057617 -0.23135621845722198 -0.2446269541978836 -0.23135621845722198 -0.23135621845722198 -0.23135621845722198 -0.23135621845722198 -0.15014219284057617 -0.15014219284057617 -0.15014219284057617 -0.22692687809467316 -0.15014219284057617 -0.15014219284057617 -0.11574030667543411 -0.15963749587535858 -0.11870801448822021 -0.15963749587535858 -0.1634272187948227 -0.14827632904052734 -0.15005972981452942 -0.12295447289943695 -0.11440322548151016 -0.10504858195781708 -0.08327828347682953 -0.07100258767604828 -0.057324305176734924 -0.0021115578711032867 -0.004927592817693949 -0.0036565272603183985 -0.0036451583728194237 -0.002990358741953969 -0.0020504905842244625 -0.001073810737580061 -0.00173016800545156 -0.0014935905346646905 -0.0014501441037282348 -0.0002810426813084632
-0.24165035784244537 -0.24165035784244537 -0.24165035784244537 -0.15014219284057617 -0.15014219284057617 -0.24165035784244537 -0.11140314489603043 -0.24165035784244537 -0.24165035784244537 -0.24165035784244537 -0.24165035784244537 -0.15014219284057617 -0.15014219284057617 -0.15014219284057617 -0.11140314489603043 -0.15014219284057617 -0.15014219284057617 -0.11574030667543411 -0.11140314489603043 -0.11140314489603043 -0.11140314489603043 -0.11140314489603043 -0.14827632904052734 -0.11140314489603043 -0.12295447289943695 -0.11440322548151016 -0.10330824553966522 -0.08327828347682953 -0.07100258767604828 -0.057324305176734924 -0.0021115578711032867 -0.004927592817693949 -0.0036565272603183985 -0.0036451583728194237 -0.002990358741953969 -0.0020504905842244625 -0.001073810737580061 -0.00173016800545156 -0.0014935905346646905 -0.0014501441037282348 -0.0002810426813084632
-0.2413385510444641 -0.2413385510444641 -0.2413385510444641 -0.15014219284057617 -0.15014219284057617 -0.23135621845722198 -0.2413385510444641 -0.2413385510444641 -0.2413385510444641 -0.23135621845722198 -0.2413385510444641 -0.15014219284057617 -0.15014219284057617 -0.15014219284057617 -0.22692687809467316 -0.15014219284057617 -0.15014219284057617 -0.11574030667543411 -0.15963749587535858 -0.11870801448822021 -0.15963749587535858 -0.1634272187948227 -0.14827632904052734 -0.15005972981452942 -0.12295447289943695 -0.11440322548151016 -0.10504858195781708 -0.08327828347682953 -0.07100258767604828 -0.057324305176734924 -0.0021115578711032867 -0.004927592817693949 -0.0036565272603183985 -0.0036451583728194237 -0.002990358741953969 -0.0020504905842244625 -0.001073810737580061 -0.00173016800545156 -0.0014935905346646905 -0.0014501441037282348 -0.0002810426813084632
-0.2158622145652771 -0.2158622145652771 -0.2158622145652771 -0.15014219284057617 -0.15014219284057617 -0.2158622145652771 -0.2158622145652771 -0.2158622145652771 -0.2158622145652771 -0.2158622145652771 -0.2158622145652771 -0.15014219284057617 -0.15014219284057617 -0.15014219284057617 -0.2158622145652771 -0.15014219284057617 -0.15014219284057617 -0.11574030667543411 -0.18440662324428558 -0.16848623752593994 -0.16529521346092224 -0.16494475305080414 -0.15131965279579163 -0.13456568121910095 -0.12295447289943695 -0.11440322548151016 -0.10330824553966522 -0.10362999886274338 -0.07100258767604828 -0.057324305176734924 -0.0021115578711032867 -0.004927592817693949 -0.0036565272603183985 -0.0036451583728194237 -0.002990358741953969 -0.0020504905842244625 -0.001073810737580061 -0.00173016800545156 -0.0014935905346646905 -0.0014501441037282348 -0.0002810426813084632
-0.21294549107551575 -0.21294549107551575 -0.21294549107551575 -0.1707010269165039 -0.1707010269165039 -0.21294549107551575 -0.21294549107551575 -0.21294549107551575 -0.21294549107551575 -0.21294549107551575 -0.21294549107551575 -0.1707010269165039 -0.1707010269165039 -0.1707010269165039 -0.20339733362197876 -0.1707010269165039 -0.1707010269165039 -0.11574030667543411 -0.18440662324428558 -0.16848623752593994 -0.16529521346092224 -0.16494475305080414 -0.15131965279579163 -0.13456568121910095 -0.13264356553554535 -0.11440322548151016 -0.10330824553966522 -0.10362999886274338 -0.07414674013853073 -0.06844377517700195 -0.0021115578711032867 -0.004927592817693949 -0.0036565272603183985 -0.0036451583728194237 -0.002990358741953969 -0.0020504905842244625 -0.001073810737580061 -0.00173016800545156 -0.0014935905346646905 -0.0014501441037282348 -0.0002810426813084632
-0.19027040898799896 -0.19027040898799896 -0.19027040898799896 -0.19027040898799896 -0.19027040898799896 -0.19027040898799896 -0.15963749587535858 -0.19027040898799896 -0.19027040898799896 -0.19027040898799896 -0.19027040898799896 -0.19027040898799896 -0.19027040898799896 -0.19027040898799896 -0.15963749587535858 -0.19027040898799896 -0.19027040898799896 -0.11574030667543411 -0.15963749587535858 -0.16848623752593994 -0.15963749587535858 -0.15963749587535858 -0.15131965279579163 -0.13456568121910095 -0.13264356553554535 -0.11440322548151016 -0.10330824553966522 -0.10362999886274338 -0.07414674013853073 -0.06844377517700195 -0.0021115578711032867 -0.004927592817693949 -0.0036565272603183985 -0.0036451583728194237 -0.002990358741953969 -0.0020504905842244625 -0.001073810737580061 -0.00173016800545156 -0.0014935905346646905 -0.0014501441037282348 -0.0002810426813084632
-0.1894124448299408 -0.1894124448299408 -0.1894124448299408 -0.15014219284057617 -0.15014219284057617 -0.1894124448299408 -0.1894124448299408 -0.1894124448299408 -0.1894124448299408 -0.1894124448299408 -0.1894124448299408 -0.15014219284057617 -0.15014219284057617 -0.15014219284057617 -0.1894124448299408 -0.15014219284057617 -0.15014219284057617 -0.11574030667543411 -0.18440662324428558 -0.16848623752593994 -0.16529521346092224 -0.16494475305080414 -0.15131965279579163 -0.13456568121910095 -0.12295447289943695 -0.11440322548151016 -0.10330824553966522 -0.08327828347682953 -0.07100258767604828 -0.057324305176734924 -0.0021115578711032867 -0.004927592817693949 -0.0036565272603183985 -0.0036451583728194237 -0.002990358741953969 -0.0020504905842244625 -0.001073810737580061 -0.00173016800545156 -0.0014935905346646905 -0.0014501441037282348 -0.0002810426813084632
-0.18842558562755585 -0.18842558562755585 -0.18842558562755585 -0.15014219284057617 -0.15014219284057617 -0.18842558562755585 -0.18842558562755585 -0.18842558562755585 -0.18842558562755585 -0.18842558562755585 -0.18842558562755585 -0.15014219284057617 -0.15014219284057617 -0.15014219284057617 -0.18842558562755585 -0.15014219284057617 -0.15014219284057617 -0.11574030667543411 -0.18440662324428558 -0.16848623752593994 -0.16529521346092224 -0.16494475305080414 -0.15131965279579163 -0.13456568121910095 -0.12295447289943695 -0.11440322548151016 -0.10330824553966522 -0.10362999886274338 -0.07100258767604828 -0.06844377517700195 -0.0021115578711032867 -0.004927592817693949 -0.0036565272603183985 -0.0036451583728194237 -0.002990358741953969 -0.0020504905842244625 -0.001073810737580061 -0.00173016800545156 -0.0014935905346646905 -0.0014501441037282348 -0.0002810426813084632
-0.17950142920017242 -0.17950142920017242 -0.17950142920017242 -0.1707010269165039 -0.1707010269165039 -0.17950142920017242 -0.11140314489603043 -0.17950142920017242 -0.17950142920017242 -0.17950142920017242 -0.17950142920017242 -0.17950142920017242 -0.17950142920017242 -0.1707010269165039 -0.11140314489603043 -0.17950142920017242 -0.17950142920017242 -0.17950142920017242 -0.11140314489603043 -0.11140314489603043 -0.11140314489603043 -0.11140314489603043 -0.14827632904052734 -0.11140314489603043 -0.12295447289943695 -0.13072046637535095 -0.10330824553966522 -0.08327828347682953 -0.07100258767604828 -0.057324305176734924 -0.006719053722918034 -0.004927592817693949 -0.0036565272603183985 -0.0036451583728194237 -0.002990358741953969 -0.0024812661577016115 -0.0021935561671853065 -0.002002311171963811 -0.0015697585185989738 -0.0015142576303333044 -0.0002810426813084632
-0.17884650826454163 -0.17884650826454163 -0.17884650826454163 -0.15014219284057617 -0.15014219284057617 -0.17884650826454163 -0.17884650826454163 -0.17884650826454163 -0.17884650826454163 -0.17884650826454163 -0.17884650826454163 -0.15014219284057617 -0.15014219284057617 -0.15014219284057617 -0.17884650826454163 -0.15014219284057617 -0.15014219284057617 -0.11574030667543411 -0.15963749587535858 -0.11870801448822021 -0.15963749587535858 -0.1634272187948227 -0.14827632904052734 -0.15005972981452942 -0.12295447289943695 -0.11440322548151016 -0.10504858195781708 -0.08327828347682953 -0.07100258767604828 -0.057324305176734924 -0.0021115578711032867 -0.004927592817693949 -0.0036565272603183985 -0.0036451583728194237 -0.002990358741953969 -0.0020504905842244625 -0.001073810737580061 -0.00173016800545156 -0.0014935905346646905 -0.0014501441037282348 -0.0002810426813084632
-0.17866407334804535 -0.17866407334804535 -0.17866407334804535 -0.1707010269165039 -0.1707010269165039 -0.17866407334804535 -0.11140314489603043 -0.17866407334804535 -0.17866407334804535 -0.17866407334804535 -0.17866407334804535 -0.17866407334804535 -0.17866407334804535 -0.1707010269165039 -0.11140314489603043 -0.17866407334804535 -0.17866407334804535 -0.17866407334804535 -0.11140314489603043 -0.11140314489603043 -0.11140314489603043 -0.11140314489603043 -0.14827632904052734 -0.11140314489603043 -0.12295447289943695 -0.13072046637535095 -0.10330824553966522 -0.08327828347682953 -0.07100258767604828 -0.057324305176734924 -0.006719053722918034 -0.004927592817693949 -0.0036565272603183985 -0.0036451583728194237 -0.002990358741953969 -0.0024812661577016115 -0.0021935561671853065 -0.002002311171963811 -0.0015697585185989738 -0.0015142576303333044 -0.0002810426813084632
-0.17798691987991333 -0.17798691987991333 -0.17798691987991333 -0.15014219284057617 -0.15014219284057617 -0.17798691987991333 -0.17798691987991333 -0.17798691987991333 -0.17798691987991333 -0.17798691987991333 -0.17798691987991333 -0.15014219284057617 -0.15014219284057617 -0.15014219284057617 -0.17798691987991333 -0.15014219284057617 -0.15014219284057617 -0.11574030667543411 -0.17798691987991333 -0.16848623752593994 -0.16529521346092224 -0.16494475305080414 -0.15131965279579163 -0.13456568121910095 -0.12295447289943695 -0.11440322548151016 -0.10330824553966522 -0.10362999886274338 -0.07414674013853073 -0.06844377517700195 -0.0021115578711032867 -0.004927592817693949 -0.0036565272603183985 -0.0036451583728194237 -0.002990358741953969 -0.0020504905842244625 -0.001073810737580061 -0.00173016800545156 -0.0014935905346646905 -0.0014501441037282348 -0.0002810426813084632
-0.16792267560958862 -0.16792267560958862 -0.16792267560958862 -0.16792267560958862 -0.16792267560958862 -0.16792267560958862 -0.15963749587535858 -0.16792267560958862 -0.16792267560958862 -0.16792267560958862 -0.16792267560958862 -0.16792267560958862 -0.16792267560958862 -0.16792267560958862 -0.15963749587535858 -0.16792267560958862 -0.16792267560958862 -0.11574030667543411 -0.16792267560958862 -0.16792267560958862 -0.16490817070007324 -0.15963749587535858 -0.15131965279579163 -0.13456568121910095 -0.13264356553554535 -0.11440322548151016 -0.10330824553966522 -0.10362999886274338 -0.07414674013853073 -0.06844377517700195 -0.0021115578711032867 -0.004927592817693949 -0.0036565272603183985 -0.0036451583728194237 -0.002990358741953969 -0.0020504905842244625 -0.001073810737580061 -0.00173016800545156 -0.0014935905346646905 -0.0014501441037282348 -0.0002810426813084632
-0.09443574398756027 -0.09443574398756027 -0.09443574398756027 -0.09443574398756027 -0.09443574398756027 -0.09443574398756027 -0.09443574398756027 -0.09443574398756027 -0.09443574398756027 -0.09443574398756027 -0.09443574398756027 -0.09443574398756027 -0.09443574398756027 -0.09443574398756027 -0.09443574398756027 -0.09443574398756027 -0.09443574398756027 -0.09443574398756027 -0.09443574398756027 -0.09443574398756027 -0.09443574398756027 -0.09443574398756027 -0.09443574398756027 -0.09443574398756027 -0.09443574398756027 -0.09443574398756027 -0.09443574398756027 -0.08327828347682953 -0.07100258767604828 -0.057324305176734924 -0.0021115578711032867 -0.004927592817693949 -0.0036565272603183985 -0.0036451583728194237 -0.002990358741953969 -0.0020504905842244625 -0.0021935561671853065 -0.00173016800545156 -0.0014935905346646905 -0.0014501441037282348 -0.0002810426813084632
-0.09327024966478348 -0.09327024966478348 -0.09327024966478348 -0.09327024966478348 -0.09327024966478348 -0.09327024966478348 -0.09327024966478348 -0.09327024966478348 -0.09327024966478348 -0.09327024966478348 -0.09327024966478348 -0.09327024966478348 -0.09327024966478348 -0.09327024966478348 -0.09327024966478348 -0.09327024966478348 -0.09327024966478348 -0.09327024966478348 -0.09327024966478348 -0.09327024966478348 -0.09327024966478348 -0.09327024966478348 -0.09327024966478348 -0.09327024966478348 -0.09327024966478348 -0.09327024966478348 -0.09327024966478348 -0.08327828347682953 -0.07100258767604828 -0.057324305176734924 -0.0021115578711032867 -0.004927592817693949 -0.0036565272603183985 -0.0036451583728194237 -0.002990358741953969 -0.0020504905842244625 -0.0021935561671853065 -0.00173016800545156 -0.0014935905346646905 -0.0014501441037282348 -0.0002810426813084632
-0.06874362379312515 -0.06874362379312515 -0.06874362379312515 -0.06874362379312515 -0.06874362379312515 -0.06874362379312515 -0.06874362379312515 -0.06874362379312515 -0.06874362379312515 -0.06874362379312515 -0.06874362379312515 -0.06874362379312515 -0.06874362379312515 -0.06874362379312515 -0.06874362379312515 -0.06874362379312515 -0.06874362379312515 -0.06874362379312515 -0.06874362379312515 -0.06874362379312515 -0.06874362379312515 -0.06874362379312515 -0.06874362379312515 -0.06874362379312515 -0.06874362379312515 -0.06874362379312515 -0.06874362379312515 -0.06874362379312515 -0.06874362379312515 -0.057324305176734924 -0.0021115578711032867 -0.004927592817693949 -0.0036565272603183985 -0.0036451583728194237 -0.002990358741953969 -0.0020504905842244625 -0.001073810737580061 -0.00173016800545156 -0.0014935905346646905 -0.0014501441037282348 -0.0002810426813084632
-0.03513892740011215 -0.03513892740011215 -0.03513892740011215 -0.03513892740011215 -0.03513892740011215 -0.03513892740011215 -0.03513892740011215 -0.03513892740011215 -0.03513892740011215 -0.03513892740011215 -0.03513892740011215 -0.03513892740011215 -0.03513892740011215 -0.03513892740011215 -0.03513892740011215 -0.03513892740011215 -0.03513892740011215 -0.03513892740011215 -0.03513892740011215 -0.03513892740011215 -0.03513892740011215 -0.03513892740011215 -0.03513892740011215 -0.03513892740011215 -0.03513892740011215 -0.03513892740011215 -0.03513892740011215 -0.03513892740011215 -0.03513892740011215 -0.03513892740011215 -0.0021115578711032867 -0.004927592817693949 -0.0048660533502697945 -0.0036451583728194237 -0.002990358741953969 -0.0020504905842244625 -0.001073810737580061 -0.00173016800545156 -0.0014935905346646905 -0.0014501441037282348 -0.0002810426813084632
-0.0030503857415169477 -0.0030503857415169477 -0.0030503857415169477 -0.0030503857415169477 -0.0030503857415169477 -0.0030503857415169477 -0.0030503857415169477 -0.0030503857415169477 -0.0030503857415169477 -0.0030503857415169477 -0.0030503857415169477 -0.0030503857415169477 -0.0030503857415169477 -0.0030503857415169477 -0.0030503857415169477 -0.0030503857415169477 -0.0030503857415169477 -0.0030503857415169477 -0.0030503857415169477 -0.0030503857415169477 -0.0030503857415169477 -0.0030503857415169477 -0.0030503857415169477 -0.0030503857415169477 -0.0030503857415169477 -0.0030503857415169477 -0.0030503857415169477 -0.0030503857415169477 -0.0030503857415169477 -0.0030503857415169477 -0.0030503857415169477 -0.0030503857415169477 -0.0030503857415169477 -0.0030503857415169477 -0.0030503857415169477 -0.0024812661577016115 -0.001073810737580061 -0.00173016800545156 -0.0014935905346646905 -0.0014501441037282348 -0.0002810426813084632
-0.003002873854711652 -0.003002873854711652 -0.003002873854711652 -0.003002873854711652 -0.003002873854711652 -0.003002873854711652 -0.003002873854711652 -0.003002873854711652 -0.003002873854711652 -0.003002873854711652 -0.003002873854711652 -0.003002873854711652 -0.003002873854711652 -0.003002873854711652 -0.003002873854711652 -0.003002873854711652 -0.003002873854711652 -0.003002873854711652 -0.003002873854711652 -0.003002873854711652 -0.003002873854711652 -0.003002873854711652 -0.003002873854711652 -0.003002873854711652 -0.003002873854711652 -0.003002873854711652 -0.003002873854711652 -0.003002873854711652 -0.003002873854711652 -0.003002873854711652 -0.0021115578711032867 -0.003002873854711652 -0.003002873854711652 -0.003002873854711652 -0.002990358741953969 -0.0020504905842244625 -0.001073810737580061 -0.00173016800545156 -0.0014935905346646905 -0.0014501441037282348 -0.0002810426813084632
-0.0020055174827575684 -0.0020055174827575684 -0.0020055174827575684 -0.0020055174827575684 -0.0020055174827575684 -0.0020055174827575684 -0.0020055174827575684 -0.0020055174827575684 -0.0020055174827575684 -0.0020055174827575684 -0.0020055174827575684 -0.0020055174827575684 -0.0020055174827575684 -0.0020055174827575684 -0.0020055174827575684 -0.0020055174827575684 -0.0020055174827575684 -0.0020055174827575684 -0.0020055174827575684 -0.0020055174827575684 -0.0020055174827575684 -0.0020055174827575684 -0.0020055174827575684 -0.0020055174827575684 -0.0020055174827575684 -0.0020055174827575684 -0.0020055174827575684 -0.0020055174827575684 -0.0020055174827575684 -0.0020055174827575684 -0.0020055174827575684 -0.0020055174827575684 -0.0020055174827575684 -0.0020055174827575684 -0.0020055174827575684 -0.0020055174827575684 -0.001073810737580061 -0.002002311171963811 -0.0015697585185989738 -0.0015142576303333044 -0.0002810426813084632
-0.0012844307348132133 -0.0012844307348132133 -0.0012844307348132133 -0.0012844307348132133 -0.0012844307348132133 -0.0012844307348132133 -0.0012844307348132133 -0.0012844307348132133 -0.0012844307348132133 -0.0012844307348132133 -0.0012844307348132133 -0.0012844307348132133 -0.0012844307348132133 -0.0012844307348132133 -0.0012844307348132133 -0.0012844307348132133 -0.0012844307348132133 -0.0012844307348132133 -0.0012844307348132133 -0.0012844307348132133 -0.0012844307348132133 -0.0012844307348132133 -0.0012844307348132133 -0.0012844307348132133 -0.0012844307348132133 -0.0012844307348132133 -0.0012844307348132133 -0.0012844307348132133 -0.0012844307348132133 -0.0012844307348132133 -0.0012844307348132133 -0.0012844307348132133 -0.0012844307348132133 -0.0012844307348132133 -0.0012844307348132133 -0.0012844307348132133 -0.0012844307348132133 -0.0012844307348132133 -0.0012844307348132133 -0.0012844307348132133 -0.0002810426813084632
-0.001263063633814454 -0.001263063633814454 -0.001263063633814454 -0.001263063633814454 -0.001263063633814454 -0.001263063633814454 -0.001263063633814454 -0.001263063633814454 -0.001263063633814454 -0.001263063633814454 -0.001263063633814454 -0.001263063633814454 -0.001263063633814454 -0.001263063633814454 -0.001263063633814454 -0.001263063633814454 -0.001263063633814454 -0.001263063633814454 -0.001263063633814454 -0.001263063633814454 -0.001263063633814454 -0.001263063633814454 -0.001263063633814454 -0.001263063633814454 -0.001263063633814454 -0.001263063633814454 -0.001263063633814454 -0.001263063633814454 -0.001263063633814454 -0.001263063633814454 -0.001263063633814454 -0.001263063633814454 -0.001263063633814454 -0.001263063633814454 -0.001263063633814454 -0.001263063633814454 -0.001073810737580061 -0.001263063633814454 -0.001263063633814454 -0.001263063633814454 -0.00032089839805848897
-0.001152997137978673 -0.001152997137978673 -0.001152997137978673 -0.001152997137978673 -0.001152997137978673 -0.001152997137978673 -0.001152997137978673 -0.001152997137978673 -0.001152997137978673 -0.001152997137978673 -0.001152997137978673 -0.001152997137978673 -0.001152997137978673 -0.001152997137978673 -0.001152997137978673 -0.001152997137978673 -0.001152997137978673 -0.001152997137978673 -0.001152997137978673 -0.001152997137978673 -0.001152997137978673 -0.001152997137978673 -0.001152997137978673 -0.001152997137978673 -0.001152997137978673 -0.001152997137978673 -0.001152997137978673 -0.001152997137978673 -0.001152997137978673 -0.001152997137978673 -0.001152997137978673 -0.001152997137978673 -0.001152997137978673 -0.001152997137978673 -0.001152997137978673 -0.001152997137978673 -0.001073810737580061 -0.001152997137978673 -0.001152997137978673 -0.001152997137978673 -0.00032089839805848897
-0.0011325725354254246 -0.0011325725354254246 -0.0011325725354254246 -0.0011325725354254246 -0.0011325725354254246 -0.0011325725354254246 -0.0011325725354254246 -0.0011325725354254246 -0.0011325725354254246 -0.0011325725354254246 -0.0011325725354254246 -0.0011325725354254246 -0.0011325725354254246 -0.0011325725354254246 -0.0011325725354254246 -0.0011325725354254246 -0.0011325725354254246 -0.0011325725354254246 -0.0011325725354254246 -0.0011325725354254246 -0.0011325725354254246 -0.0011325725354254246 -0.0011325725354254246 -0.0011325725354254246 -0.0011325725354254246 -0.0011325725354254246 -0.0011325725354254246 -0.0011325725354254246 -0.0011325725354254246 -0.0011325725354254246 -0.0011325725354254246 -0.0011325725354254246 -0.0011325725354254246 -0.0011325725354254246 -0.0011325725354254246 -0.0011325725354254246 -0.0011325725354254246 -0.0011325725354254246 -0.0011325725354254246 -0.0011325725354254246 -0.0002810426813084632
-0.0011140882270410657 -0.0011140882270410657 -0.0011140882270410657 -0.0011140882270410657 -0.0011140882270410657 -0.0011140882270410657 -0.0011140882270410657 -0.0011140882270410657 -0.0011140882270410657 -0.0011140882270410657 -0.0011140882270410657 -0.0011140882270410657 -0.0011140882270410657 -0.0011140882270410657 -0.0011140882270410657 -0.0011140882270410657 -0.0011140882270410657 -0.0011140882270410657 -0.0011140882270410657 -0.0011140882270410657 -0.0011140882270410657 -0.0011140882270410657 -0.0011140882270410657 -0.0011140882270410657 -0.0011140882270410657 -0.0011140882270410657 -0.0011140882270410657 -0.0011140882270410657 -0.0011140882270410657 -0.0011140882270410657 -0.0011140882270410657 -0.0011140882270410657 -0.0011140882270410657 -0.0011140882270410657 -0.0011140882270410657 -0.0011140882270410657 -0.001073810737580061 -0.0011140882270410657 -0.0011140882270410657 -0.0011140882270410657 -0.00032089839805848897
-0.0011011005844920874 -0.0011011005844920874 -0.0011011005844920874 -0.0011011005844920874 -0.0011011005844920874 -0.0011011005844920874 -0.0011011005844920874 -0.0011011005844920874 -0.0011011005844920874 -0.0011011005844920874 -0.0011011005844920874 -0.0011011005844920874 -0.0011011005844920874 -0.0011011005844920874 -0.0011011005844920874 -0.0011011005844920874 -0.0011011005844920874 -0.0011011005844920874 -0.0011011005844920874 -0.0011011005844920874 -0.0011011005844920874 -0.0011011005844920874 -0.0011011005844920874 -0.0011011005844920874 -0.0011011005844920874 -0.0011011005844920874 -0.0011011005844920874 -0.0011011005844920874 -0.0011011005844920874 -0.0011011005844920874 -0.0011011005844920874 -0.0011011005844920874 -0.0011011005844920874 -0.0011011005844920874 -0.0011011005844920874 -0.0011011005844920874 -0.001073810737580061 -0.0011011005844920874 -0.0011011005844920874 -0.0011011005844920874 -0.00032089839805848897
-0.0010723596205934882 -0.0010723596205934882 -0.0010723596205934882 -0.0010723596205934882 -0.0010723596205934882 -0.0010723596205934882 -0.0010723596205934882 -0.0010723596205934882 -0.0010723596205934882 -0.0010723596205934882 -0.0010723596205934882 -0.0010723596205934882 -0.0010723596205934882 -0.0010723596205934882 -0.0010723596205934882 -0.0010723596205934882 -0.0010723596205934882 -0.0010723596205934882 -0.0010723596205934882 -0.0010723596205934882 -0.0010723596205934882 -0.0010723596205934882 -0.0010723596205934882 -0.0010723596205934882 -0.0010723596205934882 -0.0010723596205934882 -0.0010723596205934882 -0.0010723596205934882 -0.0010723596205934882 -0.0010723596205934882 -0.0010723596205934882 -0.0010723596205934882 -0.0010723596205934882 -0.0010723596205934882 -0.0010723596205934882 -0.0010723596205934882 -0.0010723596205934882 -0.0010723596205934882 -0.0010723596205934882 -0.0010723596205934882 -0.00032089839805848897
-0.0007883887737989426 -0.0007883887737989426 -0.0007883887737989426 -0.0007883887737989426 -0.0007883887737989426 -0.0007883887737989426 -0.0007883887737989426 -0.0007883887737989426 -0.0007883887737989426 -0.0007883887737989426 -0.0007883887737989426 -0.0007883887737989426 -0.0007883887737989426 -0.0007883887737989426 -0.0007883887737989426 -0.0007883887737989426 -0.0007883887737989426 -0.0007883887737989426 -0.0007883887737989426 -0.0007883887737989426 -0.0007883887737989426 -0.0007883887737989426 -0.0007883887737989426 -0.0007883887737989426 -0.0007883887737989426 -0.0007883887737989426 -0.0007883887737989426 -0.0007883887737989426 -0.0007883887737989426 -0.0007883887737989426 -0.0007883887737989426 -0.0007883887737989426 -0.0007883887737989426 -0.0007883887737989426 -0.0007883887737989426 -0.0007883887737989426 -0.0007883887737989426 -0.0007883887737989426 -0.0007883887737989426 -0.0007883887737989426 -0.0002810426813084632
-0.000782817485742271 -0.000782817485742271 -0.000782817485742271 -0.000782817485742271 -0.000782817485742271 -0.000782817485742271 -0.000782817485742271 -0.000782817485742271 -0.000782817485742271 -0.000782817485742271 -0.000782817485742271 -0.000782817485742271 -0.000782817485742271 -0.000782817485742271 -0.000782817485742271 -0.000782817485742271 -0.000782817485742271 -0.000782817485742271 -0.000782817485742271 -0.000782817485742271 -0.000782817485742271 -0.000782817485742271 -0.000782817485742271 -0.000782817485742271 -0.000782817485742271 -0.000782817485742271 -0.000782817485742271 -0.000782817485742271 -0.000782817485742271 -0.000782817485742271 -0.000782817485742271 -0.000782817485742271 -0.000782817485742271 -0.000782817485742271 -0.000782817485742271 -0.000782817485742271 -0.000782817485742271 -0.000782817485742271 -0.000782817485742271 -0.000782817485742271 -0.0002810426813084632
-0.0007333061657845974 -0.0007333061657845974 -0.0007333061657845974 -0.0007333061657845974 -0.0007333061657845974 -0.0007333061657845974 -0.0007333061657845974 -0.0007333061657845974 -0.0007333061657845974 -0.0007333061657845974 -0.0007333061657845974 -0.0007333061657845974 -0.0007333061657845974 -0.0007333061657845974 -0.0007333061657845974 -0.0007333061657845974 -0.0007333061657845974 -0.0007333061657845974 -0.0007333061657845974 -0.0007333061657845974 -0.0007333061657845974 -0.0007333061657845974 -0.0007333061657845974 -0.0007333061657845974 -0.0007333061657845974 -0.0007333061657845974 -0.0007333061657845974 -0.0007333061657845974 -0.0007333061657845974 -0.0007333061657845974 -0.0007333061657845974 -0.0007333061657845974 -0.0007333061657845974 -0.0007333061657845974 -0.0007333061657845974 -0.0007333061657845974 -0.0007333061657845974 -0.0007333061657845974 -0.0007333061657845974 -0.0007333061657845974 -0.0002810426813084632