-0.5566901564598083 -0.52729731798172 -0.4656822681427002 -0.13870640099048615 -0.11909510940313339 -0.11909510940313339 -0.24309398233890533 -0.24309398233890533 -0.13870640099048615 -0.2878563404083252 -0.13870640099048615 -0.11909510940313339 -0.11909510940313339 -0.11909510940313339 -0.13870640099048615 -0.13870640099048615 -0.13870640099048615 -0.11909510940313339 -0.13870640099048615 -0.11909510940313339 -0.11909510940313339 -0.137908473610878 -0.17015136778354645 -0.11909510940313339 -0.1490073800086975 -0.11909510940313339 -0.13909131288528442 -0.09469714760780334 -0.0958484560251236 -0.097232885658741 -0.06503166258335114 -0.01744312047958374 -0.003064436838030815 -0.004268617369234562 -0.0026078352238982916 -0.0032423590309917927 -0.003440634813159704 -0.0025670339819043875 -0.002427223604172468 -0.0023635639809072018 -0.0020986662711948156 -0.0014561560237780213 -0.0014561560237780213 -0.0014561560237780213 -0.0011018209625035524 -0.0011018209625035524 -0.0009636748000048101 -0.00025940098566934466
-0.5556856393814087 -0.4649922549724579 -0.4649922549724579 -0.13870640099048615 -0.11909510940313339 -0.11909510940313339 -0.24309398233890533 -0.24309398233890533 -0.13870640099048615 -0.2878563404083252 -0.13870640099048615 -0.11909510940313339 -0.11909510940313339 -0.11909510940313339 -0.13870640099048615 -0.13870640099048615 -0.13870640099048615 -0.11909510940313339 -0.13870640099048615 -0.11909510940313339 -0.11909510940313339 -0.137908473610878 -0.17015136778354645 -0.11909510940313339 -0.1490073800086975 -0.11909510940313339 -0.13909131288528442 -0.09469714760780334 -0.0958484560251236 -0.097232885658741 -0.06503166258335114 -0.01744312047958374 -0.003064436838030815 -0.004268617369234562 -0.0026078352238982916 -0.0032423590309917927 -0.003440634813159704 -0.0025670339819043875 -0.002427223604172468 -0.0023635639809072018 -0.0020986662711948156 -0.0014561560237780213 -0.0014561560237780213 -0.0014561560237780213 -0.0011018209625035524 -0.0011018209625035524 -0.0009636748000048101 -0.00025940098566934466
-0.5219770669937134 -0.5219770669937134 -0.4656822681427002 -0.13870640099048615 -0.11909510940313339 -0.11909510940313339 -0.24309398233890533 -0.24309398233890533 -0.13870640099048615 -0.2878563404083252 -0.13870640099048615 -0.11909510940313339 -0.11909510940313339 -0.11909510940313339 -0.13870640099048615 -0.13870640099048615 -0.13870640099048615 -0.11909510940313339 -0.13870640099048615 -0.11909510940313339 -0.11909510940313339 -0.137908473610878 -0.17526650428771973 -0.11909510940313339 -0.1490073800086975 -0.11909510940313339 -0.13923507928848267 -0.09469714760780334 -0.0958484560251236 -0.097232885658741 -0.06503166258335114 -0.01744312047958374 -0.003064436838030815 -0.004268617369234562 -0.004095420707017183 -0.0032423590309917927 -0.003440634813159704 -0.0025670339819043875 -0.002427223604172468 -0.0023635639809072018 -0.0020986662711948156 -0.0014561560237780213 -0.0014561560237780213 -0.0014561560237780213 -0.0011018209625035524 -0.0011018209625035524 -0.0009636748000048101 -0.00025940098566934466
-0.5212392210960388 -0.5212392210960388 -0.4656822681427002 -0.13870640099048615 -0.11909510940313339 -0.11909510940313339 -0.24309398233890533 -0.24309398233890533 -0.13870640099048615 -0.2878563404083252 -0.13870640099048615 -0.11909510940313339 -0.11909510940313339 -0.11909510940313339 -0.13870640099048615 -0.13870640099048615 -0.13870640099048615 -0.11909510940313339 -0.13870640099048615 -0.11909510940313339 -0.11909510940313339 -0.137908473610878 -0.17526650428771973 -0.11909510940313339 -0.1490073800086975 -0.11909510940313339 -0.13923507928848267 -0.09469714760780334 -0.0958484560251236 -0.097232885658741 -0.06503166258335114 -0.01744312047958374 -0.003064436838030815 -0.004268617369234562 -0.004095420707017183 -0.0032423590309917927 -0.003440634813159704 -0.0025670339819043875 -0.002427223604172468 -0.0023635639809072018 -0.0020986662711948156 -0.0014561560237780213 -0.0014561560237780213 -0.0014561560237780213 -0.0011018209625035524 -0.0011018209625035524 -0.0009636748000048101 -0.00025940098566934466
-0.3963709771633148 -0.3963709771633148 -0.3963709771633148 -0.20147503912448883 -0.11909510940313339 -0.11909510940313339 -0.24309398233890533 -0.24309398233890533 -0.20147503912448883 -0.2878563404083252 -0.20147503912448883 -0.11909510940313339 -0.11909510940313339 -0.11909510940313339 -0.20147503912448883 -0.2512240707874298 -0.17976684868335724 -0.11909510940313339 -0.20893804728984833 -0.11909510940313339 -0.11909510940313339 -0.137908473610878 -0.17015136778354645 -0.11909510940313339 -0.1490073800086975 -0.11909510940313339 -0.13923507928848267 -0.09469714760780334 -0.0958484560251236 -0.09917137026786804 -0.07352732867002487 -0.01744312047958374 -0.003064436838030815 -0.004268617369234562 -0.0026078352238982916 -0.0032423590309917927 -0.003440634813159704 -0.0025670339819043875 -0.002427223604172468 -0.0023635639809072018 -0.0020986662711948156 -0.0014561560237780213 -0.0014561560237780213 -0.0014561560237780213 -0.0011018209625035524 -0.0011018209625035524 -0.0009636748000048101 -0.00025940098566934466
-0.24309398233890533 -0.24309398233890533 -0.24309398233890533 -0.3596164286136627 -0.11909510940313339 -0.11909510940313339 -0.30066800117492676 -0.26135507225990295 -0.29114797711372375 -0.24309398233890533 -0.28741198778152466 -0.11909510940313339 -0.11909510940313339 -0.11909510940313339 -0.25160935521125793 -0.2512240707874298 -0.23302502930164337 -0.11909510940313339 -0.1996425837278366 -0.11909510940313339 -0.11909510940313339 -0.137908473610878 -0.17015136778354645 -0.11909510940313339 -0.14962300658226013 -0.11909510940313339 -0.13909131288528442 -0.09469714760780334 -0.0958484560251236 -0.097232885658741 -0.06503166258335114 -0.01744312047958374 -0.003064436838030815 -0.004268617369234562 -0.0026078352238982916 -0.0032423590309917927 -0.003440634813159704 -0.0025670339819043875 -0.002427223604172468 -0.0023635639809072018 -0.0020986662711948156 -0.0014561560237780213 -0.0014561560237780213 -0.0014561560237780213 -0.0011018209625035524 -0.0011018209625035524 -0.0009636748000048101 -0.00025940098566934466
-0.24309398233890533 -0.24309398233890533 -0.24309398233890533 -0.34933850169181824 -0.11909510940313339 -0.11909510940313339 -0.30066800117492676 -0.26135507225990295 -0.29114797711372375 -0.24309398233890533 -0.28741198778152466 -0.11909510940313339 -0.11909510940313339 -0.11909510940313339 -0.25160935521125793 -0.2512240707874298 -0.17976684868335724 -0.11909510940313339 -0.1996425837278366 -0.11909510940313339 -0.11909510940313339 -0.137908473610878 -0.17015136778354645 -0.11909510940313339 -0.14962300658226013 -0.11909510940313339 -0.13909131288528442 -0.09469714760780334 -0.0958484560251236 -0.097232885658741 -0.06503166258335114 -0.01744312047958374 -0.003064436838030815 -0.004268617369234562 -0.0026078352238982916 -0.0032423590309917927 -0.003440634813159704 -0.0025670339819043875 -0.002427223604172468 -0.0023635639809072018 -0.0020986662711948156 -0.0014561560237780213 -0.0014561560237780213 -0.0014561560237780213 -0.0011018209625035524 -0.0011018209625035524 -0.0009636748000048101 -0.00025940098566934466
-0.11909510940313339 -0.11909510940313339 -0.11909510940313339 -0.11909510940313339 -0.31714963912963867 -0.3159102201461792 -0.11909510940313339 -0.11909510940313339 -0.11909510940313339 -0.11909510940313339 -0.11909510940313339 -0.28642702102661133 -0.27680912613868713 -0.2759076654911041 -0.11909510940313339 -0.11909510940313339 -0.11909510940313339 -0.2226572036743164 -0.11909510940313339 -0.20645968616008759 -0.18569016456604004 -0.11909510940313339 -0.11909510940313339 -0.12625432014465332 -0.11909510940313339 -0.1347985863685608 -0.11909510940313339 -0.09469714760780334 -0.0958484560251236 -0.097232885658741 -0.06503166258335114 -0.01744312047958374 -0.003064436838030815 -0.004268617369234562 -0.0026078352238982916 -0.0032423590309917927 -0.003440634813159704 -0.0025670339819043875 -0.002427223604172468 -0.0023635639809072018 -0.0020986662711948156 -0.0014561560237780213 -0.0014561560237780213 -0.0014561560237780213 -0.0012635678285732865 -0.0011443827534094453 -0.0010003636125475168 -0.00025940098566934466
-0.11909510940313339 -0.11909510940313339 -0.11909510940313339 -0.11909510940313339 -0.31714963912963867 -0.3159102201461792 -0.11909510940313339 -0.11909510940313339 -0.11909510940313339 -0.11909510940313339 -0.11909510940313339 -0.28642702102661133 -0.27680912613868713 -0.2759076654911041 -0.11909510940313339 -0.11909510940313339 -0.11909510940313339 -0.2226572036743164 -0.11909510940313339 -0.20645968616008759 -0.18569016456604004 -0.11909510940313339 -0.11909510940313339 -0.12625432014465332 -0.11909510940313339 -0.1347985863685608 -0.11909510940313339 -0.09469714760780334 -0.0958484560251236 -0.097232885658741 -0.06503166258335114 -0.01744312047958374 -0.003064436838030815 -0.004268617369234562 -0.0026078352238982916 -0.0032423590309917927 -0.003440634813159704 -0.0025670339819043875 -0.002427223604172468 -0.0023635639809072018 -0.0020986662711948156 -0.0014561560237780213 -0.0014561560237780213 -0.0014561560237780213 -0.0012635678285732865 -0.0011443827534094453 -0.0010003636125475168 -0.00025940098566934466
-0.11909510940313339 -0.11909510940313339 -0.11909510940313339 -0.11909510940313339 -0.31714963912963867 -0.3159102201461792 -0.11909510940313339 -0.11909510940313339 -0.11909510940313339 -0.11909510940313339 -0.11909510940313339 -0.28642702102661133 -0.27680912613868713 -0.2759076654911041 -0.11909510940313339 -0.11909510940313339 -0.11909510940313339 -0.1890641152858734 -0.11909510940313339 -0.20645968616008759 -0.18569016456604004 -0.11909510940313339 -0.11909510940313339 -0.12625432014465332 -0.11909510940313339 -0.1347985863685608 -0.11909510940313339 -0.09469714760780334 -0.0958484560251236 -0.097232885658741 -0.06503166258335114 -0.01744312047958374 -0.003064436838030815 -0.004268617369234562 -0.0026078352238982916 -0.0032423590309917927 -0.003440634813159704 -0.0025670339819043875 -0.002427223604172468 -0.0023635639809072018 -0.0020986662711948156 -0.0014561560237780213 -0.0014561560237780213 -0.0014561560237780213 -0.0012635678285732865 -0.0011443827534094453 -0.0010003636125475168 -0.00025940098566934466
-0.11909510940313339 -0.11909510940313339 -0.11909510940313339 -0.11909510940313339 -0.31714963912963867 -0.3159102201461792 -0.11909510940313339 -0.11909510940313339 -0.11909510940313339 -0.11909510940313339 -0.11909510940313339 -0.28642702102661133 -0.27680912613868713 -0.2759076654911041 -0.11909510940313339 -0.11909510940313339 -0.11909510940313339 -0.1890641152858734 -0.11909510940313339 -0.20645968616008759 -0.18569016456604004 -0.11909510940313339 -0.11909510940313339 -0.12625432014465332 -0.11909510940313339 -0.1347985863685608 -0.11909510940313339 -0.09469714760780334 -0.0958484560251236 -0.097232885658741 -0.06503166258335114 -0.01744312047958374 -0.003064436838030815 -0.004268617369234562 -0.0026078352238982916 -0.0032423590309917927 -0.003440634813159704 -0.0025670339819043875 -0.002427223604172468 -0.0023635639809072018 -0.0020986662711948156 -0.0014561560237780213 -0.0014561560237780213 -0.0014561560237780213 -0.0012635678285732865 -0.0011443827534094453 -0.0010003636125475168 -0.00025940098566934466
-0.11909510940313339 -0.11909510940313339 -0.11909510940313339 -0.11909510940313339 -0.31714963912963867 -0.3159102201461792 -0.11909510940313339 -0.11909510940313339 -0.11909510940313339 -0.11909510940313339 -0.11909510940313339 -0.28642702102661133 -0.27680912613868713 -0.2759076654911041 -0.11909510940313339 -0.11909510940313339 -0.11909510940313339 -0.1890641152858734 -0.11909510940313339 -0.20645968616008759 -0.18569016456604004 -0.11909510940313339 -0.11909510940313339 -0.12625432014465332 -0.11909510940313339 -0.1347985863685608 -0.11909510940313339 -0.09469714760780334 -0.0958484560251236 -0.097232885658741 -0.06503166258335114 -0.01744312047958374 -0.003064436838030815 -0.004268617369234562 -0.0026078352238982916 -0.0032423590309917927 -0.003440634813159704 -0.0025670339819043875 -0.002427223604172468 -0.0023635639809072018 -0.0020986662711948156 -0.0014561560237780213 -0.0014561560237780213 -0.0014561560237780213 -0.0012635678285732865 -0.0011443827534094453 -0.0010003636125475168 -0.00025940098566934466
-0.29417937994003296 -0.29417937994003296 -0.29417937994003296 -0.1996425837278366 -0.11909510940313339 -0.11909510940313339 -0.24309398233890533 -0.24309398233890533 -0.1996425837278366 -0.2878563404083252 -0.1996425837278366 -0.11909510940313339 -0.11909510940313339 -0.11909510940313339 -0.1996425837278366 -0.1996425837278366 -0.17976684868335724 -0.11909510940313339 -0.1996425837278366 -0.11909510940313339 -0.11909510940313339 -0.137908473610878 -0.17526650428771973 -0.11909510940313339 -0.1490073800086975 -0.11909510940313339 -0.13923507928848267 -0.09469714760780334 -0.0958484560251236 -0.09917137026786804 -0.07352732867002487 -0.01744312047958374 -0.003064436838030815 -0.004268617369234562 -0.004095420707017183 -0.0032423590309917927 -0.003440634813159704 -0.0025670339819043875 -0.002427223604172468 -0.0023635639809072018 -0.0020986662711948156 -0.0014561560237780213 -0.0014561560237780213 -0.0014561560237780213 -0.0011018209625035524 -0.0011018209625035524 -0.0009636748000048101 -0.00025940098566934466
-0.24309398233890533 -0.24309398233890533 -0.24309398233890533 -0.17976684868335724 -0.11909510940313339 -0.11909510940313339 -0.2869264483451843 -0.2869264483451843 -0.17976684868335724 -0.24309398233890533 -0.17976684868335724 -0.11909510940313339 -0.11909510940313339 -0.11909510940313339 -0.17976684868335724 -0.17976684868335724 -0.17976684868335724 -0.11909510940313339 -0.17976684868335724 -0.11909510940313339 -0.11909510940313339 -0.137908473610878 -0.17015136778354645 -0.11909510940313339 -0.1490073800086975 -0.11909510940313339 -0.13909131288528442 -0.09469714760780334 -0.10226161777973175 -0.097232885658741 -0.06503166258335114 -0.01744312047958374 -0.003064436838030815 -0.004268617369234562 -0.0026078352238982916 -0.0032423590309917927 -0.003440634813159704 -0.0025670339819043875 -0.002427223604172468 -0.0023635639809072018 -0.0020986662711948156 -0.0014561560237780213 -0.0014561560237780213 -0.0014561560237780213 -0.0011018209625035524 -0.0011018209625035524 -0.0009636748000048101 -0.00025940098566934466
-0.24309398233890533 -0.24309398233890533 -0.24309398233890533 -0.28491273522377014 -0.11909510940313339 -0.11909510940313339 -0.24309398233890533 -0.24309398233890533 -0.28491273522377014 -0.24309398233890533 -0.28491273522377014 -0.11909510940313339 -0.11909510940313339 -0.11909510940313339 -0.25160935521125793 -0.2512240707874298 -0.17976684868335724 -0.11909510940313339 -0.20893804728984833 -0.11909510940313339 -0.11909510940313339 -0.137908473610878 -0.17015136778354645 -0.11909510940313339 -0.1490073800086975 -0.11909510940313339 -0.13909131288528442 -0.09469714760780334 -0.0958484560251236 -0.097232885658741 -0.06503166258335114 -0.01744312047958374 -0.003064436838030815 -0.004268617369234562 -0.0026078352238982916 -0.0032423590309917927 -0.003440634813159704 -0.0025670339819043875 -0.002427223604172468 -0.0023635639809072018 -0.0020986662711948156 -0.0014561560237780213 -0.0014561560237780213 -0.0014561560237780213 -0.0011018209625035524 -0.0011018209625035524 -0.0009636748000048101 -0.00025940098566934466
-0.27173084020614624 -0.27173084020614624 -0.27173084020614624 -0.13870640099048615 -0.11909510940313339 -0.11909510940313339 -0.27173084020614624 -0.27173084020614624 -0.13870640099048615 -0.27173084020614624 -0.13870640099048615 -0.11909510940313339 -0.11909510940313339 -0.11909510940313339 -0.13870640099048615 -0.13870640099048615 -0.13870640099048615 -0.11909510940313339 -0.13870640099048615 -0.11909510940313339 -0.11909510940313339 -0.137908473610878 -0.17015136778354645 -0.11909510940313339 -0.1490073800086975 -0.11909510940313339 -0.13909131288528442 -0.09469714760780334 -0.10226161777973175 -0.097232885658741 -0.06503166258335114 -0.01744312047958374 -0.003064436838030815 -0.004268617369234562 -0.0026078352238982916 -0.0032423590309917927 -0.003440634813159704 -0.0025670339819043875 -0.002427223604172468 -0.0023635639809072018 -0.0020986662711948156 -0.0014561560237780213 -0.0014561560237780213 -0.0014561560237780213 -0.0011018209625035524 -0.0011018209625035524 -0.0009636748000048101 -0.00025940098566934466
-0.24309398233890533 -0.24309398233890533 -0.24309398233890533 -0.27108871936798096 -0.11909510940313339 -0.11909510940313339 -0.24309398233890533 -0.24309398233890533 -0.27108871936798096 -0.24309398233890533 -0.24362193048000336 -0.11909510940313339 -0.11909510940313339 -0.11909510940313339 -0.24362193048000336 -0.2512240707874298 -0.17976684868335724 -0.11909510940313339 -0.20893804728984833 -0.11909510940313339 -0.11909510940313339 -0.137908473610878 -0.17015136778354645 -0.11909510940313339 -0.1490073800086975 -0.11909510940313339 -0.13909131288528442 -0.09469714760780334 -0.0958484560251236 -0.09917137026786804 -0.07352732867002487 -0.01744312047958374 -0.003064436838030815 -0.004268617369234562 -0.0026078352238982916 -0.0032423590309917927 -0.003440634813159704 -0.0025670339819043875 -0.002427223604172468 -0.0023635639809072018 -0.0020986662711948156 -0.0014561560237780213 -0.0014561560237780213 -0.0014561560237780213 -0.0011018209625035524 -0.0011018209625035524 -0.0009636748000048101 -0.00025940098566934466
-0.137908473610878 -0.137908473610878 -0.137908473610878 -0.137908473610878 -0.2555549442768097 -0.2555549442768097 -0.137908473610878 -0.137908473610878 -0.137908473610878 -0.137908473610878 -0.137908473610878 -0.2555549442768097 -0.2555549442768097 -0.2555549442768097 -0.137908473610878 -0.137908473610878 -0.137908473610878 -0.2226572036743164 -0.137908473610878 -0.20645968616008759 -0.18569016456604004 -0.137908473610878 -0.137908473610878 -0.12625432014465332 -0.137908473610878 -0.1347985863685608 -0.137908473610878 -0.1318504363298416 -0.0958484560251236 -0.097232885658741 -0.06503166258335114 -0.01744312047958374 -0.0052572512067854404 -0.004268617369234562 -0.0026078352238982916 -0.0032423590309917927 -0.003440634813159704 -0.002694382332265377 -0.002427223604172468 -0.0023659139405936003 -0.002277260646224022 -0.0014561560237780213 -0.0014561560237780213 -0.0014561560237780213 -0.0011018209625035524 -0.0011018209625035524 -0.0009636748000048101 -0.00025940098566934466
-0.11909510940313339 -0.11909510940313339 -0.11909510940313339 -0.11909510940313339 -0.2330417037010193 -0.2330417037010193 -0.11909510940313339 -0.11909510940313339 -0.11909510940313339 -0.11909510940313339 -0.11909510940313339 -0.2330417037010193 -0.2330417037010193 -0.2330417037010193 -0.11909510940313339 -0.11909510940313339 -0.11909510940313339 -0.1890641152858734 -0.11909510940313339 -0.1890641152858734 -0.19477467238903046 -0.11909510940313339 -0.11909510940313339 -0.12625432014465332 -0.11909510940313339 -0.1347985863685608 -0.11909510940313339 -0.09469714760780334 -0.0958484560251236 -0.097232885658741 -0.06503166258335114 -0.01744312047958374 -0.003064436838030815 -0.004268617369234562 -0.0026078352238982916 -0.0032423590309917927 -0.003440634813159704 -0.0025670339819043875 -0.002427223604172468 -0.0023635639809072018 -0.0020986662711948156 -0.0014561560237780213 -0.0014561560237780213 -0.0014561560237780213 -0.0012635678285732865 -0.0011443827534094453 -0.0010003636125475168 -0.0004603234410751611
-0.11909510940313339 -0.11909510940313339 -0.11909510940313339 -0.11909510940313339 -0.21625451743602753 -0.21625451743602753 -0.11909510940313339 -0.11909510940313339 -0.11909510940313339 -0.11909510940313339 -0.11909510940313339 -0.21625451743602753 -0.21625451743602753 -0.21625451743602753 -0.11909510940313339 -0.11909510940313339 -0.11909510940313339 -0.21625451743602753 -0.11909510940313339 -0.20645968616008759 -0.18569016456604004 -0.11909510940313339 -0.11909510940313339 -0.12625432014465332 -0.11909510940313339 -0.1347985863685608 -0.11909510940313339 -0.09469714760780334 -0.0958484560251236 -0.097232885658741 -0.06503166258335114 -0.01744312047958374 -0.0052572512067854404 -0.004270800389349461 -0.0026078352238982916 -0.003476206911727786 -0.0034637541975826025 -0.002694382332265377 -0.0024585872888565063 -0.0023659139405936003 -0.002277260646224022 -0.0014561560237780213 -0.0014561560237780213 -0.0014561560237780213 -0.0011018209625035524 -0.0011018209625035524 -0.0009636748000048101 -0.00025940098566934466
-0.1986081302165985 -0.1986081302165985 -0.1986081302165985 -0.1986081302165985 -0.11909510940313339 -0.11909510940313339 -0.1986081302165985 -0.1986081302165985 -0.1986081302165985 -0.1986081302165985 -0.1986081302165985 -0.11909510940313339 -0.11909510940313339 -0.11909510940313339 -0.1986081302165985 -0.1986081302165985 -0.1986081302165985 -0.11909510940313339 -0.1986081302165985 -0.11909510940313339 -0.11909510940313339 -0.18234120309352875 -0.17015136778354645 -0.11909510940313339 -0.14962300658226013 -0.11909510940313339 -0.13909131288528442 -0.09469714760780334 -0.0958484560251236 -0.097232885658741 -0.06503166258335114 -0.01744312047958374 -0.003064436838030815 -0.004268617369234562 -0.0026078352238982916 -0.0032423590309917927 -0.003440634813159704 -0.0025670339819043875 -0.002427223604172468 -0.0023635639809072018 -0.0020986662711948156 -0.0014561560237780213 -0.0014561560237780213 -0.0014561560237780213 -0.0011018209625035524 -0.0011018209625035524 -0.0009636748000048101 -0.00025940098566934466
-0.19796359539031982 -0.19796359539031982 -0.19796359539031982 -0.13870640099048615 -0.15420587360858917 -0.15420587360858917 -0.19796359539031982 -0.19796359539031982 -0.13870640099048615 -0.19796359539031982 -0.13870640099048615 -0.15420587360858917 -0.15420587360858917 -0.15420587360858917 -0.13870640099048615 -0.13870640099048615 -0.13870640099048615 -0.1890641152858734 -0.13870640099048615 -0.19796359539031982 -0.15420587360858917 -0.137908473610878 -0.17015136778354645 -0.12625432014465332 -0.1490073800086975 -0.1347985863685608 -0.13909131288528442 -0.1318504363298416 -0.0958484560251236 -0.097232885658741 -0.06503166258335114 -0.02099633403122425 -0.0052572512067854404 -0.004268617369234562 -0.0026078352238982916 -0.0032423590309917927 -0.003440634813159704 -0.002694382332265377 -0.0024585872888565063 -0.0023659139405936003 -0.002277260646224022 -0.0020996173843741417 -0.002099212259054184 -0.0017466580029577017 -0.0011018209625035524 -0.0011018209625035524 -0.0009636748000048101 -0.00025940098566934466
-0.1977408230304718 -0.1977408230304718 -0.1977408230304718 -0.13870640099048615 -0.15420587360858917 -0.15420587360858917 -0.1977408230304718 -0.1977408230304718 -0.13870640099048615 -0.1977408230304718 -0.13870640099048615 -0.15420587360858917 -0.15420587360858917 -0.15420587360858917 -0.13870640099048615 -0.13870640099048615 -0.13870640099048615 -0.1890641152858734 -0.13870640099048615 -0.1890641152858734 -0.15420587360858917 -0.137908473610878 -0.17015136778354645 -0.12625432014465332 -0.1490073800086975 -0.1347985863685608 -0.13909131288528442 -0.1318504363298416 -0.0958484560251236 -0.097232885658741 -0.06503166258335114 -0.02099633403122425 -0.0052572512067854404 -0.004268617369234562 -0.0026078352238982916 -0.0032423590309917927 -0.003440634813159704 -0.002694382332265377 -0.0024585872888565063 -0.0023659139405936003 -0.002277260646224022 -0.0020996173843741417 -0.002099212259054184 -0.0017466580029577017 -0.0011018209625035524 -0.0011018209625035524 -0.0009636748000048101 -0.00025940098566934466
-0.15765830874443054 -0.15765830874443054 -0.15765830874443054 -0.13870640099048615 -0.11909510940313339 -0.11909510940313339 -0.15765830874443054 -0.15765830874443054 -0.13870640099048615 -0.15765830874443054 -0.13870640099048615 -0.11909510940313339 -0.11909510940313339 -0.11909510940313339 -0.13870640099048615 -0.13870640099048615 -0.13870640099048615 -0.11909510940313339 -0.13870640099048615 -0.11909510940313339 -0.11909510940313339 -0.137908473610878 -0.15765830874443054 -0.11909510940313339 -0.1490073800086975 -0.11909510940313339 -0.13923507928848267 -0.09469714760780334 -0.0958484560251236 -0.097232885658741 -0.07352732867002487 -0.01744312047958374 -0.003064436838030815 -0.004268617369234562 -0.004095420707017183 -0.0032423590309917927 -0.003440634813159704 -0.0025670339819043875 -0.002427223604172468 -0.0023635639809072018 -0.0020986662711948156 -0.0014561560237780213 -0.0014561560237780213 -0.0014561560237780213 -0.0011018209625035524 -0.0011018209625035524 -0.0009636748000048101 -0.00025940098566934466
-0.13870640099048615 -0.13870640099048615 -0.13870640099048615 -0.15556135773658752 -0.15556135773658752 -0.15556135773658752 -0.13870640099048615 -0.13870640099048615 -0.15556135773658752 -0.13870640099048615 -0.15556135773658752 -0.15556135773658752 -0.15556135773658752 -0.15556135773658752 -0.15556135773658752 -0.15556135773658752 -0.15556135773658752 -0.15556135773658752 -0.15556135773658752 -0.15556135773658752 -0.15556135773658752 -0.15556135773658752 -0.13870640099048615 -0.15304984152317047 -0.13870640099048615 -0.13998518884181976 -0.13870640099048615 -0.09469714760780334 -0.0958484560251236 -0.097232885658741 -0.06503166258335114 -0.01744312047958374 -0.003064436838030815 -0.004268617369234562 -0.0026078352238982916 -0.0032423590309917927 -0.003440634813159704 -0.0025670339819043875 -0.002427223604172468 -0.0023635639809072018 -0.0020986662711948156 -0.0014561560237780213 -0.0014561560237780213 -0.0014561560237780213 -0.0012635678285732865 -0.0011443827534094453 -0.0009636748000048101 -0.0004603234410751611
-0.13632632791996002 -0.13632632791996002 -0.13632632791996002 -0.13632632791996002 -0.13632632791996002 -0.13632632791996002 -0.13632632791996002 -0.13632632791996002 -0.13632632791996002 -0.13632632791996002 -0.13632632791996002 -0.13632632791996002 -0.13632632791996002 -0.13632632791996002 -0.13632632791996002 -0.13632632791996002 -0.13632632791996002 -0.13632632791996002 -0.13632632791996002 -0.13632632791996002 -0.13632632791996002 -0.13632632791996002 -0.13632632791996002 -0.13632632791996002 -0.13632632791996002 -0.13632632791996002 -0.13632632791996002 -0.09469714760780334 -0.0958484560251236 -0.097232885658741 -0.06503166258335114 -0.01744312047958374 -0.003064436838030815 -0.004268617369234562 -0.0026078352238982916 -0.0032423590309917927 -0.003440634813159704 -0.0025670339819043875 -0.002427223604172468 -0.0023635639809072018 -0.0020986662711948156 -0.0014561560237780213 -0.0014561560237780213 -0.0014561560237780213 -0.0011018209625035524 -0.0011018209625035524 -0.0009636748000048101 -0.0004603234410751611
-0.10087157040834427 -0.10087157040834427 -0.10087157040834427 -0.10087157040834427 -0.10087157040834427 -0.10087157040834427 -0.10087157040834427 -0.10087157040834427 -0.10087157040834427 -0.10087157040834427 -0.10087157040834427 -0.10087157040834427 -0.10087157040834427 -0.10087157040834427 -0.10087157040834427 -0.10087157040834427 -0.10087157040834427 -0.10087157040834427 -0.10087157040834427 -0.10087157040834427 -0.10087157040834427 -0.10087157040834427 -0.10087157040834427 -0.10087157040834427 -0.10087157040834427 -0.10087157040834427 -0.10087157040834427 -0.10087157040834427 -0.10087157040834427 -0.097232885658741 -0.06503166258335114 -0.02099633403122425 -0.003064436838030815 -0.004268617369234562 -0.0026078352238982916 -0.0032423590309917927 -0.003440634813159704 -0.0025670339819043875 -0.002427223604172468 -0.0023635639809072018 -0.0020986662711948156 -0.0020996173843741417 -0.002099212259054184 -0.0015889059286564589 -0.0011018209625035524 -0.0011018209625035524 -0.0009636748000048101 -0.00025940098566934466
-0.09616377204656601 -0.09616377204656601 -0.09616377204656601 -0.09616377204656601 -0.09616377204656601 -0.09616377204656601 -0.09616377204656601 -0.09616377204656601 -0.09616377204656601 -0.09616377204656601 -0.09616377204656601 -0.09616377204656601 -0.09616377204656601 -0.09616377204656601 -0.09616377204656601 -0.09616377204656601 -0.09616377204656601 -0.09616377204656601 -0.09616377204656601 -0.09616377204656601 -0.09616377204656601 -0.09616377204656601 -0.09616377204656601 -0.09616377204656601 -0.09616377204656601 -0.09616377204656601 -0.09616377204656601 -0.09616377204656601 -0.09616377204656601 -0.09616377204656601 -0.06503166258335114 -0.02099633403122425 -0.003064436838030815 -0.004268617369234562 -0.0026078352238982916 -0.0032423590309917927 -0.003440634813159704 -0.0025670339819043875 -0.002427223604172468 -0.0023635639809072018 -0.0020986662711948156 -0.0020966886077076197 -0.0020966886077076197 -0.0015889059286564589 -0.0011018209625035524 -0.0011018209625035524 -0.0009636748000048101 -0.00025940098566934466
-0.07462990283966064 -0.07462990283966064 -0.07462990283966064 -0.07462990283966064 -0.07462990283966064 -0.07462990283966064 -0.07462990283966064 -0.07462990283966064 -0.07462990283966064 -0.07462990283966064 -0.07462990283966064 -0.07462990283966064 -0.07462990283966064 -0.07462990283966064 -0.07462990283966064 -0.07462990283966064 -0.07462990283966064 -0.07462990283966064 -0.07462990283966064 -0.07462990283966064 -0.07462990283966064 -0.07462990283966064 -0.07462990283966064 -0.07462990283966064 -0.07462990283966064 -0.07462990283966064 -0.07462990283966064 -0.07462990283966064 -0.07462990283966064 -0.07462990283966064 -0.06503166258335114 -0.01744312047958374 -0.003064436838030815 -0.004268617369234562 -0.0026078352238982916 -0.0032423590309917927 -0.003440634813159704 -0.0025670339819043875 -0.002427223604172468 -0.0023635639809072018 -0.0020986662711948156 -0.0014561560237780213 -0.0014561560237780213 -0.0014561560237780213 -0.0011018209625035524 -0.0011018209625035524 -0.0009636748000048101 -0.0004603234410751611
-0.07372438907623291 -0.07372438907623291 -0.07372438907623291 -0.07372438907623291 -0.07372438907623291 -0.07372438907623291 -0.07372438907623291 -0.07372438907623291 -0.07372438907623291 -0.07372438907623291 -0.07372438907623291 -0.07372438907623291 -0.07372438907623291 -0.07372438907623291 -0.07372438907623291 -0.07372438907623291 -0.07372438907623291 -0.07372438907623291 -0.07372438907623291 -0.07372438907623291 -0.07372438907623291 -0.07372438907623291 -0.07372438907623291 -0.07372438907623291 -0.07372438907623291 -0.07372438907623291 -0.07372438907623291 -0.07372438907623291 -0.07372438907623291 -0.07372438907623291 -0.07352732867002487 -0.01744312047958374 -0.003064436838030815 -0.004268617369234562 -0.0026078352238982916 -0.0032423590309917927 -0.003440634813159704 -0.0025670339819043875 -0.002427223604172468 -0.0023635639809072018 -0.0020986662711948156 -0.0014561560237780213 -0.0014561560237780213 -0.0014561560237780213 -0.0011018209625035524 -0.0011018209625035524 -0.0009636748000048101 -0.00025940098566934466
-0.04951196536421776 -0.04951196536421776 -0.04951196536421776 -0.04951196536421776 -0.04951196536421776 -0.04951196536421776 -0.04951196536421776 -0.04951196536421776 -0.04951196536421776 -0.04951196536421776 -0.04951196536421776 -0.04951196536421776 -0.04951196536421776 -0.04951196536421776 -0.04951196536421776 -0.04951196536421776 -0.04951196536421776 -0.04951196536421776 -0.04951196536421776 -0.04951196536421776 -0.04951196536421776 -0.04951196536421776 -0.04951196536421776 -0.04951196536421776 -0.04951196536421776 -0.04951196536421776 -0.04951196536421776 -0.04951196536421776 -0.04951196536421776 -0.04951196536421776 -0.04951196536421776 -0.01744312047958374 -0.003064436838030815 -0.004268617369234562 -0.004095420707017183 -0.0032423590309917927 -0.003440634813159704 -0.0025670339819043875 -0.002427223604172468 -0.0023635639809072018 -0.0020986662711948156 -0.0014561560237780213 -0.0014561560237780213 -0.0014561560237780213 -0.0011018209625035524 -0.0011018209625035524 -0.0009636748000048101 -0.00025940098566934466
-0.004614503122866154 -0.004614503122866154 -0.004614503122866154 -0.004614503122866154 -0.004614503122866154 -0.004614503122866154 -0.004614503122866154 -0.004614503122866154 -0.004614503122866154 -0.004614503122866154 -0.004614503122866154 -0.004614503122866154 -0.004614503122866154 -0.004614503122866154 -0.004614503122866154 -0.004614503122866154 -0.004614503122866154 -0.004614503122866154 -0.004614503122866154 -0.004614503122866154 -0.004614503122866154 -0.004614503122866154 -0.004614503122866154 -0.004614503122866154 -0.004614503122866154 -0.004614503122866154 -0.004614503122866154 -0.004614503122866154 -0.004614503122866154 -0.004614503122866154 -0.004614503122866154 -0.004614503122866154 -0.003064436838030815 -0.004268617369234562 -0.0026078352238982916 -0.0032423590309917927 -0.003440634813159704 -0.0025670339819043875 -0.002427223604172468 -0.0023635639809072018 -0.0020986662711948156 -0.0014561560237780213 -0.0014561560237780213 -0.0014561560237780213 -0.0011018209625035524 -0.0011018209625035524 -0.0009636748000048101 -0.00025940098566934466
-0.002817036584019661 -0.002817036584019661 -0.002817036584019661 -0.002817036584019661 -0.002817036584019661 -0.002817036584019661 -0.002817036584019661 -0.002817036584019661 -0.002817036584019661 -0.002817036584019661 -0.002817036584019661 -0.002817036584019661 -0.002817036584019661 -0.002817036584019661 -0.002817036584019661 -0.002817036584019661 -0.002817036584019661 -0.002817036584019661 -0.002817036584019661 -0.002817036584019661 -0.002817036584019661 -0.002817036584019661 -0.002817036584019661 -0.002817036584019661 -0.002817036584019661 -0.002817036584019661 -0.002817036584019661 -0.002817036584019661 -0.002817036584019661 -0.002817036584019661 -0.002817036584019661 -0.002817036584019661 -0.002817036584019661 -0.002817036584019661 -0.0026078352238982916 -0.002817036584019661 -0.002817036584019661 -0.002694382332265377 -0.0024585872888565063 -0.0023659139405936003 -0.0020986662711948156 -0.0014561560237780213 -0.0014561560237780213 -0.0014561560237780213 -0.0011018209625035524 -0.0011018209625035524 -0.0009636748000048101 -0.00025940098566934466
-0.0025496550370007753 -0.0025496550370007753 -0.0025496550370007753 -0.0025496550370007753 -0.0025496550370007753 -0.0025496550370007753 -0.0025496550370007753 -0.0025496550370007753 -0.0025496550370007753 -0.0025496550370007753 -0.0025496550370007753 -0.0025496550370007753 -0.0025496550370007753 -0.0025496550370007753 -0.0025496550370007753 -0.0025496550370007753 -0.0025496550370007753 -0.0025496550370007753 -0.0025496550370007753 -0.0025496550370007753 -0.0025496550370007753 -0.0025496550370007753 -0.0025496550370007753 -0.0025496550370007753 -0.0025496550370007753 -0.0025496550370007753 -0.0025496550370007753 -0.0025496550370007753 -0.0025496550370007753 -0.0025496550370007753 -0.0025496550370007753 -0.0025496550370007753 -0.0025496550370007753 -0.0025496550370007753 -0.0025496550370007753 -0.0025496550370007753 -0.0025496550370007753 -0.0025496550370007753 -0.0024585872888565063 -0.0023659139405936003 -0.002277260646224022 -0.0020996173843741417 -0.002099212259054184 -0.0017466580029577017 -0.0011018209625035524 -0.0011018209625035524 -0.0009636748000048101 -0.00025940098566934466
-0.0019288401817902923 -0.0019288401817902923 -0.0019288401817902923 -0.0019288401817902923 -0.0019288401817902923 -0.0019288401817902923 -0.0019288401817902923 -0.0019288401817902923 -0.0019288401817902923 -0.0019288401817902923 -0.0019288401817902923 -0.0019288401817902923 -0.0019288401817902923 -0.0019288401817902923 -0.0019288401817902923 -0.0019288401817902923 -0.0019288401817902923 -0.0019288401817902923 -0.0019288401817902923 -0.0019288401817902923 -0.0019288401817902923 -0.0019288401817902923 -0.0019288401817902923 -0.0019288401817902923 -0.0019288401817902923 -0.0019288401817902923 -0.0019288401817902923 -0.0019288401817902923 -0.0019288401817902923 -0.0019288401817902923 -0.0019288401817902923 -0.0019288401817902923 -0.0019288401817902923 -0.0019288401817902923 -0.0019288401817902923 -0.0019288401817902923 -0.0019288401817902923 -0.0019288401817902923 -0.0019288401817902923 -0.0019288401817902923 -0.0019288401817902923 -0.0019288401817902923 -0.0019288401817902923 -0.0017466580029577017 -0.0011018209625035524 -0.0011018209625035524 -0.0009636748000048101 -0.00025940098566934466
-0.0018991358811035752 -0.0018991358811035752 -0.0018991358811035752 -0.0018991358811035752 -0.0018991358811035752 -0.0018991358811035752 -0.0018991358811035752 -0.0018991358811035752 -0.0018991358811035752 -0.0018991358811035752 -0.0018991358811035752 -0.0018991358811035752 -0.0018991358811035752 -0.0018991358811035752 -0.0018991358811035752 -0.0018991358811035752 -0.0018991358811035752 -0.0018991358811035752 -0.0018991358811035752 -0.0018991358811035752 -0.0018991358811035752 -0.0018991358811035752 -0.0018991358811035752 -0.0018991358811035752 -0.0018991358811035752 -0.0018991358811035752 -0.0018991358811035752 -0.0018991358811035752 -0.0018991358811035752 -0.0018991358811035752 -0.0018991358811035752 -0.0018991358811035752 -0.0018991358811035752 -0.0018991358811035752 -0.0018991358811035752 -0.0018991358811035752 -0.0018991358811035752 -0.0018991358811035752 -0.0018991358811035752 -0.0018991358811035752 -0.0018991358811035752 -0.0015889059286564589 -0.0015889059286564589 -0.0015889059286564589 -0.0011018209625035524 -0.0011018209625035524 -0.0009636748000048101 -0.00025940098566934466
-0.0016798160504549742 -0.0016798160504549742 -0.0016798160504549742 -0.0016798160504549742 -0.0016798160504549742 -0.0016798160504549742 -0.0016798160504549742 -0.0016798160504549742 -0.0016798160504549742 -0.0016798160504549742 -0.0016798160504549742 -0.0016798160504549742 -0.0016798160504549742 -0.0016798160504549742 -0.0016798160504549742 -0.0016798160504549742 -0.0016798160504549742 -0.0016798160504549742 -0.0016798160504549742 -0.0016798160504549742 -0.0016798160504549742 -0.0016798160504549742 -0.0016798160504549742 -0.0016798160504549742 -0.0016798160504549742 -0.0016798160504549742 -0.0016798160504549742 -0.0016798160504549742 -0.0016798160504549742 -0.0016798160504549742 -0.0016798160504549742 -0.0016798160504549742 -0.0016798160504549742 -0.0016798160504549742 -0.0016798160504549742 -0.0016798160504549742 -0.0016798160504549742 -0.0016798160504549742 -0.0016798160504549742 -0.0016798160504549742 -0.0016798160504549742 -0.0016798160504549742 -0.0016798160504549742 -0.0016798160504549742 -0.0011018209625035524 -0.0011018209625035524 -0.0009636748000048101 -0.00025940098566934466
-0.0015304737025871873 -0.0015304737025871873 -0.0015304737025871873 -0.0015304737025871873 -0.0015304737025871873 -0.0015304737025871873 -0.0015304737025871873 -0.0015304737025871873 -0.0015304737025871873 -0.0015304737025871873 -0.0015304737025871873 -0.0015304737025871873 -0.0015304737025871873 -0.0015304737025871873 -0.0015304737025871873 -0.0015304737025871873 -0.0015304737025871873 -0.0015304737025871873 -0.0015304737025871873 -0.0015304737025871873 -0.0015304737025871873 -0.0015304737025871873 -0.0015304737025871873 -0.0015304737025871873 -0.0015304737025871873 -0.0015304737025871873 -0.0015304737025871873 -0.0015304737025871873 -0.0015304737025871873 -0.0015304737025871873 -0.0015304737025871873 -0.0015304737025871873 -0.0015304737025871873 -0.0015304737025871873 -0.0015304737025871873 -0.0015304737025871873 -0.0015304737025871873 -0.0015304737025871873 -0.0015304737025871873 -0.0015304737025871873 -0.0015304737025871873 -0.0015304737025871873 -0.0015304737025871873 -0.0015304737025871873 -0.0011018209625035524 -0.0011018209625035524 -0.0009636748000048101 -0.00025940098566934466
-0.0014283540658652782 -0.0014283540658652782 -0.0014283540658652782 -0.0014283540658652782 -0.0014283540658652782 -0.0014283540658652782 -0.0014283540658652782 -0.0014283540658652782 -0.0014283540658652782 -0.0014283540658652782 -0.0014283540658652782 -0.0014283540658652782 -0.0014283540658652782 -0.0014283540658652782 -0.0014283540658652782 -0.0014283540658652782 -0.0014283540658652782 -0.0014283540658652782 -0.0014283540658652782 -0.0014283540658652782 -0.0014283540658652782 -0.0014283540658652782 -0.0014283540658652782 -0.0014283540658652782 -0.0014283540658652782 -0.0014283540658652782 -0.0014283540658652782 -0.0014283540658652782 -0.0014283540658652782 -0.0014283540658652782 -0.0014283540658652782 -0.0014283540658652782 -0.0014283540658652782 -0.0014283540658652782 -0.0014283540658652782 -0.0014283540658652782 -0.0014283540658652782 -0.0014283540658652782 -0.0014283540658652782 -0.0014283540658652782 -0.0014283540658652782 -0.0014283540658652782 -0.0014283540658652782 -0.0014283540658652782 -0.0011018209625035524 -0.0011018209625035524 -0.0009636748000048101 -0.00025940098566934466
-0.001167216571047902 -0.001167216571047902 -0.001167216571047902 -0.001167216571047902 -0.001167216571047902 -0.001167216571047902 -0.001167216571047902 -0.001167216571047902 -0.001167216571047902 -0.001167216571047902 -0.001167216571047902 -0.001167216571047902 -0.001167216571047902 -0.001167216571047902 -0.001167216571047902 -0.001167216571047902 -0.001167216571047902 -0.001167216571047902 -0.001167216571047902 -0.001167216571047902 -0.001167216571047902 -0.001167216571047902 -0.001167216571047902 -0.001167216571047902 -0.001167216571047902 -0.001167216571047902 -0.001167216571047902 -0.001167216571047902 -0.001167216571047902 -0.001167216571047902 -0.001167216571047902 -0.001167216571047902 -0.001167216571047902 -0.001167216571047902 -0.001167216571047902 -0.001167216571047902 -0.001167216571047902 -0.001167216571047902 -0.001167216571047902 -0.001167216571047902 -0.001167216571047902 -0.001167216571047902 -0.001167216571047902 -0.001167216571047902 -0.001167216571047902 -0.0011443827534094453 -0.0010003636125475168 -0.00025940098566934466
-0.0011666553327813745 -0.0011666553327813745 -0.0011666553327813745 -0.0011666553327813745 -0.0011666553327813745 -0.0011666553327813745 -0.0011666553327813745 -0.0011666553327813745 -0.0011666553327813745 -0.0011666553327813745 -0.0011666553327813745 -0.0011666553327813745 -0.0011666553327813745 -0.0011666553327813745 -0.0011666553327813745 -0.0011666553327813745 -0.0011666553327813745 -0.0011666553327813745 -0.0011666553327813745 -0.0011666553327813745 -0.0011666553327813745 -0.0011666553327813745 -0.0011666553327813745 -0.0011666553327813745 -0.0011666553327813745 -0.0011666553327813745 -0.0011666553327813745 -0.0011666553327813745 -0.0011666553327813745 -0.0011666553327813745 -0.0011666553327813745 -0.0011666553327813745 -0.0011666553327813745 -0.0011666553327813745 -0.0011666553327813745 -0.0011666553327813745 -0.0011666553327813745 -0.0011666553327813745 -0.0011666553327813745 -0.0011666553327813745 -0.0011666553327813745 -0.0011666553327813745 -0.0011666553327813745 -0.0011666553327813745 -0.0011018209625035524 -0.0011018209625035524 -0.0009636748000048101 -0.00025940098566934466
-0.0011269166134297848 -0.0011269166134297848 -0.0011269166134297848 -0.0011269166134297848 -0.0011269166134297848 -0.0011269166134297848 -0.0011269166134297848 -0.0011269166134297848 -0.0011269166134297848 -0.0011269166134297848 -0.0011269166134297848 -0.0011269166134297848 -0.0011269166134297848 -0.0011269166134297848 -0.0011269166134297848 -0.0011269166134297848 -0.0011269166134297848 -0.0011269166134297848 -0.0011269166134297848 -0.0011269166134297848 -0.0011269166134297848 -0.0011269166134297848 -0.0011269166134297848 -0.0011269166134297848 -0.0011269166134297848 -0.0011269166134297848 -0.0011269166134297848 -0.0011269166134297848 -0.0011269166134297848 -0.0011269166134297848 -0.0011269166134297848 -0.0011269166134297848 -0.0011269166134297848 -0.0011269166134297848 -0.0011269166134297848 -0.0011269166134297848 -0.0011269166134297848 -0.0011269166134297848 -0.0011269166134297848 -0.0011269166134297848 -0.0011269166134297848 -0.0011269166134297848 -0.0011269166134297848 -0.0011269166134297848 -0.0011018209625035524 -0.0011018209625035524 -0.0009636748000048101 -0.00025940098566934466
-0.0010177057702094316 -0.0010177057702094316 -0.0010177057702094316 -0.0010177057702094316 -0.0010177057702094316 -0.0010177057702094316 -0.0010177057702094316 -0.0010177057702094316 -0.0010177057702094316 -0.0010177057702094316 -0.0010177057702094316 -0.0010177057702094316 -0.0010177057702094316 -0.0010177057702094316 -0.0010177057702094316 -0.0010177057702094316 -0.0010177057702094316 -0.0010177057702094316 -0.0010177057702094316 -0.0010177057702094316 -0.0010177057702094316 -0.0010177057702094316 -0.0010177057702094316 -0.0010177057702094316 -0.0010177057702094316 -0.0010177057702094316 -0.0010177057702094316 -0.0010177057702094316 -0.0010177057702094316 -0.0010177057702094316 -0.0010177057702094316 -0.0010177057702094316 -0.0010177057702094316 -0.0010177057702094316 -0.0010177057702094316 -0.0010177057702094316 -0.0010177057702094316 -0.0010177057702094316 -0.0010177057702094316 -0.0010177057702094316 -0.0010177057702094316 -0.0010177057702094316 -0.0010177057702094316 -0.0010177057702094316 -0.0010177057702094316 -0.0010177057702094316 -0.0010003636125475168 -0.00025940098566934466
-0.0010173635091632605 -0.0010173635091632605 -0.0010173635091632605 -0.0010173635091632605 -0.0010173635091632605 -0.0010173635091632605 -0.0010173635091632605 -0.0010173635091632605 -0.0010173635091632605 -0.0010173635091632605 -0.0010173635091632605 -0.0010173635091632605 -0.0010173635091632605 -0.0010173635091632605 -0.0010173635091632605 -0.0010173635091632605 -0.0010173635091632605 -0.0010173635091632605 -0.0010173635091632605 -0.0010173635091632605 -0.0010173635091632605 -0.0010173635091632605 -0.0010173635091632605 -0.0010173635091632605 -0.0010173635091632605 -0.0010173635091632605 -0.0010173635091632605 -0.0010173635091632605 -0.0010173635091632605 -0.0010173635091632605 -0.0010173635091632605 -0.0010173635091632605 -0.0010173635091632605 -0.0010173635091632605 -0.0010173635091632605 -0.0010173635091632605 -0.0010173635091632605 -0.0010173635091632605 -0.0010173635091632605 -0.0010173635091632605 -0.0010173635091632605 -0.0010173635091632605 -0.0010173635091632605 -0.0010173635091632605 -0.0010173635091632605 -0.0010173635091632605 -0.0010003636125475168 -0.00025940098566934466
-0.0009796078084036708 -0.0009796078084036708 -0.0009796078084036708 -0.0009796078084036708 -0.0009796078084036708 -0.0009796078084036708 -0.0009796078084036708 -0.0009796078084036708 -0.0009796078084036708 -0.0009796078084036708 -0.0009796078084036708 -0.0009796078084036708 -0.0009796078084036708 -0.0009796078084036708 -0.0009796078084036708 -0.0009796078084036708 -0.0009796078084036708 -0.0009796078084036708 -0.0009796078084036708 -0.0009796078084036708 -0.0009796078084036708 -0.0009796078084036708 -0.0009796078084036708 -0.0009796078084036708 -0.0009796078084036708 -0.0009796078084036708 -0.0009796078084036708 -0.0009796078084036708 -0.0009796078084036708 -0.0009796078084036708 -0.0009796078084036708 -0.0009796078084036708 -0.0009796078084036708 -0.0009796078084036708 -0.0009796078084036708 -0.0009796078084036708 -0.0009796078084036708 -0.0009796078084036708 -0.0009796078084036708 -0.0009796078084036708 -0.0009796078084036708 -0.0009796078084036708 -0.0009796078084036708 -0.0009796078084036708 -0.0009796078084036708 -0.0009796078084036708 -0.0009796078084036708 -0.00025940098566934466
-0.0009013345115818083 -0.0009013345115818083 -0.0009013345115818083 -0.0009013345115818083 -0.0009013345115818083 -0.0009013345115818083 -0.0009013345115818083 -0.0009013345115818083 -0.0009013345115818083 -0.0009013345115818083 -0.0009013345115818083 -0.0009013345115818083 -0.0009013345115818083 -0.0009013345115818083 -0.0009013345115818083 -0.0009013345115818083 -0.0009013345115818083 -0.0009013345115818083 -0.0009013345115818083 -0.0009013345115818083 -0.0009013345115818083 -0.0009013345115818083 -0.0009013345115818083 -0.0009013345115818083 -0.0009013345115818083 -0.0009013345115818083 -0.0009013345115818083 -0.0009013345115818083 -0.0009013345115818083 -0.0009013345115818083 -0.0009013345115818083 -0.0009013345115818083 -0.0009013345115818083 -0.0009013345115818083 -0.0009013345115818083 -0.0009013345115818083 -0.0009013345115818083 -0.0009013345115818083 -0.0009013345115818083 -0.0009013345115818083 -0.0009013345115818083 -0.0009013345115818083 -0.0009013345115818083 -0.0009013345115818083 -0.0009013345115818083 -0.0009013345115818083 -0.0009013345115818083 -0.00025940098566934466
-0.0007566274143755436 -0.0007566274143755436 -0.0007566274143755436 -0.0007566274143755436 -0.0007566274143755436 -0.0007566274143755436 -0.0007566274143755436 -0.0007566274143755436 -0.0007566274143755436 -0.0007566274143755436 -0.0007566274143755436 -0.0007566274143755436 -0.0007566274143755436 -0.0007566274143755436 -0.0007566274143755436 -0.0007566274143755436 -0.0007566274143755436 -0.0007566274143755436 -0.0007566274143755436 -0.0007566274143755436 -0.0007566274143755436 -0.0007566274143755436 -0.0007566274143755436 -0.0007566274143755436 -0.0007566274143755436 -0.0007566274143755436 -0.0007566274143755436 -0.0007566274143755436 -0.0007566274143755436 -0.0007566274143755436 -0.0007566274143755436 -0.0007566274143755436 -0.0007566274143755436 -0.0007566274143755436 -0.0007566274143755436 -0.0007566274143755436 -0.0007566274143755436 -0.0007566274143755436 -0.0007566274143755436 -0.0007566274143755436 -0.0007566274143755436 -0.0007566274143755436 -0.0007566274143755436 -0.0007566274143755436 -0.0007566274143755436 -0.0007566274143755436 -0.0007566274143755436 -0.00025940098566934466